0.19999999999999962
0.22296422487223155
0.24186541737649064
0.26020442930153326
0.27562180579216355
0.28885008517887556
0.3021379897785349
0.3148126064735947
0.325
0.33499148211243607
0.3462180579216356
0.3533390119250427
0.36141396933560477
0.3699403747870527
0.3757836456558774
0.38179727427597976
0.38692504258943766
0.39384156729131176
0.3980664395229983
0.4032793867120954
0.40678875638841544
0.4095315161839865
0.41316865417376486
0.4180238500851788
0.42147359454855216
0.42367120954003407
0.4268398637137989
0.42859454855195883
0.43212947189097106
0.43145655877342437
0.43196763202725735
0.43266609880749585
0.4357410562180579
0.4379812606473595
0.44052810902896106
0.4418994889267463
0.4428790459965928
0.4439693356047701
0.4455706984667803
0.44667802385008515
0.4471805792163543
0.44625212947189097
0.44674616695059627
0.4486541737649062
0.44811754684838173
0.44787052810902916
0.44917376490630345
0.450085178875639
0.4507751277683137
0.45263202725724033
0.4536286201022146
0.4530408858603065
0.45141396933560496
0.4519931856899488
0.4519591141396934
0.45310051107325383
0.45525553662691637
0.45635434412265774
0.45594548551959113
0.4561073253833052
0.45596252129471876
0.4571550255536628
0.4572998296422487
0.457487223168654
0.4570272572402043
0.4577597955706983
0.45743611584327076
0.4577597955706985
0.4576746166950595
0.45753833049403747
0.4582708688245315
0.45725724020442926
0.4572998296422488
0.458373083475298
0.4586626916524701
0.45908006814310054
0.45889267461669514
0.4581686541737648
0.45855195911413965
0.4582112436115843
0.4590289608177172
0.4590545144804089
0.4589011925042589
0.4593952299829641
0.4585008517887563
0.4577938671209541
0.4582197614991481
0.45822827938671185
0.45740204429301556
0.4599744463373081
0.4590800681431004
0.4593867120954005
0.46091993185689956
0.46041737649063025
0.459335604770017
0.460008517887564
0.459701873935264
0.45861158432708715
0.4594889267461671
0.4602896081771722
0.46005962521294735
0.4595315161839862
0.4599148211243612
0.45937819420783654
0.45838160136286205
0.45895229982964236
0.4593100511073255
0.45836456558773425
0.4594804088586031
0.4599403747870528
0.46064735945485547
0.46055366269165254
0.4610562180579217
0.46142248722316864
0.4605706984667804
0.4599659284497443
0.4598977853492333
0.46011925042589424
0.46036626916524725
0.45913117546848364
0.4595741056218057
0.45810051107325406
0.45690800681430993
0.45623509369676335
0.4571720613287906
0.4577597955706986
0.4572572402044295
0.45747018739352624
0.4584156729131175
0.4573083475298125
0.4573850085178875
0.4574872231686541
0.45682282793867124
0.45735945485519586
0.457427597955707
0.456703577512777
0.45542589437819414
0.45487223168654173
0.45626064735945493
0.4562010221465079
0.4557751277683134
0.4555536626916522
0.45586030664395255
0.45632879045996605
0.4563543441226577
0.45799829642248713
0.45761499148211243
0.4571635434412266
0.45736797274276
0.45711243611584307
0.4572061328790458
0.4568909710391824
0.45580068143100516
0.4567546848381601
0.45747018739352635
0.45799829642248713
0.458390119250426
0.45840715502555385
0.45892674616695056
0.4589097103918228
0.4578279386712096
0.4573253833049403
0.45793867120953996
0.45738500851788766
0.4571465076660987
0.45683986371379887
0.4575979557069846
0.45782793867120963
0.4574275979557069
0.4578109028960818
0.4575553662691653
0.4576831345826237
0.4578620102214652
0.4577597955706985
0.45598807495741034
0.45541737649063047
0.45410562180579217
0.45265758091993197
0.4538074957410562
0.4542163543441227
0.4543015332197614
0.4559369676320271
0.4566950596252129
0.45582623509369674
0.45563032367972744
0.4560477001703576
0.45620954003407144
0.45621805792163544
0.45581771720613273
0.45523850085178885
0.45486371379897783
0.455758091993186
0.456618398637138
0.45568994889267456
0.4542248722316867
0.45609028960817716
0.4555706984667804
0.45587734241908
0.4554088586030665
0.4559199318568996
0.45540034071550267
0.45477853492333914
0.45480408858603083
0.45511073253833045
0.45551959114139706
0.4555281090289609
0.4532793867120955
0.4554344122657578
0.45459114139693374
0.4564565587734242
0.4565843270868823
0.4559454855195911
0.45410562180579217
0.45459114139693346
0.45523850085178885
0.4543526405451448
0.454931856899489
0.45534923339011935
0.45652470187393523
0.45581771720613284
0.45600511073253824
0.4572316865417376
0.45754684838160137
0.4579131175468483
0.4564054514480408
0.4561669505962522
0.4561243611584327
0.45588586030664396
0.4563628620102215
0.4568739352640545
0.4579642248722317
0.45791311754684844
0.45672913117546854
0.4563202725724021
0.45672061328790486
0.45771720613287903
0.4578194207836455
0.4561669505962522
0.45442930153321975
0.4560902896081774
0.4568313458262351
0.4566524701873936
0.45779386712095393
0.4573253833049403
0.4566524701873934
0.4549063032367973
0.45365417376490624
0.4541311754684839
0.4550851788756388
0.4565502555366268
0.45655877342419077
0.45640545144804073
0.4548126064735945
0.45572402044293037
0.4542759795570699
0.4544718909710393
0.45633730834752967
0.4553236797274276
0.45684838160136265
0.4563117546848383
0.45508517887563904
0.4552555366269166
0.4546507666098809
0.4546678023850085
0.4545144804088585
0.4536030664395231
0.4521039182282794
0.4524957410562181
0.45176320272572407
0.45212095400340724
0.45161839863713815
0.45321124361158455
0.45199318568994884
0.45227427597955705
0.4513798977853493
0.4518398637137991
0.4517120954003408
0.4509114139693356
0.4513117546848384
0.45047700170357774
0.4516269165247017
0.45281090289608167
0.45380749574105617
0.45298977853492334
0.45248722316865453
0.45236797274275986
0.45405451448040857
0.4537563884156732
0.4540715502555366
0.45404599659284495
0.4549063032367971
0.45632879045996577
0.4552896081771721
0.45551107325383294
0.45475298126064734
0.4546252129471891
0.4551703577512778
0.4556303236797277
0.4555706984667803
0.4557155025553662
0.4561584327086882
0.45582623509369663
0.4552214650766612
0.45505962521294696
0.4547614991482111
0.4536541737649064
0.45363713798977856
0.45388415672913146
0.4532112436115843
0.4542589437819422
0.45503407155025544
0.45394378194207846
0.4533645655877344
0.45269165247018733
0.4533560477001702
0.45382453151618407
0.4533560477001703
0.45342419080068147
0.4523679727427596
0.4527427597955709
0.4532453151618397
0.4531771720613289
0.454182282793867
0.4548551959114141
0.4537819420783646
0.4539011925042588
0.4541396933560478
0.45389267461669497
0.45348381601362836
0.45354344122657586
0.4528364565587736
0.4516439522998298
0.4514224872231684
0.4514650766609883
0.45081771720613284
0.4510477001703578
0.4513458262350937
0.44959114139693357
0.45121805792163533
0.4512947189097102
0.45139693356047694
0.451260647359455
0.4504940374787054
0.45202725724020426
0.4514991482112437
0.4505451448040885
0.4511073253833047
0.45079216354344154
0.4492504258943781
0.4492163543441226
0.4489097103918229
0.44925042589437814
0.4499318568994889
0.45007666098807486
0.4490715502555366
0.4509199318568994
0.4507921635434411
0.4513032367972742
0.4510732538330494
0.45226575809199315
0.45201873935264075
0.4512436115843269
0.45081771720613284
0.45177172061328785
0.45161839863713815
0.45036626916524697
0.4520528109028961
0.45317717206132885
0.4529727427597954
0.45317717206132874
0.4537223168654172
0.4532027257240202
0.4527257240204429
0.4529216354344122
0.45239352640545155
0.4521039182282794
0.4516609880749576
0.45189948892674614
0.4520783645655879
0.4514310051107326
0.451916524701874
0.4509199318568994
0.4511499148211243
0.4506388415672911
0.4514395229982966
0.4512180579216352
0.4525809199318569
0.4520442930153324
0.4521039182282792
0.4537989778534922
0.45298126064735955
0.4521465076660991
0.45327086882453144
0.4533049403747869
0.45204429301533255
0.45160988074957403
0.4517461669505963
0.4518398637137991
0.45139693356047705
0.45132879045996593
0.45053662691652485
0.4510647359454854
0.4508517887563885
0.4510051107325383
0.4502385008517886
0.4509540034071552
0.45074957410562183
0.4514310051107323
0.45193356047700184
0.45054514480408847
0.45074105621805793
0.44987223168654206
0.4507666098807498
0.45061328790459965
0.4496166950596251
0.45010221465076666
0.450366269165247
0.4496592844974447
0.4516524701873935
0.4521209540034073
0.45135434412265746
0.45109028960817715
0.4525638841567292
0.45290459965928453
0.45132027257240204
0.4514991482112435
0.45047700170357735
0.45230834752981247
0.45177172061328813
0.45218909710391825
0.45129471890971035
0.4526660988074957
0.4530238500851789
0.45312606473594536
0.45385860306643927
0.4525553662691654
0.45454003407155014
0.4556473594548552
0.4549744463373085
0.45419931856899487
0.4544207836456559
0.45459114139693374
0.4535519591141398
0.45407155025553647
0.4545741056218059
0.4533390119250425
0.45258091993185695
0.45293015332197617
0.452052810902896
0.452870528109029
0.45199318568994906
0.4529982964224872
0.4550425894378195
0.4552725724020443
0.455076660988075
0.454028960817717
0.45358603066439507
0.45385860306643955
0.4529216354344121
0.45301533219761503
0.4548551959114139
0.4552129471890973
0.4555025553662692
0.4544804088586031
0.45474446337308355
0.45565587734241914
0.4549403747870528
0.45568143100511077
0.4541311754684838
0.45339011925042605
0.45408006814310053
0.45327938671209544
0.4545315161839864
0.4548977853492333
0.45355195911413965
0.45304940374787056
0.4531601362862011
0.4527768313458261
0.4535178875638842
0.4533475298126065
0.4531175468483817
0.45564735945485507
0.45453151618398635
0.45448892674616703
0.45364565587734246
0.4542930153321976
0.4550596252129471
0.45507666098807503
0.4550425894378195
0.4534838160136288
0.4540971039182282
0.45380749574105633
0.45343270868824553
0.45329642248722324
0.4539522998296423
0.45297274275979554
0.45249574105621787
0.45022146507666105
0.4513373083475297
0.4517035775127768
0.4509965928449744
0.4512180579216356
0.45151618398637106
0.4518398637137988
0.45080919931856905
0.4521294718909709
0.45156729131175466
0.4515758091993185
0.45092844974446344
0.45177172061328796
0.4514139693356048
0.45101362862010236
0.4508347529812605
0.45195059625212947
0.4510391822827941
0.4514224872231686
0.45258943781942074
0.4516524701873936
0.45270017035775145
0.453330494037479
0.4546252129471891
0.4543441226575809
0.45314310051107326
0.45097103918228293
0.4516098807495743
0.4505706984667803
0.4519165247018739
0.4523679727427597
0.45204429301533233
0.450144804088586
0.4501362862010221
0.44854344122657575
0.4485689948892675
0.4490204429301532
0.44952299829642256
0.4489267461669504
0.4498551959114141
0.44987223168654183
0.4498381601362864
0.4492078364565589
0.45032367972742754
0.4502896081771721
0.4509965928449746
0.4508773424190801
0.45035775127768324
0.45097103918228293
0.4509965928449745
0.45155877342419065
0.45264906303236807
0.45171209540034063
0.450792163543441
0.4502810902896084
0.45074957410562205
0.44955706984667804
0.45082623509369685
0.4516950596252132
0.45238500851788765
0.4509625212947191
0.45179727427597965
0.451626916524702
0.4528109028960819
0.45156729131175466
0.4512521294718909
0.4519165247018742
0.451022146507666
0.45068994889267455
0.4500170357751278
0.4495911413969338
0.45015332197615004
0.44962521294718927
0.4499659284497444
0.45004258943781944
0.4504429301533219
0.45026405451448037
0.44962521294718916
0.4480323679727428
0.44886712095400333
0.4489778534923338
0.45029812606473607
0.45037478705281075
0.45023850085178874
0.45162691652470177
0.4509454855195911
0.4509880749574108
0.44960817717206164
0.45069846678023834
0.4515161839863715
0.4514565587734241
0.45191652470187393
0.45199318568994884
0.4523168654173766
0.45274275979557094
0.4538160136286201
0.45248722316865403
0.45275979557069845
0.4526320272572403
0.4527001703577513
0.45266609880749575
0.45287904599659273
0.4520187393526405
0.4531345826235095
0.45277683134582625
0.45221465076661005
0.4528620102214652
0.45262350936967644
0.4527427597955708
0.45267461669505976
0.45121805792163555
0.4523253833049401
0.4514480408858602
0.4502810902896082
0.4484497444633733
0.449114139693356
0.44952299829642245
0.4510817717206133
0.4524957410562181
0.45132027257240226
0.4534071550255539
0.45352640545144823
0.4525383304940376
0.45195911413969336
0.4517376490630321
0.45147359454855207
0.45050255536626904
0.4506047700170358
0.4517120954003408
0.45097955706984666
0.4510051107325384
0.451465076660988
0.45218909710391814
0.4523594548551959
0.4522998296422489
0.4520272572402042
0.45091993185689944
0.4502044293015333
0.44948040885860285
0.4499744463373084
0.4500255536626917
0.4502896081771718
0.4505281090289607
0.4504940374787055
0.44990630323679714
0.4492163543441227
0.4494974446337309
0.4493952299829643
0.4505621805792162
0.4504003407155024
0.4509284497444635
0.4499744463373084
0.4519335604770018
0.45260647359454864
0.4511499148211243
0.45155025553662687
0.4520868824531513
0.4512436115843272
0.4513117546848379
0.4525468483816013
0.45338160136286215
0.4521720613287904
0.45152470187393523
0.4516950596252127
0.45204429301533217
0.4511925042589437
0.45086030664395244
0.45026405451448037
0.45106473594548546
0.45113287904599636
0.45160988074957426
0.45199318568994895
0.45036626916524697
0.4489863713798977
0.44948892674616703
0.45061328790459965
0.45096252129471887
0.4509880749574106
0.45179727427597954
0.4525638841567292
0.4513543441226573
0.4519846678023851
0.45190800681431
0.4515161839863715
0.45062180579216343
0.4519250425894377
0.45288756388415663
0.4521805792163542
0.452206132879046
0.45093696763202734
0.45004258943781955
0.4486712095400341
0.44896081771720625
0.44907155025553663
0.4493526405451447
0.448679727427598
0.4480834752981262
0.4485604770017036
0.449139693356048
0.448066439522998
0.44834752981260634
0.4495570698466782
0.4501959114139693
0.45036626916524725
0.447870528109029
0.4472231686541739
0.44758943781942095
0.44706132879046
0.446107325383305
0.4460051107325383
0.4477938671209543
0.44699318568994895
0.446396933560477
0.4485945485519592
0.44969335604769994
0.44987223168654206
0.45051107325383327
0.44999148211243606
0.45044293015332193
0.45037478705281103
0.44943781942078365
0.4501618398637137
0.44893526405451467
0.4494293015332196
0.4480408858603067
0.4486286201022147
0.44813458262350936
0.44766609880749586
0.4469250425894378
0.44632879045996604
0.44853492333901185
0.448534923339012
0.4487223168654177
0.4481090289608178
0.4477257240204429
0.44889267461669513
0.44873935264054504
0.4487137989778534
0.44801533219761497
0.4486286201022146
0.4482708688245318
0.44862010221465065
0.4482112436115843
0.4475468483816015
0.44868824531516194
0.44982964224872224
0.4506388415672912
0.4511839863713798
0.45202725724020426
0.45227427597955716
0.45256388415672916
0.4537563884156728
0.45388415672913107
0.4546678023850086
0.454182282793867
0.4540459965928452
0.4533986371379898
0.4535604770017037
0.4539522998296425
0.4540885860306645
0.4542504258943783
0.4535008517887564
0.4526746166950598
0.45435264054514457
0.45381601362862006
0.4540119250425894
0.4539097103918227
0.45406303236797263
0.45515332197614966
0.4545911413969337
0.4550170357751276
0.45379897785349227
0.45477001703577513
0.4538074957410562
0.4540119250425893
0.45476149914821123
0.4533304940374789
0.45286201022146527
0.45319420783645675
0.4524020442930153
0.45365417376490624
0.45399488926746157
0.45453151618398635
0.4523679727427597
0.452717206132879
0.45257240204429316
0.45208688245315165
0.4524872231686542
0.45302385008517887
0.4543526405451448
0.45530664395229997
0.45503407155025555
0.4545741056218056
0.4542759795570698
0.45417376490630335
0.4531601362862009
0.45312606473594563
0.45258943781942096
0.4512691652470187
0.4522146507666098
0.45120954003407165
0.4512010221465077
0.45109880749574094
0.45149063032368
0.45125212947189075
0.4526746166950597
0.4531686541737647
0.45304940374787067
0.45267461669505954
0.45247018739352646
0.45113287904599664
0.45137989778534937
0.45093696763202745
0.4503577512776831
0.4499574105621805
0.45154173764906325
0.4518994889267463
0.4504599659284497
0.450587734241908
0.44999999999999996
0.45057921635434395
0.45141396933560474
0.45149063032368
0.4524872231686541
0.45218909710391847
0.4515247018739351
0.4516695059625213
0.4517291311754683
0.4507155025553663
0.44947189097103907
0.4512095400340715
0.4531856899488927
0.45352640545144807
0.4523339011925043
0.4518057921635432
0.4514565587734241
0.4503151618398634
0.4515247018739351
0.45258943781942074
0.45303236797274304
0.45248722316865403
0.45224020442930146
0.45183986371379925
0.4503833049403749
0.44954003407155013
0.44971039182282785
0.45076660988074946
0.44996592844974465
0.4503662691652471
0.450962521294719
0.4518483816013629
0.4525298126064737
0.4523679727427598
0.45183134582623524
0.4514735945485518
0.45134582623509373
0.4515928449744464
0.45012776831345824
0.45179727427597965
0.4507155025553663
0.4495400340715502
0.44924190800681446
0.4504514480408859
0.44971890971039175
0.45051959114139684
0.4482112436115845
0.45100511073253835
0.45195911413969325
0.452282793867121
0.45283645655877336
0.4510902896081771
0.4497870528109029
0.4505706984667803
0.4510902896081773
0.44903747870528127
0.44948040885860324
0.45033219761499166
0.4519931856899491
0.45138841567291343
0.4524957410562181
0.4524872231686541
0.45267461669505976
0.4526064735945484
0.45238500851788777
0.45191652470187393
0.45318568994889247
0.45298977853492345
0.4531345826235094
0.45337308347529837
0.4535349233390118
0.45380749574105633
0.4535008517887564
0.45203577512776827
0.45225724020442937
0.4523253833049404
0.45128620102214645
0.4528449744463373
0.45189948892674614
0.45060477001703575
0.45167802385008526
0.45320272572402026
0.452359454855196
0.45298977853492317
0.45352640545144807
0.45385860306643955
0.45399488926746173
0.45399488926746157
0.45278534923339014
0.4536030664395229
0.4539267461669504
0.4534582623509372
0.4547103918228281
0.4542333901192507
0.4540630323679728
0.45362010221465066
0.45408006814310065
0.4549063032367971
0.45334752981260656
0.4507666098807496
0.4518313458262352
0.45082623509369674
0.45175468483816017
0.4512180579216355
0.45042589437819425
0.4503577512776834
0.44994889267461674
0.44984667802385025
0.44916524701873906
0.4493015332197614
0.4493356047700172
0.44807495741056236
0.44876490630323684
0.44862862010221477
0.4505195911413971
0.44986371379897777
0.4499659284497446
0.4488926746166952
0.4500511073253832
0.4505366269165249
0.4508603066439523
0.4499744463373085
0.45089437819420786
0.44973594548551965
0.450366269165247
0.45156729131175505
0.45265758091993197
0.45122657580919934
0.4522998296422486
0.45167802385008526
0.4513628620102212
0.4519931856899489
0.45043441226575787
0.4509625212947189
0.450502555366269
0.45153321976149935
0.45109028960817715
0.45125212947189086
0.4531345826235094
0.4524787052810904
0.45310902896081756
0.45240204429301545
0.45342419080068147
0.4517291311754685
0.4509454855195911
0.451890971039182
0.45089437819420786
0.4498211243611583
0.4499403747870528
0.45006814310051096
0.4501873935264055
0.4498126064735947
0.4495655877342418
0.4504173764906301
0.45068143100511066
0.4515587734241909
0.4497529812606475
0.4501192504258944
0.4513458262350935
0.451771720613288
0.45093696763202723
0.4509284497444633
0.4506814310051108
0.44977853492333913
0.4490034071550255
0.4494378194207836
0.44808347529812614
0.4478279386712096
0.4487734241908006
0.4484241908006814
0.4500851788756392
0.4501703577512779
0.450587734241908
0.450374787052811
0.44906303236797257
0.4496081771720613
0.45050255536626926
0.44950596252129466
0.4500851788756388
0.4477683134582623
0.44798126064735944
0.44825383304940386
0.44920783645655865
0.4483134582623509
