0.19999999999999962
0.2290034071550255
0.2537649063032368
0.2745400340715503
0.29308347529812606
0.3114054514480409
0.32854344122657586
0.3418909710391823
0.35600511073253827
0.3698977853492335
0.38057921635434433
0.3907155025553663
0.40019591141396943
0.41091141396933567
0.41745315161839863
0.42601362862010217
0.4321976149914818
0.438177172061329
0.44361158432708686
0.4493781942078365
0.45324531516183997
0.45671209540034086
0.4608006814310053
0.46408858603066433
0.4672402044293016
0.4712691652470188
0.47411413969335603
0.4779131175468481
0.48063032367972736
0.4805366269165248
0.48333049403747874
0.48456558773424196
0.4851533219761498
0.4862691652470187
0.4867206132879046
0.48769165247018753
0.48980408858603064
0.49146507666098815
0.4914054514480409
0.49306643952299795
0.49401192504258945
0.4935264054514482
0.4935349233390118
0.49413969335604774
0.4944974446337311
0.49506814310051106
0.49553662691652467
0.4967461669505962
0.49758943781942094
0.49775127768313476
0.4992163543441229
0.49908858603066425
0.49967632027257236
0.49897785349233387
0.4990204429301535
0.4990885860306642
0.49995741056218057
0.5015758091993183
0.5009540034071549
0.5009540034071549
0.5016865417376493
0.500681431005111
0.5021039182282795
0.5011243611584327
0.5015502555366268
0.5010902896081771
0.5009114139693357
0.501371379897785
0.5021209540034071
0.5035093696763202
0.5042333901192506
0.5040374787052808
0.5037734241908006
0.504557069846678
0.5046592844974448
0.5060902896081774
0.5067206132879045
0.5071379897785349
0.504974446337308
0.5059114139693356
0.5059795570698467
0.5053492333901193
0.5063373083475295
0.505519591141397
0.5060732538330491
0.5055621805792169
0.5062350936967629
0.5061839863713797
0.506609880749574
0.5056558773424188
0.5047444633730833
0.5036286201022147
0.5020613287904601
0.5007155025553661
0.5022572402044293
0.501226575809199
0.5014395229982961
0.5027938671209542
0.5021209540034073
0.5014821124361158
0.5015758091993185
0.5018994889267462
0.5029471890971038
0.5021379897785347
0.5027938671209538
0.501320272572402
0.5014991482112436
0.5032453151618398
0.503168654173765
0.5028790459965927
0.501166950596252
0.5004684838160137
0.5012947189097103
0.501022146507666
0.5015587734241909
0.5006899488926746
0.500374787052811
0.5013287904599659
0.5009965928449743
0.5014565587734243
0.5009199318568995
0.5002981260647359
0.49987223168654166
0.4999233390119249
0.5005536626916525
0.5020187393526406
0.5011584327086883
0.50190800681431
0.5037734241908006
0.503611584327087
0.5032793867120955
0.5016098807495741
0.500051107325383
0.501618398637138
0.5021039182282793
0.5012691652470187
0.5001277683134581
0.5017206132879047
0.5019846678023854
0.5013287904599661
0.5011839863713798
0.5014480408858603
0.5016354344122655
0.5023253833049403
0.5031431005110729
0.5028875638841567
0.5038671209540033
0.5035689948892673
0.5051703577512779
0.5038841567291313
0.5035775127768313
0.5031601362862012
0.5024701873935264
0.5019846678023848
0.49973594548551964
0.49985519591141403
0.49955706984667814
0.49988926746166934
0.49984667802385013
0.49976149914821116
0.5006132879045997
0.501260647359455
0.5010136286201023
0.5007410562180579
0.5028705281090289
0.502862010221465
0.5021465076660989
0.501916524701874
0.5014565587734244
0.5000596252129472
0.5018143100511074
0.5020783645655877
0.5021294718909711
0.5014480408858604
0.5020528109028962
0.5012776831345827
0.5021124361158432
0.5017972742759794
0.501482112436116
0.501558773424191
0.5010732538330493
0.5012691652470188
0.5006899488926746
0.5000596252129471
0.501533219761499
0.4991056218057923
0.4999148211243613
0.4987989778534923
0.49824531516183973
0.4986115843270869
0.49778534923338996
0.49867120954003424
0.49942078364565573
0.4995144804088587
0.5001873935264054
0.5004003407155025
0.5007836456558776
0.5012436115843271
0.5001959114139695
0.5009028960817719
0.5006984667802382
0.49983816013628646
0.49960817717206124
0.4985945485519592
0.49738500851788764
0.4979897785349234
0.49728279386712104
0.49806643952299817
0.4976235093696762
0.49678875638841563
0.4973424190800683
0.4958773424190801
0.4963032367972742
0.4964565587734242
0.49702725724020447
0.4970868824531515
0.4968057921635435
0.49792163543441204
0.4974531516183984
0.49794718909710384
0.49843270868824524
0.4991482112436114
0.4986626916524701
0.4982027257240202
0.49900340715502567
0.49869676320272566
0.4993526405451446
0.4993526405451448
0.5004599659284499
0.4995229982964224
0.49977853492333885
0.4982367972742757
0.49847529812606445
0.49788756388415684
0.4972402044293018
0.4972913117546847
0.49792163543441215
0.49844122657580897
0.498304940374787
0.4980494037478708
0.49733390119250453
0.4966524701873933
0.49626064735945463
0.49671209540034084
0.4966439522998294
0.4981601362862008
0.4996678023850087
0.4999488926746167
0.499114139693356
0.4974275979557069
0.49910562180579193
0.4988671209540033
0.5006814310051105
0.5001873935264054
0.49925894378194224
0.5000170357751277
0.4997359454855196
0.5003151618398639
0.5007921635434414
0.5016780238500852
0.5009114139693357
0.49913117546848407
0.49895229982964223
0.49872231686541724
0.4999063032367972
0.5013543441226574
0.5022487223168652
0.503373083475298
0.5020783645655876
0.5015417376490633
0.5016695059625214
0.5028023850085179
0.5031090289608178
0.5021550255536628
0.5003747870528109
0.49865417376490634
0.4999148211243615
0.5002896081771719
0.5002725724020444
0.5009540034071549
0.4999999999999998
0.5003918228279386
0.5018739352640544
0.5017291311754682
0.5016609880749574
0.5014139693356049
0.5015587734241911
0.5009625212947191
0.5013543441226577
0.5003918228279389
0.5001277683134583
0.499258943781942
0.5002385008517889
0.5005281090289607
0.4999403747870529
0.4986201022146506
0.5001277683134581
0.49804088586030665
0.4994207836456559
0.5001022146507668
0.5003407155025552
0.5015076660988071
0.502206132879046
0.5021209540034072
0.5003151618398638
0.5005366269165248
0.49885860306643987
0.4982367972742759
0.49738500851788736
0.4972487223168654
0.4988074957410564
0.49814310051107324
0.4982453151618399
0.49756388415672925
0.49684838160136285
0.4957921635434412
0.4957069846678024
0.4960817717206134
0.4959199318568994
0.4976149914821123
0.49910562180579204
0.49772572402044296
0.4993867120954005
0.49799829642248716
0.5001618398637137
0.5002810902896081
0.5013628620102216
0.4998126064735943
0.4991141396933559
0.4987223168654175
0.4983730834752982
0.4959284497444634
0.49691652470187386
0.49717206132879066
0.4969335604770015
0.4970357751277682
0.49670357751277694
0.4981516183986372
0.4981175468483816
0.4981856899488926
0.4971465076660989
0.49862010221465064
0.49885008517887575
0.49713798977853485
0.4974616695059624
0.49560477001703573
0.49772572402044285
0.4978194207836453
0.49878194207836435
0.49920783645655875
0.500161839863714
0.4989863713798976
0.49853492333901206
0.4987649063032367
0.49759795570698473
0.4975979557069847
0.4971039182282792
0.4976831345826235
0.4987563884156727
0.49747018739352616
0.4983730834752981
0.49969335604770015
0.49936967632027246
0.4994037478705281
0.4989863713798978
0.49881601362862016
0.49762350936967614
0.5003151618398638
0.49783645655877334
0.4982197614991481
0.49890119250425913
0.4984838160136286
0.49802385008517885
0.4981005110732539
0.4980579216354343
0.49823679727427606
0.49839863713798993
0.49921635434412276
0.498160136286201
0.49929301533219755
0.498756388415673
0.4998977853492335
0.5011158432708683
0.5009454855195915
0.5018143100511071
0.5010051107325384
0.5026064735945485
0.5022827938671209
0.5016269165247017
0.5014650766609879
0.5002470187393527
0.4992163543441226
0.49963373083475277
0.5005366269165247
0.5022316865417377
0.5018143100511073
0.5007666098807496
0.49921635434412287
0.49954855195911435
0.4987904599659285
0.5000255536626917
0.4995911413969333
0.5001192504258946
0.5009880749574106
0.5011243611584328
0.5009454855195912
0.4992419080068143
0.49872231686541757
0.4989182282793866
0.4979045996592844
0.49720613287904614
0.49798126064735954
0.49731686541737646
0.4974275979557071
0.49810051107325376
0.49583475298126073
0.49628620102214654
0.4958858603066439
0.49752129471890955
0.49698466780238476
0.497504258943782
0.49806643952299806
0.49884156729131157
0.4977342419080069
0.49877342419080084
0.498807495741056
0.49894378194207845
0.4988841567291311
0.4989182282793869
0.4988415672913115
0.499420783645656
0.4988671209540035
0.4981601362862012
0.4981686541737646
0.49927597955706987
0.49893526405451444
0.49956558773424153
0.498441226575809
0.4980834752981261
0.4994463373083475
0.4987989778534924
0.49896933560477
0.4994378194207835
0.4974957410562183
0.4985945485519591
0.49943781942078375
0.49967632027257247
0.4991652470187394
0.501098807495741
0.5019250425894378
0.5028960817717204
0.5030153321976149
0.5037819420783648
0.5013202725724021
0.501541737649063
0.5005877342419083
0.5007921635434411
0.5018654173764906
0.5001533219761497
0.4983304940374787
0.49956558773424187
0.4991226575809199
0.49812606473594556
0.4987563884156729
0.49908858603066447
0.49826235093696725
0.49930153321976156
0.5005025553662692
0.5006388415672913
0.5003918228279386
0.5004855195911415
0.5008091993185689
0.4998296422487224
0.4994633730834752
0.500366269165247
0.5003407155025553
0.5004003407155027
0.5002129471890973
0.5008006814310051
0.5004344122657578
0.4988926746166952
0.4998381601362862
0.49926746166950586
0.5001362862010222
0.4987989778534923
0.49769165247018726
0.49704429301533226
0.4971465076660987
0.4978960817717205
0.4990545144804087
0.49850085178875647
0.4985604770017038
0.4995229982964224
0.49925042589437835
0.4987563884156729
0.4989097103918225
0.49869676320272577
0.499063032367973
0.49925894378194174
0.49900340715502545
0.4993185689948892
0.4985689948892674
0.4984582623509368
0.5005536626916525
0.5004258943781942
0.5008262350936965
0.4997444633730836
0.49925894378194213
0.4999318568994889
0.49991482112436103
0.4997700170357751
0.49982964224872234
0.5005621805792164
0.49836456558773434
0.4990715502555366
0.49783645655877334
0.4977257240204431
0.49704429301533215
0.49691652470187386
0.4972231686541737
0.4974190800681432
0.4984838160136285
0.4970783645655877
0.4959284497444634
0.4963458262350936
0.4973168654173765
0.4978109028960818
0.49704429301533204
0.4972998296422489
0.4965758091993186
0.49674616695059626
0.49621805792163565
0.49510221465076676
0.49559625212947184
0.49599659284497444
0.4970783645655878
0.49495741056218046
0.49300681431005117
0.4940885860306642
0.49603066439522975
0.49669505962521304
0.4978960817717201
0.4976746166950596
0.49909710391822815
0.4988500851788756
0.4983901192504259
0.49726575809199297
0.49832197614991464
0.49903747870528115
0.49837308347529835
0.5004684838160136
0.4980408858603067
0.4996763202725723
0.4997444633730833
0.499778534923339
0.4993100511073251
0.49849233390119246
0.49853492333901195
0.4981601362862012
0.49864565587734266
0.4987989778534923
0.4993696763202724
0.49947189097103917
0.49794718909710384
0.4981601362862009
0.4983730834752982
0.4991482112436113
0.4993696763202727
0.49936967632027285
0.499114139693356
0.4987223168654177
0.49831345826235085
0.4971890971039182
0.49704429301533215
0.4980749574105621
0.4971890971039183
0.4984838160136285
0.498679727427598
0.4974787052810903
0.4967887563884155
0.5002640545144803
0.5009028960817716
0.4991396933560475
0.5000170357751278
0.4995400340715503
0.4998211243611584
0.49961669505962525
0.501695059625213
0.5030238500851787
0.50175468483816
0.501115843270869
0.5011158432708689
0.500357751277683
0.500826235093697
0.5009965928449744
0.49999148211243605
0.4985604770017034
0.49706132879045983
0.4965247018739354
0.4949744463373084
0.49547700170357734
0.49569846678023877
0.49590289608177196
0.49480408858603053
0.49519591141396924
0.49508517887563885
0.4978109028960817
0.4979642248722319
0.4978705281090292
0.499114139693356
0.49925894378194213
0.4980494037478704
0.49991482112436114
0.49954003407155034
0.5006218057921635
0.5001277683134583
0.4993270868824529
0.49922487223168666
0.49858603066439505
0.49808347529812613
0.49816013628620104
0.4990204429301533
0.49996592844974463
0.5003066439522997
0.4992930153321977
0.5002640545144804
0.49957410562180593
0.4988245315161842
0.49913969335604774
0.4985349233390118
0.4988415672913121
0.49810902896081793
0.4986115843270868
0.49904599659284515
0.49821124361158425
0.49964224872231683
0.4991056218057921
0.49874787052810904
0.4981090289608179
0.497120954003407
0.49687393526405466
0.4962265758091992
0.4961243611584329
0.49736797274275973
0.4968143100511074
0.4975638841567291
0.4982879045996591
0.49897785349233403
0.4996592844974444
0.499054514480409
0.4995315161839865
0.5010647359454856
0.5010136286201022
0.49934412265758105
0.49944633730834753
0.49963373083475304
0.49897785349233387
0.49797274275979553
0.49922487223168655
0.4991056218057922
0.4987649063032368
0.4991737649063031
0.4989011925042587
0.49888415672913117
0.4989608177172061
0.49948040885860306
0.49922487223168666
0.4990630323679728
0.4980408858603066
0.4984156729131176
0.4976831345826238
0.49858603066439544
0.49716354344122665
0.4967972742759793
0.49791311754684864
0.49824531516183973
0.49862010221465086
0.500229982964225
0.4985689948892675
0.49913117546848396
0.49798977853492343
0.49878194207836457
0.49755536626916547
0.4975042589437822
0.49850936967632026
0.4981345826235094
0.4979982964224872
0.49734241908006793
0.4966269165247018
0.49763202725724015
0.4962350936967631
0.49726575809199325
0.496396933560477
0.49649914821124363
0.4967546848381602
0.49733390119250415
0.49655877342419075
0.4983645655877343
0.4972402044293018
0.4984838160136287
0.49967632027257236
0.5007069846678022
0.5011754684838159
0.501166950596252
0.5011669505962523
0.5012265758091995
0.5005195911413969
0.4997274275979556
0.5010988074957414
0.5007580919931856
0.5014480408858601
0.5010477001703579
0.4990374787052811
0.4963117546848381
0.49517887563884144
0.49700170357751267
0.49695911413969335
0.4970528109028962
0.4978620102214651
0.49729982964224867
0.4990289608177172
0.499344122657581
0.4996337308347528
0.4978960817717204
0.4974446337308349
0.49785349233390114
0.49775979557069816
0.497350936967632
0.49835604770017045
0.4971039182282794
0.4970528109028961
0.49797274275979553
0.49784497444633735
0.49868824531516187
0.4979386712095401
0.4984241908006812
0.49642248722316845
0.4959965928449745
0.49622657580919954
0.4964650766609882
0.4970272572402045
0.4974616695059625
0.49709540034071537
0.4971720613287903
0.49648211243611556
0.49610732538330493
0.4965672913117548
0.4978023850085178
0.4980919931856899
0.49726575809199325
0.49700170357751267
0.4957580919931858
0.49638841567291314
0.49658432708688244
0.49575809199318566
0.49601362862010245
0.4966780238500854
0.49803236797274275
0.4995229982964225
0.4979045996592844
0.4982453151618395
0.4989352640545148
0.49823679727427617
0.49902044293015313
0.49884156729131185
0.500017035775128
0.5002896081771718
0.5004344122657581
0.5005366269165249
0.4998551959114139
0.5002214650766611
0.4995485519591139
0.5000936967632027
0.4990374787052813
0.49935264054514455
0.49975298126064743
0.5001448040885862
0.499488926746167
0.4989693356047701
0.49854344122657585
0.4982453151618399
0.497274275979557
0.4990119250425892
0.4987649063032368
0.49771720613287884
0.49645655877342415
0.49618398637137995
0.4959199318568994
0.49492333901192503
0.4951618398637138
0.4961754684838159
0.49693356047700177
0.49660136286201007
0.49568143100511064
0.49631175468483824
0.49579216354344136
0.49643100511073257
0.49677172061328795
0.49775979557069827
0.49749574105621813
0.49821976149914815
0.49806643952299834
0.4966865417376491
0.4953151618398636
0.4951277683134585
0.4948381601362862
0.49526405451448036
0.4956814310051106
0.4954770017035773
0.49475298126064726
0.4950000000000002
0.49537478705281096
0.49558773424190805
0.4955281090289607
0.49545996592844993
0.495366269165247
0.4963202725724021
0.4970783645655878
0.4981686541737647
0.4983219761499148
0.49765758091993206
0.4978194207836456
0.49843270868824524
0.49711243611584316
0.49747870528109034
0.4980749574105623
0.4989948892674617
0.497879045996593
0.49756388415672903
0.4978279386712094
0.498296422487223
0.49873083475298136
0.49651618398637176
0.4978875638841567
0.4977086882453153
0.4971805792163541
0.49740204429301554
0.4976149914821126
0.4980238500851791
0.4984582623509371
0.4983730834752982
0.4979216354344122
0.4955706984667802
0.4953492333901194
0.4939948892674617
0.49507666098807485
0.4948637137989776
0.49564735945485494
0.49574957410562176
0.49335604770017033
0.4948381601362863
0.49550255536626914
0.4961158432708689
0.49591141396933563
0.49613287904599657
0.49545144804088564
0.495204429301533
0.49673764906303247
0.4968739352640545
0.4968739352640545
0.49715502555366264
0.49740204429301543
0.4966183986371378
0.4966865417376492
0.4967546848381601
0.4964480408858604
0.49665247018739345
0.4954599659284496
0.4953066439522999
0.4970698466780239
0.4968398637137989
0.49671209540034034
0.4966269165247018
0.4958517887563886
0.495059625212947
0.4968824531516183
0.4953407155025553
0.4954514480408859
0.49534071550255526
0.4940545144804089
0.49465928449744445
0.49523850085178883
0.49677172061328817
0.496379897785349
0.4973850085178875
0.4965332197614991
0.49633730834752976
0.49540034071550254
0.4960902896081772
0.496311754684838
0.4956814310051106
0.4965417376490629
0.4978279386712094
0.49785349233390114
0.4979386712095399
0.4980579216354343
0.49809199318568986
0.4966269165247021
0.4973424190800681
0.49746166950596254
0.4970868824531516
0.4983219761499147
0.49823679727427594
0.4986115843270869
0.4981090289608177
0.4977938671209538
0.4982112436115841
0.4971209540034069
0.4967376490630324
0.49700170357751305
0.4970613287904601
0.4964906303236799
0.4958943781942079
0.4963884156729131
0.4971465076660988
0.49716354344122654
0.49657580919931826
0.49702725724020447
0.49623509369676305
0.496567291311755
0.49629471890971033
0.4975809199318567
0.49692504258943765
0.4969931856899488
0.49787904599659283
0.49660136286201045
0.4945059625212948
0.4942589437819421
0.4935434412265757
0.49303236797274286
0.4935689948892673
0.4935689948892676
0.4948977853492332
0.494778534923339
0.4931175468483815
0.494480408858603
0.4942419080068142
0.49362010221465086
0.4954173764906303
0.49709540034071553
0.4955281090289608
0.49476149914821127
0.4943526405451447
0.4946678023850085
0.49465076660988067
0.4949829642248722
0.4957580919931855
0.49650766609880753
0.4963458262350933
0.4964735945485519
0.4971890971039183
0.49712095400340706
0.4969591141396933
0.4969250425894377
0.49592844974446343
0.49578364565587707
0.4973850085178874
0.49650766609880764
0.4955962521294716
0.4958177172061328
0.4962350936967632
0.49587734241908005
0.49523850085178867
0.49488074957410544
0.4932793867120954
0.4940715502555368
0.4947870528109029
0.49448892674616696
0.49536626916524723
0.495528109028961
0.4952896081771722
0.4966865417376491
0.4962095400340714
0.4945485519591141
0.4961413969335605
0.4952981260647357
0.49521294718909686
0.4952725724020442
0.49610732538330504
0.4949829642248723
0.494940374787053
0.4952981260647357
0.4951703577512778
0.49609880749574103
0.49582623509369667
0.49693356047700166
0.49792163543441226
0.49638841567291303
0.49530664395229984
0.496695059625213
0.4963713798977852
0.497657580919932
0.4980238500851788
0.49913969335604785
0.49864565587734255
0.49874787052810904
0.49941226575809206
0.49877342419080056
0.498679727427598
0.49840715502555405
