0.19999999999999962
0.19042589437819418
0.18250425894378192
0.174565587734242
0.16637989778534926
0.15966780238500852
0.15212947189097104
0.14586030664395225
0.1401022146507667
0.13400340715502557
0.12869676320272572
0.12308347529812602
0.11757240204429305
0.112572402044293
0.10783645655877341
0.10277683134582614
0.09820272572402047
0.09459965928449744
0.08983816013628623
0.08554514480408859
0.08178875638841569
0.07812606473594547
0.07491482112436118
0.0716780238500852
0.06904599659284498
0.06627768313458261
0.0638841567291312
0.06160136286201021
0.05942930153321977
0.05719761499148212
0.05491482112436118
0.05283645655877344
0.050928449744463394
0.04888415672913118
0.04664395229982965
0.044914821124361154
0.043185689948892686
0.041635434412265776
0.04057069846678023
0.03910562180579215
0.03752129471890973
0.03616695059625215
0.034906303236797276
0.03416524701873936
0.03312606473594549
0.03229982964224873
0.0314054514480409
0.030562180579216346
0.029744463373083462
0.02903747870528108
0.028279386712095386
0.02723168654173764
0.026507666098807482
0.02589437819420784
0.025298126064735946
0.024591141396933545
0.023918228279386704
0.023143100511073253
0.02228279386712095
0.021950596252129462
0.021209540034071554
0.020315161839863705
0.019795570698466772
0.01919080068143099
0.018543441226575804
0.017836456558773413
0.017223168654173754
0.016626916524701864
0.016098807495741038
0.015366269165247005
0.015153321976149903
0.014872231686541728
0.014352640545144797
0.013884156729131167
0.013833049403747862
0.013432708688245308
0.012879045996592835
0.012640545144804081
0.012010221465076652
0.011618398637137982
0.011124361158432705
0.01085178875638841
0.010332197614991476
0.009906303236797264
0.009863713798977845
0.00954855195911413
0.009275979557069838
0.009097103918228273
0.00898637137989778
0.008816013628620093
0.008534923339011916
0.008441226575809192
0.008117546848381596
0.007742759795570692
0.007504258943781935
0.0074361158432708655
0.007248722316865411
0.007035775127768307
0.007027257240204425
0.006831345826235088
0.006601362862010217
0.006516183986371377
0.006337308347529812
0.00620954003407155
0.005979557069846678
0.0059028960817717226
0.005579216354344122
0.005323679727427599
0.005187393526405454
0.005000000000000002
0.004812606473594551
0.004616695059625215
0.004522998296422489
0.004378194207836459
0.004258943781942081
0.0042078364565587755
0.004054514480408861
0.0038926746166950623
0.003943781942078367
0.003688245315161842
0.003671209540034074
0.0035093696763202746
0.003373083475298128
0.0032708688245315183
0.003160136286201024
0.002955706984667804
0.002887563884156731
0.002683134582623511
0.00264054514480409
0.0025638841567291325
0.0026064735945485534
0.0026064735945485534
0.002461669505962523
0.002419080068143102
0.002419080068143102
0.0023935264054514493
0.0022998296422487236
0.0022402044293015344
0.00223168654173765
0.0021465076660988087
0.0021039182282793878
0.0020868824531516195
0.0019931856899488938
0.001967632027257241
0.001967632027257241
0.0019846678023850094
0.001908006814310052
0.0019505962521294729
0.0018909710391822837
0.0018228279386712104
0.0018654173764906313
0.001797274275979558
0.0017120954003407164
0.001763202725724021
0.001703577512776832
0.0016865417376490637
0.001643952299829643
0.0015587734241908013
0.001592844974446338
0.0014565587734241916
0.001431005110732539
0.0014054514480408863
0.001379897785349234
0.0013543441226575815
0.0013543441226575815
0.001175468483816014
0.0011839863713798981
0.0011499148211243616
0.0011499148211243616
0.0011669505962521298
0.0010306643952299834
9.965928449744465E-4
0.0010051107325383308
9.71039182282794E-4
9.880749574105623E-4
0.001013628620102215
9.6252129471891E-4
9.795570698466782E-4
9.114139693356051E-4
8.858603066439526E-4
8.517887563884159E-4
8.688245315161841E-4
8.262350936967633E-4
8.006814310051108E-4
7.495741056218059E-4
6.388415672913118E-4
6.047700170357752E-4
5.536626916524702E-4
5.025553662691653E-4
4.5144804088586036E-4
4.940374787052812E-4
4.684838160136287E-4
4.5144804088586036E-4
4.258943781942079E-4
3.8330494037478705E-4
3.662691652470188E-4
3.747870528109029E-4
3.6626916524701877E-4
3.3219761499148217E-4
3.6626916524701877E-4
3.6626916524701877E-4
3.492333901192505E-4
3.407155025553663E-4
3.236797274275979E-4
3.407155025553663E-4
3.151618398637138E-4
2.470187393526406E-4
2.470187393526406E-4
1.9591141396933562E-4
2.1294718909710395E-4
1.9591141396933562E-4
1.788756388415673E-4
1.4480408858603066E-4
1.192504258943782E-4
1.1073253833049404E-4
1.0221465076660989E-4
1.0221465076660989E-4
1.1073253833049402E-4
1.0221465076660989E-4
8.517887563884156E-5
7.666098807495741E-5
7.666098807495741E-5
6.814310051107326E-5
6.814310051107326E-5
6.814310051107326E-5
6.814310051107326E-5
6.814310051107326E-5
5.1107325383304946E-5
5.1107325383304946E-5
5.1107325383304946E-5
5.962521294718909E-5
6.814310051107326E-5
5.1107325383304946E-5
5.1107325383304946E-5
5.1107325383304946E-5
4.258943781942078E-5
4.258943781942078E-5
5.1107325383304946E-5
5.1107325383304946E-5
4.258943781942078E-5
4.258943781942078E-5
4.258943781942078E-5
4.258943781942078E-5
3.407155025553663E-5
3.407155025553663E-5
4.258943781942078E-5
3.407155025553663E-5
3.407155025553663E-5
3.407155025553663E-5
2.5553662691652473E-5
2.5553662691652473E-5
2.5553662691652473E-5
2.5553662691652473E-5
2.5553662691652473E-5
2.5553662691652473E-5
2.5553662691652473E-5
1.7035775127768315E-5
1.7035775127768315E-5
1.7035775127768315E-5
2.5553662691652473E-5
1.7035775127768315E-5
1.7035775127768315E-5
1.7035775127768315E-5
1.7035775127768315E-5
1.7035775127768315E-5
1.7035775127768315E-5
2.5553662691652473E-5
3.407155025553663E-5
2.5553662691652473E-5
2.5553662691652473E-5
2.5553662691652473E-5
4.258943781942078E-5
4.258943781942078E-5
5.110732538330494E-5
5.110732538330494E-5
5.110732538330494E-5
5.110732538330494E-5
5.110732538330494E-5
6.814310051107326E-5
7.666098807495741E-5
7.666098807495741E-5
8.517887563884156E-5
7.666098807495741E-5
6.814310051107326E-5
5.96252129471891E-5
5.110732538330494E-5
5.110732538330494E-5
5.96252129471891E-5
7.666098807495741E-5
6.814310051107326E-5
8.517887563884156E-5
7.666098807495741E-5
6.814310051107326E-5
5.110732538330494E-5
5.110732538330494E-5
5.110732538330494E-5
5.96252129471891E-5
6.814310051107326E-5
4.258943781942078E-5
4.258943781942078E-5
5.110732538330494E-5
5.110732538330494E-5
5.110732538330494E-5
5.96252129471891E-5
6.814310051107326E-5
7.666098807495741E-5
5.96252129471891E-5
5.110732538330494E-5
5.96252129471891E-5
5.96252129471891E-5
5.96252129471891E-5
5.110732538330494E-5
5.110732538330494E-5
5.110732538330494E-5
5.96252129471891E-5
6.814310051107326E-5
6.814310051107326E-5
5.96252129471891E-5
5.96252129471891E-5
5.110732538330494E-5
5.110732538330494E-5
5.96252129471891E-5
5.96252129471891E-5
4.258943781942078E-5
5.110732538330494E-5
5.110732538330494E-5
5.110732538330494E-5
5.110732538330494E-5
5.110732538330494E-5
5.110732538330494E-5
5.96252129471891E-5
5.110732538330494E-5
5.110732538330494E-5
4.258943781942078E-5
3.407155025553663E-5
3.407155025553663E-5
5.110732538330494E-5
5.110732538330494E-5
3.407155025553663E-5
2.555366269165247E-5
2.555366269165247E-5
1.7035775127768315E-5
1.7035775127768315E-5
1.7035775127768315E-5
8.517887563884158E-6
8.517887563884158E-6
8.517887563884158E-6
8.517887563884158E-6
0.0
0.0
0.0
0.0
0.0
0.0
0.0
0.0
0.0
0.0
0.0
0.0
0.0
0.0
0.0
0.0
0.0
0.0
0.0
0.0
0.0
0.0
0.0
0.0
0.0
0.0
0.0
0.0
0.0
0.0
0.0
0.0
0.0
0.0
0.0
0.0
0.0
0.0
0.0
0.0
0.0
0.0
0.0
0.0
0.0
0.0
0.0
0.0
0.0
0.0
0.0
0.0
0.0
0.0
0.0
0.0
0.0
0.0
0.0
0.0
0.0
0.0
0.0
0.0
0.0
0.0
0.0
0.0
0.0
0.0
0.0
0.0
0.0
0.0
0.0
0.0
0.0
0.0
0.0
0.0
0.0
0.0
0.0
0.0
0.0
0.0
0.0
0.0
0.0
0.0
0.0
0.0
0.0
0.0
0.0
0.0
0.0
0.0
0.0
0.0
0.0
0.0
0.0
0.0
0.0
0.0
0.0
0.0
0.0
0.0
0.0
0.0
0.0
0.0
0.0
0.0
0.0
0.0
0.0
0.0
0.0
0.0
0.0
0.0
0.0
0.0
0.0
0.0
0.0
0.0
0.0
0.0
0.0
0.0
0.0
0.0
0.0
0.0
0.0
0.0
0.0
0.0
0.0
0.0
0.0
0.0
0.0
0.0
0.0
0.0
0.0
0.0
0.0
0.0
0.0
0.0
0.0
0.0
0.0
0.0
0.0
0.0
0.0
0.0
0.0
0.0
0.0
0.0
0.0
0.0
0.0
0.0
0.0
0.0
0.0
0.0
0.0
0.0
0.0
0.0
0.0
0.0
0.0
0.0
0.0
0.0
0.0
0.0
0.0
0.0
0.0
0.0
0.0
0.0
0.0
0.0
0.0
0.0
0.0
0.0
0.0
0.0
0.0
0.0
0.0
0.0
0.0
0.0
0.0
0.0
0.0
0.0
0.0
0.0
0.0
0.0
0.0
0.0
0.0
0.0
0.0
0.0
0.0
0.0
0.0
0.0
0.0
0.0
0.0
0.0
0.0
0.0
0.0
0.0
0.0
0.0
0.0
0.0
0.0
0.0
0.0
0.0
0.0
0.0
0.0
0.0
0.0
0.0
0.0
0.0
0.0
0.0
0.0
0.0
0.0
0.0
0.0
0.0
0.0
0.0
0.0
0.0
0.0
0.0
0.0
0.0
0.0
0.0
0.0
0.0
0.0
0.0
0.0
0.0
0.0
0.0
0.0
0.0
0.0
0.0
0.0
0.0
0.0
0.0
0.0
0.0
0.0
0.0
0.0
0.0
0.0
0.0
0.0
0.0
0.0
0.0
0.0
0.0
0.0
0.0
0.0
0.0
0.0
0.0
0.0
0.0
0.0
0.0
0.0
0.0
0.0
0.0
0.0
0.0
0.0
0.0
0.0
0.0
0.0
0.0
0.0
0.0
0.0
0.0
0.0
0.0
0.0
0.0
0.0
0.0
0.0
0.0
0.0
0.0
0.0
0.0
0.0
0.0
0.0
0.0
0.0
0.0
0.0
0.0
0.0
0.0
0.0
0.0
0.0
0.0
0.0
0.0
0.0
0.0
0.0
0.0
0.0
0.0
0.0
0.0
0.0
0.0
0.0
0.0
0.0
0.0
0.0
0.0
0.0
0.0
0.0
0.0
0.0
0.0
0.0
0.0
0.0
0.0
0.0
0.0
0.0
0.0
0.0
0.0
0.0
0.0
0.0
0.0
0.0
0.0
0.0
0.0
0.0
0.0
0.0
0.0
0.0
0.0
0.0
0.0
0.0
0.0
0.0
0.0
0.0
0.0
0.0
0.0
0.0
0.0
0.0
0.0
0.0
0.0
0.0
0.0
0.0
0.0
0.0
0.0
0.0
0.0
0.0
0.0
0.0
0.0
0.0
0.0
0.0
0.0
0.0
0.0
0.0
0.0
0.0
0.0
0.0
0.0
0.0
0.0
0.0
0.0
0.0
0.0
0.0
0.0
0.0
0.0
0.0
0.0
0.0
0.0
0.0
0.0
0.0
0.0
0.0
0.0
0.0
0.0
0.0
0.0
0.0
0.0
0.0
0.0
0.0
0.0
0.0
0.0
0.0
0.0
0.0
0.0
0.0
0.0
0.0
0.0
0.0
0.0
0.0
0.0
0.0
0.0
0.0
0.0
0.0
0.0
0.0
0.0
0.0
0.0
0.0
0.0
0.0
0.0
0.0
0.0
0.0
0.0
0.0
0.0
0.0
0.0
0.0
0.0
0.0
0.0
0.0
0.0
0.0
0.0
0.0
0.0
0.0
0.0
0.0
0.0
0.0
0.0
0.0
0.0
0.0
0.0
0.0
0.0
0.0
0.0
0.0
0.0
0.0
0.0
0.0
0.0
0.0
0.0
0.0
0.0
0.0
0.0
0.0
0.0
0.0
0.0
0.0
0.0
0.0
0.0
0.0
0.0
0.0
0.0
0.0
0.0
0.0
0.0
0.0
0.0
0.0
0.0
0.0
0.0
0.0
0.0
0.0
0.0
0.0
0.0
0.0
0.0
0.0
0.0
0.0
0.0
0.0
0.0
0.0
0.0
0.0
0.0
0.0
0.0
0.0
0.0
0.0
0.0
0.0
0.0
0.0
0.0
0.0
0.0
0.0
0.0
0.0
0.0
0.0
0.0
0.0
0.0
0.0
0.0
0.0
0.0
0.0
0.0
0.0
0.0
0.0
0.0
0.0
0.0
0.0
0.0
0.0
0.0
0.0
0.0
0.0
0.0
0.0
0.0
0.0
0.0
0.0
0.0
0.0
0.0
0.0
0.0
0.0
0.0
0.0
0.0
0.0
0.0
0.0
0.0
0.0
0.0
0.0
0.0
0.0
0.0
0.0
0.0
0.0
0.0
0.0
0.0
0.0
0.0
