0.19999999999999962
0.3032623509369678
0.3954770017035775
0.4774361158432708
0.5454258943781941
0.5985860306643951
0.641115843270869
0.6716354344122655
0.6960221465076667
0.7149829642248723
0.7295996592844972
0.739318568994889
0.7483730834752982
0.7557666098807496
0.760945485519591
0.7651703577512775
0.7689182282793867
0.770715502555366
0.7739863713798977
0.7770954003407151
0.7799829642248719
0.7818143100511074
0.7831516183986369
0.7842504258943782
0.7847700170357753
0.7874787052810899
0.7880238500851791
0.7890885860306642
0.7884497444633726
0.78778534923339
0.7881431005110735
0.787606473594548
0.788321976149915
0.7882197614991479
0.7882964224872231
0.7880834752981258
0.788747870528109
0.789948892674617
0.7889097103918232
0.7895144804088585
0.789045996592845
0.7906643952299828
0.7916013628620102
0.7920187393526408
0.7901618398637139
0.7894463373083478
0.7903577512776834
0.7896763202725721
0.7895315161839866
0.7894207836456559
0.7908262350936964
0.7919250425894375
0.7909880749574109
0.7916609880749571
0.7886882453151621
0.7907240204429303
0.7900340715502553
0.789088586030664
0.7893696763202723
0.7899233390119251
0.7892674616695059
0.7900000000000003
0.7902981260647359
0.7908432708688247
0.7895570698466782
0.7899914821124361
0.7908347529812606
0.7910221465076662
0.7900596252129474
0.790519591141397
0.7909710391822826
0.7891737649063031
0.7896337308347531
0.7891311754684835
0.7891311754684839
0.7901788756388416
0.7921465076660987
0.7907240204429301
0.7900511073253833
0.7885689948892672
0.7882708688245316
0.7885945485519589
0.789190800681431
0.788824531516184
0.7887989778534923
0.7890885860306648
0.789412265758092
0.7893526405451449
0.7880579216354344
0.7883390119250424
0.7883134582623508
0.7873935264054515
0.7896337308347527
0.7889522998296422
0.7887223168654173
0.789037478705281
0.7876320272572402
0.7879131175468486
0.7871720613287905
0.7871890971039179
0.7869761499148211
0.7864224872231682
0.7890545144804088
0.7908006814310048
0.7888926746166949
0.7877597955706983
0.7889522998296425
0.7879301533219761
0.7883560477001704
0.7872998296422489
0.7867546848381604
0.7878449744463373
0.7874190800681429
0.7872316865417376
0.7887734241908007
0.7895485519591141
0.7895996592844976
0.7903918228279381
0.7899063032367976
0.7895996592844972
0.788466780238501
0.7896592844974443
0.7900340715502553
0.7892844974446334
0.7900170357751276
0.7887308347529814
0.7897870528109027
0.7890289608177176
0.789471890971039
0.7875809199318564
0.787793867120954
0.7871209540034072
0.7868568994889263
0.7865247018739353
0.7881175468483815
0.7868228279386712
0.7875553662691652
0.786541737649063
0.7872913117546847
0.7856814310051109
0.7884667802385009
0.7891141396933563
0.7872231686541739
0.787078364565588
0.7871720613287905
0.7887819420783648
0.7878279386712096
0.7885945485519592
0.7866524701873935
0.7859114139693355
0.7867546848381601
0.7865928449744463
0.7874872231686547
0.7884156729131173
0.7875127768313458
0.7881601362862011
0.7878534923339012
0.7878364565587733
0.7885349233390118
0.788151618398637
0.7872316865417375
0.7861413969335602
0.7855025553662692
0.7872572402044292
0.7854258943781939
0.7877172061328792
0.789650766609881
0.7895144804088587
0.7867546848381604
0.7889608177172063
0.788390119250426
0.7877257240204427
0.7874531516183987
0.7861158432708687
0.7868313458262353
0.7871039182282796
0.7878960817717204
0.7874701873935267
0.7856047700170354
0.7869846678023849
0.7880068143100515
0.7873168654173768
0.7887563884156732
0.7854003407155024
0.7863458262350937
0.7847614991482113
0.7846081771720614
0.7870272572402047
0.7866183986371378
0.7877257240204429
0.7873935264054513
0.7868739352640541
0.7870613287904596
0.7883730834752977
0.7877172061328787
0.7885945485519589
0.7872146507666102
0.7877597955706986
0.7867376490630322
0.7867802385008518
0.7871294718909709
0.7853492333901194
0.7857069846678024
0.7877938671209539
0.7849488926746169
0.7840800681431006
0.785638841567291
0.7861839863713799
0.7862606473594549
0.7874275979557072
0.7846933560477005
0.785996592844974
0.7879557069846679
0.7868228279386712
0.7855792163543441
0.7858943781942079
0.7871890971039184
0.7842589437819422
0.7867887563884156
0.787069846678024
0.7867461669505965
0.7862436115843273
0.7876235093696764
0.7873424190800681
0.7872061328790458
0.7860732538330494
0.7869165247018742
0.7866183986371377
0.786822827938671
0.7862010221465077
0.7852810902896078
0.7839097103918232
0.7860647359454859
0.7843781942078363
0.7844804088586029
0.7838160136286202
0.782146507666099
0.7828875638841565
0.7854088586030664
0.786541737649063
0.7866013628620101
0.7866098807495737
0.7867802385008515
0.7870954003407158
0.7858858603066439
0.7842248722316866
0.7853236797274277
0.7836286201022149
0.7840545144804086
0.7823679727427597
0.7841567291311753
0.7853321976149914
0.7852896081771722
0.7848637137989779
0.7837052810902896
0.7838841567291311
0.7862862010221466
0.7844378194207837
0.7858603066439523
0.7849403747870533
0.7858177172061328
0.7853236797274273
0.7862180579216352
0.785127768313458
0.7840545144804086
0.7857921635434415
0.785519591141397
0.7850170357751276
0.7851192504258943
0.784514480408859
0.7847529812606475
0.7850425894378197
0.784480408858603
0.7841482112436114
0.7863543441226573
0.7843867120953999
0.7839352640545145
0.7843611584327083
0.784412265758092
0.7827683134582623
0.7846592844974447
0.7842419080068143
0.7840885860306639
0.7860306643952303
0.7854599659284499
0.7856984667802384
0.7858688245315164
0.7874787052810902
0.7868313458262355
0.7847189097103918
0.7863287904599662
0.7861328790459966
0.7862691652470184
0.7853321976149911
0.7859965928449746
0.7841396933560477
0.7842844974446334
0.7831175468483816
0.7846252129471887
0.7841226575809201
0.784318568994889
0.7850425894378192
0.7849403747870529
0.7851703577512775
0.785
0.7851873935264052
0.785076660988075
0.7848381601362862
0.7844207836456563
0.7847785349233388
0.7855792163543437
0.7856984667802389
0.7861754684838159
0.7865758091993187
0.7851703577512779
0.7855792163543441
0.7841482112436117
0.7840800681431003
0.7834497444633729
0.7841396933560477
0.7843952299829643
0.7851703577512779
0.7839011925042587
0.7839778534923341
0.7830238500851786
0.7843611584327087
0.7848126064735947
0.7835093696763199
0.7834838160136279
0.7842248722316869
0.7825383304940375
0.7839182282793865
0.7834412265758085
0.7841482112436116
0.7823935264054517
0.7827853492333903
0.7835008517887558
0.7826064735945486
0.7835945485519593
0.7815928449744465
0.7840715502555362
0.7818143100511068
0.7823764906303242
0.7842589437819418
0.7834923339011926
0.7842333901192504
0.7834923339011928
0.7828023850085178
0.7833049403747872
0.782725724020443
0.7823679727427598
0.7826320272572405
0.7827257240204432
0.7813373083475298
0.7832282793867121
0.7827683134582625
0.7828960817717204
0.7833049403747872
0.7835519591141398
0.7837649063032367
0.7839437819420787
0.786166950596252
0.7841737649063034
0.7848977853492335
0.7830153321976147
0.7833390119250425
0.7847785349233392
0.7839352640545145
0.7834667802385006
0.7822827938671211
0.781771720613288
0.7832282793867121
0.7826831345826235
0.7821379897785348
0.7842674616695058
0.7843015332197614
0.7846081771720612
0.7838160136286202
0.7852044293015337
0.7832708688245313
0.7840204429301533
0.7831175468483816
0.7859540034071547
0.7831431005110728
0.7844122657580922
0.7841993185689947
0.7836712095400337
0.7839011925042587
0.7830068143100507
0.7832879045996592
0.7845059625212949
0.7838926746166951
0.7840800681431006
0.7845570698466782
0.7854770017035771
0.783747870528109
0.7828449744463377
0.7817887563884156
0.7835434412265763
0.782776831345826
0.7824616695059623
0.7819335604770019
0.7843781942078364
0.7837734241908006
0.7820954003407157
0.7820613287904595
0.7838926746166951
0.7835093696763202
0.7824872231686547
0.7821294718909709
0.7825127768313458
0.7827427597955712
0.7837308347529813
0.7825553662691652
0.7819846678023851
0.783586030664395
0.7846592844974449
0.7851107325383309
0.7854088586030663
0.7836626916524702
0.7822998296422486
0.7836626916524697
0.7824446337308351
0.7828109028960817
0.7845996592844976
0.7839182282793864
0.7835008517887561
0.782989778534923
0.7825468483816012
0.7815843270868829
0.7829216354344121
0.7820187393526407
0.7823253833049405
0.7826746166950597
0.7838671209540032
0.7826064735945486
0.78206132879046
0.7821124361158435
0.783747870528109
0.7828109028960821
0.7845229982964226
0.784497444633731
0.7859625212947197
0.7847529812606475
0.784020442930153
0.7834156729131173
0.7837308347529819
0.783637137989779
0.7837308347529809
0.7833475298126062
0.783449744463373
0.7827853492333903
0.78309199318569
0.7814310051107326
0.7817291311754686
0.7825127768313456
0.7823679727427597
0.7826490630323678
0.7828023850085175
0.7818739352640549
0.7818739352640542
0.7817206132879048
0.7824020442930155
0.7821805792163542
0.7809199318568995
0.7793526405451445
0.7782964224872234
0.780366269165247
0.7822146507666098
0.7836286201022149
0.7827086882453149
0.7799488926746165
0.7814821124361157
0.7813202725724024
0.7803236797274273
0.7816013628620101
0.7807580919931852
0.7814310051107324
0.780817717206133
0.7801873935264058
0.7811584327086878
0.7801533219761498
0.7823764906303238
0.7832538330494035
0.7824616695059622
0.7829131175468484
0.7818313458262357
0.7822487223168655
0.7816865417376492
0.7811328790459965
0.7824020442930154
0.783023850085179
0.7815247018739352
0.7815076660988072
0.782342419080068
0.7824361158432711
0.7827086882453146
0.7821720613287901
0.782359454855196
0.7839182282793867
0.7833901192504256
0.782793867120954
0.7832367972742762
0.7847359454855193
0.7833901192504256
0.7833304940374785
0.7816609880749571
0.7821379897785349
0.7810817717206134
0.7804599659284499
0.7796848381601363
0.7821124361158429
0.7826575809199319
0.782810902896082
0.7828620102214654
0.7831516183986369
0.7829897785349229
0.7827597955706981
0.7837563884156734
0.782052810902896
0.7835008517887561
0.7823935264054515
0.783100511073254
0.7802981260647363
0.7812436115843272
0.7809540034071548
0.7819931856899487
0.782069846678024
0.7799318568994891
0.7803066439522997
0.7810902896081773
0.7815502555366268
0.7824957410562179
0.7822827938671206
0.7816439522998293
0.783015332197615
0.7831005110732536
0.7831260647359454
0.7833645655877339
0.7832367972742763
0.7824787052810908
0.7839608177172063
0.7845485519591141
0.7820954003407152
0.7816269165247013
0.7820187393526404
0.7821720613287906
0.7831856899488926
0.7827597955706986
0.7814395229982962
0.7827938671209541
0.7839352640545141
0.782930153321976
0.7841737649063033
0.7834156729131181
0.7822231686541737
0.7830153321976151
0.7821294718909714
0.7796848381601361
0.7809540034071552
0.7812947189097101
0.782436115843271
0.7820868824531518
0.7802725724020446
0.7806899488926747
0.7819505962521291
0.7807836456558774
0.7807921635434405
0.7813373083475296
0.7814650766609881
0.7822827938671209
0.781499148211244
0.7812947189097105
0.7812606473594547
0.7802299829642252
0.781081771720613
0.7809880749574103
0.7814480408858602
0.7803662691652471
0.7790630323679726
0.7798637137989778
0.7811669505962519
0.7822061328790457
0.7827683134582624
0.7827597955706984
0.7798892674616699
0.7812947189097106
0.7808262350936964
0.7814139693356051
0.781712095400341
0.7829301533219761
0.782052810902896
0.7824105621805795
0.7830919931856904
0.7830494037478705
0.7823424190800681
0.7834923339011922
0.7829216354344125
0.7816183986371377
0.7822316865417376
0.781763202725724
0.7829812606473595
0.7823253833049404
0.7824190800681429
0.7820187393526402
0.782350936967632
0.7815332197614989
0.7818739352640547
0.7833560477001709
0.7832879045996595
0.7833816013628617
0.782649063032368
0.7817546848381602
0.781780238500852
0.7787563884156729
0.7813287904599658
0.7806047700170358
0.7812180579216355
0.7820442930153323
0.7795570698466784
0.7800255536626918
0.7779386712095397
0.7798807495741058
0.7795485519591139
0.7781090289608179
0.7801703577512779
0.7800340715502557
0.7808943781942078
0.7808603066439523
0.7805451448040883
0.7803577512776829
0.7800255536626917
0.7821720613287906
0.7802044293015332
0.7793867120954002
0.7816439522998294
0.780298126064736
0.7796422487223169
0.7816524701873935
0.7821890971039186
0.7813458262350934
0.7810477001703581
0.7824531516183985
0.7817291311754683
0.7815417376490628
0.7808688245315157
0.7797955706984665
0.7809199318568996
0.7807666098807491
0.7808688245315158
0.7802129471890972
0.7813628620102222
0.7824446337308347
0.7804173764906303
0.7805195911413968
0.7824616695059622
0.7811584327086887
0.7823850085178874
0.781788756388416
0.7817632027257241
0.7812095400340716
0.7805792163543442
0.7818739352640549
0.782189097103918
0.7814395229982962
0.7802555366269164
0.7796507666098806
0.7817291311754689
0.7797529812606474
0.7795315161839861
0.7794804088586024
0.7786541737649063
0.7797614991482109
0.7790885860306639
0.7803151618398637
0.7805621805792162
0.7807240204429305
0.7801277683134582
0.7816950596252131
0.7823509369676316
0.7817291311754686
0.7815758091993186
0.7808347529812607
0.7811584327086881
0.7824020442930157
0.7834838160136286
0.7832197614991483
0.7811584327086887
0.7802299829642252
0.7807155025553665
0.780195911413969
0.7802214650766605
0.7802810902896082
0.7806132879045997
0.7806643952299828
0.7793526405451447
0.7811328790459962
0.7803577512776827
0.7791311754684836
0.7799744463373081
0.7799148211243613
0.7793781942078364
0.778833049403748
0.7794718909710392
0.7803833049403747
0.7811925042589438
0.7803321976149911
0.7811839863713799
0.781482112436116
0.779795570698467
0.7812180579216356
0.7814310051107327
0.781005110732538
0.7827512776831343
0.7825042589437818
0.7818654173764911
0.7815076660988077
0.7827172061328787
0.7816780238500849
0.7804599659284496
0.781039182282794
0.7820017035775132
0.781218057921635
0.7804940374787052
0.7801192504258944
0.7813458262350939
0.7819165247018738
0.7820528109028956
0.7828705281090292
0.7836115843270867
0.7827938671209538
0.7814565587734243
0.7826916524701875
0.7825042589437817
0.7814991482112436
0.780800681431005
0.7787819420783645
0.7794548551959112
0.7805792163543436
0.7807666098807496
0.7808517887563885
0.7794548551959116
0.7798551959114142
0.7810732538330497
0.7809540034071547
0.7809625212947185
0.7800936967632027
0.7814650766609883
0.7806984667802384
0.7803662691652469
0.7822913117546848
0.7823935264054511
0.7808858603066438
0.7806218057921636
0.7792504258943782
0.7793270868824536
0.7807921635434413
0.779045996592845
0.7814735945485515
0.7827001703577514
0.7816269165247023
0.7810391822827938
0.7792163543441225
0.7792163543441228
0.7802299829642252
0.7789778534923338
0.7798551959114142
0.779787052810903
0.7801788756388416
0.7797274275979553
0.7806132879045997
0.7784412265758089
0.7799488926746169
0.7797444633730829
0.7819505962521298
0.7807751277683136
0.7814991482112436
0.780749574105622
0.7816098807495742
0.7799063032367972
0.7793270868824536
0.7793441226575811
0.7826916524701872
0.7808262350936965
0.7822572402044292
0.7826831345826232
0.781865417376491
0.7808347529812609
0.7812691652470185
0.7816524701873935
0.7808517887563887
0.7800255536626912
0.7797700170357754
0.7809028960817715
0.7808006814310052
0.7783645655877339
0.7794889267461668
0.7805366269165246
0.7811073253833051
0.7815161839863716
0.7806132879045993
0.7793781942078364
0.7803492333901193
0.7798296422487219
0.7801618398637138
0.778952299829642
0.7798126064735952
0.7822657580919931
0.7826149914821124
0.782044293015332
0.7815417376490633
0.7813287904599658
0.7805877342419081
0.7795826235093698
0.7806984667802379
0.7818057921635436
0.7800766609880746
0.7811839863713795
0.7800596252129474
0.7807325383304939
0.7800936967632023
0.7798466780238499
0.7777512776831342
0.7795996592844979
0.7783219761499146
0.7772572402044291
0.7783390119250427
0.7785434412265759
0.779241908006814
0.778858603066439
0.780885860306644
0.7798040885860307
0.7813373083475299
0.7811413969335602
0.7815928449744461
0.782069846678024
0.7801362862010222
0.7785264054514482
0.7768654173764904
0.7789608177172056
0.7786286201022148
0.7794633730834751
0.7798722316865419
0.7795059625212947
0.7816183986371378
0.7803321976149913
0.7805877342419083
0.7798126064735942
0.7801788756388416
0.7804599659284499
0.7810562180579217
0.7804003407155026
0.7813628620102212
0.7808091993185691
0.7809284497444637
0.7800596252129474
0.7801618398637136
0.7810647359454856
0.7809965928449744
0.7801788756388416
0.7788415672913118
0.7808347529812609
0.779054514480409
0.7795741056218057
0.7802981260647363
0.7805366269165249
0.7809795570698468
0.7814224872231688
0.7778449744463372
0.7798892674616699
0.7801959114139695
0.780289608177172
0.7802385008517888
0.7819250425894377
0.7812521294718907
0.7809369676320269
0.7793015332197614
0.7799574105621805
0.7817972742759798
0.7812776831345829
0.7814991482112436
0.7805792163543438
0.7808773424190798
0.7813543441226573
0.7808773424190799
0.7811413969335606
0.7804599659284495
0.7808347529812601
0.7797955706984667
0.7814480408858598
0.7799744463373081
0.7801873935264055
0.7821379897785349
0.7832367972742763
0.7799659284497445
0.7811073253833049
0.7827342419080067
0.7809199318568999
0.781993185689949
0.7813969335604767
0.7806132879045995
0.780954003407155
0.781678023850085
0.7795570698466779
0.7811584327086883
0.7809540034071548
0.7810988074957415
0.7805792163543437
0.7805706984667801
0.7788160136286195
0.779565587734242
0.7798892674616695
0.7798722316865416
0.780008517887564
0.7815161839863713
0.7831516183986368
0.7817035775127767
0.7826831345826234
0.7814310051107323
0.7806984667802385
0.7798211243611582
0.7793781942078363
0.7792419080068141
0.7797785349233389
0.7791056218057919
0.7809710391822828
0.7795655877342413
0.7791652470187388
0.7795315161839863
0.7814480408858602
0.7815672913117543
0.7794122657580922
0.7791141396933561
0.7800340715502556
0.7789437819420786
0.7797614991482109
0.7795229982964225
0.7795741056218058
0.779420783645656
0.7806473594548554
0.7799574105621804
0.7785349233390119
0.7791822827938669
0.7790545144804087
0.7788756388415675
0.7776746166950594
0.7785349233390119
0.7802044293015328
0.781201022146508
0.7812947189097105
0.7811243611584326
0.7795485519591141
0.7807240204429301
0.7795570698466784
0.7789182282793863
0.7801533219761505
0.7799744463373086
0.7789608177172065
0.7797614991482115
0.7794122657580919
0.7787563884156729
0.7786967632027257
0.7802044293015329
0.7806303236797274
0.781737649063032
0.7809880749574107
0.7812776831345823
0.7804855195911412
0.7798040885860305
0.7797274275979558
0.7799999999999998
0.779293015332198
0.7794463373083472
0.7785093696763201
0.7796081771720612
0.7803492333901191
0.7799574105621804
0.780800681431005
0.7798892674616695
0.7803321976149915
0.7807836456558771
0.7810988074957409
0.779565587734242
0.7807155025553664
0.7809710391822828
0.7796933560477001
0.7801192504258939
0.7790715502555366
0.7751959114139692
0.7763458262350938
0.7761584327086878
0.7768909710391821
0.7756643952299832
0.7774872231686545
0.7772913117546849
0.7799318568994892
0.7796166950596249
0.7801192504258946
0.7811499148211243
0.7808773424190801
