0.19999999999999962
0.24898637137989776
0.2940715502555367
0.3336115843270868
0.3697870528109028
0.4032282793867118
0.4322316865417377
0.4602129471890973
0.4824190800681432
0.5027342419080071
0.5222572402044295
0.5373424190800682
0.5514991482112436
0.5623083475298127
0.5724446337308345
0.5823679727427596
0.5905621805792162
0.5985008517887566
0.6040289608177172
0.6105451448040887
0.6139352640545145
0.6190800681431003
0.6203662691652471
0.6227597955706985
0.6254088586030663
0.6278960817717207
0.6312265758091989
0.6346422487223168
0.6343015332197617
0.6359114139693358
0.6388330494037479
0.6399829642248724
0.6409454855195912
0.6416780238500854
0.6432453151618399
0.6423850085178874
0.6436882453151617
0.6452129471890972
0.646311754684838
0.6487649063032366
0.6488500851788757
0.6481856899488929
0.6493526405451449
0.6507495741056216
0.651473594548552
0.6513032367972741
0.6520017035775127
0.651149914821124
0.651090289608177
0.6505281090289604
0.6506218057921634
0.6502470187393525
0.6513713798977854
0.6522827938671207
0.6525042589437818
0.6538500851788759
0.6538671209540031
0.6525298126064737
0.6549233390119251
0.6557921635434414
0.6566013628620102
0.6563117546848382
0.6555110732538334
0.6559114139693354
0.6548381601362862
0.6552299829642249
0.6547870528109029
0.6549744463373085
0.655928449744463
0.6565332197614989
0.6575212947189099
0.6557410562180579
0.6561158432708687
0.6563458262350937
0.6552640545144804
0.6544378194207836
0.6549233390119251
0.6564139693356048
0.6560477001703576
0.6570102214650769
0.6563032367972744
0.6550936967632025
0.6555366269165248
0.654258943781942
0.6552385008517887
0.6560391822827941
0.6559114139693359
0.6546592844974447
0.6550851788756389
0.6551873935264056
0.6567206132879047
0.6562521294718908
0.65572402044293
0.6544804088586029
0.6540715502555366
0.6539863713798977
0.6549999999999997
0.6557751277683136
0.6567376490630322
0.6581260647359456
0.6583986371379897
0.657930153321976
0.6564480408858604
0.6576235093696762
0.6589437819420784
0.6566609880749575
0.6566695059625215
0.6564821124361159
0.6560902896081774
0.6564991482112436
0.6575383304940372
0.6560391822827938
0.6562010221465076
0.6571976149914822
0.6560051107325385
0.6562095400340715
0.655655877342419
0.6565332197614991
0.6575127768313456
0.6586371379897785
0.6575298126064737
0.6608006814310053
0.6590459965928451
0.6581345826235093
0.6580579216354343
0.6566354344122659
0.6553662691652472
0.6572231686541737
0.6580323679727428
0.6565076660988075
0.6562010221465079
0.6578705281090292
0.6579727427597956
0.6578960817717205
0.6572402044293015
0.6574275979557068
0.6575212947189099
0.6553662691652471
0.6549744463373082
0.6557580919931856
0.6550170357751278
0.6544293015332198
0.6546422487223169
0.6528109028960817
0.6526746166950597
0.6517717206132878
0.6523424190800682
0.6528279386712095
0.6538074957410565
0.6535775127768311
0.6537052810902896
0.6551362862010218
0.6558858603066442
0.6539608177172063
0.6549063032367974
0.6538841567291311
0.6544463373083476
0.6579386712095399
0.6588926746166952
0.6572742759795571
0.6583986371379897
0.6570528109028961
0.6562947189097104
0.6573424190800684
0.6561584327086885
0.6559710391822828
0.6567291311754684
0.6563032367972741
0.6559795570698467
0.6548381601362862
0.6552896081771725
0.654991482112436
0.6545400340715503
0.6549403747870528
0.6546081771720614
0.6546592844974444
0.6527683134582623
0.6527427597955706
0.6527768313458262
0.6559540034071552
0.6536541737649063
0.6548551959114137
0.6537393526405453
0.654344122657581
0.6545485519591145
0.6543696763202723
0.6522316865417378
0.6543952299829641
0.654335604770017
0.6548296422487223
0.6549233390119251
0.6542504258943782
0.6533730834752979
0.6525553662691651
0.6525212947189099
0.6529216354344123
0.6547700170357754
0.6555962521294721
0.6540715502555366
0.6541482112436117
0.6533390119250426
0.654114139693356
0.654327086882453
0.6550936967632025
0.6529301533219762
0.6548807495741058
0.653006814310051
0.6528194207836456
0.6537137989778536
0.653603066439523
0.6542589437819418
0.6550766609880754
0.6559199318568993
0.6553151618398638
0.6526149914821125
0.6523594548551958
0.6533390119250424
0.6520357751277682
0.65263202725724
0.6540715502555366
0.6534241908006813
0.6537137989778533
0.6535775127768316
0.6534071550255538
0.6534241908006813
0.6525127768313458
0.6531856899488929
0.6548296422487226
0.6538160136286204
0.6548807495741058
0.6560902896081773
0.6559625212947189
0.6555621805792161
0.6564821124361157
0.6567376490630327
0.6550681431005109
0.6548126064735946
0.6548296422487226
0.6535519591141395
0.654787052810903
0.6531601362862012
0.6534838160136286
0.6529727427597954
0.6532623509369677
0.6538756388415672
0.6546422487223164
0.6537819420783645
0.6535008517887563
0.655281090289608
0.6540971039182284
0.6522827938671211
0.6543781942078359
0.6535519591141395
0.6521550255536624
0.6530664395229985
0.6534923339011927
0.6543611584327087
0.6570102214650768
0.6571039182282794
0.6548551959114138
0.6541908006814308
0.653909710391823
0.6526064735945485
0.6542504258943781
0.6545485519591143
0.6541822827938674
0.6554770017035776
0.6547189097103917
0.6554258943781942
0.654855195911414
0.652862010221465
0.6525468483816016
0.6537904599659285
0.6533560477001704
0.653304940374787
0.6530238500851788
0.6522146507666099
0.6509284497444634
0.6503662691652471
0.6499914821124362
0.6504514480408861
0.6519505962521295
0.6526746166950599
0.6518739352640545
0.6526746166950594
0.654045996592845
0.652137989778535
0.6529727427597954
0.6536371379897788
0.6531345826235095
0.6535519591141398
0.6537563884156731
0.6549148211243613
0.6557155025553665
0.6549829642248725
0.6533134582623508
0.6540800681431006
0.6538841567291311
0.6543611584327087
0.654114139693356
0.6538245315161839
0.6546422487223168
0.652649063032368
0.6528194207836455
0.6520357751277682
0.6518313458262351
0.6506729131175468
0.6517461669505963
0.6513628620102214
0.6496081771720612
0.6495570698466779
0.6504684838160135
0.6506388415672911
0.6513798977853491
0.6525638841567293
0.6519846678023851
0.6518994889267462
0.6524872231686542
0.6529727427597953
0.6526064735945486
0.652265758091993
0.6536030664395228
0.6529812606473597
0.6526320272572405
0.6543696763202729
0.6549318568994893
0.6541822827938673
0.6545996592844976
0.6544974446337306
0.6537989778534923
0.6542419080068145
0.654778534923339
0.6546422487223167
0.6552385008517885
0.6535604770017036
0.6523764906303239
0.6521720613287906
0.6502385008517888
0.6509965928449744
0.6526660988074959
0.6517887563884156
0.6500340715502554
0.6496507666098807
0.6490971039182285
0.6489863713798981
0.6502385008517887
0.6503407155025555
0.6518057921635435
0.651175468483816
0.6507069846678024
0.6507666098807495
0.65190800681431
0.6536967632027259
0.6539778534923338
0.6532453151618398
0.6521294718909709
0.6516439522998294
0.6506473594548551
0.6500340715502557
0.6498977853492331
0.651081771720613
0.6514224872231685
0.6515672913117545
0.6496763202725725
0.6509454855195913
0.6509199318568997
0.6516780238500849
0.6531431005110733
0.6524275979557074
0.6514565587734239
0.6510051107325383
0.6514906303236798
0.6514821124361156
0.6497359454855197
0.648747870528109
0.6492248722316867
0.6503918228279387
0.64927597955707
0.6487904599659283
0.6509114139693355
0.6513202725724022
0.6507921635434414
0.6505962521294719
0.650945485519591
0.6529727427597959
0.6512776831345826
0.6506473594548552
0.6499574105621804
0.6498892674616695
0.6498637137989778
0.6496166950596252
0.6499403747870528
0.648909710391823
0.6491226575809196
0.6491652470187393
0.648160136286201
0.6494548551959113
0.649139693356048
0.651175468483816
0.6509114139693355
0.650076660988075
0.650885860306644
0.6520187393526407
0.6497529812606476
0.6504684838160136
0.6517972742759798
0.6518994889267461
0.6508517887563885
0.6498807495741058
0.6500425894378199
0.6502214650766612
0.6498722316865417
0.6489522998296424
0.6507921635434413
0.6498466780238499
0.6495485519591139
0.649395229982964
0.650161839863714
0.6504599659284497
0.6507580919931857
0.6504258943781939
0.6502470187393528
0.6485434412265758
0.6514395229982963
0.6506388415672913
0.6508517887563886
0.6523764906303239
0.650655877342419
0.6516524701873935
0.6527172061328791
0.6514395229982963
0.6503833049403747
0.6517376490630324
0.6522572402044295
0.6512862010221465
0.6502044293015333
0.650809199318569
0.6510988074957411
0.6503492333901193
0.6510221465076661
0.6517035775127765
0.6520187393526408
0.6503492333901193
0.651993185689949
0.6515502555366272
0.653313458262351
0.6508688245315161
0.6509625212947189
0.6525638841567287
0.6530408858603064
0.6536797274275981
0.6519761499148211
0.6513373083475297
0.649258943781942
0.6479045996592844
0.6479727427597954
0.6477257240204429
0.6481516183986372
0.6468057921635435
0.6479642248722314
0.6475979557069845
0.6487137989778533
0.6495229982964225
0.6516865417376495
0.6525638841567294
0.6526405451448041
0.6529045996592845
0.652453151618399
0.6527768313458262
0.6531856899488929
0.6514735945485519
0.6532027257240206
0.6520272572402044
0.6498892674616694
0.6498040885860307
0.6491056218057922
0.6512010221465075
0.651166950596252
0.6500085178875638
0.6500255536626917
0.6498977853492334
0.6489863713798979
0.6502896081771721
0.6507836456558774
0.6507921635434413
0.6504684838160137
0.6494889267461673
0.6495655877342419
0.651235093696763
0.6511243611584326
0.6526235093696764
0.6540545144804086
0.652776831345826
0.6514139693356047
0.6515672913117547
0.6511925042589438
0.6507495741056221
0.649923339011925
0.6482453151618395
0.6496848381601364
0.649045996592845
0.6505962521294721
0.6520187393526407
0.6510306643952299
0.6504599659284497
0.6502214650766612
0.6507921635434413
0.6502470187393524
0.6511243611584326
0.6493696763202726
0.6492333901192505
0.6513884156729128
0.6504940374787053
0.6509284497444632
0.6500340715502557
0.6483390119250428
0.6473594548551961
0.6480323679727428
0.6475724020442929
0.647580919931857
0.6484412265758088
0.6492078364565589
0.6481686541737649
0.6488074957410562
0.6494037478705279
0.6504599659284497
0.6496081771720614
0.6492589437819418
0.6480579216354343
0.6481260647359457
0.6485093696763203
0.6475724020442931
0.6484923339011924
0.6487478705281089
0.6502470187393528
0.6482367972742762
0.6477257240204429
0.6498722316865417
0.6501277683134584
0.6500936967632029
0.6485689948892676
0.6482027257240206
0.6473424190800682
0.6477683134582624
0.648381601362862
0.6487989778534924
0.6493867120954003
0.6488756388415672
0.6501618398637139
0.648739352640545
0.6488841567291311
0.6486371379897787
0.6491141396933561
0.6494122657580923
0.6491056218057922
0.6483560477001703
0.6489267461669506
0.6486541737649063
0.6469505962521294
0.6472998296422487
0.6469846678023851
0.6470442930153323
0.6479386712095403
0.6481601362862012
0.6482879045996595
0.6472742759795572
0.6464480408858603
0.6465843270868826
0.6473764906303237
0.648747870528109
0.6482367972742761
0.6476490630323682
0.6472998296422489
0.647776831345826
0.6482708688245316
0.6485008517887563
0.6492759795570697
0.649105621805792
0.6486115843270869
0.6478109028960817
0.6468057921635432
0.6479386712095402
0.6471550255536627
0.6483304940374788
0.6493526405451449
0.6498807495741056
0.6492759795570698
0.650144804088586
0.6516269165247017
0.6510562180579217
0.6509880749574105
0.6498126064735946
0.6499403747870528
0.6509454855195913
0.6505792163543442
0.6498296422487226
0.6496933560477003
0.6495315161839863
0.651396933560477
0.6517632027257241
0.6520613287904602
0.6514821124361159
0.6519505962521295
0.6523083475298125
0.6507325383304939
0.6517546848381605
0.6529812606473597
0.651456558773424
0.6512776831345826
0.6501873935264056
0.6497359454855194
0.6506558773424189
0.6500255536626915
0.649642248722317
0.6507240204429301
0.6516865417376491
0.6501788756388416
0.6479386712095401
0.6486201022146509
0.6489437819420786
0.6502896081771721
0.6480238500851789
0.6476916524701877
0.6493356047700172
0.6480238500851793
0.6482708688245316
0.6483304940374788
0.647725724020443
0.646166950596252
0.6464139693356046
0.6471294718909709
0.6484923339011925
0.6505706984667803
0.6496166950596254
0.6501107325383305
0.6522572402044289
0.6511669505962522
0.6525383304940375
0.6513032367972742
0.6523253833049403
0.6511499148211244
0.650085178875639
0.6504429301533219
0.6509028960817718
0.6510562180579216
0.6513117546848384
0.6518654173764908
0.6517972742759794
0.6498211243611585
0.6485519591141398
0.6481090289608179
0.6495315161839866
0.6491226575809199
0.646371379897785
0.6483390119250427
0.6471805792163546
0.6474190800681431
0.6491056218057918
0.6489778534923336
0.6487393526405448
0.6484497444633729
0.6468654173764903
0.6483475298126063
0.6496933560477003
0.6490034071550257
0.6487989778534924
0.6475042589437819
0.6479045996592845
0.6469591141396935
0.6467206132879045
0.6475724020442929
0.6481345826235093
0.6489182282793865
0.6493100511073253
0.6494974446337309
0.6501192504258944
0.6487819420783647
0.6487904599659287
0.6475894378194208
0.6472998296422487
0.6460902896081769
0.6459540034071551
0.6451448040885858
0.6451618398637136
0.6469591141396933
0.6487137989778536
0.6480494037478706
0.6480919931856901
0.647776831345826
0.6465247018739353
0.6460306643952302
0.6478875638841568
0.648747870528109
0.6470442930153323
0.6487223168654175
0.6481090289608179
0.6483219761499147
0.6491141396933561
0.6489693356047702
0.6488415672913118
0.6475383304940372
0.6478109028960816
0.648373083475298
0.6475724020442931
0.6482027257240205
0.6471550255536626
0.6475553662691653
0.6491737649063033
0.6477257240204429
0.6478364565587735
0.6467887563884156
0.647708688245315
0.6474531516183986
0.6476746166950597
0.6474105621805794
0.6464395229982962
0.6462350936967631
0.6465672913117545
0.6454173764906302
0.6444718909710394
0.6471209540034073
0.6478705281090291
0.6482538330494039
0.6483219761499147
0.6476320272572406
0.6467035775127767
0.6462521294718908
0.6458773424190801
0.6455877342419082
0.6446422487223168
0.6452470187393529
0.6459710391822824
0.6456643952299834
0.6463287904599655
0.6485093696763203
0.6481601362862012
0.6476149914821124
0.6466439522998294
0.6470442930153323
0.6466354344122661
0.6473935264054514
0.6465247018739352
0.6456388415672915
0.6466439522998294
0.6462436115843271
0.6478960817717204
0.6477001703577515
0.6463798977853492
0.6468143100511073
0.648688245315162
0.6475298126064736
0.6480579216354344
0.6458773424190801
0.6458347529812606
0.6467120954003406
0.6470017035775127
0.6488841567291311
0.6499148211243613
0.6485264054514479
0.6493356047700171
0.6497529812606472
0.6502385008517887
0.6503918228279388
0.6501959114139695
0.6501618398637139
0.6491482112436114
0.6480323679727423
0.6477768313458262
0.6483304940374788
0.6475298126064736
0.6484412265758093
0.648764906303237
0.6492504258943783
0.649344122657581
0.6493356047700172
0.649710391822828
0.648884156729131
0.6485689948892673
0.6476575809199318
0.6458432708688241
0.6472487223168656
0.6460902896081773
0.6474020442930154
0.6481175468483817
0.6492419080068143
0.6492333901192502
0.6475894378194209
0.6497444633730836
0.6489011925042591
0.6482027257240204
0.6490971039182284
0.6496763202725723
0.6493611584327087
0.6489948892674614
0.649625212947189
0.6491396933560479
0.6489267461669503
0.6484327086882453
0.6472061328790462
0.6458517887563883
0.6433645655877345
0.6438841567291314
0.6443952299829643
0.6444207836456559
0.6454344122657583
0.6480323679727426
0.6496507666098806
0.6492248722316866
0.6498296422487222
0.6478364565587733
0.6475383304940375
0.6463969335604767
0.6480579216354347
0.6489352640545144
0.649420783645656
0.6485178875638838
0.6504258943781942
0.6505451448040889
0.6507836456558773
0.6496252129471891
0.6486456558773424
0.6479216354344122
0.6493015332197618
0.6479642248722317
0.6486030664395231
0.6477683134582626
0.6464906303236798
0.6459114139693358
0.6450170357751276
0.6444037478705279
0.6435434412265758
0.6439948892674616
0.6428960817717205
0.643671209540034
0.6443356047700171
0.6455962521294716
0.64736797274276
0.6457666098807495
0.6467632027257239
0.6471550255536631
0.6470528109028959
0.6478194207836458
0.6480494037478702
0.6472402044293016
0.6466950596252129
0.6475553662691653
0.6466269165247017
0.6486967632027255
0.649190800681431
0.6490119250425893
0.6480494037478707
0.6493952299829644
0.6495826235093696
0.6502555366269165
0.6494718909710393
0.6487393526405454
0.6476149914821124
0.6467972742759797
0.6479812606473594
0.6473594548551957
0.6482623509369677
0.6485434412265759
0.648688245315162
0.6490204429301535
0.6482879045996593
0.6481005110732538
0.6476064735945486
0.6474446337308346
0.6493270868824532
0.6491908006814312
0.6495826235093694
0.6496337308347531
0.6489778534923338
0.6496592844974445
0.6476490630323678
0.6475638841567293
0.6471635434412266
0.6479131175468484
0.6466865417376491
0.6474531516183984
0.6472316865417379
0.6474105621805795
0.6488841567291314
0.6480664395229982
0.647052810902896
0.6470017035775127
0.6475894378194208
0.6478705281090291
0.6490800681431004
0.6469420783645655
0.649020442930153
0.6481601362862013
0.6487734241908005
0.6473935264054513
0.6489097103918227
0.6483645655877345
0.6487137989778536
0.6486286201022148
0.6475383304940375
0.6480919931856899
0.6468909710391827
0.647231686541738
0.6470102214650766
0.6462436115843271
0.6479386712095401
0.6481771720613289
0.647776831345826
0.6478534923339011
0.6479131175468481
0.6481516183986373
0.6476064735945483
0.6455110732538333
0.6467887563884157
0.6474190800681431
0.6452044293015331
0.6464139693356046
0.647691652470187
0.6485008517887565
0.6479386712095399
0.6471550255536626
0.6468654173764908
0.6464735945485519
0.6463713798977853
0.6467461669505963
0.6476320272572401
0.6473850085178878
0.6471379897785353
0.6491737649063032
0.6499914821124361
0.6490545144804087
0.6477512776831343
0.6466695059625213
0.6476660988074957
0.6484241908006813
0.6490715502555368
0.6472231686541738
0.6485945485519591
0.6483134582623508
0.6489778534923337
0.6487989778534923
0.648739352640545
0.6484327086882452
0.6500085178875641
0.649480408858603
0.6487052810902894
0.6496933560477001
0.6476149914821124
0.6473339011925044
0.645519591141397
0.6455110732538333
0.6455451448040884
0.6460136286201021
0.6467972742759796
0.6470102214650767
0.6465758091993188
0.6458517887563882
0.64763202725724
0.6468909710391822
0.646771720613288
0.646618398637138
0.6471635434412264
0.649020442930153
0.649318568994889
0.6495229982964226
0.6475638841567293
0.6469505962521295
0.6458688245315163
0.6445485519591141
0.6451022146507668
0.646022146507666
0.6473594548551956
0.647495741056218
0.6485434412265758
0.647580919931857
0.6493952299829638
0.6476405451448037
0.6490971039182284
0.6490545144804086
0.6476149914821125
0.6469505962521293
0.6461839863713797
0.6467035775127766
0.6463543441226577
0.6479301533219766
0.6491311754684839
0.6495400340715501
0.6484241908006814
0.6481175468483817
0.6480834752981263
0.6487904599659285
0.6485178875638842
0.6485775127768317
0.6477512776831347
0.648739352640545
0.6498722316865421
0.6492674616695058
0.6483986371379896
0.6478279386712096
0.64839863713799
0.6474701873935266
