0.19999999999999962
0.4659965928449746
0.6732708688245314
0.7844633730834757
0.8312350936967634
0.8541482112436115
0.8626235093696759
0.871243611584327
0.8716865417376489
0.8753321976149911
0.8773253833049404
0.8757751277683132
0.876388415672913
0.8767802385008516
0.8780238500851791
0.8786626916524698
0.8779727427597953
0.8774872231686538
0.8776746166950592
0.8781005110732539
0.876695059625213
0.8766098807495737
0.8767035775127769
0.876993185689949
0.8783816013628618
0.8765247018739352
0.8762606473594547
0.8774957410562181
0.875817717206133
0.8753918228279385
0.8776320272572403
0.8775894378194207
0.8777001703577514
0.8778534923339013
0.8764565587734237
0.8768398637137983
0.8772316865417374
0.8756132879045998
0.8771550255536628
0.8763032367972743
0.8762947189097104
0.8765928449744461
0.8767972742759795
0.8754003407155024
0.8761925042589433
0.8759540034071551
0.8754173764906303
0.8751959114139697
0.8776660988074956
0.8775809199318572
0.8747189097103919
0.8747700170357748
0.8773424190800678
0.8750511073253836
0.8743952299829644
0.8750766609880752
0.8776746166950593
0.8751277683134582
0.8756984667802383
0.8768398637137991
0.8750255536626915
0.875272572402044
0.8746166950596256
0.8748126064735945
0.8734071550255534
0.8750255536626917
0.8759710391822827
0.875954003407155
0.8768483816013628
0.8745315161839864
0.8737563884156728
0.8747614991482111
0.8755110732538333
0.8746507666098807
0.8736712095400339
0.8741993185689947
0.8747359454855197
0.8746081771720611
0.8734327086882451
0.8756388415672913
0.8750936967632025
0.8744804088586036
0.8752640545144803
0.874182282793867
0.874914821124361
0.8748040885860306
0.8744293015332195
0.8744718909710397
0.8751277683134582
0.8744974446337304
0.8713458262350933
0.874352640545145
0.874182282793867
0.8747700170357754
0.8733986371379904
0.8734412265758094
0.8742248722316863
0.8740545144804089
0.8743867120954001
0.874548551959114
0.8743015332197615
0.8743952299829639
0.8752896081771717
0.8741311754684838
0.8729557069846677
0.8752555366269164
0.8737137989778532
0.8744889267461673
0.8735434412265757
0.8737563884156728
0.8744207836456559
0.873517887563884
0.8727001703577506
0.8741311754684835
0.8745655877342416
0.8750851788756385
0.8743441226575811
0.8737308347529811
0.8733816013628624
0.8728875638841567
0.874378194207836
0.8741993185689947
0.8736626916524703
0.8740971039182278
0.873747870528109
0.8745741056218059
0.8728194207836455
0.8727001703577509
0.873143100511073
0.8727001703577513
0.8744718909710392
0.8738330494037477
0.8731686541737653
0.8740289608177172
0.8723850085178881
0.8741396933560476
0.8738671209540034
0.873594548551959
0.8726064735945483
0.8723509369676319
0.872623509369676
0.8730494037478705
0.8736456558773423
0.8734838160136285
0.8738841567291314
0.8725212947189098
0.8742930153321977
0.873143100511073
0.8723509369676321
0.8734667802385006
0.8730238500851785
0.8726490630323679
0.8735860306643951
0.8724105621805794
0.8733816013628618
0.8739608177172064
0.8719761499148213
0.8734667802385009
0.8720272572402042
0.8717632027257235
0.8741908006814311
0.8733134582623505
0.8730579216354344
0.8733304940374786
0.8736371379897787
0.8730664395229986
0.871422487223169
0.8716524701873939
0.8751618398637142
0.8722146507666096
0.8717717206132874
0.8727172061328787
0.8728875638841567
0.8727853492333901
0.8733730834752982
0.8724957410562175
0.8746252129471886
0.8720187393526402
0.8718483816013628
0.8708943781942081
0.8715928449744463
0.873381601362862
0.8729812606473594
0.8732197614991485
0.874156729131175
0.872197614991482
0.8723509369676316
0.8718398637137986
0.8707836456558773
0.8731175468483815
0.8731175468483819
0.8719591141396934
0.8725553662691654
0.8732708688245313
0.8722742759795572
0.8709454855195911
0.8720357751277679
0.8731175468483815
0.8728449744463375
0.8718568994889266
0.8717376490630323
0.8721550255536625
0.8724787052810903
0.872810902896082
0.8726149914821123
0.8721379897785347
0.8723168654173764
0.8735093696763201
0.8715161839863712
0.8732453151618402
0.8697359454855199
0.8712606473594551
0.8735519591141393
0.8720357751277684
0.8722402044293017
0.8721124361158439
0.8717376490630325
0.8721379897785349
0.8724957410562177
0.8723509369676323
0.8711584327086883
0.8716098807495735
0.8724105621805792
0.8723679727427597
0.8722827938671207
0.870664395229983
0.8710988074957413
0.8709284497444634
0.8733645655877345
0.8728364565587741
0.8722827938671205
0.8726064735945487
0.8713713798977853
0.872649063032368
0.8724957410562186
0.8713713798977853
0.8708432708688246
0.8730238500851789
0.8735775127768315
0.8708858603066438
0.8715502555366266
0.8693867120953997
0.8706388415672914
0.8713202725724016
0.8714735945485514
0.8721890971039179
0.8710732538330493
0.8709710391822828
0.871669505962521
0.8715161839863711
0.8718909710391819
0.8725042589437819
0.8716013628620103
0.8730579216354344
0.8718313458262351
0.8712862010221468
0.8711754684838158
0.8715758091993189
0.8724190800681434
0.8718739352640538
0.8718143100511068
0.8712862010221469
0.8717206132879043
0.8717376490630323
0.8714565587734237
0.8708006814310053
0.8722742759795566
0.8723594548551961
0.871618398637138
0.8717546848381601
0.8713713798977851
0.8730408858603071
0.8717802385008515
0.8716098807495744
0.8726064735945481
0.8719931856899494
0.8708262350936967
0.8720868824531515
0.8724275979557072
0.8714991482112433
0.8713458262350937
0.8700596252129471
0.8704855195911411
0.870008517887564
0.8711669505962523
0.8717206132879045
0.8716780238500852
0.8715332197614992
0.8707240204429302
0.8696166950596255
0.8714650766609883
0.8704344122657588
0.8714821124361157
0.8712521294718911
0.8714310051107326
0.8728620102214651
0.8708262350936967
0.8713884156729129
0.8704429301533219
0.8723850085178873
0.8716439522998302
0.8717546848381603
0.8714310051107322
0.8702896081771724
0.8708432708688244
0.8718228279386707
0.8717802385008518
0.8722572402044294
0.8710306643952299
0.8716098807495744
0.8708517887563884
0.8710817717206133
0.869982964224872
0.8726064735945487
0.8739693356047705
0.8704770017035771
0.8728194207836458
0.8710136286201022
0.8702299829642248
0.8722146507666099
0.8709199318568999
0.8700936967632026
0.8719505962521288
0.8706899488926745
0.8717802385008518
0.8734582623509367
0.8721209540034072
0.8720017035775133
0.8718994889267464
0.8711584327086878
0.8715417376490632
0.8728790459965929
0.8705451448040882
0.8717120954003409
0.8697359454855199
0.8708943781942076
0.8703236797274276
0.8702555366269162
0.8722572402044291
0.8716865417376486
0.8705792163543447
0.8707836456558773
0.8704514480408858
0.8726746166950597
0.8705536626916524
0.8711754684838157
0.8705366269165248
0.8707069846678022
0.8730068143100509
0.872316865417377
0.8701448040885864
0.87129471890971
0.8703662691652467
0.8721039182282795
0.8707580919931857
0.8712265758091994
0.8721379897785353
0.8709625212947187
0.8704855195911411
0.872052810902896
0.8706729131175467
0.8710051107325384
0.8720528109028954
0.8712606473594551
0.8715502555366268
0.8722146507666098
0.8703492333901193
0.8700170357751277
0.8702555366269167
0.8709965928449743
0.8712776831345823
0.8705025553662693
0.8703066439522995
0.871967632027257
0.8708262350936965
0.8709454855195914
0.8715587734241909
0.8711925042589437
0.8704855195911412
0.8713373083475298
0.8709625212947186
0.870851788756388
0.871132879045997
0.8694293015332193
0.8717972742759799
0.87133730834753
0.8711328790459965
0.8698722316865414
0.8716183986371377
0.8715672913117545
0.8716269165247019
0.871686541737649
0.8708688245315163
0.8693100511073255
0.8718313458262353
0.8698722316865418
0.8717120954003406
0.8720613287904595
0.8716183986371384
0.8706984667802382
0.8723168654173764
0.8701107325383304
0.8708517887563884
0.8711158432708688
0.870562180579216
0.8710817717206133
0.8717546848381601
0.8700851788756385
0.8705195911413969
0.8719505962521295
0.8713373083475296
0.8698296422487221
0.8714054514480409
0.8705706984667804
0.8699403747870528
0.8696678023850082
0.8692333901192504
0.8708517887563881
0.8706643952299826
0.8717546848381604
0.8710051107325384
0.8708603066439522
0.8705706984667801
0.8708006814310051
0.8715587734241911
0.8710732538330493
0.8704855195911417
0.8718483816013624
0.8708943781942078
0.8705706984667801
0.8709880749574108
0.8717376490630323
0.869633730834753
0.87118398637138
0.8704344122657584
0.8714480408858605
0.8707921635434411
0.8719676320272572
0.8691652470187392
0.8711669505962525
0.8712265758091994
0.8709454855195912
0.8723764906303241
0.8694293015332196
0.8694293015332201
0.8700681431005113
0.8709625212947191
0.871609880749574
0.8703577512776834
0.8722146507666096
0.8722061328790464
0.8700340715502556
0.8705706984667805
0.8724020442930153
0.8708432708688243
0.870178875638842
0.870494037478705
0.8715672913117547
0.8700425894378193
0.8704599659284501
0.8695485519591142
0.8705366269165247
0.8697955706984668
0.8700596252129474
0.871311754684838
0.8694207836456558
0.8709369676320268
0.8702299829642244
0.8702640545144805
0.8701448040885859
0.8714565587734243
0.8708347529812608
0.8708006814310051
0.8697444633730835
0.870664395229983
0.8702129471890971
0.8710902896081772
0.8701362862010227
0.8696507666098806
0.8697359454855197
0.8698722316865417
0.8697870528109033
0.8701362862010221
0.8714224872231684
0.8713969335604769
0.8706388415672915
0.8725553662691655
0.8702470187393528
0.8707495741056215
0.8713628620102214
0.8719080068143096
0.8700170357751279
0.8703918228279386
0.8710647359454853
0.8721465076660989
0.870017035775128
0.8707751277683137
0.8710306643952296
0.8720613287904597
0.8715417376490628
0.8712095400340716
0.8710647359454852
0.8696678023850087
0.87057069846678
0.8711754684838168
0.8723594548551958
0.8704599659284493
0.8701703577512774
0.8703321976149916
0.8702981260647357
0.8715417376490626
0.8715076660988075
0.8715076660988076
0.8699488926746164
0.8702810902896081
0.8709710391822826
0.8702470187393526
0.8697785349233393
0.8712776831345828
0.8704258943781942
0.8690630323679729
0.8718654173764908
0.8703662691652468
0.8699744463373087
0.8721976149914821
0.8697785349233391
0.8706984667802385
0.871252129471891
0.8704684838160138
0.8690034071550256
0.8699148211243614
0.8707751277683137
0.8714650766609879
0.8715587734241906
0.871388415672913
0.8698977853492331
0.8716013628620104
0.8715502555366268
0.8700596252129474
0.8714650766609879
0.8705536626916526
0.8698807495741058
0.8715332197614994
0.8704514480408857
0.8704258943781938
0.8712947189097104
0.8710562180579218
0.8701533219761503
0.870366269165247
0.8703833049403749
0.8692248722316865
0.870664395229983
0.8696252129471891
0.8713798977853486
0.8690800681431
0.8700085178875638
0.8700511073253833
0.8697700170357747
0.8705110732538326
0.8697103918228278
0.8705877342419075
0.8704770017035776
0.8709199318568994
0.8706047700170357
0.8719420783645658
0.8719080068143097
0.8716013628620098
0.8703747870528108
0.8707069846678022
0.8703918228279389
0.8686456558773423
0.8698807495741058
0.8703747870528108
0.8710051107325384
0.8705877342419073
0.8696592844974441
0.8704770017035776
0.8704940374787056
0.8701192504258938
0.870792163543441
0.8707921635434411
0.8690204429301538
0.8713202725724019
0.8694037478705278
0.8703747870528109
0.87041737649063
0.8709199318568994
0.8711073253833044
0.870587734241908
0.8689522998296421
0.870494037478705
0.8711584327086876
0.87133730834753
0.8699318568994883
0.8702810902896084
0.870298126064736
0.8700425894378192
0.8714395229982961
0.8704344122657582
0.8693441226575811
0.8709284497444635
0.8701277683134582
0.8686797274275978
0.8727086882453157
0.869131175468484
0.8693781942078362
0.8708432708688236
0.8696081771720614
0.8697018739352639
0.8710732538330498
0.8706132879045997
0.869923339011925
0.8701448040885862
0.8700425894378195
0.8711328790459963
0.8711754684838166
0.8709199318568992
0.8704258943781942
0.8703236797274279
0.8694378194207835
0.8693015332197617
0.8714735945485519
0.8699063032367974
0.8698637137989783
0.8712862010221468
0.8710477001703575
0.8700766609880748
0.8705877342419077
0.8704088586030665
0.8688756388415676
0.8697103918228283
0.8712095400340716
0.8699659284497444
0.8694804088586031
0.8689693356047696
0.8714565587734246
0.8690204429301531
0.8703066439523
0.8709454855195912
0.8704173764906303
0.8705962521294721
0.870579216354344
0.8705877342419079
0.8709028960817717
0.8690630323679726
0.8699999999999999
0.8698551959114138
0.8693100511073253
0.8702470187393527
0.8691908006814312
0.8702385008517888
0.8698551959114137
0.8696763202725722
0.8695059625212949
0.8695570698466785
0.8716269165247021
0.8706132879045996
0.8702981260647354
0.8694548551959115
0.8700255536626911
0.8703066439523001
0.8704173764906306
0.8703407155025554
0.8709625212947191
0.8692759795570698
0.8687989778534922
0.8718483816013631
0.8691993185689948
0.8695059625212948
0.8700936967632026
0.8706729131175466
0.870792163543441
0.8699488926746166
0.869633730834753
0.8697614991482113
0.8707836456558772
0.8695911413969334
0.8695400340715499
0.8714821124361155
0.8697444633730835
0.8701703577512778
0.8710562180579215
0.8707836456558777
0.8704770017035777
0.8695911413969328
0.8714565587734238
0.8713713798977852
0.8702725724020438
0.8695570698466778
0.8696422487223167
0.8701277683134583
0.8694463373083472
0.8717120954003406
0.8698892674616694
0.8699488926746163
0.8718143100511072
0.8697189097103921
0.8722402044293023
0.8696933560477003
0.8714310051107331
0.8685945485519588
0.8708177172061332
0.8697018739352642
0.8699233390119248
0.8676916524701876
0.869982964224872
0.869488926746167
0.8698551959114141
0.8698296422487224
0.8711839863713798
0.8709625212947192
0.8705706984667798
0.8703833049403749
0.8697274275979558
0.8708347529812606
0.8705366269165243
0.8699999999999997
0.870212947189097
0.871132879045997
0.8696166950596254
0.8699063032367971
0.8700085178875638
0.8699574105621803
0.8704684838160135
0.8675298126064734
0.8696933560476999
0.870885860306644
0.8691482112436115
0.868790459965928
0.8690885860306641
0.8698040885860303
0.8709710391822827
0.8701959114139695
0.8705706984667804
0.8702214650766605
0.8708262350936964
0.8698466780238499
0.8697785349233391
0.8697189097103916
0.86954003407155
0.8695570698466777
0.8689011925042587
0.8698892674616694
0.8698807495741057
0.8687478705281093
0.8685093696763204
0.8701533219761498
0.8703066439522997
0.8695655877342421
0.8706388415672915
0.8705536626916524
0.8697274275979552
0.8706218057921634
0.8698381601362862
0.8691822827938667
0.8697018739352642
0.8700255536626923
0.8709965928449744
0.8698126064735946
0.8700085178875644
0.871635434412266
0.8692759795570696
0.8699659284497447
0.8684071550255534
0.8695911413969335
0.8706388415672914
0.8693356047700169
0.8708432708688244
0.8709540034071552
0.8690971039182284
0.8691396933560476
0.8706473594548554
0.8712265758091992
0.8697189097103917
0.8704344122657582
0.8701277683134583
0.8692930153321974
0.8720187393526401
0.8697529812606475
0.870672913117547
0.8699914821124363
0.8701959114139695
0.8702810902896079
0.8690630323679726
0.8700000000000004
0.8695059625212944
0.8706814310051111
0.8693696763202722
0.8704599659284498
0.8706643952299826
0.8697870528109028
0.8697359454855195
0.8710902896081774
0.8686456558773427
0.871124361158433
0.8702810902896083
0.8703492333901193
0.8683816013628618
0.8699659284497444
0.8703492333901193
0.8699659284497443
0.8699829642248723
0.8691396933560478
0.8709114139693354
0.8709540034071549
0.8699999999999996
0.8710477001703576
0.869701873935264
0.8667972742759799
0.8695911413969335
0.8698126064735946
0.8703236797274277
0.8689352640545145
0.8707836456558776
0.8696933560477003
0.8693952299829639
0.8680749574105623
0.8697189097103917
0.8693952299829644
0.869838160136286
0.8698551959114136
0.8706814310051108
0.8704684838160133
0.8696507666098807
0.8691993185689947
0.8712350936967631
0.8710051107325385
0.8686967632027257
0.8710477001703572
0.8700425894378196
0.8701362862010218
0.8676831345826234
0.8715502555366264
0.8717461669505963
0.8711669505962522
0.8698977853492335
0.8698211243611582
0.8700596252129472
0.8702725724020443
0.8694974446337309
0.8717717206132879
0.8702640545144802
0.8697359454855195
0.8701618398637139
0.8702470187393532
0.8706643952299825
0.8699063032367973
0.869173764906303
0.8684412265758092
0.8692248722316868
0.8701618398637133
0.8704173764906303
0.8692674616695062
0.868620102214651
0.8698296422487216
0.8701277683134582
0.8698381601362861
0.8689352640545144
0.8705792163543444
0.8698211243611582
0.8695826235093692
0.8695826235093698
0.8689522998296421
0.8706047700170355
0.8696678023850078
0.8699233390119246
0.8698466780238503
0.8702470187393522
0.8684071550255537
0.8707580919931857
0.8696848381601362
0.8699148211243615
0.8683560477001704
0.8687734241908008
0.8700255536626917
0.8698126064735949
0.8692419080068141
0.8684071550255541
0.870383304940375
0.8695996592844973
0.8707495741056218
0.8701277683134583
0.869991482112436
0.8702810902896077
0.8695144804088586
0.8678279386712093
0.8692419080068143
0.8683475298126062
0.8681601362862011
0.870834752981261
0.869642248722317
0.8690374787052815
0.8690715502555365
0.8693441226575807
0.8706303236797274
0.8688245315161839
0.8695144804088586
0.8691056218057921
0.8690630323679731
0.8699914821124365
0.8690545144804088
0.8699574105621801
0.8705195911413969
0.868390119250426
0.8701533219761498
0.8691908006814311
0.8686115843270866
0.8705536626916528
0.8690715502555366
0.8708177172061329
0.8686967632027259
0.8701448040885859
0.8704940374787055
0.8698381601362858
0.8689182282793866
0.8689863713798974
0.8702044293015334
0.8713798977853493
0.8707836456558773
0.8673594548551959
0.8683134582623508
0.8705366269165247
0.8693696763202722
0.8699488926746168
0.8714821124361158
0.8683645655877337
0.8700425894378192
0.8691141396933562
0.867248722316865
0.8702981260647356
0.8674701873935262
0.8690545144804089
0.8690715502555366
0.8700936967632031
0.8689182282793864
0.8691567291311749
0.8692078364565586
0.8699233390119248
0.8691993185689947
0.8689182282793867
0.8698040885860303
0.8690545144804086
0.8691226575809197
0.8677597955706986
0.8705621805792166
0.8693952299829643
0.8693867120954002
0.8695315161839862
0.8703918228279389
0.8691141396933559
0.8687393526405448
0.8688074957410556
0.8696337308347527
0.8675809199318575
0.8694037478705282
0.8690034071550256
0.8677938671209542
0.8693781942078362
0.8693270868824531
0.8715417376490631
0.8696848381601358
0.8701959114139697
0.8703833049403746
0.8695485519591142
0.8708943781942077
0.8702555366269168
0.869037478705281
0.8701703577512773
0.8698296422487225
0.8690800681431008
0.8683986371379898
0.8689097103918229
0.8701192504258947
0.8703151618398635
0.8702129471890975
0.8688330494037483
0.8695911413969337
0.8684241908006811
0.8709369676320275
0.8696592844974447
0.8690885860306643
0.8702299829642246
0.8692844974446342
0.8694037478705278
0.869454855195911
0.8692930153321974
0.8697274275979555
0.8691822827938672
0.8703066439522996
0.8690971039182281
0.8691908006814315
0.8696933560476999
0.8694378194207837
0.8686626916524698
0.8700340715502557
0.869770017035775
0.8698892674616694
0.8672572402044291
0.8692674616695052
0.8707495741056216
