0.19999999999999962
0.4258517887563886
0.6148892674616694
0.7339608177172061
0.7970102214650767
0.8262862010221464
0.8439778534923338
0.852870528109029
0.859616695059625
0.8634752981260644
0.8648551959114138
0.8688841567291317
0.8684241908006816
0.8661328790459963
0.869514480408858
0.8710732538330496
0.8681516183986371
0.8689352640545143
0.8695741056218058
0.8685775127768314
0.8672061328790458
0.8684582623509367
0.8703662691652473
0.868960817717206
0.8687563884156728
0.8694889267461667
0.8682282793867118
0.8698551959114137
0.8695911413969335
0.8680068143100512
0.8688926746166952
0.869914821124361
0.8694207836456559
0.8668057921635435
0.8698892674616693
0.8674275979557072
0.8685264054514481
0.8683901192504259
0.8685349233390117
0.867359454855196
0.8682708688245314
0.8688330494037483
0.869838160136286
0.8681431005110736
0.8675383304940378
0.8690715502555365
0.8686371379897786
0.86813458262351
0.8684497444633728
0.8662265758091996
0.8655962521294717
0.8677342419080069
0.8679386712095405
0.8684241908006812
0.8684327086882456
0.8685264054514478
0.8669250425894377
0.866243611584327
0.8660136286201023
0.8668824531516179
0.86572402044293
0.8658773424190802
0.8670954003407155
0.8663713798977852
0.8668739352640545
0.8665247018739349
0.8663628620102215
0.8658091993185688
0.8663628620102211
0.8669165247018741
0.8665928449744466
0.8670187393526406
0.8662265758091994
0.8645400340715501
0.8664224872231686
0.8665843270868828
0.8658688245315163
0.8653918228279386
0.8655962521294721
0.8662691652470187
0.8663884156729132
0.8664139693356046
0.8653236797274276
0.8656047700170356
0.8666695059625208
0.864991482112436
0.86484667802385
0.865672913117547
0.8663287904599657
0.8665672913117548
0.8668654173764909
0.8633049403747868
0.8650255536626916
0.8657495741056215
0.8657410562180577
0.8656218057921633
0.8650425894378193
0.8648807495741057
0.8655706984667799
0.8654088586030668
0.8656218057921641
0.8654003407155024
0.8645996592844972
0.8649574105621809
0.8645996592844974
0.8651788756388413
0.8652470187393523
0.8655366269165248
0.8650851788756387
0.8653066439523003
0.8653066439522997
0.8640545144804089
0.8627257240204432
0.864258943781942
0.8658006814310052
0.8637478705281089
0.8638500851788755
0.8645826235093692
0.8657495741056218
0.8643356047700168
0.8641311754684842
0.8643100511073257
0.8640459965928449
0.864701873935264
0.8639097103918231
0.8646678023850086
0.8639522998296418
0.8654344122657578
0.8643441226575809
0.8643696763202727
0.8636797274275981
0.8628364565587734
0.8641141396933558
0.8660902896081766
0.8621805792163542
0.8646592844974446
0.8633304940374792
0.8652640545144803
0.8643441226575809
0.8641226575809204
0.8646507666098803
0.86381601362862
0.8660136286201023
0.8639693356047701
0.8653236797274277
0.8636371379897786
0.864097103918228
0.8644889267461663
0.8638160136286203
0.8631601362862011
0.8651448040885859
0.8643526405451447
0.8638671209540036
0.8648892674616698
0.8655451448040888
0.864267461669506
0.8648551959114138
0.8641056218057921
0.8630408858603061
0.8641652470187392
0.8643952299829637
0.8644633730834754
0.8665332197614991
0.8642163543441227
0.8630919931856893
0.8634667802385008
0.8641737649063035
0.8648892674616694
0.8623083475298123
0.8624531516183985
0.8640971039182281
0.8647785349233391
0.864684838160136
0.8633304940374787
0.8646592844974448
0.8646252129471894
0.8643696763202725
0.8638415672913117
0.8631686541737648
0.8639097103918231
0.8632793867120954
0.863023850085179
0.864625212947189
0.8629557069846677
0.8627938671209539
0.8647103918228279
0.863321976149915
0.8619080068143097
0.863006814310051
0.8644293015332201
0.8640800681431006
0.8630749574105622
0.863688245315162
0.8639693356047696
0.8641737649063027
0.8639693356047699
0.8627683134582624
0.8652214650766608
0.8627427597955708
0.8626490630323679
0.8628109028960818
0.8627342419080064
0.8635860306643951
0.8642930153321976
0.8629557069846677
0.8626575809199315
0.8624787052810906
0.8625383304940373
0.8627853492333906
0.8634752981260645
0.8636797274275981
0.8643441226575806
0.8631345826235095
0.8629386712095399
0.8633986371379898
0.863313458262351
0.8627172061328793
0.8632623509369673
0.8642163543441229
0.863117546848382
0.8645741056218057
0.8628875638841571
0.8641652470187389
0.8627683134582625
0.8631771720613286
0.8631005110732538
0.8652725724020442
0.8640800681431002
0.8625809199318565
0.8633986371379894
0.8628449744463367
0.8633645655877338
0.8618654173764907
0.863211243611584
0.8624275979557072
0.8622998296422485
0.8627427597955709
0.8630749574105623
0.8661499148211237
0.8619080068143097
0.8641908006814311
0.8626831345826238
0.8635008517887566
0.8634582623509369
0.8638756388415672
0.8627683134582625
0.8630749574105621
0.8627001703577516
0.8627938671209537
0.8618398637137991
0.862623509369676
0.8634752981260649
0.8641652470187392
0.8637649063032368
0.8651703577512779
0.8624872231686544
0.863764906303237
0.8644974446337308
0.8644633730834752
0.8625979557069848
0.8619846678023848
0.8616269165247021
0.862350936967632
0.8628364565587734
0.8632793867120955
0.8628194207836459
0.8647189097103913
0.863151618398637
0.8638074957410562
0.8633475298126063
0.863143100511073
0.863381601362862
0.8627512776831349
0.8640289608177173
0.8625468483816016
0.8624020442930153
0.8631601362862011
0.8652555366269161
0.8640034071550251
0.8633645655877344
0.8627172061328788
0.862734241908007
0.8645741056218054
0.8616950596252128
0.8617632027257243
0.863441226575809
0.8635519591141397
0.8631686541737648
0.8638586030664392
0.864625212947189
0.8619165247018742
0.8628875638841571
0.8614650766609884
0.8634156729131176
0.8640459965928449
0.86324531516184
0.8630749574105623
0.8631431005110738
0.8643696763202721
0.863722316865417
0.8635008517887564
0.8639778534923339
0.8641822827938668
0.863015332197615
0.8625638841567289
0.8631090289608178
0.8637052810902897
0.8626320272572403
0.8624190800681433
0.8643185689948892
0.8636541737649065
0.8640459965928449
0.8631686541737649
0.8637819420783655
0.8621890971039181
0.8627342419080068
0.8635945485519588
0.8631005110732534
0.8633390119250423
0.8625468483816016
0.8635775127768316
0.8636797274275975
0.8622998296422483
0.8639437819420785
0.8651192504258944
0.8644889267461668
0.8623339011925044
0.8626916524701873
0.8628705281090288
0.8624957410562182
0.8615332197614992
0.8616098807495739
0.8605281090289606
0.8627938671209541
0.8627001703577512
0.8631345826235092
0.8632793867120959
0.8641482112436119
0.8643867120954005
0.8638926746166952
0.8615502555366267
0.8633986371379894
0.8649488926746168
0.8627086882453153
0.8648381601362866
0.8628449744463376
0.8620102214650766
0.8624616695059625
0.8618824531516183
0.8604173764906305
0.8624020442930156
0.8617206132879046
0.861899488926746
0.8613543441226574
0.8620783645655875
0.8611754684838158
0.8619505962521292
0.8624531516183985
0.8626064735945483
0.8618313458262351
0.8618143100511074
0.8617376490630323
0.8624957410562178
0.860945485519591
0.8614821124361159
0.8625724020442928
0.8625979557069846
0.8628960817717206
0.8620698466780241
0.8622316865417378
0.8625809199318567
0.8624361158432713
0.8642333901192508
0.8615843270868825
0.8605877342419075
0.8611584327086881
0.8632453151618398
0.8613458262350937
0.8630323679727426
0.8623679727427603
0.8632027257240205
0.8624446337308348
0.8608943781942082
0.8613117546848383
0.86236797274276
0.8604684838160134
0.8607751277683132
0.8611925042589434
0.8617546848381598
0.8609540034071547
0.861039182282794
0.8619931856899489
0.8622402044293017
0.8626149914821126
0.8617376490630323
0.861218057921636
0.8601533219761496
0.8608091993185689
0.8633901192504264
0.8628875638841567
0.8632367972742756
0.8639948892674615
0.8623679727427603
0.8619505962521297
0.862393526405451
0.8609795570698463
0.8606047700170358
0.8603918228279391
0.8617546848381601
0.862069846678024
0.8618057921635436
0.8615758091993188
0.8622061328790461
0.862666098807496
0.8628364565587734
0.8618994889267462
0.8633134582623506
0.8617717206132879
0.8621294718909709
0.8621550255536629
0.8617376490630327
0.8616439522998295
0.8604258943781942
0.8606473594548549
0.8625127768313454
0.8627938671209542
0.8621805792163542
0.8623594548551958
0.8610562180579214
0.8604003407155022
0.8613713798977857
0.8604258943781946
0.8604088586030666
0.8622146507666099
0.8608517887563888
0.8621379897785353
0.8624020442930154
0.8635008517887564
0.8627342419080068
0.861252129471891
0.8629727427597953
0.8618824531516184
0.8635093696763204
0.8628960817717204
0.8609710391822826
0.8638330494037478
0.8620187393526405
0.8608517887563889
0.8632538330494037
0.8609284497444634
0.8617632027257239
0.8632708688245314
0.8615587734241907
0.8611413969335605
0.8617035775127768
0.8637989778534925
0.8615758091993186
0.8629812606473594
0.8621379897785346
0.8604770017035774
0.8621890971039182
0.86179727427598
0.8607069846678023
0.8613287904599659
0.860587734241908
0.8627086882453147
0.8607836456558773
0.8601192504258945
0.8617546848381603
0.8610902896081772
0.8626320272572399
0.8620613287904595
0.8604344122657581
0.8603492333901195
0.8613543441226574
0.8616524701873935
0.8595144804088585
0.8621890971039182
0.8617632027257244
0.8623935264054515
0.8609114139693355
0.8627683134582621
0.8628534923339014
0.8613628620102215
0.862589437819421
0.8616439522998295
0.8622572402044298
0.8610477001703578
0.8624872231686541
0.860289608177172
0.8604684838160133
0.860596252129472
0.8606814310051106
0.8609369676320274
0.861405451448041
0.8623168654173766
0.8608858603066438
0.8608858603066445
0.861064735945486
0.8617632027257242
0.8607836456558776
0.8621805792163544
0.8615843270868824
0.8626490630323679
0.8628534923339015
0.8621124361158432
0.8605621805792164
0.8632027257240205
0.86103066439523
0.8616354344122656
0.8620102214650764
0.8617291311754688
0.8611925042589438
0.8626660988074959
0.8619591141396938
0.8621635434412264
0.8624361158432705
0.8614480408858605
0.8618228279386709
0.8632793867120954
0.8627001703577514
0.8621124361158433
0.8622572402044291
0.8617376490630322
0.8623339011925044
0.8624190800681426
0.8610477001703581
0.8613628620102212
0.8610817717206133
0.8619080068143107
0.8609880749574108
0.8608006814310047
0.8611499148211245
0.8619165247018736
0.8624105621805791
0.8614139693356049
0.8623424190800683
0.862197614991482
0.8625042589437821
0.8611243611584327
0.8600170357751274
0.8602385008517889
0.8608773424190798
0.8601022146507665
0.8611499148211247
0.8617972742759794
0.8605877342419079
0.8611073253833049
0.860093696763203
0.8596507666098807
0.8618398637137996
0.8620272572402046
0.8624105621805789
0.8607921635434416
0.8615417376490629
0.8620613287904598
0.8611243611584328
0.8612691652470192
0.8606473594548549
0.8613969335604769
0.8611754684838161
0.8613373083475301
0.8595400340715503
0.8614139693356045
0.8621209540034072
0.8606132879045996
0.8613373083475296
0.861686541737649
0.8622402044293017
0.862342419080068
0.8602981260647355
0.8611925042589439
0.8597444633730834
0.8617461669505962
0.8616695059625213
0.8612350936967634
0.8624531516183984
0.8620442930153323
0.8607921635434415
0.862546848381601
0.8616269165247022
0.8621720613287904
0.8630068143100509
0.8617546848381599
0.8610562180579214
0.8621550255536627
0.861252129471891
0.8618483816013631
0.8612095400340717
0.8609454855195908
0.8615247018739354
0.8603918228279386
0.8617035775127768
0.8623339011925044
0.8603918228279385
0.8622146507666099
0.8602470187393526
0.8606899488926749
0.8600085178875644
0.8620698466780241
0.8627172061328789
0.8624872231686542
0.860792163543441
0.8619591141396933
0.8613969335604773
0.860511073253833
0.8621550255536629
0.8609114139693357
0.860664395229983
0.8621379897785348
0.8619591141396933
0.8611669505962525
0.862137989778535
0.8623083475298126
0.8605877342419077
0.8609199318568999
0.8598977853492332
0.8614224872231689
0.8619335604770018
0.8618994889267462
0.862453151618399
0.8619676320272572
0.862529812606473
0.861013628620102
0.8612010221465073
0.8598040885860307
0.8623083475298128
0.8605451448040887
0.8621550255536629
0.8614906303236797
0.8610391822827939
0.8610477001703578
0.8607836456558776
0.8602640545144807
0.8595315161839865
0.8606558773424189
0.8618143100511066
0.8616950596252128
0.8613713798977856
0.8607580919931859
0.8615502555366271
0.8590885860306641
0.8610902896081776
0.8616609880749574
0.8603662691652467
0.861993185689949
0.8614054514480409
0.8610732538330492
0.8624105621805793
0.8629982964224875
0.862640545144804
0.8616950596252129
0.8613798977853494
0.8603747870528113
0.8622827938671206
0.8626660988074962
0.8620272572402047
0.8612436115843272
0.8621294718909711
0.8597444633730835
0.8605195911413968
0.861746166950596
0.8608688245315164
0.8629131175468479
0.862265758091993
0.8612947189097104
0.8616609880749568
0.861269165247019
0.8619761499148209
0.8607666098807498
0.8612776831345823
0.8610477001703576
0.8611413969335601
0.8625042589437819
0.8600936967632029
0.86118398637138
0.8597785349233393
0.861609880749574
0.8607580919931854
0.8615161839863713
0.8607069846678023
0.8617461669505962
0.8607410562180579
0.8607666098807499
0.8609199318568993
0.862010221465077
0.8605621805792161
0.8608517887563883
0.8604258943781943
0.861805792163543
0.86190800681431
0.8614906303236798
0.8615587734241912
0.86057069846678
0.861320272572402
0.8612095400340719
0.8626490630323683
0.8629727427597957
0.8612521294718907
0.8629557069846681
0.8610647359454857
0.8611413969335606
0.8604003407155028
0.861976149914821
0.8609795570698466
0.8604429301533216
0.8603662691652467
0.8619335604770016
0.8606814310051106
0.8609710391822831
0.8610732538330494
0.8611839863713798
0.8628875638841571
0.8620442930153321
0.8599829642248722
0.8627853492333902
0.8605281090289609
0.8605195911413968
0.8618824531516184
0.8613628620102215
0.860298126064736
0.8617887563884156
0.861618398637138
0.8614906303236797
0.8608347529812609
0.861439522998297
0.8621294718909706
0.8595996592844977
0.8616950596252129
0.8608603066439522
0.8614821124361158
0.8612776831345827
0.8625127768313461
0.8621379897785348
0.8619505962521297
0.8593781942078361
0.8599744463373088
0.8602555366269163
0.8608432708688244
0.8612606473594545
0.8614735945485519
0.8613798977853492
0.8614906303236797
0.8616013628620101
0.8618654173764909
0.8609625212947186
0.8612350936967631
0.8605195911413971
0.8613543441226574
0.8621465076660987
0.8610477001703576
0.8620783645655871
0.8609965928449745
0.8614054514480409
0.8623594548551959
0.8610902896081767
0.8610221465076657
0.8614906303236799
0.8603066439523
0.8601022146507671
0.860936967632027
0.8604770017035779
0.86129471890971
0.8621976149914815
0.8620102214650761
0.8620783645655876
0.8615758091993188
0.861166950596252
0.8612862010221461
0.8590289608177172
0.8609284497444637
0.8615758091993184
0.861022146507666
0.8617291311754682
0.8610732538330498
0.8609710391822827
0.8598466780238502
0.8611243611584325
0.8617717206132878
0.8618398637137988
0.8615928449744464
0.8602555366269168
0.861218057921635
0.862546848381601
0.8594974446337309
0.8596933560476999
0.8615417376490623
0.8602981260647362
0.8610817717206132
0.8610221465076662
0.8608091993185688
0.8602044293015331
0.8611073253833049
0.8603577512776832
0.8608688245315164
0.8604770017035775
0.8613628620102215
0.8603151618398638
0.8613628620102212
0.8610051107325382
0.8611158432708689
0.8606814310051105
0.8622487223168652
0.8610817717206136
0.8598977853492333
0.860706984667802
0.8609114139693357
0.861959114139693
0.8618398637137994
0.862453151618398
0.8612521294718909
0.860442930153322
0.8605451448040888
0.8599744463373081
0.860093696763203
0.8607666098807492
0.8612691652470188
0.8614395229982964
0.8607325383304938
0.861115843270869
0.86098807495741
0.8606899488926747
0.8622402044293018
0.8602044293015335
0.8607580919931855
0.8613373083475299
0.8611499148211244
0.8604599659284493
0.8597955706984669
0.8600340715502556
0.8613628620102215
0.860868824531516
0.8612776831345831
0.8623509369676319
0.8614565587734242
0.8618568994889269
0.8591993185689951
0.8609710391822827
0.8604599659284499
0.8599233390119254
0.8612436115843269
0.8605451448040888
0.8624020442930153
0.8617120954003407
0.8611584327086886
0.8597870528109028
0.8596081771720608
0.8606643952299828
0.8604770017035779
0.8604344122657578
0.8610647359454853
0.8606729131175469
0.8590034071550257
0.8606984667802382
0.8617035775127768
0.8604088586030667
0.8588586030664398
0.8599318568994889
0.8610647359454856
0.8612776831345827
0.8600936967632025
0.8604770017035771
0.8606047700170358
0.8601533219761497
0.8607495741056224
0.8594293015332197
0.8627257240204432
0.861490630323679
0.8610562180579215
0.8594463373083476
0.8606558773424189
0.860366269165247
0.8594804088586028
0.8604003407155026
0.8586626916524702
0.8612521294718911
0.8599233390119252
0.8597955706984669
0.8603236797274273
0.8615758091993186
0.8621124361158432
0.8599233390119252
0.861413969335605
0.8614224872231685
0.8615247018739349
0.8616950596252124
0.8619335604770018
0.8598040885860303
0.8600851788756391
0.8605962521294717
0.8609369676320269
0.8607836456558773
0.8595570698466781
0.8609454855195913
0.8618739352640544
0.8607069846678028
0.8604344122657582
0.8606132879045996
0.8604088586030665
0.8596507666098809
0.8605195911413972
0.8597614991482115
0.8605792163543444
0.859471890971039
0.8597700170357753
0.8606132879045997
0.8614310051107327
0.8600255536626912
0.8604088586030666
0.8595911413969336
0.8601618398637138
0.8602981260647361
0.861635434412266
0.8600766609880748
0.8607240204429304
0.8610902896081772
0.8602299829642248
0.8607836456558771
0.859335604770017
0.8607240204429303
0.8602810902896079
0.8591226575809197
0.8613969335604772
0.8620017035775126
0.8599488926746167
0.8587819420783647
0.8602555366269169
0.8585775127768316
0.8605281090289607
0.8593952299829644
0.860741056218058
0.8604003407155026
0.8608262350936964
0.8599318568994886
0.86114139693356
0.8609965928449745
0.8605451448040888
0.8596422487223171
0.8619165247018737
0.860885860306644
0.860860306643952
0.8606729131175466
0.8601448040885856
0.8597189097103921
0.859633730834753
0.8617120954003411
0.861703577512777
0.8603577512776828
0.8612010221465076
0.8595911413969333
0.8602640545144805
0.8605366269165252
0.8621465076660988
0.8605451448040888
0.8612606473594551
0.8597700170357752
0.8597189097103921
0.8611584327086876
0.8593952299829644
0.8611073253833048
0.8603577512776832
0.8604770017035775
0.8603321976149914
0.8600681431005114
0.8617717206132877
0.8613713798977858
0.8613798977853492
0.8595655877342422
0.8606473594548549
0.8603918228279385
0.8603321976149916
0.8608432708688244
0.8605195911413969
0.8599063032367975
0.8614565587734243
0.8608347529812604
0.8600000000000003
0.8606643952299833
0.860741056218058
0.8603236797274276
0.8620442930153323
0.859471890971039
0.8621976149914816
0.859625212947189
0.8601362862010218
0.8610817717206128
0.8606388415672913
0.8597529812606476
0.8601788756388418
0.8608177172061328
0.859625212947189
0.8601533219761501
0.8600681431005108
0.8605621805792165
0.861022146507666
0.8611839863713797
0.8595826235093696
0.8606814310051104
0.8593270868824537
0.8598892674616695
