0.19999999999999962
0.16254000000000002
0.15361999999999998
0.14784
0.14070000000000002
0.13998000000000002
0.13622000000000006
0.13470000000000004
0.13702000000000003
0.13220000000000004
0.12964000000000003
0.12806
0.12716000000000002
0.12811999999999998
0.12632000000000004
0.12580000000000002
0.12304
0.12232000000000001
0.12487999999999996
0.12772000000000003
0.12636000000000003
0.12752
0.12818000000000004
0.12517999999999996
0.1258
0.12351999999999999
0.12242000000000001
0.12057999999999999
0.12001999999999997
0.12044
0.12198
0.12400000000000003
0.12321999999999995
0.12511999999999993
0.12344000000000001
0.12385999999999997
0.12292
0.12303999999999998
0.12398000000000003
0.12424000000000002
0.12638000000000002
0.12708000000000008
0.12734
0.12832000000000005
0.12795999999999993
0.12748
0.12783999999999995
0.13050000000000003
0.13092
0.13091999999999995
0.12942000000000006
0.12836
0.12679999999999997
0.12701999999999997
0.12448000000000004
0.12537999999999996
0.12437999999999999
0.12513999999999997
0.12602
0.12852
0.12824000000000002
0.12892
0.12926
0.12792000000000003
0.12772000000000006
0.12999999999999998
0.12857999999999997
0.12872
0.12556
0.1242
0.12301999999999998
0.1250400000000001
0.12438000000000005
0.12568000000000004
0.12743999999999997
0.12688
0.127
0.12813999999999998
0.12741999999999998
0.12746000000000002
0.12648
0.1281
0.12738000000000008
0.12263999999999997
0.12332000000000004
0.12196000000000001
0.12118000000000001
0.12110000000000001
0.12288
0.12128000000000004
0.12277999999999997
0.12176000000000003
0.12190000000000004
0.12081999999999996
0.12152000000000002
0.11919999999999996
0.12066000000000003
0.12384000000000003
0.12412000000000002
0.12372000000000004
0.12594
0.12631999999999993
0.12899999999999992
0.13010000000000005
0.12626
0.12638000000000002
0.12668000000000001
0.124
0.12714000000000003
0.12711999999999996
0.12708000000000003
0.12782
0.12619999999999998
0.12628000000000003
0.12792
0.12626
0.12315999999999998
0.12532000000000004
0.12265999999999995
0.12460000000000004
0.12585999999999997
0.12762
0.12685999999999995
0.12801999999999997
0.12594
0.12647999999999995
0.1255
0.12204000000000002
0.12324000000000002
0.12323999999999995
0.1246
0.12664
0.12607999999999994
0.12622000000000005
0.12615999999999997
0.12698000000000007
0.12628
0.12538000000000002
0.12518
0.12478
0.12744000000000005
0.12578
0.12625999999999998
0.12766
0.12693999999999997
0.12888000000000002
0.12728000000000003
0.12620000000000003
0.12386000000000001
0.12684
0.12626
0.12591999999999998
0.12641999999999998
0.12561999999999995
0.12552000000000002
0.12696000000000005
0.12412000000000002
0.12268000000000004
0.12532000000000004
0.12374
0.12645999999999996
0.12224000000000002
0.12140000000000002
0.12154000000000002
0.11852000000000001
0.12115999999999998
0.12242000000000001
0.12200000000000005
0.12268000000000001
0.12527999999999997
0.12702000000000008
0.12564
0.12607999999999997
0.12462000000000005
0.12423999999999999
0.12312000000000001
0.12296
0.12414000000000001
0.12633999999999998
0.1257
0.12522000000000003
0.12480000000000004
0.12369999999999996
0.12195999999999994
0.12389999999999998
0.12603999999999996
0.12678
0.12420000000000003
0.12388000000000002
0.12458000000000002
0.12416
0.12601999999999997
0.12592
0.12769999999999998
0.12713999999999998
0.1273
0.12642
0.12410000000000004
0.12400000000000004
0.12422000000000001
0.12482000000000004
0.12436000000000001
0.12686000000000003
0.12743999999999997
0.12780000000000002
0.12856000000000004
0.12860000000000005
0.12797999999999998
0.12748
0.12455999999999996
0.12307999999999997
0.12647999999999998
0.12702000000000002
0.12759999999999994
0.12606000000000003
0.12809999999999996
0.12642000000000003
0.12969999999999998
0.12756
0.12618000000000001
0.12556000000000003
0.12434
0.12348
0.1244
0.12382000000000007
0.12432
0.12400000000000003
0.12476000000000002
0.12591999999999998
0.12387999999999996
0.12187999999999999
0.12196000000000001
0.12171999999999997
0.12247999999999996
0.12473999999999999
0.12420000000000003
0.12546000000000002
0.12476000000000002
0.12584000000000006
0.12420000000000002
0.12508000000000002
0.12557999999999997
0.12508
0.12414000000000001
0.12397999999999999
0.1243
0.12500000000000003
0.12586000000000003
0.12365999999999996
0.12337999999999998
0.12363999999999999
0.12142000000000001
0.11974000000000001
0.11929999999999998
0.11751999999999997
0.11861999999999993
0.12021999999999998
0.12062000000000006
0.12182000000000008
0.12244000000000002
0.12111999999999998
0.12169999999999997
0.12161999999999998
0.12230000000000003
0.12248000000000003
0.12224
0.12298000000000003
0.12397999999999999
0.12748
0.12830000000000008
0.12928
0.12736
0.12557999999999991
0.12556000000000006
0.12484
0.12563999999999997
0.12391999999999999
0.12433999999999999
0.12333999999999999
0.12603999999999996
0.12729999999999997
0.12718
0.12514000000000003
0.12495999999999997
0.12511999999999998
0.12762
0.12654
0.12768000000000002
0.12674000000000007
0.12772
0.12890000000000001
0.12615999999999997
0.12583999999999995
0.12691999999999998
0.12742
0.12574000000000005
0.12632
0.12493999999999997
0.12342000000000006
0.12395999999999997
0.12442000000000002
0.12143999999999998
0.12221999999999994
0.12228
0.12314
0.1232200000000001
0.12366000000000002
0.12525999999999998
0.12537999999999996
0.12640000000000004
0.12643999999999997
0.12480000000000001
0.12491999999999999
0.12527999999999997
0.12615999999999997
0.12539999999999998
0.12504
0.12718
0.12603999999999999
0.12485999999999997
0.12468
0.12344
0.12532
0.12446000000000002
0.12425999999999998
0.12408000000000005
0.12406000000000005
0.12542000000000003
0.12670000000000003
0.12775999999999996
0.12582
0.12688000000000005
0.12498000000000004
0.12494000000000004
0.12572
0.12432000000000003
0.12629999999999994
0.12612
0.12387999999999993
0.12354000000000002
0.12498000000000001
0.12611999999999995
0.12487999999999998
0.12336
0.12358000000000002
0.12323999999999997
0.12546000000000002
0.12318000000000003
0.12352000000000002
0.12363999999999996
0.12363999999999992
0.12484
0.12576
0.12568
0.12608
0.12612
0.12623999999999996
0.12767999999999993
0.12810000000000002
0.12656000000000003
0.12644000000000002
0.12524000000000002
0.12612
0.12598000000000004
0.12516000000000005
0.12764000000000003
0.12752
0.12685999999999997
0.12643999999999997
0.12784000000000004
0.12683999999999998
0.12572
0.12717999999999996
0.12684000000000004
0.1241
0.1234199999999999
0.12253999999999995
0.12290000000000005
0.12202
0.12138000000000007
0.12283999999999998
0.12388
0.12487999999999999
0.12791999999999995
0.12840000000000004
0.12614000000000003
0.12607999999999994
0.12812
0.12676
0.12682
0.12708
0.12677999999999995
0.12676000000000007
0.12576000000000007
0.12478000000000002
0.12277999999999994
0.12382
0.12416
0.12428
0.1245
0.12452000000000002
0.12542
0.12545999999999993
0.12459999999999997
0.12532
0.12464000000000004
0.12583999999999995
0.12554
0.1251
0.12347999999999999
0.12349999999999996
0.12449999999999997
0.12495999999999995
0.12209999999999997
0.12308000000000002
0.12371999999999997
0.12450000000000001
0.12598000000000004
0.12732000000000004
0.12688000000000008
0.12538000000000002
0.12463999999999997
0.12358000000000002
0.12408
0.12492000000000003
0.12479999999999998
0.12625999999999998
0.12538000000000005
0.12524
0.12216
0.12262
0.1252
0.12318000000000001
0.12224
0.12281999999999997
0.12444000000000001
0.12279999999999999
0.12382000000000001
0.12477999999999997
0.12381999999999999
0.12339999999999997
0.12692000000000003
0.12690000000000007
0.12638000000000005
0.12673999999999996
0.1259
0.12521999999999997
0.12754
0.12955999999999995
0.12962000000000004
0.12724
0.12493999999999998
0.12761999999999996
0.12632
0.1252
0.12601999999999997
0.12455999999999999
0.12182
0.11949999999999998
0.11751999999999997
0.11958
0.11860000000000002
0.12003999999999992
0.12244000000000002
0.12470000000000005
0.12424000000000002
0.12352000000000002
0.12099999999999994
0.12102000000000002
0.12268000000000004
0.12184000000000003
0.12413999999999997
0.12445999999999995
0.12478
0.12414000000000003
0.12190000000000008
0.12202000000000003
0.12128000000000004
0.11993999999999998
0.12155999999999995
0.12123999999999993
0.11980000000000002
0.12014000000000002
0.12271999999999997
0.12186000000000002
0.12422000000000001
0.12260000000000003
0.1245
0.12514000000000006
0.12802000000000005
0.12912
0.12695999999999996
0.12613999999999997
0.12642000000000003
0.12786000000000003
0.1256
0.12862
0.12893999999999997
0.12864000000000003
0.12908000000000006
0.12865999999999997
0.12674
0.12919999999999998
0.12792000000000006
0.12839999999999996
0.12956000000000004
0.12851999999999997
0.12645999999999996
0.12653999999999993
0.12750000000000006
0.12780000000000002
0.12812000000000004
0.12635999999999997
0.12765999999999997
0.12594000000000002
0.12689999999999999
0.12671999999999997
0.12476000000000004
0.12436
0.12406000000000002
0.12507999999999994
0.12485999999999998
0.12514
0.12696
0.12739999999999996
0.1284
0.12941999999999995
0.12985999999999998
0.12946000000000002
0.12851999999999994
0.12832000000000002
0.12553999999999998
0.12576
0.12428000000000003
0.12398000000000003
0.12512
0.12360000000000002
0.12353999999999996
0.12452000000000002
0.12416000000000003
0.12495999999999997
0.12365999999999998
0.12218
0.12444000000000001
0.12672
0.12824
0.12749999999999997
0.1264
0.12869999999999998
0.12873999999999997
0.1296
0.13156
0.13062000000000004
0.12811999999999996
0.12728
0.12694
0.1269400000000001
0.1263
0.12478000000000002
0.1260199999999999
0.12479999999999998
0.12694
0.12746000000000002
0.12774000000000002
0.1264
0.12606
0.12634000000000004
0.12520000000000006
0.12583999999999995
0.12394000000000009
0.12325999999999995
0.12614
0.12482000000000001
0.12406000000000002
0.12518
0.12725999999999998
0.12675999999999998
0.12821999999999997
0.12599999999999997
0.1297599999999999
0.12692
0.12640000000000004
0.1272
0.12722000000000003
0.12498
0.12725999999999998
0.12636000000000006
0.12772000000000003
0.13205999999999998
0.13184000000000004
0.12986
0.13052000000000002
0.13119999999999993
0.12896
0.12814000000000006
0.1262
0.12634
0.12570000000000003
0.12830000000000005
0.12610000000000002
0.12662000000000007
0.12736000000000006
0.12930000000000003
0.12724000000000005
0.12605999999999995
0.12378
0.12184000000000005
0.12340000000000001
0.12291999999999996
0.12308000000000004
0.12211999999999999
0.12336000000000005
0.12554000000000004
0.12422000000000001
0.12406
0.12373999999999999
0.12370000000000005
0.12314
0.12332000000000003
0.12450000000000001
0.12444000000000001
0.12555999999999998
0.12382
0.12400000000000004
0.12118000000000002
0.12292000000000003
0.12234000000000002
0.12425999999999993
0.12602000000000005
0.12824000000000002
0.12774000000000005
0.12750000000000003
0.12646000000000002
0.12646000000000002
0.12694000000000005
0.12814000000000003
0.12766000000000002
0.13035999999999998
0.12974
0.12866000000000002
0.12864
0.12974000000000005
0.12746000000000002
0.12758
0.12596000000000002
0.12302000000000002
0.1252
0.12695999999999993
0.12856
0.12585999999999994
0.12646000000000004
0.12611999999999995
0.12368000000000007
0.12258000000000008
0.12270000000000003
0.12272
0.12333999999999996
0.12219999999999998
0.12296
0.12395999999999997
0.12169999999999997
0.12303999999999995
0.12314
0.12311999999999995
0.12361999999999998
0.12251999999999998
0.12432
0.12465999999999999
0.12504
0.12412000000000005
0.12440000000000001
0.12528000000000003
0.12442000000000006
0.12622000000000003
0.12367999999999996
0.12405999999999995
0.12564000000000003
0.12760000000000002
0.1267
0.12804
0.1283
0.12634
0.12534000000000003
0.12441999999999999
0.12530000000000005
0.12624000000000002
0.12478000000000002
0.12494
0.12614
0.12480000000000004
0.12698
0.12585999999999997
0.12380000000000001
0.12349999999999998
0.12362000000000008
0.12296
0.12483999999999998
0.12625999999999998
0.12492000000000011
0.12464000000000006
0.12698000000000004
0.12732000000000004
0.12566000000000002
0.12454000000000001
0.12632000000000002
0.12818
0.12622000000000005
0.12540000000000007
0.12568
0.12376000000000004
0.12369999999999998
0.12529999999999997
0.1245800000000001
0.12249999999999997
0.12402000000000003
0.12452000000000003
0.12533999999999995
0.12533999999999998
0.12624000000000005
0.12656000000000006
0.12564000000000003
0.12563999999999997
0.12353999999999997
0.1226
0.12473999999999995
0.12326000000000001
0.12486000000000001
0.12441999999999995
0.12371999999999997
0.12451999999999998
0.12512000000000006
0.12522
0.12380000000000002
0.12319999999999999
0.12296
0.12369999999999994
0.12346
0.12490000000000002
0.12349999999999996
0.12317999999999996
0.12435999999999994
0.12404000000000001
0.12357999999999998
0.12419999999999998
0.12608000000000005
0.12688
0.12662
0.12575999999999998
0.12537999999999994
0.12401999999999999
0.12570000000000003
0.12500000000000003
0.12568
0.12419999999999996
0.12302000000000003
0.12386
0.12808000000000003
0.12806
0.12805999999999998
0.12816000000000005
0.12914000000000003
0.12872000000000003
0.12669999999999992
0.12844
0.12829999999999997
0.12589999999999998
0.12408000000000008
0.12174000000000004
0.12054000000000009
0.12185999999999994
0.12422000000000002
0.1242
0.12425999999999995
0.12609999999999996
0.12822000000000006
0.12854000000000004
0.12757999999999994
0.1259
0.1287
0.12898000000000004
0.12655999999999992
0.12915999999999994
0.12832000000000005
0.1273799999999999
0.12654
0.12326000000000001
0.12545999999999993
0.12598
0.12503999999999998
0.12358000000000002
0.12494000000000006
0.12560000000000004
0.12499999999999999
0.12457999999999998
0.12495999999999995
0.12365999999999999
0.12299999999999998
0.12210000000000004
0.1205
0.12178000000000001
0.12108000000000001
0.12509999999999996
0.12459999999999999
0.12408000000000002
0.12511999999999998
0.1261
0.12560000000000002
0.12788000000000005
0.12822
0.12934
0.12867999999999996
0.12614
0.12742
0.12538000000000002
0.12495999999999995
0.12540000000000004
0.12428
0.12492
0.12589999999999998
0.12617999999999993
0.12715999999999997
0.12529999999999994
0.12792000000000003
0.12794
0.12862
0.12775999999999998
0.12762000000000004
0.12530000000000002
0.12627999999999998
0.12612
0.12304000000000002
0.12297999999999996
0.12377999999999995
0.12373999999999998
0.12454000000000001
0.12366000000000002
0.12395999999999993
0.12438000000000006
0.12495999999999993
0.12602000000000005
0.12328000000000001
0.12483999999999995
0.12268000000000003
0.12154000000000004
0.12325999999999998
0.12384000000000003
0.12521999999999997
0.12698
0.12804000000000001
0.12462000000000004
0.12468
0.1237
0.12242000000000001
0.12533999999999998
0.12558000000000008
0.12789999999999999
0.12494000000000009
0.12642000000000003
0.12732000000000002
0.12755999999999998
0.12628000000000003
0.12888000000000008
0.12846
0.12681999999999996
0.12472000000000001
0.12632000000000002
0.12614000000000003
0.12843999999999994
0.13004000000000004
0.12867999999999996
0.12898
0.12588
0.12572
0.12471999999999998
0.12319999999999999
0.12363999999999997
0.12538
0.12331999999999993
0.12304
0.12493999999999997
0.12596
0.12664000000000003
0.12757999999999994
0.12588000000000008
0.12641999999999998
0.12746000000000002
0.12674
0.12553999999999996
0.12644
0.12838000000000002
0.12582000000000002
0.12611999999999995
0.12686000000000003
0.12397999999999999
0.12422000000000002
0.12539999999999998
0.12565999999999994
0.12712
0.12588
0.12466000000000003
0.12576
0.1258
0.12602
0.12653999999999996
0.12718000000000007
0.12556000000000003
0.12442000000000002
0.12632
0.12842000000000003
0.12778000000000003
0.12628
0.12532
0.12541999999999998
0.1262
0.12824000000000002
0.12718000000000002
0.12736
0.12835999999999997
0.12774000000000002
0.12688000000000005
0.12763999999999998
0.12658000000000008
0.12444000000000001
0.12638
0.12724
0.12674000000000005
0.12362000000000005
0.12294000000000001
0.12354000000000001
0.12452
0.12513999999999995
0.12403999999999997
0.12334000000000002
0.1252
0.12422000000000002
0.12848
0.12816
0.12894000000000003
0.12854000000000002
0.12908000000000006
0.12758000000000003
0.12648
0.12372000000000001
0.1238399999999999
0.1238
0.12372000000000001
0.12457999999999998
0.12616
0.12393999999999998
0.12610000000000002
0.12611999999999995
0.12324000000000003
0.12434000000000003
0.12633999999999998
0.12532000000000004
0.12460000000000003
0.12684
0.12479999999999997
0.12442000000000006
0.12806000000000003
0.12827999999999995
0.12681999999999993
0.12723999999999994
0.12818000000000004
0.12744000000000005
0.12595999999999993
0.12447999999999997
0.1251
0.12478000000000006
0.12643999999999994
0.12564000000000003
0.12536000000000003
0.12351999999999999
0.12384000000000002
0.12370000000000006
0.12304000000000004
0.12027999999999998
0.12247999999999999
0.12490000000000004
0.12383999999999995
0.12499999999999999
0.12321999999999997
0.12546000000000002
0.12605999999999998
0.12575999999999998
0.12488000000000006
0.12523999999999996
0.1254
0.12726000000000004
0.12811999999999998
0.12832000000000002
0.12581999999999996
0.12675999999999996
0.12754000000000004
0.12786
0.12632
0.12954
0.12922000000000003
0.12718000000000004
0.12536000000000005
