0.19999999999999962
0.28596000000000016
0.37093999999999994
0.39532000000000006
0.40448000000000006
0.4038200000000001
0.40599999999999986
0.40628
0.40502000000000005
0.4063199999999999
0.4074000000000001
0.40375999999999995
0.4078
0.4061
0.40324000000000004
0.40822
0.4075199999999999
0.4090599999999999
0.40358000000000005
0.4053799999999999
0.40892000000000017
0.40408
0.4059200000000002
0.40399999999999997
0.4062600000000001
0.40521999999999997
0.40698000000000006
0.4075
0.40624000000000016
0.40540000000000015
0.40614000000000006
0.4033200000000001
0.40464000000000006
0.40234000000000014
0.4051200000000001
0.40709999999999985
0.40541999999999995
0.40596
0.4054400000000002
0.4083199999999998
0.40648000000000023
0.4033800000000001
0.4044000000000001
0.40898
0.40617999999999993
0.4062599999999999
0.40484000000000003
0.4037599999999999
0.40464
0.40492000000000006
0.40716000000000013
0.40619999999999995
0.40575999999999984
0.4052600000000001
0.4082400000000001
0.40704000000000023
0.4059999999999999
0.40781999999999996
0.40556000000000003
0.40530000000000016
0.40070000000000006
0.40494
0.40690000000000004
0.4053799999999999
0.40728000000000014
0.4064599999999998
0.40274
0.4064800000000001
0.4041000000000002
0.40852000000000005
0.40712000000000015
0.40459999999999985
0.40569999999999995
0.40198000000000017
0.4097199999999999
0.40285999999999994
0.40604000000000007
0.4021200000000002
0.40523999999999993
0.40864000000000034
0.40458000000000005
0.40199999999999997
0.4058
0.40531999999999996
0.4041400000000001
0.4052799999999999
0.4043
0.40586000000000005
0.4067400000000003
0.40718
0.40496000000000004
0.40450000000000025
0.40800000000000014
0.4074800000000001
0.40642
0.40558
0.40407999999999994
0.4040999999999999
0.40569999999999984
0.4067200000000002
0.40546000000000015
0.4046800000000001
0.4073
0.4047000000000001
0.4059599999999998
0.40724
0.40599999999999986
0.4039600000000003
0.40424000000000004
0.4028000000000001
0.40840000000000026
0.4070200000000001
0.40379999999999994
0.4074600000000001
0.4027600000000002
0.40943999999999986
0.40901999999999994
0.40759999999999996
0.4031600000000002
0.40702
0.40630000000000016
0.40553999999999996
0.4053200000000002
0.4074800000000002
0.40362000000000003
0.40431999999999974
0.40352000000000005
0.4071399999999999
0.40402
0.40265999999999996
0.4068199999999998
0.40808000000000033
0.40688
0.4051600000000001
0.40400000000000014
0.4047
0.40580000000000005
0.4073999999999999
0.4074200000000001
0.4065599999999999
0.4042999999999999
0.40515999999999996
0.4064600000000001
0.4050600000000003
0.40662000000000015
0.4069400000000001
0.40766000000000013
0.40668000000000015
0.40528
0.40837999999999997
0.4064
0.40495999999999993
0.40518
0.4035800000000001
0.4050800000000002
0.4064400000000001
0.40771999999999997
0.40490000000000015
0.40560000000000007
0.4093399999999997
0.4071199999999998
0.4096400000000001
0.4067
0.4070600000000002
0.40492000000000006
0.41025999999999974
0.40403999999999995
0.4073599999999999
0.4052200000000002
0.4065000000000001
0.40728000000000003
0.4036
0.40364
0.4061799999999999
0.40800000000000003
0.40712000000000015
0.4051199999999999
0.4030000000000003
0.4054800000000002
0.40398
0.40325999999999984
0.4051000000000001
0.40034000000000014
0.4055799999999998
0.40554
0.40312
0.4064800000000001
0.40447999999999995
0.40454
0.40619999999999995
0.40522000000000014
0.40506
0.4034000000000001
0.40707999999999983
0.40441999999999995
0.40590000000000004
0.4057000000000002
0.40519999999999995
0.4080600000000002
0.4064400000000001
0.40462000000000004
0.40494000000000013
0.40722000000000025
0.4039000000000001
0.40431999999999996
0.4065799999999997
0.40209999999999996
0.40608000000000005
0.40903999999999996
0.40897999999999995
0.40145999999999993
0.40440000000000004
0.40593999999999997
0.40744
0.4091600000000002
0.40548000000000006
0.40589999999999987
0.4079399999999999
0.4056200000000002
0.4026000000000001
0.4052000000000001
0.4081400000000002
0.4039600000000001
0.40767999999999993
0.40560000000000007
0.40728000000000003
0.40272000000000013
0.4090400000000002
0.40454000000000007
0.40673999999999993
0.4065799999999999
0.40809999999999996
0.40640000000000015
0.40946
0.40512
0.40749999999999986
0.40568
0.40672000000000014
0.40817999999999993
0.4038600000000002
0.40409999999999996
0.40694
0.40941999999999995
0.40268
0.4056200000000001
0.4027999999999998
0.40344
0.40815999999999997
0.40671999999999997
0.4052600000000002
0.40676000000000007
0.4064399999999999
0.40672
0.4036800000000001
0.40390000000000037
0.40828
0.40826
0.40291999999999994
0.40534000000000003
0.40435999999999994
0.40584000000000003
0.40422
0.4031
0.40550000000000014
0.40812000000000026
0.4076200000000001
0.4061799999999999
0.40668000000000004
0.40744
0.40666000000000013
0.4072599999999999
0.40637999999999974
0.4049599999999999
0.41008
0.40576
0.40516000000000013
0.40616000000000013
0.4042400000000004
0.4065
0.40636000000000005
0.4063400000000001
0.4049799999999999
0.40564000000000017
0.4048200000000001
0.40292000000000017
0.4052999999999999
0.40147999999999995
0.40324000000000004
0.40536000000000016
0.4056599999999999
0.40224000000000004
0.4062799999999999
0.40629999999999994
0.4074200000000001
0.40440000000000004
0.4073399999999999
0.40854
0.40468
0.40576000000000007
0.4061199999999999
0.4042600000000002
0.4046600000000001
0.40592
0.4044400000000001
0.40513999999999994
0.4068600000000002
0.40456
0.4082
0.40388000000000013
0.4059999999999999
0.40564000000000006
0.40545999999999993
0.40526000000000023
0.40554000000000007
0.40708
0.4055999999999999
0.40308000000000005
0.4015800000000002
0.40635999999999994
0.40480000000000016
0.4064000000000001
0.4063399999999999
0.4065
0.4049200000000001
0.40694
0.40671999999999997
0.4065600000000002
0.40452000000000005
0.40452
0.40753999999999996
0.40644000000000013
0.40577999999999986
0.4082600000000001
0.4057
0.40508000000000016
0.4075400000000001
0.4064800000000001
0.40798000000000006
0.40553999999999996
0.408
0.4009599999999998
0.40536000000000016
0.4052599999999999
0.40854000000000007
0.40367999999999993
0.4055200000000002
0.40472000000000025
0.40554000000000007
0.40631999999999996
0.4071200000000001
0.40507999999999994
0.40662000000000015
0.40629999999999994
0.40341999999999983
0.405
0.40408
0.4074599999999999
0.40698000000000006
0.4064999999999999
0.4062199999999999
0.40715999999999997
0.4050000000000001
0.40422000000000013
0.40742000000000006
0.4065599999999999
0.40602
0.4084199999999999
0.4032199999999998
0.40834000000000004
0.40461999999999987
0.4049400000000001
0.4041599999999999
0.4061200000000001
0.40207999999999994
0.40552000000000005
0.4073199999999999
0.40706
0.40692
0.40578
0.40821999999999986
0.40491999999999995
0.40699999999999986
0.40635999999999994
0.40241999999999983
0.40804
0.40548000000000006
0.40537999999999996
0.40519999999999995
0.40808000000000005
0.40480000000000005
0.40612000000000004
0.4006
0.4048000000000001
0.4061
0.40568000000000004
0.4060200000000001
0.40815999999999997
0.40618000000000004
0.4072799999999999
0.40374000000000015
0.40438
0.4025399999999999
0.40894000000000014
0.4080999999999999
0.40492000000000006
0.4066
0.40462000000000004
0.40672000000000014
0.40435999999999983
0.4046600000000003
0.4065600000000002
0.40498000000000006
0.40712
0.40426
0.40744000000000014
0.4070400000000001
0.40525999999999984
0.40444
0.40819999999999995
0.40744000000000036
0.406
0.40306
0.40766000000000013
0.4045000000000001
0.40459999999999985
0.41064000000000006
0.4071200000000001
0.40754000000000007
0.40612000000000004
0.4059000000000001
0.4068999999999998
0.40673999999999993
0.40736000000000006
0.4047600000000001
0.40542000000000017
0.40430000000000005
0.4061000000000001
0.40668000000000004
0.40550000000000025
0.40414
0.40513999999999994
0.4042399999999999
0.40395999999999993
0.40643999999999997
0.4053000000000001
0.4075200000000001
0.4038000000000001
0.4052799999999999
0.40754000000000024
0.4074200000000001
0.40031999999999995
0.40778000000000014
0.4052200000000001
0.4052800000000001
0.40442000000000006
0.40468000000000004
0.4053999999999999
0.40431999999999996
0.40446000000000026
0.40834
0.4024800000000001
0.40732
0.4037399999999999
0.40792000000000006
0.40646
0.4033000000000001
0.4020600000000001
0.4046999999999999
0.4062599999999999
0.40866
0.40952000000000005
0.40612000000000015
0.40382000000000007
0.4062200000000001
0.40690000000000004
0.40662000000000015
0.4048
0.40534000000000014
0.40631999999999996
0.4050600000000002
0.40428000000000003
0.40586000000000005
0.4060199999999999
0.40482000000000007
0.4084800000000001
0.40424000000000015
0.4041399999999999
0.40607999999999983
0.4051199999999999
0.40462
0.4019799999999998
0.4051400000000001
0.4068399999999999
0.4083800000000001
0.40782
0.4061800000000001
0.40528000000000014
0.40372
0.4064800000000001
0.4026400000000001
0.4038399999999999
0.40338000000000007
0.40528
0.4053200000000002
0.40692000000000006
0.4028400000000001
0.40602000000000005
0.40658000000000016
0.40363999999999983
0.40340000000000004
0.4072399999999999
0.4059800000000003
0.40584
0.40382000000000007
0.4069400000000002
0.40764
0.4061000000000001
0.40630000000000016
0.4073999999999999
0.4025400000000001
0.4051600000000001
0.40666000000000013
0.4034000000000001
0.4040800000000001
0.4072600000000003
0.40598000000000006
0.4058000000000002
0.40322
0.4025800000000002
0.40658000000000016
0.4059400000000001
0.40552
0.4089199999999999
0.40660000000000013
0.40424
0.4048400000000001
0.40064
0.40442
0.40508000000000016
0.4047999999999999
0.40575999999999995
0.4097399999999999
0.40352000000000005
0.4066999999999998
0.4063000000000002
0.40512000000000015
0.4076800000000001
0.40557999999999983
0.4115
0.4062599999999999
0.4061799999999999
0.4063800000000001
0.40656000000000003
0.40786
0.40564000000000006
0.4097800000000001
0.40873999999999994
0.40695999999999993
0.4037599999999999
0.4049600000000004
0.40656000000000003
0.4082800000000001
0.40556000000000025
0.4044200000000003
0.40620000000000017
0.4054199999999999
0.40434000000000003
0.40560000000000024
0.4070400000000001
0.4049600000000001
0.41129999999999994
0.4044600000000001
0.4071200000000001
0.40256000000000014
0.40516000000000013
0.40718000000000004
0.40920000000000006
0.40591999999999984
0.40598000000000034
0.4059999999999999
0.40752000000000005
0.40557999999999994
0.40526000000000023
0.40671999999999997
0.40480000000000016
0.4038200000000001
0.40102000000000015
0.40540000000000015
0.4040000000000001
0.4061600000000003
0.4050200000000003
0.40619999999999984
0.40608
0.40560000000000007
0.40385999999999994
0.4052800000000002
0.4043399999999999
0.40895999999999993
0.40706
0.40451999999999994
0.40671999999999997
0.4056
0.4048800000000001
0.40580000000000005
0.4072600000000002
0.4064399999999999
0.40815999999999986
0.4077000000000001
0.40732
0.40397999999999995
0.40808000000000016
0.40637999999999996
0.4076400000000001
0.40535999999999994
0.40709999999999985
0.40462000000000004
0.4058400000000002
0.40834
0.40718000000000004
0.405
0.40641999999999995
0.40691999999999995
0.40587999999999985
0.4028799999999999
0.40704
0.4047599999999999
0.4040200000000002
0.4052800000000001
0.40682000000000007
0.4077199999999999
0.40537999999999985
0.4034800000000001
0.4070200000000001
0.4046200000000001
0.40598
0.408
0.4049799999999999
0.4038600000000002
0.4056199999999998
0.40900000000000014
0.4053200000000001
0.40387999999999996
0.40538
0.4035400000000003
0.40448000000000006
0.40511999999999987
0.4049800000000002
0.40804
0.4052600000000002
0.4063200000000001
0.40618000000000004
0.40464
0.40522000000000036
0.4027400000000001
0.4067000000000002
0.4049400000000001
0.40553999999999996
0.40523999999999993
0.40578000000000003
0.40571999999999997
0.4064800000000001
0.405
0.40566000000000035
0.40623999999999993
0.4055200000000002
0.40271999999999997
0.40590000000000015
0.4062800000000001
0.4072200000000003
0.4064
0.41134000000000015
0.40258000000000005
0.40906000000000003
0.40604
0.4057400000000001
0.4047400000000001
0.40807999999999994
0.40563999999999983
0.40309999999999996
0.4063400000000001
0.4069
0.40596000000000015
0.40460000000000007
0.40586000000000005
0.4076800000000001
0.4065400000000002
0.4074600000000001
0.40548000000000023
0.4058199999999998
0.4056400000000002
0.4051199999999999
0.40322
0.4075600000000003
0.40763999999999995
0.40653999999999996
0.40529999999999977
0.40564000000000017
0.4057200000000001
0.4095999999999998
0.4035000000000001
0.40565999999999997
0.40803999999999996
0.4086200000000001
0.40680000000000005
0.40732000000000007
0.4067199999999999
0.4065400000000002
0.40602000000000016
0.40640000000000015
0.407
0.40600000000000014
0.40302000000000004
0.4028599999999999
0.4073200000000001
0.40678000000000003
0.4082399999999998
0.4051200000000001
0.40698
0.4039400000000001
0.40543999999999997
0.40642
0.4025400000000002
0.4035399999999999
0.40816
0.40525999999999995
0.40546000000000015
0.4031200000000002
0.40892
0.40562000000000004
0.40494000000000013
0.40608
0.40598
0.4060800000000001
0.4050200000000001
0.4079199999999999
0.40768000000000015
0.4039199999999999
0.4056200000000002
0.4069999999999998
0.40506000000000014
0.40730000000000005
0.40490000000000004
0.4085200000000001
0.40602000000000005
0.40564000000000017
0.40703999999999996
0.40506000000000014
0.40424000000000004
0.4030599999999999
0.40464
0.40364000000000017
0.40792
0.40536
0.4082600000000003
0.40616
0.40670000000000006
0.40442000000000017
0.40936000000000006
0.4064200000000001
0.40634
0.40339999999999987
0.4082800000000002
0.40708
0.4073
0.40639999999999993
0.4089800000000001
0.4074000000000001
0.40816
0.4048599999999999
0.40460000000000007
0.4045400000000003
0.4074600000000001
0.4078800000000002
0.40326000000000006
0.4080600000000002
0.40661999999999987
0.40680000000000005
0.40498000000000006
0.40449999999999986
0.40726000000000034
0.40592000000000006
0.4063599999999999
0.40781999999999996
0.40732000000000007
0.4057400000000001
0.4037600000000001
0.4045800000000001
0.4070400000000001
0.40295999999999993
0.4052600000000001
0.40546000000000004
0.40620000000000006
0.40490000000000015
0.40570000000000006
0.40538000000000013
0.40489999999999976
0.40908000000000017
0.40613999999999983
0.4045800000000002
0.4073600000000001
0.40568
0.4050599999999999
0.4066199999999999
0.4052199999999999
0.4037199999999999
0.4061399999999998
0.40556
0.4062199999999999
0.4069600000000001
0.4051800000000002
0.40735999999999994
0.4060199999999999
0.40466000000000013
0.4101200000000002
0.40694
0.4047600000000001
0.40572000000000025
0.4077400000000001
0.40668
0.40491999999999995
0.407
0.4067800000000002
0.40602000000000005
0.4027600000000001
0.4084599999999998
0.40335999999999983
0.40636000000000005
0.4054799999999998
0.40510000000000007
0.40540000000000004
0.4060200000000001
0.4059800000000003
0.40900000000000003
0.40444
0.4043
0.40444
0.40679999999999994
0.40672000000000014
0.40532
0.40915999999999975
0.4073400000000001
0.40809999999999996
0.40273999999999993
0.4076800000000001
0.40452
0.4048399999999999
0.40420000000000017
0.40631999999999996
0.40771999999999997
0.40576000000000023
0.40210000000000007
0.40612000000000004
0.4054400000000002
0.40553999999999996
0.40437999999999974
0.4065
0.41179999999999994
0.4038000000000002
0.4043200000000002
0.4015599999999999
0.4027400000000001
0.40430000000000005
0.40333999999999987
0.40635999999999994
0.4068400000000002
0.40676000000000007
0.4062200000000001
0.4044800000000002
0.4072600000000002
0.40620000000000017
0.4065200000000001
0.4064399999999999
0.4065000000000002
0.40776000000000023
0.40340000000000004
0.40352000000000016
0.4038799999999999
0.4065799999999999
0.40680000000000016
0.40546000000000015
0.40452
0.4040199999999999
0.4081
0.4074999999999999
0.40794000000000014
0.40598
0.4038599999999997
0.4051199999999999
0.4064999999999999
0.40702000000000005
0.40732
0.4062199999999999
0.40748000000000034
0.40675999999999995
0.40602
0.4060599999999999
0.40312000000000003
0.4064
0.40588000000000013
0.4070000000000003
0.4028200000000001
0.40568000000000004
0.4083400000000001
0.40592
0.40628000000000014
0.40686000000000005
0.4078399999999999
0.40588
0.40556
0.40393999999999985
0.40656000000000003
0.4067799999999998
0.40614000000000006
0.40337999999999996
0.40519999999999995
0.4058000000000001
0.40546
0.40702000000000005
0.4060799999999999
0.40823999999999977
0.4081000000000001
0.40320000000000006
0.40618000000000004
0.40666000000000013
0.40521999999999997
0.4083400000000001
0.40472
0.4057200000000002
0.4075800000000001
0.40638000000000013
0.40622000000000014
0.40531999999999996
0.4062799999999999
0.407
0.40334000000000003
0.40804000000000007
0.40510000000000007
0.4074599999999996
0.40598000000000006
0.40638000000000013
0.4073200000000002
0.40326000000000006
0.40794
0.40596
0.4058
0.40514000000000006
0.40898
0.4097599999999999
0.40559999999999996
0.40472000000000014
0.40658
0.40715999999999997
0.40556000000000003
0.4064000000000001
0.40606000000000014
0.4073799999999999
0.40550000000000025
0.40491999999999995
0.40268
0.4053200000000001
0.4046000000000001
0.4079999999999999
0.40535999999999994
0.4049600000000001
0.40628000000000014
0.40354000000000007
0.4048599999999999
0.4089800000000001
0.40562000000000004
0.40573999999999993
0.40842000000000006
0.4067
0.40690000000000026
0.4056000000000002
0.40678000000000014
0.4060599999999999
0.4040800000000002
0.40834000000000004
0.4070800000000001
0.40690000000000004
0.4064600000000001
0.4077200000000001
0.41029999999999994
0.40402000000000016
0.40548000000000006
0.4044
0.40753999999999985
0.40775999999999996
0.40515999999999996
0.40234000000000014
0.4068400000000001
0.4041600000000002
0.40513999999999994
0.4053000000000001
0.40516000000000013
0.40451999999999994
0.4065800000000002
0.40745999999999993
0.40809999999999974
0.40864000000000006
