0.19999999999999962
0.5301400000000002
0.5065
0.5351000000000004
0.5086799999999999
0.53012
0.51386
0.5257999999999999
0.5183399999999998
0.5217400000000003
0.5200600000000001
0.52
0.52178
0.5190400000000001
0.5202400000000001
0.5190000000000005
0.5218999999999999
0.5179400000000002
0.52456
0.5181000000000001
0.5222000000000001
0.5206000000000002
0.5219800000000002
0.51888
0.5212800000000002
0.5205000000000003
0.52118
0.5181000000000001
0.5227200000000001
0.5201000000000001
0.5208999999999997
0.5214199999999999
0.52016
0.5213200000000001
0.5203200000000001
0.5205799999999998
0.5179399999999998
0.5227600000000003
0.5219599999999999
0.5221800000000001
0.51918
0.5210000000000002
0.5209799999999999
0.5214399999999999
0.5194000000000001
0.52274
0.5171600000000001
0.52238
0.51906
0.5210400000000001
0.52064
0.5229200000000003
0.5189400000000003
0.5218000000000003
0.5193000000000001
0.52238
0.51854
0.5211799999999999
0.5212400000000001
0.51976
0.52094
0.5195600000000001
0.5222600000000002
0.5183200000000003
0.5232000000000001
0.5163999999999999
0.52564
0.5168000000000003
0.5245000000000001
0.5192200000000002
0.5204199999999998
0.5211800000000002
0.5211600000000001
0.5212000000000001
0.5222799999999999
0.5173400000000001
0.5231199999999997
0.5196200000000001
0.52214
0.5203200000000002
0.5204200000000003
0.5214600000000003
0.5206399999999999
0.52088
0.51948
0.5230800000000001
0.5171399999999999
0.5236
0.5189
0.5217200000000001
0.5196200000000001
0.5221600000000001
0.5209200000000002
0.51924
0.52274
0.5195400000000001
0.5216800000000003
0.5204000000000001
0.5220000000000001
0.5196000000000002
0.52078
0.5198400000000002
0.5210999999999999
0.52
0.5205400000000001
0.52176
0.5193600000000002
0.5210400000000001
0.5219400000000001
0.5198199999999998
0.5204599999999999
0.5212800000000002
0.5198400000000002
0.5220800000000002
0.5206400000000001
0.5193200000000001
0.5221200000000001
0.5196399999999999
0.5184000000000002
0.5203599999999998
0.5228799999999999
0.5202000000000004
0.5209399999999996
0.5198600000000001
0.5217400000000001
0.5209400000000001
0.5199200000000002
0.5221000000000001
0.5181800000000001
0.52134
0.5203199999999999
0.5232999999999999
0.5197
0.52218
0.5173200000000001
0.5236000000000001
0.5201800000000003
0.51976
0.5220600000000001
0.5202400000000001
0.5209200000000003
0.52054
0.5211000000000002
0.5191
0.52124
0.5214200000000001
0.5214200000000002
0.5201800000000002
0.5197199999999998
0.5226200000000003
0.5199600000000001
0.5202800000000002
0.52074
0.5220800000000002
0.51784
0.52156
0.5198400000000001
0.5235799999999999
0.5194799999999998
0.52266
0.5180200000000003
0.5235999999999997
0.5180600000000001
0.5228400000000003
0.5186600000000001
0.5220600000000002
0.5162800000000001
0.5244399999999998
0.51812
0.5219799999999999
0.5218400000000003
0.5190800000000001
0.5219199999999999
0.52076
0.5210600000000002
0.5226000000000001
0.5192
0.5220800000000001
0.5183800000000002
0.5226400000000002
0.52056
0.52266
0.51894
0.5216400000000001
0.5196400000000001
0.5207000000000002
0.5207599999999999
0.52104
0.5217000000000002
0.52086
0.5208800000000001
0.5220400000000001
0.5192
0.5229399999999998
0.5202800000000002
0.5219399999999998
0.51944
0.5220999999999999
0.5192000000000001
0.5213600000000002
0.5186200000000002
0.5201600000000003
0.5221600000000002
0.5195999999999998
0.5213599999999999
0.5210000000000001
0.5185400000000001
0.5200599999999999
0.5214599999999997
0.5206600000000002
0.52128
0.5214600000000003
0.52018
0.5207999999999998
0.5197599999999998
0.5234800000000002
0.52014
0.52004
0.5220400000000001
0.5197399999999999
0.5192200000000001
0.52114
0.5204000000000001
0.52024
0.5210199999999999
0.5223400000000001
0.5194800000000002
0.5224200000000002
0.5182800000000003
0.5204200000000001
0.5196000000000002
0.52066
0.5221200000000001
0.52046
0.5205
0.5199800000000002
0.5215000000000001
0.5209999999999998
0.5201800000000004
0.5214600000000003
0.5195799999999999
0.52016
0.5199599999999998
0.5231200000000001
0.5197800000000002
0.5222600000000003
0.5198200000000002
0.5228800000000002
0.5179800000000001
0.5245200000000002
0.5181
0.52276
0.51952
0.5217600000000001
0.5188600000000002
0.52148
0.5198200000000002
0.5216999999999999
0.52022
0.5220799999999998
0.51972
0.5197600000000001
0.5213800000000001
0.5203000000000004
0.5208
0.5221800000000002
0.5188999999999997
0.5222200000000001
0.5189800000000002
0.52102
0.5208200000000002
0.5213600000000003
0.5202600000000001
0.5198200000000002
0.5206800000000004
0.52262
0.5208200000000001
0.5200400000000002
0.5221800000000001
0.52168
0.5200600000000002
0.52124
0.52066
0.5213800000000001
0.5207000000000002
0.5210400000000002
0.5198599999999999
0.5212800000000002
0.5184799999999998
0.5232600000000003
0.5193600000000002
0.5217000000000002
0.5189400000000002
0.5216000000000002
0.5207400000000001
0.5212400000000004
0.5188400000000002
0.5216799999999998
0.5200800000000003
0.5198000000000003
0.5197000000000003
0.5239400000000001
0.5184600000000001
0.5231599999999998
0.5181399999999999
0.5204
0.52302
0.5195600000000001
0.52122
0.5186800000000001
0.5222199999999999
0.5196599999999997
0.5209400000000002
0.5210400000000001
0.51842
0.5243600000000002
0.5177400000000003
0.5223400000000002
0.5171599999999998
0.5231
0.52036
0.52126
0.5190000000000001
0.5220400000000001
0.52006
0.52264
0.5182200000000002
0.5231800000000001
0.5196399999999999
0.52162
0.5206600000000003
0.5214000000000002
0.5198400000000004
0.5232200000000001
0.51814
0.5222
0.5215800000000003
0.5211000000000002
0.51876
0.5222399999999999
0.5197000000000002
0.5217399999999999
0.5207
0.52136
0.5198400000000002
0.5202600000000001
0.5188400000000001
0.52314
0.5195400000000001
0.5225000000000002
0.5205200000000001
0.5183800000000002
0.5229400000000001
0.51856
0.5219000000000001
0.5190600000000001
0.5209
0.5191600000000001
0.5198800000000001
0.5208200000000002
0.5204000000000003
0.5214200000000002
0.5196000000000001
0.52028
0.5193800000000002
0.5231600000000002
0.51692
0.5227200000000001
0.5186000000000002
0.5234200000000002
0.5194200000000001
0.5222000000000003
0.5184
0.521
0.5199600000000002
0.52164
0.5198
0.52132
0.52034
0.5216199999999996
0.52012
0.52156
0.5201600000000002
0.5205199999999998
0.5211399999999999
0.5239
0.5197999999999999
0.5192800000000003
0.5204600000000001
0.52252
0.5195799999999999
0.5230599999999999
0.5174000000000001
0.5268600000000001
0.51668
0.5234399999999999
0.5188599999999999
0.5218200000000001
0.5191800000000001
0.5244599999999998
0.51548
0.5247200000000001
0.5170999999999999
0.52298
0.51886
0.5220000000000004
0.5203599999999999
0.5218400000000001
0.5182000000000001
0.5224800000000002
0.51802
0.5221200000000001
0.5198599999999999
0.5205199999999999
0.5216600000000002
0.5203200000000002
0.5207799999999999
0.5214599999999999
0.5199400000000002
0.5220199999999999
0.5199200000000002
0.5234199999999999
0.5189800000000001
0.5212
0.5208200000000001
0.5226800000000003
0.5198800000000001
0.5204
0.5212600000000003
0.5195000000000002
0.5230800000000002
0.5188000000000001
0.5222600000000002
0.52026
0.5229600000000001
0.5177600000000001
0.5233400000000001
0.5172400000000001
0.52338
0.5176399999999999
0.5232999999999999
0.5188600000000002
0.5221199999999999
0.5217
0.51956
0.5219600000000001
0.5169999999999999
0.52596
0.5155800000000003
0.5246400000000001
0.5185799999999999
0.5222800000000002
0.52142
0.5195000000000001
0.5208999999999999
0.5221200000000001
0.5208200000000002
0.5216799999999999
0.5205200000000001
0.52162
0.5198800000000001
0.5191600000000001
0.5213400000000002
0.52034
0.5209800000000001
0.5205799999999999
0.52132
0.5205000000000002
0.5196800000000003
0.52056
0.52042
0.5233400000000002
0.51802
0.5228999999999999
0.5211199999999999
0.5198999999999999
0.5197200000000002
0.5228800000000002
0.5198000000000004
0.5214999999999999
0.5197200000000004
0.5211200000000002
0.5192800000000003
0.5231000000000001
0.5183000000000001
0.5200199999999998
0.5184400000000001
0.5241200000000001
0.5180799999999999
0.5222799999999999
0.5209199999999999
0.5193800000000001
0.51976
0.5204000000000003
0.5220199999999999
0.5186800000000001
0.5235200000000002
0.5200400000000003
0.5202399999999998
0.5205400000000001
0.5220199999999999
0.5205800000000002
0.5200400000000001
0.52168
0.5210599999999999
0.5210200000000001
0.5208200000000001
0.52162
0.5180000000000002
0.5230200000000002
0.5196
0.5218200000000001
0.5204000000000001
0.5199200000000004
0.5221800000000002
0.51858
0.5212600000000001
0.519
0.5238999999999998
0.5189799999999998
0.5221800000000003
0.5207599999999999
0.5234400000000001
0.5179
0.5219400000000001
0.5204600000000001
0.52004
0.5221000000000001
0.52058
0.5205200000000003
0.5216600000000001
0.5196000000000003
0.5203599999999997
0.5214799999999999
0.52106
0.52078
0.5199400000000005
0.5224799999999999
0.5203799999999998
0.51896
0.5224199999999998
0.5211800000000002
0.5201800000000002
0.5207999999999999
0.5204599999999998
0.5203800000000001
0.5205800000000002
0.5208400000000001
0.5218799999999999
0.51972
0.5197600000000001
0.52332
0.51986
0.5204999999999999
0.5191600000000001
0.5247600000000001
0.5165000000000002
0.52468
0.51894
0.5203399999999999
0.5204600000000003
0.5209800000000002
0.5213000000000002
0.5201800000000001
0.5200800000000002
0.5205200000000003
0.5219600000000001
0.5198800000000001
0.5209600000000002
0.5208600000000001
0.51888
0.5221000000000001
0.5208200000000002
0.52138
0.5196400000000003
0.5213199999999998
0.51992
0.52136
0.52264
0.5187999999999999
0.52274
0.5198800000000002
0.5204200000000005
0.5192600000000003
0.5227800000000001
0.52048
0.5206000000000001
0.5218800000000001
0.5206399999999999
0.51948
0.5212400000000003
0.51956
0.5217399999999999
0.5197400000000002
0.5211800000000004
0.52054
0.5204400000000002
0.52156
0.52046
0.5203800000000003
0.52038
0.5197000000000002
0.52148
0.5195400000000002
0.5217600000000001
0.5187200000000002
0.5237600000000002
0.52028
0.5213600000000002
0.52016
0.5222000000000003
0.5192599999999998
0.5221600000000002
0.5179199999999999
0.5232400000000001
0.51814
0.52216
0.5181999999999999
0.5222400000000001
0.5195600000000001
0.5204400000000002
0.5203
0.52226
0.5194999999999997
0.5236
0.51664
0.5244600000000004
0.5183399999999999
0.5223199999999998
0.5192200000000003
0.5213800000000002
0.5211200000000002
0.5217600000000001
0.52048
0.52088
0.52138
0.5213199999999998
0.5193400000000001
0.5219199999999998
0.52042
0.52138
0.5202800000000001
0.52158
0.52014
0.5205800000000002
0.5196000000000001
0.5208400000000001
0.52158
0.5220000000000001
0.52032
0.5209400000000002
0.5206800000000003
0.51844
0.5215000000000003
0.5196999999999998
0.52234
0.5202200000000001
0.5205000000000001
0.5214000000000002
0.5190200000000001
0.5212600000000003
0.5197400000000003
0.5218999999999998
0.5208799999999999
0.5211400000000002
0.5207800000000001
0.5187199999999998
0.5209799999999999
0.5221800000000002
0.5202600000000001
0.5203200000000003
0.5210599999999999
0.51964
0.5213599999999999
0.5202
0.51882
0.5217800000000004
0.51978
0.52518
0.5174
0.52286
0.5174600000000004
0.5238000000000003
0.5189400000000001
0.5228400000000001
0.5189199999999999
0.5236
0.51796
0.52376
0.5180600000000002
0.5229000000000003
0.5184800000000002
0.5213999999999998
0.51766
0.5244600000000001
0.5181399999999998
0.5230600000000001
0.5218600000000003
0.52218
0.5194599999999998
0.5217600000000002
0.5205799999999999
0.52146
0.5182800000000002
0.52306
0.5172800000000002
0.5224600000000001
0.5184800000000004
0.52272
0.5190400000000002
0.5213400000000004
0.5192200000000003
0.5229000000000001
0.5199000000000001
0.5209199999999999
0.5203800000000003
0.5209200000000002
0.52198
0.52022
0.5196200000000001
0.5213399999999999
0.5200600000000001
0.5231999999999999
0.5193799999999998
0.5217400000000001
0.51926
0.52118
0.51948
0.5211600000000001
0.5218000000000003
0.52046
0.52056
0.5185000000000001
0.5242800000000003
0.5191
0.5224400000000001
0.5204400000000001
0.5212
0.51944
0.5218199999999998
0.5200600000000001
0.5201600000000002
0.5199400000000001
0.5228600000000001
0.5197600000000001
0.5208800000000001
0.5205400000000001
0.52262
0.5183200000000003
0.5209199999999999
0.5195400000000003
0.5240600000000003
0.5175600000000002
0.5247000000000002
0.5180000000000001
0.5235800000000002
0.5175800000000003
0.5233599999999998
0.51998
0.5205
0.5206600000000001
0.5219400000000001
0.51996
0.5208800000000003
0.52148
0.5207799999999999
0.52086
0.51962
0.5231999999999999
0.5196600000000002
0.52454
0.51748
0.5228999999999999
0.5203
0.5193000000000001
0.5238
0.5189999999999998
0.5217800000000001
0.52096
0.51966
0.52132
0.5207799999999999
0.5203400000000002
0.5198200000000001
0.52088
0.5217800000000001
0.5205399999999999
0.52004
0.5218999999999998
0.5192
0.5216000000000003
0.51864
0.5227200000000001
0.5206399999999999
0.5219199999999999
0.5190000000000002
0.5214800000000002
0.52178
0.5201600000000002
0.5214800000000002
0.5198200000000002
0.5229400000000001
0.5191599999999998
0.5211600000000002
0.5193000000000003
0.5226200000000002
0.5194799999999999
0.5198800000000002
0.5198600000000002
0.5234200000000002
0.51858
0.5229600000000001
0.51924
0.5236
0.5184400000000001
0.5220199999999999
0.5203400000000001
0.5194000000000003
0.5209000000000003
0.5206000000000002
0.5224000000000001
0.5204400000000003
0.52136
0.5200399999999998
0.52154
0.51994
0.5212399999999999
0.51946
0.5226599999999999
0.5192000000000002
0.5219999999999999
0.5180799999999999
0.5222799999999999
0.5192
0.5223200000000001
0.5195599999999999
0.5223399999999999
0.5194799999999998
0.5208200000000002
0.5187599999999999
0.5224999999999997
0.5198800000000001
0.5236800000000001
0.5175399999999999
0.52394
0.5158600000000001
0.5258799999999998
0.5166
0.52312
0.5174
0.52376
0.5188000000000003
0.52098
0.5208200000000002
0.5212
0.52134
0.5197000000000002
0.5216400000000001
0.5193200000000001
0.5205600000000004
0.5219800000000001
0.51936
0.5215199999999998
0.51962
0.52048
0.5205000000000001
0.5197
0.5218199999999998
0.51878
0.5203599999999998
0.5197400000000001
0.5214400000000001
0.51878
0.5246799999999998
0.51682
0.5245200000000001
0.51702
0.5232600000000001
0.5194000000000002
0.52376
0.5167200000000002
0.52302
0.51878
0.5231400000000004
0.5202400000000001
0.5229199999999999
0.51882
0.5224800000000003
0.5200600000000002
0.5216000000000001
0.5198000000000002
0.5213600000000003
0.5200799999999998
0.5209199999999999
0.5228800000000005
0.5183800000000002
0.5223399999999999
0.51892
0.5224600000000001
0.5207600000000002
0.5233200000000003
0.5176799999999998
0.52162
0.5190800000000001
0.5221799999999998
0.51784
0.5242
0.5179600000000001
0.5225200000000002
0.5185600000000004
0.5243000000000003
0.5181800000000001
0.5243000000000001
0.51646
0.5251600000000001
0.51936
0.5207600000000002
0.5219000000000001
0.5198
0.51896
0.5242399999999999
0.5203400000000001
0.5223000000000001
0.51922
0.5234999999999999
0.5179800000000001
0.5207400000000001
0.5201
0.5207600000000002
0.52204
0.5220800000000002
0.5197200000000002
0.5202200000000001
0.52254
0.51878
0.52138
0.5202400000000001
0.5215600000000002
0.52112
0.5205999999999998
0.5190999999999999
0.5227200000000001
0.5195799999999999
0.5223399999999999
0.5190200000000003
0.5238
0.5176400000000001
0.5218199999999998
0.5201
0.5209399999999998
0.52
0.52198
0.51934
0.5232
0.5168399999999999
0.5257600000000001
0.5177400000000001
0.5232999999999998
0.5167
0.5256599999999999
0.5177600000000001
0.5219600000000001
0.5201399999999999
0.5194399999999999
0.5209400000000001
0.5212399999999999
0.5178800000000002
0.5233400000000002
0.5177
0.5226600000000001
0.5183600000000002
0.5231200000000001
0.5210199999999999
0.51988
0.52154
0.52054
0.5216400000000002
0.5192800000000001
0.52176
0.5182400000000001
0.5230200000000004
0.5208800000000002
0.5223799999999998
0.5178400000000001
0.5225599999999998
0.5207999999999999
0.5211800000000002
0.5216000000000003
0.52178
0.5176600000000001
0.52346
0.5197000000000002
0.5228200000000002
0.5177200000000002
0.5216000000000001
0.5196600000000001
0.5214800000000002
0.52032
0.5193800000000001
0.5218999999999999
