0.19999999999999962
0.16024000000000002
0.14673999999999998
0.1414
0.13580000000000003
0.12988000000000002
0.12521999999999997
0.12384
0.12177999999999999
0.11855999999999998
0.11458000000000002
0.11404
0.11746000000000002
0.11488000000000005
0.11443999999999999
0.11694
0.11810000000000002
0.11699999999999999
0.11715999999999996
0.11762000000000006
0.11375999999999996
0.11404
0.11163999999999996
0.11290000000000001
0.11233999999999998
0.11470000000000001
0.11464
0.11752000000000001
0.11573999999999998
0.11620000000000001
0.11314000000000002
0.11305999999999995
0.11349999999999996
0.11376
0.11328
0.11449999999999999
0.11565999999999999
0.11638
0.11721999999999999
0.11802000000000003
0.11774000000000001
0.11700000000000005
0.11783999999999999
0.11563999999999998
0.11512000000000004
0.11402000000000001
0.11166000000000001
0.11046000000000002
0.11197999999999997
0.11380000000000001
0.11470000000000001
0.11354000000000002
0.11291999999999998
0.11410000000000001
0.11596000000000002
0.11534000000000001
0.11513999999999998
0.11496000000000003
0.11445999999999995
0.11744000000000002
0.11526
0.11502000000000002
0.11445999999999998
0.11374
0.114
0.11303999999999999
0.11314
0.11584
0.11603999999999998
0.11551999999999998
0.11494000000000001
0.11350000000000003
0.11369999999999995
0.11427999999999999
0.11516000000000004
0.11478000000000005
0.11615999999999996
0.11420000000000002
0.11406
0.11364000000000002
0.11376000000000001
0.11361999999999997
0.11318
0.11544000000000003
0.11361999999999998
0.11408
0.11030000000000001
0.11001999999999994
0.10994000000000001
0.11152000000000002
0.11154000000000001
0.11123999999999992
0.11206000000000003
0.11102000000000002
0.11153999999999994
0.11243999999999998
0.11424000000000005
0.11657999999999999
0.11307999999999996
0.11368
0.11308000000000001
0.11200000000000003
0.11103999999999997
0.11156000000000002
0.11184
0.11278000000000002
0.11294000000000003
0.11445999999999998
0.11427999999999995
0.11299999999999998
0.11385999999999999
0.11264000000000002
0.11520000000000002
0.1165
0.11644
0.11624000000000002
0.1162
0.11660000000000004
0.11857999999999999
0.11532000000000002
0.11364
0.11171999999999996
0.11133999999999995
0.11248
0.11184000000000002
0.11442000000000001
0.11331999999999992
0.11374
0.11117999999999995
0.11263999999999996
0.11089999999999998
0.11130000000000002
0.10896000000000004
0.11049999999999996
0.11266
0.11352000000000004
0.11557999999999995
0.11527999999999997
0.11339999999999999
0.11376
0.11372000000000003
0.11292000000000003
0.11327999999999999
0.10941999999999996
0.10962000000000001
0.11124
0.10930000000000006
0.10976000000000002
0.11319999999999998
0.11426000000000004
0.11323999999999998
0.11417999999999999
0.11483999999999998
0.11493999999999996
0.11434000000000001
0.11182000000000006
0.11427999999999998
0.11471999999999997
0.11332
0.11314000000000002
0.11439999999999997
0.11423999999999995
0.11746000000000001
0.11652000000000004
0.11859999999999994
0.11714000000000006
0.11653999999999998
0.11495999999999999
0.11551999999999998
0.11413999999999996
0.11344
0.11448
0.11357999999999997
0.11426000000000006
0.11404000000000002
0.11471999999999999
0.11360000000000006
0.11467999999999995
0.11406
0.11636000000000005
0.11708
0.1161
0.11780000000000002
0.11802000000000006
0.11452000000000004
0.11220000000000004
0.11151999999999992
0.11084
0.11031999999999999
0.11036
0.11171999999999996
0.11331999999999998
0.11341999999999999
0.11294000000000003
0.11483999999999994
0.11373999999999991
0.11597999999999996
0.11768000000000002
0.11749999999999997
0.11637999999999991
0.11564000000000003
0.11873999999999997
0.11942000000000004
0.11793999999999999
0.11820000000000003
0.11885999999999998
0.11847999999999996
0.11803999999999998
0.11820000000000004
0.11782000000000002
0.11574000000000004
0.11386000000000004
0.11282000000000003
0.11125999999999997
0.11094
0.10974000000000002
0.11055999999999995
0.11081999999999999
0.11360000000000003
0.11367999999999996
0.11310000000000002
0.11141999999999996
0.11193999999999998
0.11221999999999994
0.11127999999999999
0.11147999999999997
0.11301999999999998
0.11145999999999999
0.11082000000000004
0.11135999999999996
0.11369999999999997
0.11533999999999997
0.11651999999999997
0.11394000000000006
0.11311999999999994
0.11144
0.11123999999999995
0.10828000000000002
0.10921999999999998
0.10857999999999997
0.11048
0.11159999999999996
0.11075999999999997
0.11186
0.11178000000000003
0.11325999999999999
0.11376
0.11475999999999992
0.11518000000000002
0.11347999999999998
0.11094
0.11241999999999998
0.11321999999999996
0.11622000000000003
0.11643999999999999
0.11502000000000004
0.11442000000000005
0.11446000000000005
0.11511999999999994
0.1134
0.11223999999999994
0.11163999999999998
0.11220000000000002
0.11333999999999995
0.11223999999999995
0.11265999999999993
0.11257999999999997
0.11025999999999997
0.10999999999999996
0.10878000000000002
0.10892000000000002
0.10847999999999995
0.10983999999999998
0.10929999999999997
0.11075999999999997
0.10860000000000002
0.11074
0.11274
0.11199999999999999
0.11348000000000001
0.11595999999999998
0.11512000000000004
0.11314000000000002
0.11329999999999997
0.11285999999999995
0.11130000000000002
0.11024
0.10774
0.11059999999999999
0.11171999999999999
0.11045999999999999
0.10955999999999994
0.10954000000000003
0.10888000000000003
0.10916000000000001
0.11131999999999996
0.11049999999999993
0.10889999999999998
0.11055999999999999
0.11134000000000002
0.10986000000000003
0.10826000000000002
0.10692
0.10846
0.10980000000000002
0.11025999999999997
0.10921999999999997
0.10981999999999999
0.11078000000000002
0.11070000000000003
0.11098000000000002
0.11245999999999995
0.11365999999999994
0.11406
0.11524000000000002
0.11592000000000001
0.11662
0.11603999999999999
0.11406000000000001
0.11172
0.11255999999999998
0.11292000000000002
0.11195999999999998
0.10933999999999998
0.11153999999999999
0.11054000000000003
0.11091999999999994
0.11186
0.11266000000000004
0.11054
0.11253999999999995
0.11449999999999998
0.11334000000000004
0.11546
0.11565999999999993
0.115
0.11656000000000002
0.11490000000000002
0.11342
0.11311999999999996
0.11352000000000005
0.11418
0.11625999999999999
0.11812000000000003
0.11714000000000002
0.11656000000000001
0.11626000000000002
0.11646
0.11908000000000002
0.11697999999999995
0.11611999999999999
0.11600000000000002
0.11540000000000003
0.11669999999999998
0.11531999999999998
0.11389999999999997
0.11270000000000001
0.11393999999999999
0.11185999999999996
0.11319999999999997
0.11256000000000004
0.11055999999999999
0.11010000000000002
0.10923999999999999
0.11099999999999997
0.11492000000000005
0.11447999999999997
0.11259999999999999
0.11301999999999998
0.11372000000000002
0.11320000000000001
0.11124
0.10903999999999998
0.10833999999999999
0.10877999999999996
0.10972000000000001
0.11033999999999997
0.11126
0.11235999999999997
0.11178000000000003
0.11415999999999998
0.11249999999999999
0.11353999999999997
0.113
0.11109999999999996
0.11188000000000002
0.11268000000000003
0.11341999999999999
0.11150000000000002
0.11194000000000004
0.11279999999999997
0.11224
0.11298000000000002
0.11165999999999997
0.11268000000000007
0.11359999999999999
0.11295999999999998
0.11193999999999998
0.11216
0.11345999999999998
0.11460000000000001
0.11348000000000001
0.11380000000000001
0.11374000000000002
0.11408000000000004
0.11542000000000005
0.11600000000000003
0.11689999999999998
0.11894000000000002
0.11832
0.11523999999999995
0.11659999999999998
0.11549999999999999
0.11616000000000001
0.11568000000000002
0.11224000000000002
0.11575999999999995
0.11666
0.11686
0.11770000000000001
0.11719999999999997
0.11524
0.11592000000000002
0.11512000000000003
0.1153
0.11559999999999995
0.11549999999999998
0.11297999999999993
0.11248000000000002
0.11113999999999996
0.11253999999999996
0.11283999999999997
0.11291999999999996
0.11136000000000003
0.11266
0.11473999999999998
0.11352000000000001
0.11443999999999999
0.11468000000000002
0.11345999999999998
0.11349999999999998
0.11299999999999999
0.11112000000000002
0.11144
0.11353999999999997
0.11247999999999994
0.11321999999999999
0.11323999999999997
0.1127200000000001
0.11548000000000004
0.11666
0.11503999999999995
0.11291999999999992
0.11110000000000002
0.11113999999999996
0.11277999999999999
0.11586
0.11273999999999998
0.11030000000000002
0.11154000000000001
0.11324000000000004
0.11390000000000003
0.11192
0.11406
0.11514000000000003
0.11721999999999998
0.11706000000000005
0.11577999999999995
0.11481999999999999
0.11286000000000002
0.11284000000000002
0.11533999999999998
0.11434000000000001
0.11291999999999998
0.11356000000000004
0.11483999999999994
0.11423999999999998
0.11041999999999998
0.11056
0.11153999999999996
0.11157999999999994
0.11085999999999997
0.11129999999999995
0.1116
0.11158000000000001
0.10935999999999998
0.10913999999999995
0.11007999999999996
0.11127999999999996
0.11276
0.11477999999999992
0.11190000000000001
0.11398
0.11351999999999998
0.11388000000000002
0.11328000000000003
0.11102000000000002
0.11260000000000002
0.11336000000000002
0.11367999999999996
0.11479999999999993
0.11568000000000002
0.11380000000000007
0.11428
0.11217999999999999
0.11225999999999998
0.11174
0.11165999999999998
0.11024000000000003
0.11219999999999995
0.11379999999999996
0.11377999999999996
0.11383999999999998
0.11258000000000003
0.11372
0.11318000000000002
0.11503999999999999
0.11455999999999998
0.11689999999999998
0.11747999999999999
0.11382000000000002
0.1127
0.11368000000000002
0.11262000000000004
0.11351999999999993
0.11357999999999992
0.11185999999999996
0.11243999999999998
0.11359999999999994
0.11313999999999996
0.11211999999999996
0.11204000000000003
0.11103999999999996
0.11331999999999999
0.11335999999999995
0.11477999999999994
0.11611999999999996
0.11415999999999997
0.11386000000000002
0.11227999999999999
0.11152
0.11337999999999998
0.11468
0.11344
0.11353999999999999
0.11227999999999999
0.11126000000000001
0.10995999999999995
0.11008
0.11031999999999999
0.10893999999999995
0.11252
0.11284000000000001
0.11280000000000003
0.11372000000000002
0.11349999999999999
0.11192
0.10980000000000002
0.11074
0.11013999999999996
0.10993999999999998
0.11134000000000002
0.11154
0.11291999999999998
0.11101999999999997
0.11203999999999999
0.11308
0.11383999999999996
0.11181999999999995
0.11265999999999997
0.11409999999999998
0.11531999999999996
0.11315999999999998
0.11271999999999999
0.11295999999999994
0.11231999999999999
0.11224000000000003
0.11106000000000002
0.11206000000000003
0.11576
0.11603999999999998
0.11853999999999995
0.11690000000000002
0.11385999999999999
0.11411999999999997
0.11379999999999997
0.11095999999999996
0.10949999999999996
0.11130000000000007
0.11113999999999997
0.11218
0.11229999999999998
0.11205999999999994
0.11082000000000003
0.11196000000000002
0.11306
0.11275999999999996
0.11149999999999999
0.11289999999999996
0.11289999999999999
0.11256000000000002
0.11692000000000005
0.11572000000000005
0.11569999999999998
0.11323999999999998
0.11437999999999998
0.11235999999999999
0.11374000000000001
0.11574
0.11593999999999996
0.11763999999999993
0.11642
0.11523999999999993
0.11512
0.11433999999999997
0.11615999999999994
0.11453999999999993
0.11553999999999999
0.1156599999999999
0.1146
0.11602
0.11624000000000001
0.11627999999999993
0.11561999999999997
0.11606000000000001
0.11288000000000002
0.11335999999999996
0.11199999999999999
0.11129999999999997
0.10951999999999995
0.11057999999999998
0.11458000000000004
0.11477999999999992
0.11528000000000001
0.11627999999999995
0.11452000000000001
0.11575999999999999
0.11385999999999998
0.11315999999999996
0.11387999999999997
0.11241999999999995
0.11307999999999994
0.11454000000000003
0.11315999999999996
0.11202000000000002
0.11365999999999994
0.11197999999999995
0.11016
0.11173999999999998
0.11069999999999998
0.11200000000000002
0.11177999999999999
0.11375999999999997
0.11722000000000002
0.11387999999999997
0.11217999999999996
0.11402
0.11327999999999999
0.11314
0.11434000000000001
0.11598000000000003
0.11777999999999995
0.11547999999999999
0.11516
0.11730000000000004
0.11594000000000004
0.11575999999999999
0.11498
0.11630000000000003
0.11744
0.11565999999999999
0.11420000000000004
0.11681999999999997
0.11664000000000002
0.11592000000000002
0.11594000000000002
0.11618
0.11816000000000003
0.11871999999999998
0.11978
0.12057999999999996
0.12072
0.11944
0.11789999999999995
0.11442000000000001
0.11401999999999995
0.11268000000000003
0.11303999999999995
0.11267999999999997
0.11277999999999999
0.11385999999999998
0.11512000000000003
0.11547999999999994
0.11596000000000002
0.11454
0.11334000000000001
0.11444000000000006
0.11486000000000005
0.11601999999999997
0.1148
0.11589999999999996
0.11546
0.11474000000000002
0.11439999999999995
0.11239999999999994
0.11215999999999998
0.11276
0.1128
0.11354000000000002
0.11123999999999999
0.10857999999999997
0.10777999999999997
0.10973999999999999
0.10980000000000006
0.10918000000000007
0.10988000000000002
0.11304000000000002
0.1119
0.11519999999999996
0.11547999999999997
0.11599999999999998
0.11676000000000002
0.11560000000000001
0.11423999999999998
0.11146000000000005
0.11175999999999994
0.11277999999999999
0.11034
0.11069999999999994
0.11173999999999999
0.11042
0.11391999999999992
0.11386000000000002
0.11363999999999994
0.11433999999999996
0.11395999999999998
0.11517999999999999
0.11486
0.11559999999999997
0.11593999999999997
0.11433999999999994
0.11540000000000003
0.1152
0.11498
0.11547999999999997
0.11420000000000002
0.11280000000000001
0.11266000000000002
0.11314
0.11524000000000005
0.11418000000000005
0.11359999999999998
0.11248000000000001
0.11166000000000002
0.11318000000000003
0.11257999999999992
0.11170000000000004
0.11035999999999996
0.10925999999999995
0.11230000000000001
0.11058
0.11157999999999997
0.11101999999999994
0.11180000000000004
0.10977999999999996
0.11043999999999998
0.11185999999999999
0.11096000000000003
0.11197999999999998
0.11276000000000001
0.11554
0.11376000000000001
0.11531999999999991
0.11529999999999996
0.11881999999999998
0.11922
0.11725999999999999
0.11783999999999997
0.11564
0.1155
0.11423999999999998
0.11557999999999997
0.11526
0.11458000000000002
0.11245999999999999
0.11208
0.10952000000000002
0.11008000000000003
0.11013999999999997
0.10947999999999998
0.11040000000000001
0.10908000000000005
0.10830000000000005
0.10754000000000005
0.10742000000000003
0.10862
0.10948000000000002
0.11035999999999997
0.11048000000000004
0.10912000000000001
0.1085
0.10865999999999998
0.11028
0.11264000000000003
0.11374000000000004
0.11252000000000004
0.11337999999999998
0.11394000000000004
0.11331999999999993
0.11245999999999999
0.10994
0.11105999999999998
0.10995999999999999
0.10871999999999993
0.10807999999999997
0.10859999999999996
0.10504000000000001
0.10755999999999996
0.10927999999999996
0.10922000000000003
0.10943999999999997
0.10825999999999998
0.10724
0.1057
0.10740000000000005
0.10654000000000004
0.10794000000000001
0.10814000000000001
0.11005999999999995
0.10675999999999998
0.10847999999999992
0.10733999999999996
0.10778
0.11059999999999999
0.11013999999999997
0.11045999999999997
0.11113999999999997
0.11653999999999996
0.11581999999999998
0.11529999999999997
0.1145
0.11315999999999996
0.11192000000000002
0.11159999999999996
0.11095999999999999
0.11349999999999999
0.11452000000000005
0.11512
0.11476000000000001
0.11439999999999997
0.11456
0.11155999999999996
0.11118
0.11482
0.11422
0.11363999999999999
0.11369999999999995
0.11227999999999999
0.11370000000000002
0.11400000000000005
0.10978000000000003
0.11123999999999999
0.11017999999999997
0.11231999999999996
0.11085999999999997
0.10924000000000002
0.10796
0.11036
0.10934
0.11023999999999998
0.11153999999999994
0.11357999999999997
0.11172000000000004
0.10963999999999999
0.10836000000000003
0.10931999999999999
0.10910000000000002
0.10848000000000001
0.10933999999999995
0.11012000000000004
0.10844
0.11038
0.11364000000000002
0.11454000000000003
0.11284000000000004
0.11322000000000006
0.11397999999999996
0.11237999999999997
0.11241999999999998
0.11240000000000007
0.11147999999999998
0.11327999999999998
0.11318000000000002
0.10874000000000002
0.11184
0.11312
0.11062
0.11186000000000001
0.11029999999999995
0.11171999999999996
0.11256000000000004
0.11207999999999997
0.11308000000000001
0.11236000000000003
0.11265999999999997
0.11292000000000005
0.11068000000000001
0.11307999999999999
0.11236000000000004
0.1115
0.1112
0.10990000000000004
0.11163999999999998
0.11471999999999996
0.11354000000000003
0.11063999999999993
0.11300000000000003
0.11538
0.11327999999999999
0.11483999999999997
0.11322000000000006
0.11462000000000006
0.11357999999999999
0.11343999999999997
0.11220000000000001
0.113
0.11111999999999998
0.11072000000000001
0.11028000000000006
0.10927999999999997
0.10999999999999995
0.11093999999999998
0.1122
0.10985999999999997
0.10947999999999995
0.10754000000000001
0.10796000000000003
0.10751999999999995
0.11158000000000001
0.11099999999999997
0.1139599999999999
0.11328
0.11435999999999998
0.11424000000000008
0.11239999999999997
0.11295999999999996
0.11520000000000001
0.11840000000000003
0.11934000000000006
0.11799999999999997
0.11754000000000002
0.11798000000000002
0.11608
0.11387999999999997
0.11405999999999995
0.11411999999999994
0.11327999999999996
0.11323999999999998
0.11568000000000003
0.1167
0.1122
0.11396000000000002
0.11457999999999996
0.11662000000000003
0.11744000000000002
0.11669999999999997
0.11537999999999997
0.11648000000000003
0.11416000000000003
0.11350000000000002
0.11330000000000005
0.11265999999999994
0.11197999999999998
0.11291999999999998
0.11565999999999999
0.115
0.11462
0.11022
0.1109
0.11081999999999999
0.11104000000000001
0.11095999999999999
0.10981999999999995
0.10985999999999996
0.11107999999999998
0.10998
0.10994
0.10792000000000002
0.10910000000000002
0.10811999999999998
0.1085
0.10879999999999997
0.10966
0.10967999999999996
0.11508000000000004
0.11429999999999996
0.11157999999999997
0.11314000000000006
0.11088
0.11096
