0.19999999999999962
0.33862000000000003
0.44636000000000015
0.44636000000000003
0.45770000000000005
0.4530600000000002
0.45368000000000014
0.4513200000000003
0.45496000000000014
0.4521200000000001
0.45368000000000025
0.4488200000000002
0.4516000000000002
0.45198000000000027
0.4553000000000003
0.45084000000000013
0.4577600000000002
0.45392000000000016
0.4516400000000002
0.4531400000000002
0.4522400000000001
0.4545000000000001
0.45510000000000017
0.45318000000000036
0.45634000000000036
0.45204000000000016
0.45190000000000013
0.4520000000000001
0.4513600000000001
0.4564800000000001
0.45008
0.45415999999999995
0.45255999999999985
0.45480000000000004
0.4514400000000001
0.4554800000000002
0.45104000000000033
0.4544200000000002
0.4526800000000005
0.45308000000000015
0.4512800000000001
0.4529200000000001
0.44838000000000006
0.45554
0.45244000000000006
0.4522600000000001
0.4511400000000001
0.4533399999999998
0.4513200000000001
0.4520400000000002
0.4517600000000001
0.4527999999999999
0.45260000000000006
0.4527999999999999
0.45262000000000024
0.4543000000000001
0.4523000000000001
0.4551999999999999
0.4510000000000002
0.4528800000000001
0.4510000000000002
0.45076
0.4546000000000003
0.45272000000000007
0.45122000000000007
0.4532200000000001
0.45452000000000015
0.45396000000000014
0.4499800000000001
0.4534799999999998
0.45469999999999994
0.4532200000000003
0.45126000000000027
0.4504200000000001
0.45556
0.45310000000000017
0.4528399999999999
0.45194000000000023
0.45414
0.45284000000000035
0.45538000000000023
0.45146000000000003
0.4516400000000002
0.4522400000000002
0.45258000000000015
0.4537800000000003
0.4508
0.4527800000000002
0.45434000000000013
0.45182000000000033
0.45114000000000026
0.4520800000000002
0.4507
0.4549400000000001
0.45400000000000035
0.45177999999999996
0.45050000000000007
0.45190000000000036
0.45186000000000026
0.45198000000000016
0.4528400000000001
0.4513400000000003
0.4542000000000001
0.4515599999999999
0.45142000000000004
0.4545600000000002
0.45355999999999996
0.45332
0.4518200000000001
0.45084000000000013
0.45596000000000003
0.4554200000000001
0.4528600000000001
0.44990000000000024
0.4522400000000002
0.4532600000000002
0.4523000000000002
0.45458
0.45452000000000015
0.4538000000000003
0.45471999999999996
0.4500800000000001
0.45571999999999996
0.45256000000000013
0.45134000000000013
0.45160000000000006
0.4538800000000003
0.45342000000000016
0.45160000000000033
0.4521000000000003
0.4515599999999999
0.45582
0.45172000000000007
0.4509600000000001
0.45470000000000027
0.45356
0.4516399999999998
0.4529200000000003
0.4528000000000001
0.4532800000000001
0.4513199999999999
0.45460000000000034
0.45434
0.45262000000000024
0.45252000000000026
0.45338000000000006
0.4520000000000001
0.45250000000000007
0.45396000000000014
0.45156000000000013
0.45356000000000035
0.45164000000000004
0.4533000000000003
0.4516000000000001
0.45455999999999996
0.45262
0.45634000000000036
0.4497200000000003
0.45106000000000035
0.45398000000000005
0.4556999999999999
0.45228000000000024
0.45280000000000015
0.45208000000000015
0.45216000000000023
0.4533000000000002
0.4544400000000002
0.4519200000000002
0.45349999999999996
0.45436000000000026
0.4529599999999999
0.45111999999999997
0.45215999999999995
0.4518199999999999
0.45378000000000007
0.45139999999999975
0.45356
0.45468000000000025
0.4502200000000001
0.4525399999999999
0.4525600000000004
0.45284000000000013
0.4552000000000001
0.45472
0.4535800000000001
0.4496199999999999
0.4532200000000002
0.4517199999999999
0.4532800000000002
0.45358000000000026
0.45232000000000006
0.4526800000000001
0.45492000000000005
0.45174000000000014
0.45018000000000025
0.4528000000000003
0.45332000000000017
0.45350000000000007
0.45248000000000005
0.4538000000000001
0.45405999999999996
0.4524799999999999
0.45066
0.4557000000000002
0.45100000000000007
0.45250000000000007
0.45133999999999985
0.4513599999999999
0.45098000000000027
0.45420000000000016
0.44928000000000007
0.4551200000000003
0.45081999999999994
0.45372
0.4515199999999999
0.45150000000000007
0.45206000000000024
0.4520199999999997
0.45198000000000016
0.4566599999999999
0.44892000000000004
0.4560000000000002
0.45352000000000026
0.4545800000000002
0.4509400000000002
0.4535800000000002
0.4520399999999997
0.4563600000000004
0.45423999999999987
0.45220000000000016
0.4503800000000001
0.45306000000000024
0.45372000000000023
0.4523800000000002
0.45391999999999993
0.4494800000000002
0.45756
0.45399999999999996
0.4555200000000001
0.4526200000000003
0.45412000000000013
0.4515000000000002
0.45144000000000006
0.4540000000000003
0.45374000000000003
0.4526799999999999
0.45251999999999987
0.45016000000000006
0.4526
0.44976000000000005
0.452
0.4532600000000003
0.4500000000000003
0.45454000000000017
0.4535199999999999
0.45122
0.4510400000000001
0.45540000000000025
0.4531200000000002
0.45348000000000027
0.45288000000000006
0.4543200000000001
0.4541600000000001
0.45042000000000015
0.4510400000000001
0.4540999999999999
0.45037999999999995
0.45586000000000026
0.45502000000000015
0.45314000000000015
0.45032000000000055
0.45713999999999994
0.44854000000000027
0.45454000000000006
0.45276000000000005
0.44931999999999994
0.45464000000000004
0.45318
0.4546200000000002
0.45148000000000027
0.45312000000000013
0.45218
0.4539400000000001
0.45222000000000007
0.45448
0.4538599999999999
0.4558400000000004
0.45159999999999995
0.45382000000000017
0.4508
0.4515600000000002
0.45562000000000014
0.45122000000000007
0.45388000000000017
0.45326000000000016
0.4491400000000001
0.45246
0.4518999999999999
0.45300000000000024
0.4499200000000001
0.45202
0.45367999999999997
0.4516000000000001
0.45212000000000024
0.45024000000000014
0.4532800000000001
0.44895999999999986
0.45376000000000016
0.44992000000000026
0.4533400000000002
0.44984
0.4525600000000001
0.4539600000000001
0.45340000000000025
0.4521200000000001
0.4552400000000002
0.45306000000000013
0.4519
0.4548600000000002
0.4512400000000001
0.45214
0.4536399999999999
0.4504400000000001
0.4530000000000001
0.45398000000000016
0.4562000000000003
0.45062000000000013
0.4541199999999999
0.45179999999999976
0.45348000000000044
0.4510800000000003
0.45314000000000026
0.45429999999999987
0.45138
0.45524000000000014
0.45155999999999996
0.4526200000000003
0.45368000000000025
0.4549000000000003
0.45094000000000006
0.45408000000000015
0.4510200000000005
0.4492600000000003
0.4526000000000001
0.45236000000000004
0.45232000000000006
0.4534600000000002
0.4537
0.45115999999999984
0.4548400000000003
0.45182
0.45196000000000025
0.4506600000000001
0.45164000000000004
0.4530400000000002
0.45190000000000013
0.4515000000000003
0.4530200000000001
0.4505000000000001
0.4540800000000002
0.4514999999999999
0.45322000000000023
0.45456
0.45052
0.45216
0.4527000000000001
0.45198000000000016
0.4525400000000001
0.4517200000000004
0.45220000000000005
0.45400000000000007
0.45190000000000036
0.4552199999999999
0.45290000000000014
0.45434000000000024
0.45208000000000015
0.4530000000000001
0.4529400000000002
0.45556
0.44898000000000005
0.4512600000000001
0.45535999999999993
0.45388000000000017
0.4515600000000003
0.45484000000000024
0.45302000000000014
0.45555999999999996
0.4537999999999998
0.4560800000000002
0.4495800000000002
0.4545600000000001
0.4553600000000001
0.44934000000000024
0.45464000000000004
0.4542200000000001
0.45306
0.4517000000000003
0.45272000000000034
0.45002
0.45506000000000024
0.45142000000000015
0.4539399999999998
0.4528800000000002
0.4531200000000002
0.45432000000000017
0.45533999999999997
0.4525799999999998
0.45236000000000004
0.45394000000000034
0.4492200000000001
0.4527999999999999
0.45262
0.45334
0.45504000000000017
0.45170000000000016
0.4553200000000002
0.45076000000000005
0.4561000000000002
0.4554000000000002
0.4528800000000002
0.45386000000000015
0.45464000000000004
0.4534600000000001
0.45234000000000035
0.4524600000000001
0.45294000000000006
0.45184000000000013
0.45344
0.44984000000000035
0.4524000000000003
0.4545600000000002
0.4512000000000002
0.4523800000000002
0.4514400000000001
0.45358000000000026
0.45096000000000025
0.45368000000000014
0.4519
0.45276000000000016
0.45464000000000016
0.45282000000000006
0.4540400000000002
0.4549400000000003
0.4510799999999999
0.45240000000000014
0.45438
0.45022000000000034
0.4532400000000002
0.4535400000000001
0.45100000000000007
0.45221999999999996
0.44984000000000024
0.45370000000000027
0.4505800000000001
0.4544400000000001
0.45398000000000016
0.45264000000000015
0.45270000000000005
0.45302000000000014
0.45264000000000015
0.4506000000000001
0.45300000000000007
0.45466000000000034
0.45270000000000027
0.45172000000000023
0.4539000000000002
0.45042000000000015
0.45200000000000023
0.4528600000000001
0.4541400000000001
0.4528400000000002
0.4530600000000002
0.4526
0.4515
0.4535400000000002
0.45206
0.45246000000000003
0.45592000000000027
0.45512000000000036
0.4516400000000001
0.4531400000000002
0.4528400000000001
0.45084000000000013
0.45366
0.45236
0.4540200000000001
0.4513199999999999
0.45418000000000014
0.45120000000000005
0.45406000000000013
0.4532400000000002
0.45232000000000006
0.4564400000000002
0.4532200000000001
0.45366000000000006
0.4533400000000002
0.4540400000000001
0.45208000000000004
0.45384000000000013
0.45046000000000014
0.4547800000000003
0.45280000000000015
0.4525600000000003
0.45218
0.4502399999999999
0.45176
0.4531800000000002
0.45402000000000003
0.4520799999999998
0.4554200000000002
0.4524
0.4538399999999999
0.45214000000000026
0.45032000000000005
0.4552199999999999
0.45436
0.45622000000000024
0.4523600000000002
0.45212
0.4534999999999998
0.45088000000000017
0.4511600000000002
0.45540000000000014
0.45416000000000023
0.4532800000000001
0.45092
0.4538400000000001
0.45124
0.4545800000000002
0.45298
0.45570000000000005
0.4499800000000002
0.4527400000000001
0.4529000000000002
0.45438000000000023
0.4529800000000003
0.45549999999999996
0.45326000000000005
0.45552000000000015
0.45292
0.45014
0.4543800000000002
0.45089999999999997
0.45186
0.4533000000000005
0.4495799999999999
0.4541400000000002
0.4512000000000004
0.4559800000000002
0.4502000000000001
0.45167999999999997
0.4537400000000005
0.45292
0.4512800000000001
0.45278000000000035
0.4545400000000003
0.45422000000000035
0.45233999999999996
0.4487800000000001
0.4566600000000001
0.4544800000000004
0.45142000000000004
0.45264000000000026
0.45018
0.4528200000000001
0.4554600000000002
0.45284000000000035
0.4526200000000001
0.44946
0.45446000000000003
0.45116000000000006
0.45597999999999983
0.45110000000000006
0.45433999999999986
0.45222000000000007
0.4540200000000001
0.4534000000000002
0.45630000000000004
0.45219999999999994
0.45304
0.45262
0.4540000000000002
0.4544000000000002
0.44956
0.45557999999999993
0.4536200000000001
0.45314000000000015
0.45448000000000016
0.4509400000000003
0.4537399999999998
0.4526799999999998
0.45320000000000005
0.45394
0.4574800000000001
0.45342000000000027
0.45132000000000005
0.4540199999999999
0.4524000000000001
0.4547199999999998
0.45600000000000024
0.4503800000000002
0.45180000000000015
0.4536
0.4530800000000002
0.4537199999999999
0.45318000000000014
0.45292000000000016
0.4524399999999998
0.45089999999999997
0.4566000000000002
0.45332000000000006
0.4492000000000003
0.45022
0.45254000000000005
0.45332000000000017
0.4510799999999998
0.45342000000000005
0.44948
0.4529600000000002
0.4509400000000003
0.45616000000000023
0.45243999999999984
0.4546800000000002
0.4529400000000001
0.4528199999999999
0.4530200000000001
0.4538600000000001
0.44966000000000006
0.45092000000000015
0.4546799999999999
0.45160000000000006
0.45256
0.45414000000000015
0.4551800000000001
0.4511000000000001
0.45130000000000015
0.4554599999999999
0.44931999999999994
0.45376
0.45122000000000007
0.45418000000000014
0.4543000000000001
0.45376
0.45160000000000033
0.45493999999999984
0.45236
0.4515600000000001
0.45266000000000034
0.45504000000000006
0.45252000000000037
0.45318
0.4523600000000001
0.45049999999999996
0.45326000000000005
0.45158000000000004
0.4545
0.4503200000000001
0.4526400000000001
0.45183999999999996
0.45626000000000005
0.44906000000000007
0.4541600000000002
0.4509600000000001
0.45424000000000014
0.45174000000000014
0.456
0.44970000000000016
0.45437999999999995
0.4543600000000002
0.45071999999999995
0.45466000000000006
0.45354000000000005
0.4521200000000001
0.4493600000000001
0.4518800000000001
0.4530000000000001
0.4544
0.4559400000000002
0.4506200000000002
0.4522200000000002
0.4539400000000002
0.4495000000000002
0.4526999999999999
0.451
0.45238
0.4521799999999999
0.4538600000000001
0.45246
0.4566800000000002
0.4514200000000001
0.45326000000000005
0.45346000000000003
0.4527399999999999
0.45188
0.4574000000000003
0.45008
0.4532799999999999
0.45292000000000016
0.44966
0.45286000000000004
0.45300000000000007
0.45076000000000005
0.45320000000000016
0.4530399999999999
0.4528600000000001
0.4515800000000001
0.4551400000000001
0.4511400000000002
0.4540600000000001
0.4539400000000001
0.4539600000000001
0.4532200000000002
0.4538799999999998
0.45252000000000003
0.45202000000000014
0.45421999999999996
0.4499600000000001
0.4550000000000003
0.44922000000000006
0.45440000000000025
0.4541600000000002
0.45190000000000047
0.45412000000000013
0.4543600000000001
0.4543000000000002
0.4514400000000001
0.4516199999999999
0.4541200000000002
0.4528999999999999
0.4511600000000001
0.45330000000000015
0.4493800000000001
0.45424000000000014
0.45359999999999995
0.4515800000000002
0.4502600000000001
0.4530800000000002
0.45476000000000005
0.4534400000000003
0.45192000000000015
0.4515400000000003
0.45172000000000023
0.45292
0.45118000000000014
0.45299999999999996
0.4528200000000001
0.44954000000000005
0.4528399999999999
0.45190000000000013
0.4534000000000001
0.45044000000000034
0.4511599999999998
0.4539200000000001
0.4543200000000001
0.45094000000000006
0.45342000000000005
0.4530400000000001
0.4553000000000002
0.4505400000000001
0.45286000000000015
0.4511600000000003
0.45192000000000015
0.45314000000000015
0.4512400000000003
0.45290000000000014
0.4560200000000001
0.4482799999999998
0.4518999999999999
0.4516799999999999
0.4527600000000003
0.4518000000000002
0.4522
0.4497400000000001
0.45596000000000003
0.45070000000000016
0.45232000000000033
0.45558000000000015
0.4507800000000001
0.45218
0.45416000000000023
0.4501599999999999
0.4573600000000001
0.4519600000000002
0.45040000000000013
0.45411999999999997
0.45218
0.4516800000000001
0.45430000000000015
0.4516200000000002
0.4517400000000001
0.45041999999999993
0.45248000000000005
0.45466000000000034
0.4500400000000002
0.4517800000000002
0.4522600000000002
0.4540000000000002
0.4517200000000001
0.4540600000000001
0.4498200000000003
0.4515200000000001
0.45262000000000036
0.45498000000000016
0.4534800000000001
0.45348
0.45274000000000003
0.45396000000000014
0.4504799999999998
0.45446000000000014
0.4523800000000002
0.4533999999999998
0.4540200000000001
0.45330000000000004
0.4521
0.45046000000000014
0.4561000000000001
0.45342000000000016
0.45298000000000016
0.45438000000000023
0.45169999999999993
0.4557000000000002
0.4551200000000003
0.4495799999999999
0.4561000000000003
0.4531199999999999
0.4519800000000002
0.4526800000000001
0.45118000000000014
0.4539
0.451
0.4492199999999999
0.45306
0.45153999999999994
0.45428000000000013
0.45178000000000035
0.45402000000000003
0.45302000000000026
0.45142000000000004
0.4544000000000004
0.4552800000000004
0.4516000000000002
0.45378000000000024
0.4515000000000001
0.44728000000000034
0.4505000000000002
0.4550400000000004
0.4509600000000004
0.4544800000000003
0.45292000000000016
0.45162000000000013
0.45358
0.44842000000000004
0.45448
0.45164000000000004
0.4515000000000001
0.45320000000000016
0.45155999999999996
0.45376000000000005
0.4542400000000001
0.45238
0.45068
0.4551600000000001
0.45308
0.45292000000000016
0.45318000000000036
0.4537
0.45320000000000027
0.4545000000000002
0.45182000000000044
0.4545000000000004
0.45427999999999996
0.45214000000000004
0.4510000000000003
0.45158000000000004
0.45300000000000024
0.45367999999999986
0.4522400000000003
0.4546400000000002
0.4519400000000002
0.4532200000000002
0.4542600000000002
0.4550599999999999
0.4519200000000004
0.45213999999999976
0.45128000000000007
0.45336000000000015
0.4534400000000003
0.45184000000000024
0.45242000000000027
0.45196000000000036
0.45438000000000045
0.4535199999999999
0.4526400000000001
0.45304000000000016
0.4516600000000002
0.4578
0.45154000000000005
0.45488000000000006
0.4528000000000002
0.4544400000000001
0.4505800000000001
0.4541400000000001
0.4510400000000002
0.4521
0.4541400000000001
0.45347999999999994
0.45252000000000003
0.4554000000000002
0.45302
0.4507800000000002
0.4501800000000001
0.4532400000000002
0.4532800000000002
0.45366000000000034
0.45530000000000015
0.4523600000000002
0.45190000000000013
0.45046000000000014
0.4519399999999999
0.45416000000000006
0.4516200000000001
0.4541400000000003
0.45163999999999993
0.45414
0.45232000000000033
0.4514399999999999
0.44874
0.4544200000000002
0.4540400000000004
0.4522999999999998
0.4536800000000001
0.4536400000000001
0.4526800000000001
0.45554000000000017
0.45148000000000005
0.4522800000000002
0.4535200000000002
0.4554800000000001
0.44992000000000026
0.45390000000000014
0.45065999999999995
0.4512200000000001
0.4539600000000001
0.45439999999999997
0.4510600000000002
0.4534800000000001
0.45240000000000025
0.45198
0.4510600000000003
0.45533999999999986
0.44848000000000005
0.45274000000000014
0.4529200000000002
0.45390000000000014
0.45218000000000025
0.451
0.45284000000000013
0.4525800000000001
0.45586000000000015
0.4517400000000002
0.45318000000000014
0.45120000000000005
0.45282000000000006
0.4538200000000001
0.45286000000000004
0.45192
0.45330000000000004
0.4530000000000001
0.45378
0.45328000000000024
0.45526000000000033
0.45295999999999986
0.45355999999999996
0.45342000000000027
0.45312000000000013
0.45500000000000024
0.44961999999999996
0.45502000000000004
0.4515600000000001
0.4520000000000002
0.45333999999999997
0.45318000000000014
0.45336000000000004
0.4537
0.45152000000000003
0.4552600000000002
0.45248
0.4542000000000001
0.45216
0.45192000000000027
0.4525800000000001
0.4518400000000002
0.4541200000000004
0.45326000000000005
0.45386000000000015
0.4507600000000002
0.45428000000000013
0.45279999999999987
0.4533
0.4540400000000001
