0.19999999999999962
0.3761
0.6128399999999998
0.7636
0.8320199999999995
0.8555199999999998
0.8626000000000001
0.8663799999999996
0.8684999999999999
0.8649999999999998
0.8681999999999994
0.8694199999999995
0.8714599999999999
0.8699199999999999
0.8692199999999999
0.8722600000000001
0.8710199999999996
0.8712599999999996
0.8719
0.8711
0.8685799999999998
0.8715
0.8687599999999998
0.8711199999999998
0.8704399999999995
0.8699000000000001
0.8725599999999996
0.8694399999999998
0.8691
0.8687599999999999
0.8693800000000002
0.86814
0.8666599999999997
0.8699399999999996
0.86954
0.8703399999999997
0.86994
0.8686799999999998
0.86848
0.8687800000000001
0.8732599999999999
0.8706599999999999
0.8717799999999997
0.8693399999999998
0.8683600000000001
0.8702400000000003
0.8693199999999998
0.8696799999999992
0.8714999999999999
0.8694599999999998
0.8715600000000001
0.8681599999999997
0.8696400000000001
0.8695599999999998
0.8688600000000001
0.8687599999999999
0.8701000000000003
0.8701999999999999
0.8687600000000001
0.8695799999999997
0.8701599999999999
0.8698599999999997
0.8717199999999998
0.8690399999999998
0.8740799999999999
0.8703600000000002
0.86832
0.8713600000000001
0.8718400000000002
0.8714399999999998
0.8713000000000002
0.8679599999999997
0.8700199999999997
0.8696199999999998
0.8676799999999996
0.8702799999999997
0.8685199999999995
0.8681799999999998
0.8687599999999996
0.8708400000000001
0.8702000000000001
0.86902
0.8673399999999996
0.8692399999999999
0.8660399999999998
0.8702399999999999
0.8690000000000001
0.87068
0.8687999999999999
0.8706
0.8717400000000002
0.8728400000000001
0.87244
0.87174
0.8707400000000003
0.8719999999999998
0.8708999999999999
0.8698999999999998
0.86968
0.8701799999999997
0.8694199999999997
0.8675
0.8692799999999999
0.8684400000000001
0.8683600000000005
0.8695799999999998
0.8714999999999997
0.8710000000000001
0.8664999999999996
0.86792
0.8709
0.8705199999999996
0.8693199999999998
0.87018
0.8694999999999997
0.8668999999999997
0.8674799999999999
0.8674600000000001
0.8692999999999997
0.8696599999999997
0.8683800000000003
0.8703400000000001
0.87284
0.87188
0.8703199999999999
0.87052
0.8696399999999999
0.8696399999999997
0.8714200000000005
0.8687400000000001
0.8683399999999999
0.8676799999999996
0.8704000000000002
0.8675600000000003
0.8675599999999999
0.8686199999999995
0.8705799999999999
0.8713999999999998
0.8704199999999996
0.8681399999999997
0.8691800000000001
0.8702800000000004
0.8705399999999999
0.86968
0.8687999999999997
0.8693
0.8693200000000003
0.8699200000000004
0.8692599999999999
0.8693599999999999
0.87182
0.8709599999999998
0.8723400000000001
0.8708399999999997
0.8681600000000002
0.86722
0.8641999999999999
0.8670799999999994
0.8665200000000002
0.8679600000000001
0.8684799999999996
0.8674000000000004
0.8692400000000002
0.8711399999999996
0.8694599999999997
0.8682599999999998
0.8703600000000001
0.8686399999999997
0.8688799999999999
0.8678599999999994
0.8677800000000001
0.8687999999999997
0.8693799999999999
0.8707599999999995
0.8706600000000003
0.8683799999999997
0.8670799999999999
0.8719799999999995
0.87032
0.8687199999999998
0.8667599999999998
0.8687399999999998
0.8698799999999999
0.8642399999999998
0.8686599999999999
0.8683200000000001
0.8713199999999997
0.8737799999999999
0.8709399999999999
0.8727799999999998
0.8690999999999999
0.8711800000000001
0.87078
0.8659199999999998
0.86812
0.86568
0.86984
0.8705599999999994
0.8701400000000004
0.8683400000000002
0.8692799999999997
0.8723199999999998
0.87238
0.8701599999999999
0.8691600000000005
0.8681399999999997
0.8698799999999999
0.8707999999999997
0.8719600000000003
0.8705200000000002
0.8704600000000002
0.8683400000000003
0.8694799999999998
0.8694000000000003
0.87228
0.86996
0.8672600000000001
0.8687399999999996
0.8688599999999996
0.8715400000000001
0.8705600000000002
0.8707199999999997
0.8663599999999996
0.8715600000000001
0.8676199999999993
0.8680599999999999
0.8714599999999996
0.8718999999999996
0.8709600000000005
0.86736
0.8715600000000004
0.8701600000000002
0.8717399999999997
0.8705599999999996
0.86894
0.8729999999999994
0.8704599999999998
0.87116
0.87088
0.8687
0.8674600000000001
0.8691200000000001
0.8706
0.8704400000000001
0.8721199999999999
0.8742999999999997
0.8733400000000002
0.8710999999999998
0.8698999999999999
0.8678199999999996
0.8687199999999997
0.8712799999999997
0.8713400000000004
0.8698799999999995
0.8684799999999998
0.8688400000000001
0.8679999999999999
0.8681599999999999
0.87138
0.8711800000000001
0.8698599999999996
0.8691599999999998
0.8702200000000001
0.8697199999999999
0.86914
0.8688999999999999
0.8701399999999997
0.8716400000000002
0.8708199999999997
0.8718199999999999
0.8725599999999999
0.8701400000000002
0.8726999999999999
0.8727200000000002
0.87018
0.86972
0.8716399999999999
0.8714200000000004
0.8701599999999999
0.8684199999999999
0.8666600000000001
0.8660999999999993
0.86744
0.8658
0.8687600000000001
0.8679199999999995
0.8708399999999997
0.86956
0.86992
0.8684599999999996
0.8679000000000002
0.8678599999999996
0.8685199999999998
0.8689999999999998
0.8672199999999997
0.8697999999999995
0.86784
0.8684000000000001
0.8711199999999997
0.8712600000000001
0.8724199999999999
0.8728199999999998
0.87308
0.8733
0.8706199999999998
0.8708000000000001
0.87146
0.8725999999999999
0.8725599999999997
0.8690400000000004
0.8694999999999999
0.8701000000000001
0.8700399999999999
0.8701399999999999
0.8693799999999997
0.8713800000000002
0.8709199999999998
0.8696999999999996
0.86936
0.8680399999999997
0.8708
0.86948
0.8704399999999999
0.8708000000000005
0.8677000000000004
0.8700199999999999
0.8683599999999997
0.8715999999999998
0.8699800000000001
0.8683600000000002
0.8723799999999998
0.8711800000000003
0.8695599999999999
0.8687599999999998
0.8696799999999999
0.8687600000000001
0.8699000000000001
0.8666600000000001
0.86814
0.8717999999999997
0.8702999999999997
0.87044
0.8687400000000003
0.8697600000000001
0.8710399999999997
0.8690399999999998
0.8676799999999999
0.8701000000000001
0.8700999999999999
0.8675999999999998
0.8704799999999999
0.86838
0.8669999999999999
0.8667400000000001
0.8684999999999996
0.8708400000000003
0.86844
0.8711200000000001
0.8711
0.8706399999999996
0.8687999999999998
0.8697000000000001
0.8702199999999998
0.8704599999999999
0.8681199999999997
0.8684600000000002
0.8727399999999993
0.8697800000000002
0.8694999999999997
0.8690799999999997
0.8686600000000001
0.8679199999999994
0.8709599999999998
0.8715599999999998
0.8707399999999997
0.8684599999999999
0.8692999999999997
0.8701999999999999
0.8687399999999995
0.8694599999999995
0.87064
0.8692
0.8723999999999995
0.8673999999999996
0.8697400000000002
0.8699400000000002
0.8685199999999997
0.8680599999999999
0.8679199999999999
0.8688999999999999
0.8706999999999999
0.8692399999999998
0.8706
0.8716799999999997
0.8709799999999999
0.8696600000000001
0.8687199999999998
0.8715
0.8690799999999996
0.8701199999999997
0.8717600000000002
0.86994
0.8706000000000002
0.87178
0.8702599999999998
0.8689599999999997
0.8688999999999999
0.8684999999999998
0.8680799999999996
0.8691399999999999
0.8649800000000001
0.8694399999999998
0.8682199999999994
0.8699199999999999
0.86752
0.8711599999999996
0.8687999999999999
0.8690400000000001
0.8680400000000003
0.8690599999999999
0.8700399999999999
0.8724200000000003
0.8724200000000001
0.8710399999999996
0.8689399999999999
0.86944
0.86862
0.8667399999999994
0.8703
0.8711600000000003
0.86954
0.8697599999999999
0.8706
0.8696000000000004
0.8678200000000001
0.8670000000000003
0.8714199999999994
0.8696999999999996
0.8707399999999997
0.87178
0.87042
0.8721999999999994
0.87078
0.8702800000000005
0.8709199999999998
0.8710599999999995
0.8693999999999998
0.8653599999999996
0.8679399999999994
0.8676400000000001
0.8685399999999994
0.8700600000000004
0.8703199999999995
0.8698400000000003
0.8696599999999997
0.8701199999999999
0.8682799999999992
0.8678799999999997
0.8714000000000002
0.8693199999999996
0.86854
0.8705599999999998
0.8685200000000002
0.86854
0.8642399999999993
0.8684399999999998
0.8663999999999997
0.8690799999999997
0.8696200000000001
0.8711000000000004
0.8729400000000002
0.8679399999999997
0.8696199999999995
0.8696000000000003
0.8682599999999997
0.86946
0.8710400000000004
0.8670399999999995
0.8712399999999999
0.8703599999999996
0.8715999999999999
0.87064
0.8686000000000001
0.8710799999999995
0.8720400000000004
0.87062
0.8704200000000002
0.8699799999999995
0.8680599999999997
0.8692200000000001
0.8700000000000001
0.8697599999999994
0.8704000000000001
0.8691800000000001
0.8673399999999997
0.8690199999999997
0.8692399999999999
0.8672799999999998
0.8690600000000002
0.8694599999999998
0.8706999999999998
0.8697999999999998
0.8700399999999998
0.8713599999999996
0.8709799999999998
0.8702800000000004
0.8693799999999997
0.8684399999999998
0.8669599999999998
0.8680199999999998
0.8672799999999996
0.8686599999999998
0.8711199999999998
0.8718199999999999
0.86902
0.8695600000000002
0.8675799999999996
0.8682000000000001
0.8664599999999997
0.8727000000000003
0.8690400000000003
0.8710399999999994
0.8713400000000003
0.8708599999999997
0.8688000000000003
0.8701800000000003
0.8700399999999996
0.8678999999999994
0.87066
0.8713999999999997
0.8697199999999999
0.87062
0.8696399999999997
0.8712800000000002
0.8718399999999998
0.87198
0.8681599999999996
0.8704999999999999
0.8703200000000001
0.8711400000000001
0.8698599999999996
0.8715
0.8702
0.86712
0.8686799999999998
0.86994
0.8686400000000002
0.8707600000000002
0.8711999999999996
0.8687999999999996
0.8712399999999999
0.87046
0.8678199999999997
0.8675600000000001
0.8700599999999996
0.8704799999999999
0.8689600000000003
0.8696999999999996
0.8703
0.8701799999999998
0.8682199999999999
0.8666599999999999
0.8724599999999997
0.8695200000000001
0.8669599999999997
0.8693600000000004
0.8707999999999995
0.8709000000000003
0.8706200000000002
0.8694799999999998
0.8696399999999999
0.8688399999999998
0.8683999999999997
0.86996
0.8704999999999997
0.8686799999999999
0.8675400000000001
0.8735399999999993
0.8715799999999999
0.87226
0.8707399999999998
0.8692000000000003
0.8691599999999999
0.86932
0.8688999999999996
0.8720600000000001
0.8705799999999999
0.8667999999999998
0.8691599999999993
0.8693599999999999
0.8679599999999996
0.8686200000000005
0.87
0.8712800000000002
0.8698600000000002
0.8680599999999999
0.8709800000000001
0.8709200000000001
0.8706
0.8686200000000001
0.8684199999999999
0.8676199999999996
0.87012
0.8703799999999997
0.8689199999999997
0.8693199999999999
0.8714799999999996
0.8703599999999996
0.86796
0.8689200000000001
0.8706599999999999
0.8679600000000001
0.8700400000000004
0.868
0.8684199999999999
0.8713000000000001
0.8707200000000002
0.8679000000000002
0.86814
0.8679599999999997
0.8663200000000001
0.8708799999999997
0.8713199999999999
0.8694200000000006
0.8711400000000001
0.8715399999999995
0.8704999999999998
0.87012
0.8711399999999996
0.8696600000000001
0.8713999999999997
0.86914
0.8687399999999995
0.8704599999999997
0.86922
0.8707599999999996
0.8702200000000002
0.86776
0.8726400000000001
0.8700800000000001
0.8698200000000001
0.8715799999999999
0.8695799999999996
0.8719799999999998
0.87058
0.8678800000000001
0.8689399999999999
0.8702799999999999
0.87228
0.8687999999999999
0.8671400000000002
0.8678
0.8679400000000002
0.8674599999999998
0.8691999999999999
0.8710999999999998
0.8685799999999998
0.8707600000000002
0.8696199999999998
0.8690599999999995
0.8684200000000001
0.8707599999999996
0.8698
0.86812
0.8675000000000002
0.868
0.8692399999999998
0.87018
0.8696400000000001
0.8681799999999997
0.8680799999999997
0.8698399999999998
0.8687199999999996
0.8672
0.8686599999999998
0.8714000000000002
0.8693199999999998
0.8687800000000001
0.87104
0.8696999999999997
0.8698199999999997
0.8698200000000001
0.8704400000000004
0.8716600000000001
0.8696399999999997
0.8698200000000001
0.86902
0.8721800000000001
0.87194
0.8682199999999998
0.8710999999999995
0.8691199999999997
0.8697
0.8699400000000002
0.8696599999999998
0.8708400000000001
0.8686000000000003
0.8677600000000005
0.8690199999999997
0.8685000000000003
0.8690399999999998
0.87076
0.8719999999999999
0.8696600000000002
0.8683399999999999
0.8688799999999997
0.8695799999999996
0.8687599999999998
0.8688800000000003
0.8668999999999994
0.86958
0.8710999999999995
0.8686199999999998
0.8683399999999996
0.8685600000000006
0.8708000000000001
0.86878
0.8695399999999993
0.8697599999999995
0.8704999999999999
0.8690199999999997
0.8699199999999991
0.8709200000000001
0.8698999999999996
0.8686799999999998
0.8702399999999997
0.8702999999999999
0.8705399999999998
0.8707600000000001
0.8708799999999998
0.86994
0.8696000000000004
0.8713000000000001
0.87004
0.8683999999999997
0.8687799999999999
0.8679999999999997
0.8694599999999996
0.8695599999999998
0.8679199999999999
0.8680399999999997
0.8714799999999991
0.86874
0.8703800000000004
0.8721400000000006
0.86956
0.86988
0.8688999999999999
0.8677399999999998
0.8684800000000001
0.8706400000000001
0.8702599999999999
0.86988
0.87104
0.8708799999999997
0.87264
0.8691800000000002
0.8702199999999998
0.8703799999999998
0.8720599999999998
0.8687399999999998
0.8723000000000002
0.8709999999999997
0.8713000000000002
0.8696600000000002
0.8698600000000001
0.86834
0.8691399999999997
0.8692600000000001
0.8676000000000001
0.8697999999999998
0.8696
0.8679200000000001
0.8667199999999999
0.8694799999999998
0.8679000000000001
0.8714200000000001
0.8674199999999997
0.8659999999999997
0.8710000000000001
0.8692799999999997
0.8690399999999996
0.8671199999999996
0.86812
0.8691600000000002
0.8686400000000002
0.8708199999999999
0.8695399999999998
0.8713799999999999
0.8709800000000001
0.8719999999999999
0.8702
0.8692199999999994
0.8693599999999999
0.8708199999999997
0.87308
0.8715400000000001
0.8691599999999997
0.8674199999999995
0.8698800000000003
0.8682999999999994
0.8692599999999997
0.87122
0.8685199999999997
0.8680799999999997
0.8700999999999999
0.8692200000000002
0.8694999999999996
0.8705599999999997
0.8704799999999999
0.8694999999999997
0.86988
0.8714799999999997
0.8686599999999999
0.8698199999999998
0.8655799999999999
0.8680200000000003
0.8665800000000001
0.8665199999999994
0.8706600000000002
0.8702399999999997
0.8679399999999993
0.8673999999999995
0.8698199999999996
0.8708800000000002
0.8722399999999999
0.8697799999999997
0.8697199999999998
0.8717999999999998
0.8686
0.8689800000000001
0.8708799999999997
0.8702399999999999
0.8689799999999996
0.86926
0.8703599999999999
0.86964
0.8686400000000003
0.8682399999999996
0.8699199999999996
0.8696399999999997
0.8655199999999995
0.8701200000000004
0.8699400000000003
0.86714
0.86976
0.8702400000000001
0.8688999999999997
0.8674600000000002
0.86924
0.8707599999999998
0.8686599999999998
0.8675599999999997
0.8691799999999997
0.8684399999999998
0.8694799999999997
0.8716799999999997
0.8678599999999992
0.8689199999999998
0.8697199999999999
0.8700999999999999
0.8691999999999998
0.8720800000000001
0.8695399999999998
0.8704799999999996
0.8692399999999999
0.8692599999999999
0.8709799999999998
0.8706599999999999
0.8691399999999999
0.8709999999999998
0.8720799999999999
0.86966
0.8712199999999996
0.8696399999999997
0.8697599999999999
0.8706800000000001
0.8718200000000003
0.8687400000000003
0.8713
0.8704399999999999
0.8692399999999997
0.8669799999999996
0.8703399999999999
0.8697399999999998
0.8683799999999995
0.87018
0.8705200000000004
0.8704999999999998
0.86688
0.8682
0.8699799999999998
0.8694000000000004
0.8703000000000002
0.8713200000000003
0.8687399999999998
0.8711999999999998
0.87284
0.8687200000000002
0.8684800000000001
0.8705999999999996
0.8713000000000002
0.8675400000000001
0.8695800000000002
0.8687199999999998
0.8703799999999997
0.8691399999999995
0.8678199999999994
0.8706600000000004
0.87128
0.8710599999999998
0.8680600000000002
0.8677800000000002
0.8708000000000001
0.8717199999999998
0.8706599999999999
0.8699799999999999
0.8694999999999997
0.87158
0.8706800000000001
0.8708400000000001
0.8684599999999998
0.86748
0.8674599999999999
0.8690400000000001
0.8701399999999998
0.8688800000000002
0.8693400000000002
0.8701799999999996
0.86946
0.87178
0.8717800000000001
0.8718799999999999
0.8696
0.8678599999999997
0.8707399999999998
0.8699600000000003
0.8639999999999999
0.86558
0.8663800000000001
0.8665600000000001
0.8668199999999999
0.8668399999999999
0.8664199999999996
0.86774
0.87004
0.8708199999999998
0.8696399999999999
0.8716999999999999
0.8679799999999993
0.8707200000000002
0.8685200000000001
0.8684400000000002
0.8669800000000002
0.8688399999999998
0.86604
0.8699199999999991
0.8680800000000002
0.8709599999999998
0.8721999999999999
0.8687999999999997
0.8692
0.8695800000000005
0.8690799999999997
0.8671599999999999
0.8696799999999993
0.8706000000000002
0.8690599999999999
0.8695
0.8685999999999997
0.8702199999999998
0.8700600000000001
0.8675599999999996
0.8690999999999997
0.8705999999999997
0.87094
0.8702000000000001
0.8712799999999998
0.8703799999999999
0.8711399999999999
0.8680599999999997
0.8707199999999997
0.8711599999999998
0.8682799999999999
0.8698999999999999
0.8697600000000001
0.8699599999999998
0.87196
0.8713600000000001
0.86776
0.8678399999999995
0.8684199999999997
0.8680600000000002
0.8687399999999998
0.8694199999999997
0.8690600000000002
0.8689200000000001
0.8694199999999997
0.8667199999999999
0.8678999999999998
