0.19999999999999962
0.57654
0.8955800000000005
0.9051000000000005
0.9084400000000002
0.9062400000000004
0.9065400000000002
0.90456
0.9065400000000003
0.9041800000000001
0.9082800000000004
0.90668
0.9066
0.9083200000000001
0.9045200000000001
0.9080400000000003
0.9048800000000005
0.9067400000000003
0.9065600000000004
0.9064800000000008
0.9069000000000003
0.9049
0.9081600000000007
0.9056000000000003
0.9042200000000007
0.9064200000000001
0.904940000000001
0.9053000000000003
0.9070600000000006
0.9066
0.9073800000000004
0.9037000000000003
0.9052
0.9088600000000001
0.9049400000000002
0.9064800000000006
0.9047600000000005
0.9036399999999998
0.9065000000000005
0.90512
0.9069800000000002
0.9053600000000004
0.9057200000000002
0.9070800000000006
0.9043800000000001
0.9039600000000004
0.9071000000000007
0.9054000000000006
0.9050800000000001
0.9060200000000003
0.9057200000000006
0.9057000000000004
0.9070600000000002
0.9055600000000004
0.9057000000000005
0.9075000000000003
0.90778
0.9056200000000006
0.9057400000000001
0.9064200000000002
0.9047400000000002
0.9063800000000003
0.9039800000000001
0.9043200000000003
0.9073600000000007
0.9061000000000008
0.9087400000000007
0.9067199999999999
0.9067400000000007
0.9061200000000005
0.9056400000000008
0.9064400000000008
0.9063000000000005
0.9063200000000003
0.9064
0.9070599999999999
0.9065600000000006
0.9043200000000003
0.9051600000000005
0.9065200000000001
0.9051000000000005
0.9067600000000005
0.9082200000000001
0.9057600000000003
0.9053200000000007
0.9060600000000005
0.9052800000000005
0.9061200000000004
0.9072600000000004
0.9075200000000007
0.9071800000000007
0.9058600000000006
0.9079200000000003
0.9063600000000005
0.9076400000000007
0.9095800000000003
0.9092200000000004
0.9051200000000003
0.9062600000000001
0.90506
0.9071400000000004
0.9066600000000004
0.90474
0.9068000000000002
0.9090400000000005
0.9059200000000005
0.9057000000000004
0.9081800000000001
0.905660000000001
0.9088999999999998
0.9087600000000003
0.9084000000000002
0.9068200000000004
0.9058800000000005
0.9070800000000004
0.9067000000000003
0.90624
0.9085400000000005
0.9044000000000001
0.9069600000000002
0.9070800000000001
0.9067600000000007
0.9056000000000001
0.9075800000000005
0.9075200000000003
0.9047200000000005
0.9051800000000004
0.9090400000000005
0.9059200000000007
0.9039600000000004
0.9055000000000001
0.90858
0.9060600000000004
0.9070000000000009
0.9066200000000002
0.9079400000000006
0.9078400000000002
0.9030600000000004
0.90658
0.9060400000000005
0.9064400000000006
0.9043200000000005
0.9068200000000007
0.9067200000000006
0.9055200000000003
0.9080600000000005
0.9046000000000004
0.9046200000000002
0.9081400000000004
0.9067800000000003
0.9057000000000006
0.9052600000000004
0.9068200000000002
0.9061400000000002
0.9071400000000008
0.9057400000000007
0.9072200000000004
0.9067000000000001
0.9044600000000003
0.9058600000000002
0.9052800000000006
0.9074000000000004
0.9067000000000004
0.9079200000000002
0.9073400000000005
0.9049000000000007
0.9036000000000002
0.9074800000000006
0.9065399999999997
0.9058600000000006
0.9033800000000004
0.9075200000000005
0.9061000000000002
0.9032200000000001
0.9092400000000004
0.9061000000000006
0.9063200000000002
0.9041600000000009
0.9083400000000005
0.90752
0.9075800000000003
0.9074200000000002
0.9090600000000005
0.9067800000000003
0.9051200000000006
0.9041200000000003
0.9042400000000005
0.9088200000000001
0.9071400000000004
0.9057000000000004
0.9067000000000001
0.9067000000000002
0.9072600000000003
0.9069800000000008
0.9066600000000002
0.9057800000000005
0.9064600000000005
0.9060200000000003
0.9047800000000005
0.9074800000000005
0.9088600000000003
0.90768
0.9066400000000001
0.9068400000000006
0.9044800000000006
0.9060000000000002
0.9044000000000003
0.9060600000000005
0.9059600000000002
0.9068200000000007
0.9064200000000007
0.9064600000000003
0.9074400000000002
0.9087200000000004
0.9060400000000004
0.9040200000000005
0.9031799999999999
0.9078200000000006
0.9089400000000002
0.90532
0.9038600000000003
0.90658
0.9048200000000005
0.9067600000000007
0.9047200000000002
0.9065800000000002
0.9055600000000004
0.9063600000000007
0.907620000000001
0.9074000000000002
0.9045200000000001
0.9069400000000003
0.9081600000000006
0.9063400000000008
0.9071400000000002
0.9038800000000002
0.9081400000000008
0.9064400000000006
0.9048400000000006
0.9076999999999998
0.9078800000000006
0.9066200000000005
0.9057800000000001
0.9083000000000006
0.9066400000000003
0.9068800000000001
0.9050800000000006
0.9053600000000003
0.9072399999999999
0.9057200000000002
0.9062400000000007
0.9058800000000005
0.9054000000000001
0.9066400000000001
0.9048800000000005
0.9051000000000003
0.9074200000000006
0.9074000000000001
0.9058200000000004
0.9061400000000006
0.9080400000000007
0.9085800000000002
0.9051400000000001
0.9068999999999998
0.9058000000000008
0.9061800000000008
0.9103800000000003
0.9059800000000006
0.9052800000000002
0.9070000000000004
0.9083400000000006
0.9053600000000003
0.9068000000000004
0.9062000000000008
0.9099800000000003
0.9071200000000005
0.9078600000000004
0.9063000000000003
0.9057000000000005
0.9050200000000003
0.9052200000000005
0.9084199999999999
0.9061800000000004
0.9077000000000004
0.9056200000000003
0.9060000000000002
0.9053400000000004
0.90502
0.9082400000000004
0.9070800000000007
0.9067600000000006
0.9095399999999999
0.9047600000000005
0.9072200000000004
0.9061200000000003
0.9079200000000003
0.9065600000000003
0.9073600000000002
0.9056400000000001
0.9059400000000002
0.9072000000000002
0.9076400000000001
0.9069600000000004
0.9035200000000004
0.9059200000000005
0.9081200000000004
0.9048400000000001
0.9096400000000006
0.9050199999999999
0.9076800000000006
0.9080600000000006
0.9069400000000007
0.9060000000000008
0.9058400000000004
0.9065599999999999
0.9045000000000002
0.9068200000000003
0.9048800000000005
0.9057600000000007
0.9055800000000002
0.9064000000000005
0.9062200000000007
0.9051600000000007
0.9079000000000004
0.9051600000000006
0.9055200000000002
0.9063000000000001
0.9052600000000003
0.9084000000000003
0.9066000000000004
0.9084000000000004
0.9086800000000004
0.9090800000000001
0.9046
0.9056400000000008
0.9053200000000001
0.9062800000000005
0.90718
0.9046200000000003
0.9054800000000003
0.9065400000000001
0.9069200000000002
0.9060200000000003
0.9079400000000005
0.9071600000000004
0.9072800000000006
0.9039200000000004
0.9067600000000005
0.9066000000000004
0.9068199999999998
0.9070800000000001
0.9064600000000005
0.9061600000000004
0.9071800000000007
0.9044400000000005
0.9054800000000004
0.9071000000000002
0.9066400000000003
0.9071200000000004
0.9058600000000002
0.9065000000000005
0.9079600000000007
0.9088000000000005
0.9057000000000005
0.9065400000000008
0.9090000000000004
0.9069800000000005
0.9049799999999999
0.9074199999999998
0.9071600000000002
0.9058200000000004
0.9078000000000006
0.9060800000000008
0.9066800000000002
0.9023800000000007
0.9077000000000005
0.90462
0.9068399999999999
0.9055200000000003
0.9088800000000005
0.9072000000000005
0.9058399999999998
0.9044400000000004
0.9055000000000003
0.9047800000000003
0.9059600000000007
0.9064800000000005
0.9058399999999999
0.9067199999999994
0.9046400000000006
0.9062600000000007
0.9078200000000005
0.9047200000000002
0.9059000000000007
0.9042000000000001
0.90494
0.9081800000000009
0.9077200000000003
0.9045000000000004
0.9062400000000004
0.9065000000000005
0.9076800000000002
0.9070400000000002
0.9059600000000004
0.9079800000000007
0.9071799999999997
0.9068600000000007
0.9041200000000004
0.9054600000000006
0.9085400000000002
0.9060600000000002
0.9070400000000002
0.9080200000000006
0.9051800000000003
0.905100000000001
0.9052200000000006
0.9046600000000007
0.9060400000000007
0.9071400000000005
0.9058600000000001
0.9073200000000002
0.9065600000000004
0.9057600000000003
0.9055599999999999
0.90936
0.9063600000000004
0.9055400000000003
0.9075600000000003
0.9041400000000006
0.9088000000000004
0.9056000000000002
0.9062800000000005
0.9055800000000005
0.9045000000000001
0.9073800000000003
0.9059200000000004
0.9062000000000006
0.90734
0.9048000000000007
0.9068400000000001
0.9064200000000007
0.9058400000000008
0.9059000000000004
0.9053600000000003
0.9034000000000002
0.9074600000000004
0.9083000000000002
0.9061800000000004
0.9072999999999999
0.9037400000000004
0.9072200000000001
0.9071800000000003
0.9079
0.9065400000000006
0.9057000000000002
0.9054400000000006
0.9053000000000003
0.9082600000000005
0.9064800000000003
0.9076800000000007
0.9079400000000003
0.9073600000000005
0.9051000000000003
0.9059200000000005
0.9043600000000004
0.9067600000000003
0.9056400000000002
0.9057200000000004
0.9057400000000002
0.9067200000000004
0.9042800000000005
0.9032200000000006
0.9080600000000001
0.9073600000000007
0.9066400000000004
0.9047400000000003
0.9062600000000002
0.9058800000000007
0.9096800000000002
0.9067800000000003
0.9054600000000009
0.9056200000000004
0.9077199999999999
0.9057000000000005
0.9055000000000005
0.9078800000000004
0.9056000000000002
0.9056799999999999
0.9067800000000003
0.9083600000000004
0.9036800000000003
0.9058600000000004
0.9051800000000008
0.9060600000000002
0.9069200000000005
0.9054800000000003
0.9055400000000006
0.9050800000000003
0.9073000000000003
0.9039200000000007
0.9070800000000002
0.9077600000000001
0.9069800000000003
0.9055200000000005
0.9067000000000003
0.9067800000000009
0.9040200000000006
0.9079400000000005
0.9057800000000005
0.9079800000000005
0.9040000000000004
0.9084200000000002
0.9070600000000002
0.9045400000000005
0.9041200000000003
0.9071400000000004
0.9046199999999999
0.9072000000000005
0.90654
0.90592
0.9024800000000003
0.9047600000000005
0.9078400000000005
0.9071400000000012
0.9059200000000007
0.9097800000000005
0.9045800000000007
0.9052400000000008
0.9055400000000003
0.9050000000000008
0.9059600000000004
0.9075800000000005
0.9068199999999998
0.9076400000000003
0.9039400000000005
0.9034400000000007
0.9085999999999999
0.9046600000000004
0.9057800000000006
0.9066200000000005
0.9062000000000004
0.9076400000000006
0.9048400000000005
0.9055599999999998
0.9088800000000002
0.9054200000000004
0.9061400000000006
0.9066600000000006
0.9043200000000009
0.9044400000000001
0.9073800000000003
0.9072000000000001
0.9075400000000008
0.9074200000000008
0.90636
0.9061800000000001
0.9053800000000001
0.9058000000000006
0.9067800000000004
0.9066200000000003
0.9101200000000007
0.9058200000000002
0.9055400000000005
0.9066400000000006
0.9065000000000006
0.9076000000000003
0.9077800000000004
0.9071400000000004
0.908260000000001
0.9060200000000002
0.9043800000000006
0.9059000000000005
0.9064600000000006
0.9065400000000002
0.9055600000000003
0.9054000000000002
0.9050000000000006
0.9087600000000005
0.9052800000000003
0.9079200000000006
0.9075800000000004
0.9060000000000007
0.9054000000000008
0.9082600000000002
0.9065200000000004
0.9073
0.9064200000000002
0.9064399999999996
0.9059400000000001
0.9065400000000006
0.9047800000000003
0.9080600000000005
0.9059800000000001
0.9066400000000003
0.90562
0.9074200000000003
0.9032399999999998
0.9050200000000004
0.9071199999999996
0.9062800000000004
0.9052799999999999
0.9058000000000003
0.9066400000000006
0.90544
0.9056000000000004
0.9078800000000006
0.9065200000000008
0.90718
0.9044600000000003
0.9054800000000002
0.9066200000000005
0.9077599999999998
0.9063200000000005
0.9043399999999999
0.9039999999999999
0.90798
0.9058000000000002
0.9073400000000007
0.9055400000000001
0.9072600000000008
0.9085000000000005
0.9071600000000004
0.9067200000000004
0.9063200000000006
0.9059600000000007
0.9062600000000001
0.9054000000000003
0.9043999999999999
0.90524
0.9045200000000002
0.9067600000000003
0.9066800000000002
0.9054199999999998
0.9076200000000005
0.9091000000000002
0.9058800000000007
0.9052400000000006
0.9068400000000005
0.9061800000000002
0.9072600000000005
0.9065200000000004
0.9069800000000003
0.9089400000000005
0.9031600000000002
0.9051800000000004
0.9100400000000005
0.9082400000000006
0.9076200000000005
0.90502
0.9044400000000001
0.9048200000000008
0.9069000000000002
0.9083200000000005
0.9052800000000005
0.9065800000000004
0.9078400000000002
0.9062400000000008
0.9068000000000002
0.9040600000000006
0.9073600000000003
0.9073000000000003
0.9090000000000006
0.90646
0.9059000000000005
0.9083200000000005
0.9070600000000004
0.9055000000000003
0.9053000000000003
0.9057599999999999
0.9053400000000003
0.9050400000000005
0.9071600000000002
0.9051200000000005
0.906480000000001
0.9078
0.9045400000000002
0.9083199999999998
0.9035000000000004
0.9081400000000004
0.9053800000000004
0.9055000000000004
0.9063400000000001
0.9059400000000004
0.9042800000000003
0.9072600000000002
0.9051800000000001
0.9074200000000002
0.9067000000000002
0.9045200000000002
0.9068800000000004
0.9048800000000005
0.9065200000000003
0.9071800000000007
0.9082600000000002
0.9069600000000005
0.9062400000000008
0.9076600000000008
0.9071400000000002
0.9052600000000003
0.9061400000000003
0.9060000000000002
0.9086200000000008
0.9074599999999999
0.9067200000000004
0.9055600000000003
0.9076400000000003
0.9069399999999999
0.9052800000000005
0.9054000000000006
0.9069000000000003
0.9045000000000004
0.9057200000000002
0.9054400000000002
0.9053799999999999
0.9079800000000003
0.9062800000000005
0.9042000000000003
0.9043400000000001
0.9051600000000006
0.9044400000000004
0.9059400000000006
0.9061199999999998
0.9038200000000005
0.9066000000000006
0.9071800000000008
0.9048400000000005
0.90612
0.9074400000000001
0.9073600000000003
0.9057200000000002
0.9055400000000001
0.90888
0.9057800000000005
0.9062600000000006
0.9050400000000005
0.90672
0.9056200000000005
0.9037000000000006
0.9048200000000008
0.9071400000000007
0.9068800000000009
0.9053400000000003
0.9051800000000001
0.90644
0.9018200000000007
0.9058400000000002
0.9040200000000007
0.9093200000000006
0.90884
0.9049200000000002
0.9055600000000006
0.9061800000000005
0.90636
0.9055000000000001
0.9036400000000004
0.9056400000000003
0.9072600000000004
0.9064999999999999
0.9042600000000002
0.9071600000000007
0.9053400000000004
0.9064000000000003
0.9054400000000004
0.9059800000000005
0.9075400000000003
0.9048200000000003
0.9072000000000002
0.9068600000000004
0.9081199999999998
0.9047400000000002
0.9078400000000002
0.9078800000000001
0.9047600000000005
0.9057000000000006
0.9065200000000005
0.906300000000001
0.9052800000000005
0.9070200000000006
0.9036
0.9051600000000006
0.9048800000000002
0.9057000000000001
0.9062000000000003
0.9079000000000004
0.9039200000000007
0.9073000000000003
0.90574
0.9095400000000005
0.9074800000000003
0.9065200000000004
0.9080600000000006
0.9040400000000008
0.9080600000000003
0.9067400000000008
0.9062600000000005
0.9069400000000004
0.9046800000000005
0.9083200000000009
0.9067400000000007
0.9081400000000002
0.9062600000000003
0.9091200000000009
0.9046200000000002
0.9067000000000002
0.90828
0.9062000000000003
0.9068000000000004
0.9085400000000005
0.9041400000000007
0.9085000000000002
0.9063599999999997
0.9059000000000005
0.9065000000000006
0.9063800000000003
0.90628
0.9060400000000003
0.9071200000000001
0.9079200000000008
0.9064600000000006
0.9075400000000005
0.9040800000000001
0.9077600000000002
0.9087400000000007
0.9064800000000006
0.9045399999999999
0.9063200000000008
0.9049000000000004
0.9070600000000003
0.9050000000000006
0.9083200000000005
0.9096600000000002
0.9060000000000007
0.90584
0.9065799999999997
0.9045600000000007
0.9049200000000003
0.9052600000000004
0.9056400000000002
0.9045200000000005
0.9059800000000006
0.9070400000000002
0.905
0.9083999999999999
0.9054600000000005
0.9068800000000004
0.9081400000000002
0.9068400000000001
0.9072000000000006
0.9031800000000004
0.9075600000000005
0.9059400000000001
0.9062200000000005
0.9050000000000007
0.9092400000000005
0.9060400000000005
0.9057600000000001
0.9072200000000002
0.9071400000000003
0.90856
0.907
0.9064400000000004
0.9041000000000002
0.9070200000000004
0.9059200000000003
0.9075600000000005
0.9033000000000004
0.9090200000000006
0.9052200000000004
0.9038800000000002
0.9067400000000008
0.9068000000000004
0.9083400000000001
0.9065200000000005
0.9070400000000004
0.9060200000000002
0.9062800000000003
0.9063200000000002
0.9060400000000007
0.9058800000000008
0.9077000000000004
0.9057400000000004
0.9059800000000001
0.9062400000000005
0.9075800000000008
0.9073400000000003
0.9072200000000004
0.9057
0.9079600000000003
0.9058800000000005
0.9076400000000007
0.9064200000000003
0.9067400000000003
0.9060600000000001
0.9047600000000005
0.90746
0.9048800000000006
0.9067800000000004
0.9071000000000007
0.9066800000000006
0.9054200000000008
0.9062400000000007
0.9070400000000004
0.9046000000000004
0.9069600000000005
0.9068400000000005
0.9061400000000006
0.9066400000000004
0.9054600000000002
0.9062399999999997
0.9069600000000005
0.9057600000000007
0.9072000000000005
0.9055000000000003
0.90624
0.9060800000000002
0.9086000000000004
0.9076200000000005
0.9060400000000003
0.9073200000000006
0.9076600000000002
0.9048999999999999
0.9086400000000002
0.9062600000000005
0.9076000000000005
0.90504
0.9068600000000003
0.9067400000000003
0.9066000000000005
0.9061400000000002
0.9052000000000006
0.9049200000000003
0.9051400000000005
0.9063000000000002
0.9078600000000008
0.9047200000000001
0.9067200000000001
0.9068200000000002
0.9043400000000003
0.9091600000000009
0.9061400000000006
0.9063600000000005
0.9074000000000007
0.9071599999999997
0.9053200000000002
0.9036
0.9070000000000005
0.9068400000000004
0.9065800000000003
0.9073600000000003
0.9068200000000004
0.9060600000000002
0.9072800000000004
0.9078600000000009
0.9057200000000002
0.9067200000000004
0.9077600000000002
0.9065200000000001
0.9056400000000002
0.9065600000000003
0.9068800000000001
0.9068400000000004
0.9067200000000001
0.9063200000000006
0.9058000000000004
0.9060400000000003
0.9046800000000006
0.9078600000000006
0.9069400000000004
0.9084599999999999
0.9059599999999999
0.9074600000000005
0.90612
0.9067000000000006
0.9083400000000007
0.9054400000000007
0.9039800000000006
0.9045000000000003
0.9076000000000007
0.9056800000000002
0.9081600000000006
0.905500000000001
0.905500000000001
0.9068800000000005
0.9063800000000003
0.9069200000000006
0.90402
0.9057200000000004
0.9073
0.9063200000000006
0.9040800000000005
0.9071200000000009
0.9063800000000006
0.9088800000000002
0.9068800000000001
0.9054200000000001
0.9061000000000001
0.9056000000000002
0.9072600000000002
0.9044400000000004
0.9037200000000007
