0.19999999999999962
0.3623600000000001
0.58764
0.7367
0.8078200000000002
0.8410399999999999
0.8548
0.85878
0.8617599999999996
0.8621199999999999
0.8652200000000003
0.8636199999999999
0.8611799999999993
0.8621999999999997
0.8626399999999994
0.8657199999999997
0.8649599999999998
0.8640799999999998
0.8628599999999994
0.86398
0.8636
0.8644599999999998
0.8633799999999997
0.8612799999999997
0.8619199999999998
0.8629399999999998
0.8619999999999997
0.8619
0.8622999999999997
0.8623199999999994
0.8618399999999994
0.8646599999999995
0.8614799999999999
0.8633599999999998
0.8635399999999995
0.8655399999999999
0.86228
0.8623399999999998
0.8639599999999994
0.8631800000000002
0.8650599999999997
0.8652599999999996
0.8641399999999996
0.8668799999999998
0.8665399999999996
0.86606
0.86324
0.8634
0.86542
0.8625199999999996
0.8628599999999994
0.8610799999999996
0.8617200000000002
0.8650199999999998
0.8637399999999996
0.8632000000000001
0.8658599999999999
0.8653599999999999
0.8622999999999995
0.8614599999999999
0.8614199999999995
0.8629599999999995
0.8624400000000001
0.8615999999999993
0.8628199999999996
0.8656000000000001
0.8621000000000001
0.8657799999999999
0.8639199999999998
0.8635399999999999
0.8635399999999999
0.8624599999999997
0.8654799999999995
0.8649
0.8640400000000001
0.8655399999999998
0.8641399999999996
0.8640999999999999
0.8637400000000004
0.8625799999999996
0.8655599999999994
0.8636799999999998
0.8643599999999998
0.8638399999999998
0.8660599999999999
0.8634399999999997
0.8652999999999998
0.8645799999999998
0.8647400000000003
0.8639999999999997
0.8630400000000001
0.8593599999999997
0.8623999999999999
0.86142
0.86226
0.8630599999999999
0.865859999999999
0.8664800000000001
0.86554
0.8641599999999997
0.8634399999999997
0.8665199999999998
0.8653599999999999
0.8642799999999997
0.8652599999999999
0.8647199999999999
0.8652199999999999
0.86206
0.8640399999999999
0.86182
0.86224
0.86366
0.8641800000000002
0.8651799999999998
0.86214
0.8636000000000004
0.8661800000000003
0.8647000000000002
0.8637000000000001
0.86664
0.8630399999999995
0.8624399999999995
0.8598600000000001
0.86124
0.8642000000000002
0.8639599999999994
0.8628399999999998
0.8617400000000002
0.8604399999999995
0.8638199999999998
0.8623599999999996
0.8625800000000003
0.8671799999999998
0.86478
0.8651199999999996
0.8648599999999996
0.8644799999999995
0.8605999999999997
0.8628599999999993
0.86252
0.8659199999999998
0.8634600000000002
0.8633600000000001
0.8612599999999996
0.8645599999999999
0.8631799999999998
0.8649000000000001
0.8640599999999994
0.8637599999999998
0.8661599999999998
0.8635999999999998
0.8646199999999996
0.86334
0.8633799999999998
0.8614199999999996
0.8628400000000004
0.86508
0.8642799999999995
0.8624799999999995
0.8613400000000003
0.8659400000000003
0.8664800000000001
0.8639199999999997
0.8640599999999998
0.8648999999999997
0.8632599999999999
0.8627199999999998
0.8635
0.8640799999999994
0.8663399999999999
0.8654399999999999
0.8660399999999993
0.8658799999999998
0.8620799999999998
0.8643000000000004
0.86366
0.8651199999999997
0.8635199999999998
0.8639199999999996
0.8634399999999995
0.8648199999999998
0.8647199999999998
0.8635599999999997
0.8637
0.8618399999999995
0.8635800000000002
0.8657399999999997
0.8644999999999996
0.8648999999999998
0.8621800000000002
0.8626000000000001
0.8634800000000001
0.8635600000000002
0.8622600000000001
0.8614199999999996
0.8633399999999998
0.8627599999999996
0.86092
0.86328
0.8634599999999996
0.8663800000000001
0.8638400000000002
0.8650799999999998
0.8663599999999999
0.8659599999999997
0.8650200000000002
0.8645799999999998
0.8614399999999993
0.8625399999999999
0.8638999999999999
0.8639399999999998
0.8652600000000001
0.86344
0.8636599999999998
0.8627199999999998
0.8639599999999998
0.8641399999999999
0.8647600000000003
0.8633799999999995
0.8643399999999997
0.8648200000000001
0.86374
0.8649199999999999
0.8639399999999994
0.8625800000000001
0.8643999999999997
0.8605799999999999
0.86234
0.8626199999999996
0.8619200000000002
0.8623799999999995
0.8618799999999994
0.8652999999999996
0.8638399999999998
0.85976
0.86378
0.8610800000000001
0.8629200000000001
0.86398
0.8665999999999997
0.8636
0.8632199999999997
0.8629799999999999
0.8641999999999997
0.86324
0.865
0.8638799999999998
0.8638599999999995
0.8648599999999999
0.8633799999999998
0.8611599999999998
0.8660199999999999
0.8642999999999997
0.8649799999999997
0.8671200000000002
0.8634799999999992
0.8640799999999993
0.8635999999999998
0.8623799999999997
0.8655799999999998
0.8661000000000001
0.8627399999999998
0.8610599999999995
0.8624799999999996
0.8631199999999999
0.8672799999999999
0.8652400000000003
0.8653400000000001
0.8607199999999996
0.8611599999999996
0.8632999999999994
0.8634999999999997
0.8651199999999997
0.8665399999999996
0.8630799999999996
0.8647799999999995
0.8634399999999998
0.8641799999999997
0.8624999999999996
0.86402
0.8642999999999996
0.8653199999999999
0.8649599999999995
0.86454
0.8654999999999994
0.8631599999999996
0.8630599999999998
0.8643399999999996
0.8650399999999999
0.8656599999999997
0.8634199999999999
0.8619999999999998
0.8627399999999996
0.8612399999999997
0.8623999999999996
0.8626999999999999
0.8627999999999999
0.8625
0.8657999999999997
0.8638199999999995
0.8637200000000002
0.86298
0.8636400000000006
0.8663200000000001
0.8636400000000001
0.8655799999999998
0.86072
0.8628799999999995
0.8630399999999996
0.8645
0.86098
0.8621399999999998
0.86212
0.8650800000000003
0.8632799999999996
0.86104
0.8619
0.8638199999999999
0.8636799999999997
0.8626799999999997
0.86196
0.8651800000000001
0.8641399999999997
0.8629999999999995
0.8608999999999999
0.8645399999999998
0.8646399999999997
0.8652799999999998
0.8665400000000002
0.8648
0.8629400000000002
0.8620599999999996
0.8590199999999999
0.8631599999999999
0.8651399999999998
0.8644599999999997
0.8645400000000001
0.8632399999999998
0.8607200000000002
0.86262
0.8623599999999999
0.8633599999999996
0.8627799999999998
0.8627999999999997
0.8619000000000002
0.8626799999999996
0.8588599999999998
0.8621599999999997
0.8660199999999998
0.86378
0.8644999999999999
0.8635799999999999
0.8640199999999995
0.8643199999999998
0.8629799999999994
0.8636199999999996
0.86528
0.8653999999999997
0.86414
0.8638199999999995
0.86386
0.8640399999999999
0.865
0.8652399999999997
0.8633199999999994
0.8641999999999997
0.8617999999999999
0.8614999999999994
0.8599999999999994
0.8634399999999995
0.8638799999999995
0.86336
0.8650000000000001
0.8646199999999995
0.86512
0.8630199999999997
0.8664199999999996
0.8618200000000001
0.8603199999999995
0.86356
0.8642799999999997
0.8645799999999997
0.8642799999999998
0.8634399999999998
0.8626400000000003
0.8643999999999997
0.8636599999999998
0.86488
0.8656999999999997
0.8647000000000001
0.8639599999999996
0.8628399999999994
0.8662599999999999
0.8620799999999994
0.86322
0.8629000000000002
0.86288
0.8588999999999996
0.8614999999999995
0.8620799999999997
0.8610199999999999
0.86068
0.8633599999999996
0.8644999999999999
0.8655599999999997
0.8635999999999998
0.8631399999999999
0.8617400000000001
0.8641599999999999
0.8602999999999997
0.861
0.8631399999999995
0.8615999999999997
0.8606599999999998
0.8611399999999996
0.8614399999999999
0.8634
0.8637999999999996
0.86316
0.8654399999999999
0.8631399999999997
0.8614599999999997
0.8603999999999999
0.8638999999999999
0.8636999999999999
0.86472
0.8633799999999997
0.8628999999999999
0.86246
0.8644799999999999
0.8615399999999996
0.86544
0.8648199999999998
0.8656399999999995
0.8641399999999999
0.86218
0.8630199999999997
0.8625200000000001
0.8641399999999996
0.86356
0.8649400000000002
0.8639199999999997
0.8659200000000001
0.8663999999999996
0.86588
0.8630599999999999
0.8629199999999999
0.8626399999999995
0.8645599999999998
0.8644399999999999
0.8654799999999995
0.8633199999999996
0.8625799999999999
0.8648200000000001
0.8620599999999996
0.8613799999999998
0.8622999999999998
0.8627999999999996
0.86248
0.8637399999999998
0.8641999999999996
0.8624399999999998
0.8650999999999996
0.8654599999999997
0.8651800000000001
0.8649999999999998
0.8627199999999999
0.8630199999999998
0.8628399999999995
0.8646799999999996
0.8645000000000003
0.8657399999999997
0.8659999999999997
0.8611599999999997
0.8628
0.8636999999999996
0.8608599999999994
0.8637799999999998
0.86508
0.86812
0.8656199999999997
0.8643000000000001
0.8663200000000001
0.8628599999999996
0.8654999999999998
0.86552
0.8641399999999999
0.8663799999999998
0.8639800000000004
0.8618999999999996
0.8594999999999996
0.8662599999999999
0.8639600000000002
0.8614799999999998
0.8618199999999999
0.8609
0.8646999999999996
0.8655200000000001
0.8630999999999998
0.85944
0.86292
0.8618600000000004
0.8631399999999998
0.8606199999999999
0.8617199999999999
0.8622799999999999
0.86088
0.8602799999999995
0.8607599999999996
0.86272
0.8632400000000002
0.8646199999999999
0.8643999999999997
0.8634999999999998
0.8645599999999996
0.86558
0.8632200000000003
0.86432
0.8619599999999994
0.8607599999999995
0.8640399999999998
0.8644200000000001
0.8633599999999998
0.8632999999999994
0.8614399999999999
0.86324
0.8631199999999999
0.8609400000000004
0.8642799999999993
0.8627599999999996
0.8631799999999997
0.8653599999999997
0.8659999999999997
0.8636599999999995
0.86496
0.8642399999999998
0.8638599999999995
0.8619199999999994
0.8633999999999997
0.8616999999999996
0.8643599999999998
0.8627399999999996
0.8631600000000001
0.8618000000000002
0.8638599999999996
0.8639399999999998
0.8644599999999998
0.8624599999999996
0.8624600000000001
0.8640400000000001
0.8644799999999997
0.8664200000000001
0.8654599999999997
0.8639199999999997
0.86438
0.8627199999999999
0.8610599999999997
0.8636199999999995
0.8641399999999999
0.8642799999999999
0.8635599999999996
0.8644599999999998
0.8646399999999995
0.8618799999999994
0.8634999999999997
0.8653800000000001
0.8657999999999998
0.8647799999999998
0.8616999999999999
0.8620800000000003
0.86494
0.8626999999999997
0.8622600000000001
0.8632599999999999
0.8634199999999999
0.86398
0.8648400000000003
0.8637199999999993
0.8643599999999998
0.8617199999999998
0.8646199999999995
0.8616999999999995
0.8620200000000005
0.86496
0.8646799999999996
0.8652399999999999
0.86166
0.8647399999999997
0.8622799999999999
0.8587199999999998
0.8627599999999996
0.8634799999999996
0.8631399999999997
0.8655399999999999
0.8649799999999999
0.8638999999999997
0.8653599999999999
0.8641999999999997
0.8674799999999998
0.8637799999999995
0.8626199999999997
0.8635599999999996
0.8629399999999999
0.86126
0.8619399999999996
0.8640799999999993
0.8671799999999997
0.8663799999999998
0.8669399999999996
0.86744
0.8654199999999997
0.8650599999999996
0.8632199999999998
0.86248
0.8620199999999998
0.8625799999999996
0.8656600000000002
0.8632999999999997
0.8633399999999996
0.8661799999999998
0.8642200000000001
0.8629800000000002
0.8628999999999998
0.8637800000000001
0.8632799999999995
0.86462
0.8631199999999996
0.8670399999999999
0.8643999999999995
0.8636599999999998
0.8640199999999996
0.8648999999999998
0.8622799999999998
0.8667599999999998
0.8621999999999997
0.8604600000000002
0.8630199999999999
0.8641599999999997
0.8654399999999995
0.8658199999999999
0.8633799999999998
0.8622999999999997
0.8631399999999994
0.8662799999999996
0.8620399999999997
0.8664800000000003
0.8643599999999998
0.86344
0.8646199999999996
0.86382
0.8627399999999997
0.8625999999999996
0.8634999999999994
0.8633000000000002
0.86374
0.8656199999999998
0.8647
0.8636200000000003
0.86432
0.8642399999999993
0.8651000000000001
0.8627399999999998
0.8631199999999999
0.8635599999999997
0.8613199999999995
0.86134
0.8653799999999999
0.8659199999999997
0.8627199999999999
0.8649000000000003
0.86256
0.8628999999999997
0.8669
0.8666399999999997
0.8621599999999997
0.8655399999999999
0.8654599999999995
0.8623599999999999
0.8632799999999999
0.8630999999999999
0.8614400000000003
0.8610999999999995
0.86064
0.8606600000000003
0.8622199999999998
0.8630200000000001
0.8626600000000001
0.8639799999999999
0.8643599999999998
0.8678599999999999
0.8638399999999997
0.8644200000000001
0.8621799999999996
0.8638799999999998
0.8607799999999997
0.8630799999999997
0.8633599999999996
0.8642999999999995
0.8644799999999995
0.8636199999999995
0.8666199999999997
0.8631199999999999
0.8650799999999995
0.86476
0.8655399999999996
0.86542
0.8671799999999998
0.8645199999999998
0.8643599999999998
0.8638199999999996
0.8603599999999993
0.8611999999999999
0.8639200000000002
0.8645399999999998
0.8635199999999997
0.8635000000000004
0.8609999999999995
0.8620599999999997
0.8647199999999997
0.8625999999999996
0.8624200000000002
0.8628399999999999
0.8644799999999998
0.86268
0.8618399999999999
0.86664
0.8624199999999997
0.8650799999999994
0.8625399999999996
0.8611999999999997
0.8619399999999997
0.8625999999999996
0.8643
0.8643999999999997
0.8644599999999995
0.8643999999999997
0.8624799999999996
0.8630199999999999
0.86622
0.8605199999999997
0.8608599999999997
0.8627399999999996
0.8625799999999998
0.8659400000000003
0.8659199999999992
0.8646199999999997
0.86348
0.8643800000000001
0.8629800000000004
0.8644399999999998
0.8649800000000006
0.8631999999999996
0.8646399999999997
0.8636399999999999
0.8644999999999996
0.8636599999999995
0.8644799999999995
0.8637399999999996
0.86
0.8648199999999996
0.8644799999999995
0.8633199999999998
0.8655800000000005
0.8646199999999997
0.8608799999999996
0.8638399999999997
0.86528
0.8651800000000001
0.8632399999999998
0.8636199999999996
0.8625199999999995
0.8656
0.8657999999999998
0.8640599999999998
0.8625599999999994
0.86178
0.8644000000000002
0.8628199999999998
0.8646999999999996
0.86468
0.8648599999999997
0.8623599999999999
0.8603999999999998
0.8622799999999995
0.8636999999999999
0.86368
0.8651399999999998
0.8622599999999998
0.86252
0.8638000000000001
0.8620599999999999
0.8639599999999998
0.8654599999999999
0.86382
0.8618599999999996
0.8625599999999993
0.8652200000000001
0.86756
0.8653399999999998
0.8660399999999997
0.8654199999999999
0.8637799999999995
0.8633599999999997
0.8653199999999999
0.8628400000000004
0.86456
0.8654599999999999
0.8650999999999998
0.8624599999999997
0.8614800000000004
0.86192
0.8627399999999998
0.8599999999999995
0.8600199999999997
0.86338
0.8633599999999992
0.86622
0.8631999999999996
0.8640599999999998
0.8668799999999999
0.8643199999999999
0.8633799999999998
0.8609599999999992
0.8617999999999998
0.8621599999999999
0.8636399999999995
0.8645
0.86464
0.8624200000000003
0.8620399999999999
0.8643000000000002
0.8618200000000001
0.8619199999999997
0.8649999999999995
0.8618199999999997
0.8620399999999999
0.8651800000000003
0.8675599999999999
0.8647
0.8596199999999997
0.8648599999999999
0.8656599999999999
0.8646599999999997
0.8643199999999998
0.8652799999999999
0.8645999999999997
0.8636999999999996
0.8652799999999996
0.8655399999999996
0.8632199999999999
0.8619199999999995
0.8630199999999998
0.8604999999999993
0.8641999999999996
0.8650999999999998
0.86202
0.8619399999999996
0.8635599999999997
0.8653799999999998
0.8633199999999995
0.8619
0.8639999999999998
0.8642799999999995
0.8632
0.8656399999999997
0.8645999999999995
0.8644999999999999
0.8619399999999996
0.8630199999999995
0.860079999999999
0.8613399999999998
0.8645399999999995
0.8629399999999998
0.8625599999999998
0.8604400000000001
0.8639799999999995
0.8617399999999997
0.8622599999999997
0.8616400000000003
0.86472
0.8636000000000001
0.86394
0.8660800000000001
0.8635199999999995
0.8638799999999996
0.8662799999999994
0.8632199999999999
0.8602999999999996
0.8626399999999996
0.8621599999999997
0.8647600000000003
0.8655399999999999
0.8632599999999998
0.8615799999999997
0.8610799999999998
0.8638999999999994
0.8627399999999996
0.86374
0.8670199999999996
0.8634999999999997
0.8629999999999997
0.8613999999999998
0.8627800000000001
0.8630599999999997
0.8629399999999996
0.8636600000000001
0.86262
0.8662000000000002
0.8637399999999995
0.8637199999999997
0.86386
0.8607999999999998
0.8616999999999997
0.8631400000000002
0.8627199999999998
0.8634599999999999
0.8629400000000004
0.8618999999999999
0.8635199999999996
0.86356
0.8646400000000001
0.86328
0.8652399999999999
0.86566
0.8649799999999999
0.8644600000000001
0.8658800000000002
0.8647799999999997
0.8647599999999995
0.8643599999999999
0.8665400000000001
0.8627999999999996
0.8639599999999997
0.8626799999999999
0.8612999999999996
0.8613599999999993
0.8630200000000001
0.8640799999999997
0.86206
0.8644399999999999
0.8660199999999999
0.8655399999999998
0.8641799999999996
0.8631399999999994
0.8641800000000001
0.8635799999999996
0.8623800000000001
0.8640799999999998
0.8635599999999993
0.86654
0.8661799999999998
0.8627199999999998
0.8650399999999999
0.8641599999999997
0.8610799999999997
0.8645599999999999
0.8632599999999998
0.8627400000000001
0.8633999999999997
0.8638799999999998
0.8658399999999995
0.86336
0.8629799999999996
0.8665600000000001
0.8634799999999997
0.8622999999999993
0.8622399999999998
0.8620399999999999
0.8636599999999994
0.8637799999999999
0.8643999999999995
0.8626999999999999
0.8624199999999997
0.8657200000000003
0.8636799999999998
0.8632799999999996
0.8632399999999998
0.8642600000000003
0.86336
0.86466
0.8670199999999998
0.86414
0.8644600000000005
0.8644199999999991
0.8638799999999995
0.8641199999999998
0.8649200000000001
0.8647400000000001
0.8630400000000001
0.8636599999999995
0.8656599999999998
0.8661799999999995
0.8656399999999995
0.8658999999999996
0.8628199999999997
0.8646399999999999
0.8659199999999997
0.8651599999999998
0.8663999999999996
0.8634799999999998
