0.19999999999999962
0.4747000000000003
0.7918600000000002
0.8842000000000005
0.8945200000000001
0.8972000000000002
0.89648
0.8967800000000004
0.8954400000000002
0.8948
0.8962000000000002
0.8954199999999999
0.8981000000000003
0.8966800000000003
0.8970200000000007
0.8965800000000003
0.8978400000000003
0.8956600000000008
0.8973600000000006
0.8958200000000002
0.8980600000000005
0.8969999999999998
0.8977000000000004
0.8973000000000004
0.8943400000000007
0.8970400000000004
0.8952800000000005
0.8961200000000004
0.8968200000000004
0.8953799999999998
0.8968400000000003
0.8955600000000007
0.8965800000000005
0.8979
0.8949200000000005
0.8959400000000001
0.8970200000000007
0.8948400000000006
0.8977800000000005
0.8971000000000005
0.8965000000000002
0.8976000000000006
0.8964400000000005
0.8964000000000008
0.8931400000000004
0.8959600000000002
0.8955600000000004
0.8962400000000001
0.8983600000000006
0.8950200000000003
0.8974000000000005
0.8973200000000005
0.8982399999999999
0.89822
0.8964599999999998
0.8984400000000002
0.8961800000000001
0.8968200000000004
0.8974400000000009
0.8963600000000005
0.8982800000000003
0.89664
0.8982400000000003
0.89632
0.8955800000000004
0.8949600000000001
0.89968
0.8980600000000001
0.8963800000000005
0.8947800000000005
0.8972400000000006
0.8950200000000001
0.8976600000000002
0.8953400000000004
0.89802
0.8954200000000004
0.8964400000000005
0.8976800000000003
0.8928600000000003
0.8949000000000004
0.8957000000000006
0.8949000000000009
0.8956000000000001
0.8980600000000001
0.8950200000000007
0.8971800000000002
0.8974800000000002
0.8973400000000005
0.8992800000000003
0.8963200000000003
0.8969600000000004
0.89766
0.8963400000000005
0.8966600000000003
0.8945000000000004
0.8991000000000001
0.8957400000000005
0.8948200000000004
0.8936600000000002
0.8961200000000001
0.8968000000000004
0.895
0.8966000000000004
0.8974400000000002
0.8981200000000004
0.8979200000000003
0.8967600000000004
0.8966200000000002
0.8964600000000007
0.8985600000000008
0.8959400000000005
0.8945600000000004
0.8967
0.8936200000000001
0.8982799999999999
0.8964800000000003
0.8972000000000006
0.8949800000000007
0.89578
0.8970600000000007
0.8961
0.8972000000000001
0.8963200000000007
0.89774
0.8974600000000005
0.8948800000000006
0.8961000000000005
0.8956400000000008
0.8983200000000003
0.89652
0.8954600000000003
0.8959400000000001
0.8955800000000008
0.8959400000000002
0.8970800000000005
0.8967800000000004
0.8969400000000003
0.8955600000000001
0.8959200000000004
0.8962800000000004
0.8981400000000002
0.8958000000000003
0.8953200000000008
0.8954200000000008
0.8961200000000005
0.8987800000000002
0.8971400000000006
0.8942000000000001
0.8951000000000003
0.8953400000000008
0.8996000000000004
0.8963800000000003
0.8960000000000004
0.8962400000000001
0.8969200000000002
0.8998000000000002
0.8945000000000002
0.8956200000000005
0.8994200000000002
0.8945599999999998
0.8958200000000004
0.8965600000000002
0.8982400000000006
0.8962800000000002
0.8953800000000003
0.8963800000000003
0.8954000000000005
0.8957400000000005
0.8940000000000005
0.8985600000000004
0.8963800000000002
0.8974800000000002
0.8960600000000002
0.8995800000000003
0.8968200000000001
0.8990200000000003
0.8953400000000006
0.8975000000000005
0.8952200000000003
0.8992800000000003
0.8975200000000007
0.8966600000000003
0.8984200000000001
0.8966000000000003
0.8964000000000004
0.8968
0.8954799999999996
0.8963600000000003
0.8977200000000006
0.8966000000000004
0.8976200000000003
0.90002
0.8972600000000002
0.8966000000000007
0.8968000000000005
0.89778
0.8946000000000006
0.8978600000000003
0.8973400000000001
0.8969400000000006
0.8984400000000008
0.8978800000000003
0.8966400000000008
0.8955800000000003
0.8945600000000005
0.8957000000000005
0.8968000000000004
0.8958400000000004
0.8985600000000007
0.8989000000000005
0.8959200000000003
0.8959200000000003
0.895040000000001
0.8956600000000005
0.8963600000000005
0.8977400000000003
0.8964799999999999
0.8948800000000005
0.8964000000000002
0.8963200000000002
0.8955600000000006
0.8931400000000005
0.8949800000000004
0.8958400000000002
0.8966600000000001
0.8968200000000002
0.8977600000000002
0.8972200000000001
0.8968800000000005
0.8966600000000001
0.89964
0.8988200000000003
0.8960000000000001
0.8965800000000003
0.8978400000000006
0.8966999999999998
0.8951200000000005
0.8978800000000003
0.8947600000000001
0.8969800000000006
0.8961000000000002
0.8961200000000005
0.8958400000000006
0.8969600000000003
0.8960000000000002
0.8979
0.8953000000000003
0.8983800000000006
0.8978200000000005
0.8977600000000002
0.8976000000000002
0.8968800000000006
0.8969400000000001
0.895220000000001
0.8971800000000004
0.8938600000000001
0.89794
0.8963600000000003
0.8955800000000003
0.8971600000000002
0.8987400000000001
0.8966000000000004
0.8976800000000007
0.8953000000000005
0.8971200000000006
0.8977800000000004
0.8965200000000004
0.8976000000000006
0.8973000000000008
0.8976999999999999
0.8983600000000003
0.8972600000000006
0.8963200000000003
0.8947800000000001
0.8949000000000003
0.8963200000000004
0.8980800000000005
0.8955200000000008
0.8971000000000003
0.8961600000000007
0.8965400000000006
0.8967800000000002
0.8972600000000003
0.8959
0.8972200000000002
0.8966000000000005
0.89768
0.8970800000000004
0.8949000000000001
0.8951800000000004
0.8957200000000004
0.8954400000000006
0.8971400000000004
0.8955799999999999
0.89526
0.8943800000000002
0.8969000000000003
0.8943600000000008
0.8969600000000001
0.8966800000000006
0.8982800000000009
0.8944000000000005
0.89412
0.8960000000000005
0.89812
0.8975800000000004
0.8953000000000008
0.8967400000000003
0.8980600000000003
0.8974200000000002
0.8965200000000005
0.89614
0.8972600000000004
0.8968600000000003
0.8971600000000004
0.8953
0.8959400000000002
0.8948600000000002
0.8963400000000006
0.8972200000000002
0.8935400000000001
0.89668
0.8969
0.89712
0.8954000000000002
0.8957800000000006
0.8973600000000004
0.8952600000000009
0.8950800000000001
0.89616
0.8962800000000007
0.8978600000000005
0.8961000000000006
0.8971400000000002
0.8957600000000007
0.89658
0.8973600000000002
0.8947000000000008
0.8983800000000004
0.8992200000000004
0.8979800000000006
0.8937400000000004
0.8982600000000001
0.8990600000000005
0.8965000000000002
0.89626
0.8977000000000003
0.8972600000000007
0.8947600000000002
0.8938000000000003
0.8965600000000002
0.8960600000000002
0.8963400000000007
0.8963400000000002
0.8967800000000006
0.8977800000000004
0.8962200000000006
0.8945600000000004
0.8971999999999997
0.8977200000000003
0.8959400000000002
0.8945200000000004
0.8974800000000005
0.8996000000000005
0.8966200000000002
0.8985800000000005
0.8954800000000002
0.8956800000000001
0.8969600000000003
0.89688
0.8965600000000004
0.8990600000000001
0.9002400000000003
0.8974600000000004
0.8971000000000002
0.8968200000000004
0.8963400000000002
0.8973000000000008
0.8950000000000002
0.8960200000000006
0.8975800000000003
0.8952400000000003
0.8965600000000002
0.9000800000000004
0.8966600000000006
0.89758
0.8981800000000006
0.8973000000000002
0.8975400000000002
0.8960400000000002
0.8969400000000001
0.8959600000000002
0.8962400000000007
0.8989200000000003
0.8948800000000005
0.8952000000000006
0.89414
0.8961400000000004
0.8971800000000004
0.8967000000000002
0.8958000000000006
0.8996999999999998
0.8965600000000005
0.8975800000000005
0.8956800000000001
0.8958600000000007
0.8976600000000006
0.8942600000000005
0.8980800000000002
0.8985600000000007
0.8974999999999999
0.8941600000000003
0.8953600000000006
0.8973000000000007
0.8976600000000002
0.8955400000000004
0.8938600000000001
0.8961600000000002
0.8943600000000005
0.8959400000000002
0.8965000000000006
0.8963800000000007
0.8971400000000002
0.8975400000000003
0.8961400000000002
0.8944800000000006
0.8983000000000001
0.8973400000000001
0.89848
0.8958600000000004
0.8971800000000004
0.8993200000000003
0.8954200000000005
0.8958800000000002
0.8975799999999999
0.8954400000000002
0.8951800000000004
0.8957200000000003
0.8966400000000004
0.8972400000000006
0.8949400000000003
0.8940200000000005
0.8967200000000004
0.8972200000000002
0.8957600000000001
0.8984000000000004
0.8959200000000003
0.8957600000000003
0.8940000000000006
0.8979600000000006
0.89326
0.8957600000000002
0.8950000000000006
0.8967800000000002
0.8964800000000004
0.8983599999999999
0.8967400000000001
0.8972000000000004
0.8933800000000005
0.8948200000000004
0.8970200000000004
0.8976000000000003
0.8965400000000006
0.8968
0.8956600000000005
0.8952000000000002
0.8951800000000003
0.8976800000000003
0.8943800000000003
0.8962800000000005
0.8969400000000004
0.8958800000000007
0.8971000000000002
0.8960599999999999
0.8954200000000003
0.89794
0.8973800000000005
0.8970600000000003
0.8951599999999997
0.8948799999999997
0.8965600000000004
0.89672
0.8956400000000003
0.8980800000000007
0.8966000000000004
0.8978400000000002
0.8978400000000002
0.89302
0.8986000000000007
0.8963000000000004
0.8952800000000007
0.8955200000000005
0.8951000000000005
0.8958600000000003
0.8962400000000001
0.8964600000000003
0.8962399999999998
0.8962400000000004
0.8968600000000005
0.8969400000000008
0.8966800000000005
0.8981000000000001
0.8975600000000002
0.8939600000000003
0.8963599999999998
0.8950600000000003
0.8972800000000002
0.8963800000000007
0.8960000000000005
0.8974400000000002
0.8966600000000007
0.8963800000000001
0.8972000000000006
0.8949200000000007
0.89486
0.8949400000000002
0.8959400000000005
0.8947600000000007
0.8961400000000002
0.8969200000000004
0.8975400000000003
0.8958400000000002
0.8957599999999999
0.8981600000000006
0.8952600000000001
0.8994800000000001
0.8989600000000005
0.8966999999999997
0.8975
0.8961400000000006
0.8963800000000006
0.8965600000000004
0.8968000000000006
0.8926800000000001
0.8952000000000004
0.8962600000000006
0.8990400000000001
0.8966200000000006
0.8969000000000001
0.8986000000000005
0.8987200000000005
0.8966400000000003
0.8962600000000005
0.8944199999999998
0.8964600000000005
0.8970000000000004
0.8969800000000001
0.8955200000000001
0.8937200000000004
0.8958400000000006
0.8971200000000006
0.8976200000000004
0.8960800000000004
0.8962200000000005
0.8956800000000007
0.8949400000000002
0.8966600000000003
0.89744
0.8976200000000004
0.8974800000000002
0.8984000000000006
0.8963400000000005
0.89628
0.8965399999999998
0.8960199999999996
0.8973600000000004
0.8983400000000005
0.8941200000000004
0.8969800000000001
0.8996600000000007
0.8970799999999999
0.8985800000000005
0.8970400000000008
0.8948200000000002
0.89664
0.89648
0.8961600000000004
0.8968200000000004
0.8965800000000003
0.8961000000000006
0.8949000000000005
0.8978400000000002
0.8955000000000005
0.8964000000000003
0.8958800000000005
0.8975200000000004
0.8972000000000006
0.8934000000000004
0.8944600000000003
0.8964600000000006
0.8965600000000005
0.8963800000000003
0.8970200000000004
0.8943000000000003
0.8953800000000004
0.8973800000000004
0.8969200000000006
0.8980000000000002
0.89632
0.8972000000000002
0.8990800000000005
0.8965200000000005
0.8947600000000002
0.8970000000000001
0.8968400000000005
0.897720000000001
0.8967600000000003
0.8971600000000004
0.8976800000000005
0.89546
0.8963600000000003
0.8981600000000004
0.8955200000000002
0.8974400000000005
0.8956400000000005
0.8956400000000007
0.8975800000000003
0.895380000000001
0.8947200000000006
0.8954800000000006
0.8956800000000007
0.8946800000000007
0.8989400000000007
0.89712
0.8979
0.89744
0.8953600000000003
0.8953999999999998
0.8994800000000001
0.8943600000000005
0.8967800000000001
0.8976800000000001
0.8979400000000001
0.89944
0.89512
0.8961200000000007
0.8967200000000003
0.8954400000000006
0.8935200000000008
0.8968200000000002
0.8968000000000004
0.89522
0.8968800000000001
0.8972600000000008
0.8968999999999998
0.8974000000000001
0.8973800000000002
0.8927000000000004
0.8976600000000003
0.8947400000000006
0.89578
0.8963000000000002
0.8963200000000002
0.8974200000000004
0.8944800000000005
0.8952800000000007
0.8990400000000007
0.8959600000000004
0.8971600000000005
0.8946600000000007
0.8967400000000003
0.8946800000000004
0.896400000000001
0.8965799999999998
0.8975400000000007
0.8952600000000004
0.8964600000000006
0.8953600000000003
0.8987199999999999
0.8946800000000005
0.8921600000000006
0.8963600000000003
0.8974600000000003
0.8957200000000003
0.8971799999999999
0.89546
0.8965200000000008
0.8981000000000003
0.8952000000000001
0.8970200000000003
0.8962000000000002
0.8944399999999999
0.8971800000000001
0.8963800000000005
0.8954800000000003
0.8972600000000008
0.8970600000000002
0.8948600000000002
0.8975200000000007
0.8968800000000008
0.8957600000000003
0.8973399999999999
0.8992600000000006
0.8996400000000006
0.8946200000000003
0.8978600000000008
0.8983400000000001
0.8945800000000008
0.8983400000000005
0.8962800000000002
0.8959600000000003
0.8964400000000003
0.8970400000000001
0.8976400000000004
0.8984600000000004
0.8981200000000003
0.8981600000000004
0.8966800000000003
0.8962600000000003
0.8972000000000004
0.8971199999999999
0.897
0.8979600000000003
0.8966600000000001
0.8965600000000004
0.8971200000000001
0.8976800000000007
0.8973400000000001
0.8970000000000007
0.8970400000000004
0.8956800000000006
0.8957200000000011
0.8956000000000003
0.8934600000000004
0.8960000000000004
0.8967800000000006
0.8945799999999999
0.89476
0.8964000000000004
0.8961800000000006
0.8946800000000005
0.8960800000000004
0.8969000000000001
0.8965200000000002
0.8951800000000008
0.8975800000000003
0.8955399999999999
0.8960199999999999
0.8952000000000002
0.8953200000000002
0.8973
0.89782
0.8966200000000006
0.89764
0.8958200000000006
0.8978
0.8947800000000001
0.8965400000000001
0.8958200000000004
0.8971200000000007
0.89448
0.8962400000000007
0.8951200000000002
0.8973600000000006
0.8963800000000005
0.89826
0.8953200000000001
0.89604
0.8967800000000001
0.8987400000000004
0.89448
0.8961800000000004
0.8961400000000002
0.8932399999999998
0.8956000000000003
0.8971800000000004
0.8954800000000005
0.8944600000000004
0.8957599999999998
0.8975400000000004
0.8971200000000005
0.8951800000000008
0.8953800000000001
0.8960400000000003
0.8984000000000008
0.8961399999999999
0.8957600000000002
0.8967600000000003
0.8967600000000001
0.8955800000000004
0.8952400000000005
0.8954400000000001
0.8953200000000003
0.89524
0.8930000000000002
0.8980600000000009
0.8955200000000002
0.8975599999999997
0.8954800000000002
0.8996800000000007
0.8965599999999999
0.8966200000000005
0.8956200000000001
0.8974000000000004
0.8955
0.8957400000000006
0.8987800000000001
0.8966000000000004
0.8952200000000005
0.8965200000000008
0.89544
0.8955600000000006
0.8963000000000005
0.8981399999999999
0.8937400000000006
0.8950200000000004
0.8955800000000005
0.8963400000000002
0.8968400000000006
0.8968600000000002
0.8968800000000006
0.8980200000000004
0.8990400000000007
0.8961200000000005
0.8945800000000006
0.8963600000000005
0.8969200000000002
0.8948000000000005
0.8954400000000002
0.8959400000000002
0.8923800000000003
0.89594
0.89342
0.8972200000000002
0.8959200000000004
0.8971600000000002
0.8966800000000005
0.8978600000000003
0.8962000000000008
0.8959000000000001
0.8946800000000004
0.8970800000000001
0.8968200000000006
0.8964600000000001
0.8963199999999999
0.8967600000000004
0.8956600000000003
0.8972599999999998
0.8988800000000006
0.8981600000000006
0.8957200000000004
0.8945800000000007
0.8970400000000002
0.8962000000000007
0.8982800000000001
0.8971200000000006
0.8950600000000004
0.8953800000000003
0.895160000000001
0.8964799999999999
0.8944
0.8981200000000007
0.89444
0.8973400000000002
0.8966200000000002
0.8953600000000003
0.8950600000000007
0.8963600000000004
0.8948400000000005
0.8964600000000005
0.8970600000000009
0.8958600000000003
0.8969400000000007
0.89708
0.8968400000000003
0.8949800000000002
0.8972800000000006
0.8948400000000002
0.8980400000000003
0.8992800000000003
0.8975199999999998
0.89594
0.8974399999999999
0.8955800000000004
0.8955400000000004
0.8969600000000001
0.8972800000000002
0.8981800000000005
0.8982199999999998
0.8965000000000005
0.8973800000000004
0.8976000000000003
0.8957800000000004
0.8957600000000001
0.8967
0.8962200000000001
0.8966800000000008
0.8979000000000008
0.8932800000000002
0.8955000000000003
0.8987200000000007
0.8975000000000003
0.894840000000001
0.8945800000000002
0.8962200000000001
0.89648
0.8953800000000001
0.8976200000000002
0.8974400000000006
0.8969000000000001
0.8975800000000004
0.8953800000000005
0.89482
0.8973000000000004
0.8961000000000001
0.89726
0.8958800000000001
0.8988000000000004
0.8982400000000006
0.89638
0.8943400000000002
0.8973400000000008
0.8974400000000006
0.8944400000000003
0.8945600000000005
0.8970000000000006
0.8965400000000007
0.8971399999999999
0.8965200000000003
0.8980599999999999
0.8979000000000003
0.8958600000000004
0.8981400000000002
0.8978399999999997
0.8975
0.8955800000000004
0.8971600000000001
0.8946999999999998
0.8969800000000001
0.8974600000000005
0.8963200000000004
0.8944400000000001
0.8966600000000003
0.8959200000000002
0.89668
0.8982600000000006
0.8988200000000005
0.8966999999999998
0.8955000000000005
0.9004400000000002
0.8981600000000003
0.8963799999999997
0.8988200000000002
0.8980800000000002
0.89644
0.8965200000000003
0.8968400000000003
0.8996200000000001
0.8982600000000004
0.8953400000000002
0.8955200000000003
0.8969200000000004
0.89504
0.8939200000000003
0.8968200000000004
0.8959200000000003
0.8953400000000002
0.8964800000000004
0.8985200000000009
0.8964800000000003
0.8950800000000007
0.8943200000000003
0.8958600000000003
0.89792
0.8967800000000006
0.8954200000000003
0.8982200000000005
0.8985200000000002
0.8962000000000004
0.897280000000001
0.8948200000000003
0.8967400000000002
0.8960600000000005
0.8963600000000003
0.8985600000000002
0.8980000000000001
0.8961000000000002
0.8978400000000005
0.8957400000000004
0.8962800000000003
0.8981600000000003
0.8951400000000003
0.8971600000000005
0.8964399999999999
0.8991200000000004
0.8982000000000003
0.8969400000000001
0.8994200000000003
0.8968200000000004
0.8972000000000001
0.8966000000000003
0.8961200000000005
0.8967200000000005
0.8968600000000005
0.8981800000000004
0.8964600000000003
0.8995200000000003
0.8962400000000004
0.8961000000000006
0.8969400000000002
