0.19999999999999962
0.6248800000000001
0.9186200000000003
0.9069200000000008
0.90882
0.9079800000000003
0.9080800000000008
0.9090200000000003
0.9094200000000005
0.9069000000000003
0.9100000000000001
0.90842
0.9101000000000002
0.9059600000000002
0.9084600000000002
0.9081200000000006
0.9080800000000004
0.9073200000000008
0.9094800000000005
0.9076000000000003
0.9080800000000003
0.90736
0.9080600000000004
0.9071000000000002
0.9072000000000005
0.9086000000000009
0.9075400000000003
0.9078400000000008
0.9076800000000005
0.9088599999999998
0.9083600000000004
0.9074400000000006
0.9092600000000004
0.9064399999999999
0.9080000000000001
0.9090000000000006
0.9080200000000005
0.9085000000000004
0.907700000000001
0.9073200000000002
0.9079800000000005
0.90962
0.9085600000000003
0.9050600000000003
0.9072000000000007
0.9098000000000005
0.9096799999999999
0.9073800000000004
0.9088600000000003
0.9094200000000008
0.9085599999999998
0.9083000000000004
0.9065200000000008
0.9070800000000004
0.9102400000000007
0.9082000000000001
0.9078800000000009
0.9090400000000004
0.9092800000000003
0.90612
0.9081800000000005
0.9079000000000004
0.9084800000000004
0.9083000000000002
0.9069000000000004
0.9070000000000005
0.9088000000000007
0.9095800000000008
0.9077200000000007
0.9056800000000006
0.9094400000000001
0.9094800000000004
0.9098600000000003
0.9077000000000005
0.9066
0.9080000000000006
0.9076
0.9111600000000005
0.9081400000000002
0.9099000000000004
0.9059200000000004
0.9091200000000002
0.9075400000000005
0.9083800000000006
0.90944
0.9071200000000007
0.9069000000000007
0.907280000000001
0.9063800000000005
0.9089400000000002
0.9073400000000003
0.9074999999999999
0.9090800000000009
0.9093800000000004
0.9082200000000007
0.9092600000000003
0.9087600000000003
0.9065000000000006
0.9084800000000003
0.9068000000000002
0.9090200000000004
0.9084200000000002
0.9064400000000006
0.9085400000000002
0.9085000000000002
0.9090800000000009
0.9088600000000002
0.9068799999999999
0.9074800000000005
0.9081600000000004
0.9085000000000005
0.9080800000000004
0.9087800000000001
0.9081400000000005
0.9069600000000005
0.9068000000000005
0.9083400000000004
0.9070800000000001
0.9081200000000001
0.9069200000000004
0.9087999999999998
0.9080400000000002
0.9057000000000004
0.9094400000000001
0.9096600000000007
0.9073000000000002
0.9067600000000005
0.9067600000000003
0.9066000000000005
0.9089600000000003
0.9078400000000006
0.9086400000000002
0.9063600000000004
0.9082200000000006
0.9080400000000003
0.9054800000000008
0.9098000000000003
0.9063800000000002
0.9084600000000003
0.9085200000000002
0.9079200000000001
0.9099200000000002
0.9081200000000003
0.9063000000000003
0.9084200000000001
0.9095200000000009
0.9105600000000007
0.9100600000000008
0.9070200000000003
0.9083600000000004
0.9079800000000006
0.9094800000000005
0.90992
0.9085000000000004
0.9077600000000001
0.90956
0.9063600000000003
0.9100400000000007
0.9091800000000003
0.9077800000000008
0.9076200000000004
0.9107600000000003
0.9067400000000005
0.9079000000000002
0.9081599999999997
0.9085800000000007
0.9066600000000008
0.9073600000000002
0.9065200000000004
0.9092800000000003
0.9078800000000001
0.9089600000000003
0.9095200000000006
0.90738
0.9105000000000001
0.9071200000000005
0.9080800000000002
0.9101600000000001
0.9063800000000005
0.9093800000000001
0.9079600000000005
0.9090200000000004
0.9090399999999998
0.9064200000000007
0.9078400000000001
0.9080400000000004
0.9084800000000003
0.9087200000000005
0.9073800000000009
0.9072000000000002
0.9072200000000004
0.9092000000000005
0.90616
0.9084000000000007
0.9102800000000002
0.90994
0.9075400000000005
0.9070200000000004
0.9074600000000003
0.9102600000000004
0.9066600000000004
0.9112600000000002
0.9068400000000001
0.9096800000000006
0.9059000000000006
0.9081200000000004
0.9056400000000008
0.9113200000000005
0.9047400000000004
0.9097200000000001
0.9091800000000003
0.9081
0.9079000000000008
0.9095800000000002
0.9092200000000001
0.9069200000000005
0.9080800000000003
0.9092600000000002
0.9063600000000003
0.9064800000000003
0.9081200000000006
0.9072000000000005
0.9084400000000004
0.9081799999999995
0.9082400000000004
0.90862
0.9077200000000005
0.9091600000000004
0.9090000000000006
0.9078000000000002
0.9074800000000002
0.9059400000000004
0.9085200000000004
0.9078200000000003
0.9077000000000006
0.9099200000000005
0.9079399999999999
0.9077400000000001
0.9066800000000008
0.9073600000000005
0.9069600000000004
0.90676
0.90736
0.9113400000000005
0.9082800000000006
0.9086200000000001
0.9087400000000003
0.9086800000000007
0.9076600000000005
0.9090800000000006
0.9068800000000004
0.9077200000000006
0.9070600000000004
0.9077599999999997
0.9081400000000002
0.9068000000000005
0.9079599999999999
0.9083000000000006
0.9096400000000004
0.9082600000000001
0.9079000000000004
0.9101600000000007
0.9043000000000003
0.9071400000000004
0.9089800000000002
0.9091600000000001
0.9086600000000007
0.9089600000000004
0.9072600000000004
0.9068999999999999
0.90736
0.9111000000000006
0.90672
0.9090000000000005
0.9089600000000005
0.9092600000000002
0.9092200000000004
0.9073000000000002
0.9077600000000002
0.9075800000000004
0.9069400000000002
0.9077800000000003
0.9083800000000001
0.9076600000000004
0.9091800000000002
0.9079200000000004
0.9073200000000007
0.9076800000000002
0.9092200000000003
0.91008
0.9090200000000007
0.9085200000000007
0.9075000000000004
0.9090200000000004
0.9070200000000003
0.9085000000000002
0.9085600000000004
0.9079400000000009
0.9080000000000004
0.9094000000000007
0.9073800000000004
0.9081600000000006
0.9076800000000003
0.9074600000000007
0.9085400000000005
0.9082400000000004
0.9084600000000009
0.9097000000000004
0.9099
0.9074000000000002
0.9048999999999999
0.9075800000000003
0.9097000000000003
0.9064600000000002
0.9102000000000002
0.9070800000000001
0.9068200000000002
0.9079200000000004
0.9092000000000005
0.9098800000000005
0.9090400000000006
0.9086200000000001
0.9089000000000005
0.9059400000000005
0.9072200000000001
0.9096800000000005
0.9085199999999999
0.9072400000000006
0.9085800000000003
0.9050000000000006
0.9076400000000007
0.9079000000000009
0.908700000000001
0.9076200000000003
0.9097000000000002
0.9084600000000006
0.9079200000000001
0.9088000000000003
0.9059600000000007
0.9086400000000002
0.9071800000000004
0.9086200000000008
0.9067600000000001
0.9080199999999999
0.9078800000000006
0.9090800000000004
0.9061199999999998
0.9101800000000001
0.9078600000000001
0.9080200000000004
0.9075399999999999
0.9059
0.90798
0.9087600000000003
0.9079
0.9083600000000002
0.9107000000000002
0.9099400000000003
0.9088600000000006
0.9096800000000005
0.90692
0.9084800000000004
0.9084400000000007
0.9067000000000002
0.9096799999999999
0.9074200000000008
0.9081400000000002
0.9095200000000007
0.9058200000000002
0.9096600000000001
0.9082600000000004
0.9080400000000002
0.9071000000000005
0.9063000000000001
0.9064800000000006
0.9077200000000005
0.9049999999999998
0.9066600000000008
0.9087200000000002
0.9083200000000005
0.9088200000000005
0.9093399999999999
0.9086200000000002
0.9067400000000001
0.9089800000000003
0.9089200000000008
0.90754
0.9076600000000008
0.9079200000000002
0.9088400000000003
0.9072400000000006
0.9075800000000005
0.9086000000000009
0.9072800000000005
0.9084400000000005
0.9097800000000005
0.9108400000000004
0.9087800000000007
0.9090400000000005
0.9073600000000006
0.90876
0.9104399999999999
0.9061400000000007
0.9082000000000001
0.9063000000000007
0.9084600000000006
0.9080200000000002
0.9078200000000001
0.9091200000000006
0.9083200000000005
0.9101000000000002
0.9067000000000002
0.9085400000000005
0.9081200000000007
0.9077799999999999
0.9098799999999996
0.9075400000000003
0.9100000000000005
0.9078600000000003
0.9106000000000006
0.9094000000000005
0.90684
0.9093199999999997
0.9083200000000007
0.9072400000000003
0.9074600000000005
0.9061600000000004
0.9095600000000004
0.9067000000000006
0.9070800000000002
0.9099000000000007
0.9069200000000004
0.90716
0.9073000000000007
0.9084200000000007
0.9083199999999999
0.9069000000000006
0.9077000000000004
0.9098200000000002
0.9075800000000004
0.9083200000000003
0.9057400000000002
0.9078400000000005
0.9099800000000003
0.9085000000000004
0.9095400000000007
0.90988
0.9077200000000006
0.9067400000000005
0.9092000000000001
0.9079400000000001
0.9070400000000006
0.91066
0.9067000000000004
0.9093400000000006
0.9093200000000006
0.9069600000000002
0.9080000000000007
0.9101600000000002
0.9073599999999996
0.9068600000000007
0.9094400000000006
0.9072200000000008
0.9095400000000002
0.9087000000000005
0.9092400000000004
0.9064600000000003
0.9084400000000002
0.9096800000000007
0.9091800000000002
0.9070200000000007
0.9087800000000001
0.9094600000000003
0.9068600000000004
0.9099799999999999
0.9082000000000005
0.9078
0.9070000000000006
0.9092200000000006
0.9081000000000001
0.9084000000000002
0.9085399999999999
0.9093600000000006
0.9094800000000004
0.90996
0.9082000000000001
0.9085000000000004
0.9083200000000002
0.9089200000000006
0.9073400000000003
0.9097800000000005
0.9081000000000007
0.90902
0.9085200000000003
0.9073400000000005
0.9074000000000004
0.9092600000000002
0.90888
0.9084400000000004
0.9075800000000005
0.9079200000000003
0.9078200000000005
0.90978
0.9088999999999998
0.9074400000000002
0.90868
0.9110000000000005
0.9081400000000005
0.9118400000000005
0.9085200000000007
0.9104600000000006
0.9084000000000004
0.9090600000000006
0.9079000000000005
0.9063800000000006
0.9111600000000007
0.9093800000000004
0.9044600000000008
0.9104000000000008
0.9064400000000004
0.9102800000000005
0.9069800000000003
0.9096800000000003
0.9072400000000005
0.9095600000000004
0.9072600000000003
0.9096600000000005
0.9064999999999999
0.90924
0.9078200000000003
0.9070000000000009
0.9074600000000005
0.909200000000001
0.9092000000000001
0.9074800000000001
0.9068999999999999
0.9065200000000004
0.9100000000000006
0.9095800000000008
0.9090800000000001
0.9075800000000004
0.9076800000000005
0.9074000000000002
0.9091600000000003
0.9058600000000007
0.9080800000000004
0.9081400000000006
0.9059400000000005
0.90632
0.9094600000000003
0.9063600000000003
0.9095800000000003
0.9071800000000003
0.9081800000000004
0.91086
0.9074400000000005
0.9064800000000004
0.9082399999999998
0.9057600000000003
0.9092800000000006
0.9094800000000005
0.9092000000000003
0.9099
0.9078800000000007
0.9095600000000001
0.9082799999999999
0.9093400000000003
0.9079200000000003
0.9075
0.9093800000000003
0.9080800000000003
0.9063800000000003
0.9099600000000005
0.9058600000000002
0.9087200000000003
0.9070600000000006
0.9071600000000004
0.9092000000000005
0.9087800000000001
0.90632
0.9075800000000003
0.9104400000000001
0.9070000000000006
0.9082800000000004
0.9093200000000006
0.9078000000000002
0.9082200000000004
0.9070000000000004
0.9082400000000006
0.9100000000000003
0.90744
0.9098600000000002
0.9064600000000002
0.9094
0.9069800000000003
0.9080000000000008
0.9086400000000003
0.9087000000000003
0.9071000000000004
0.90758
0.9083800000000004
0.90696
0.9089400000000003
0.9057200000000002
0.9092200000000001
0.90858
0.9069400000000004
0.9083600000000003
0.9088000000000008
0.91084
0.9077600000000003
0.9080200000000004
0.9103200000000004
0.9076800000000003
0.9051800000000003
0.9099600000000001
0.9079400000000003
0.9056400000000002
0.9081000000000005
0.9087000000000003
0.9088800000000008
0.9095799999999999
0.9074000000000001
0.9074000000000001
0.9091800000000003
0.9084200000000007
0.9090600000000003
0.9081200000000008
0.9087600000000003
0.9068400000000003
0.9096
0.9078400000000001
0.9081600000000003
0.9065600000000004
0.9078200000000005
0.9086600000000005
0.9085599999999998
0.9098800000000005
0.9077000000000003
0.9070800000000002
0.9084800000000005
0.9085800000000005
0.9083000000000001
0.9065200000000001
0.9079000000000004
0.9073600000000007
0.90624
0.9062200000000002
0.9068400000000003
0.9070000000000005
0.9090199999999998
0.9094400000000001
0.9085800000000002
0.9102000000000003
0.9074600000000004
0.9087200000000002
0.9076400000000001
0.9080400000000004
0.9095400000000007
0.9097799999999999
0.9094200000000008
0.90752
0.9076200000000004
0.9072600000000005
0.9081000000000006
0.9096600000000004
0.9068400000000003
0.9086200000000002
0.9096
0.9074000000000001
0.9083800000000002
0.9077800000000006
0.9100400000000005
0.9071600000000004
0.9082800000000003
0.9068600000000003
0.9073000000000007
0.9075400000000005
0.9080600000000001
0.9077000000000008
0.9087800000000003
0.9079600000000002
0.9092000000000007
0.9062400000000005
0.9093799999999999
0.9063399999999998
0.9083000000000002
0.9078200000000001
0.9086200000000005
0.9066400000000003
0.9081600000000001
0.9090400000000001
0.9081000000000004
0.9085800000000002
0.9075000000000002
0.9088000000000004
0.9082799999999999
0.9107000000000006
0.9068600000000004
0.9088999999999998
0.9079400000000004
0.9070000000000004
0.9078199999999996
0.9091400000000004
0.9103000000000006
0.90884
0.9089400000000005
0.9098600000000004
0.9074800000000003
0.9086200000000002
0.9102200000000004
0.9066400000000008
0.9073600000000006
0.9103600000000003
0.9077400000000003
0.9113400000000008
0.9078600000000008
0.9079600000000007
0.9086200000000004
0.9069399999999999
0.9058799999999999
0.9111800000000001
0.9085000000000008
0.9082400000000003
0.9093800000000002
0.90752
0.9097000000000004
0.9087400000000003
0.9079000000000006
0.9071199999999999
0.9068800000000005
0.9083200000000001
0.9099200000000002
0.90742
0.9081400000000004
0.9078999999999998
0.9078999999999999
0.9076600000000006
0.9084200000000002
0.9086000000000002
0.9095600000000005
0.9102400000000004
0.90712
0.9092599999999998
0.9080800000000004
0.9056400000000002
0.9077400000000004
0.9071400000000007
0.9065200000000008
0.9089800000000006
0.9106800000000004
0.9105400000000003
0.9066599999999997
0.9093000000000003
0.9091000000000001
0.9085600000000005
0.9077800000000004
0.9115400000000006
0.9088400000000005
0.9063800000000005
0.9077600000000002
0.9081000000000006
0.90732
0.9076800000000005
0.9069000000000002
0.9093800000000007
0.9092800000000005
0.9079200000000007
0.9052000000000003
0.9083000000000007
0.9079800000000005
0.9077600000000003
0.9051200000000006
0.9088800000000002
0.9099200000000006
0.9091600000000004
0.9074800000000005
0.908460000000001
0.9100200000000005
0.90756
0.9065200000000005
0.9088000000000008
0.9091800000000005
0.9063199999999996
0.9088400000000005
0.9088000000000008
0.9085400000000001
0.9079200000000003
0.9066400000000001
0.9054800000000002
0.9105000000000003
0.9112400000000005
0.9077600000000002
0.9084800000000004
0.9097200000000002
0.9088600000000006
0.9116600000000008
0.9069200000000006
0.9082600000000001
0.9077400000000003
0.9085400000000006
0.9104200000000006
0.9092000000000007
0.906720000000001
0.9074800000000003
0.9076800000000002
0.9082800000000003
0.9093400000000004
0.9072000000000002
0.9055599999999997
0.9073200000000006
0.9103200000000006
0.9059600000000008
0.9103800000000004
0.9077200000000002
0.9097000000000004
0.9098200000000004
0.9067200000000003
0.9095400000000007
0.9094000000000001
0.9070200000000009
0.9084600000000002
0.9082800000000002
0.9096200000000007
0.9097800000000005
0.9076000000000002
0.9062400000000005
0.9083599999999997
0.9057200000000004
0.9089600000000009
0.9066199999999999
0.9093000000000003
0.9097200000000002
0.9074800000000003
0.9101200000000005
0.9075200000000001
0.9064200000000008
0.9084400000000002
0.9073799999999997
0.9110199999999999
0.9079600000000005
0.9076000000000005
0.9076200000000004
0.9073800000000005
0.9072200000000004
0.9084400000000004
0.9095800000000003
0.9084000000000003
0.9085000000000002
0.9064200000000003
0.90766
0.9084400000000007
0.9068200000000004
0.9083200000000007
0.9096800000000005
0.9086399999999999
0.9088600000000001
0.9079600000000007
0.9075600000000006
0.9104600000000004
0.9080600000000005
0.9082000000000003
0.9091400000000002
0.9089600000000008
0.9086600000000006
0.9074000000000004
0.9071200000000005
0.9101000000000004
0.9079400000000003
0.9074200000000009
0.9082399999999998
0.9081000000000005
0.9091200000000002
0.9092800000000001
0.9104000000000003
0.9085800000000006
0.9103200000000006
0.911140000000001
0.9083800000000007
0.9098200000000004
0.9065000000000005
0.9086600000000008
0.9090800000000004
0.9064000000000005
0.9084000000000002
0.9081600000000006
0.9067000000000007
0.9080800000000003
0.9073000000000009
0.9074400000000006
0.9086000000000003
0.9082000000000008
0.9049800000000006
0.9085000000000006
0.9080400000000006
0.9082800000000004
0.9091200000000004
0.9083800000000005
0.9103200000000006
0.9064600000000006
0.9066600000000006
0.9090000000000004
0.9067800000000003
0.9073000000000004
0.9090799999999999
0.9092400000000008
0.9083200000000003
0.9063200000000006
0.9091200000000005
0.9069400000000002
0.9072600000000004
0.9072799999999998
0.90706
0.90912
0.9066600000000004
0.9081200000000004
0.90634
0.9061999999999998
0.9081400000000004
0.9066600000000001
0.9090400000000001
0.9090600000000005
0.9100000000000003
0.9080399999999998
0.9105800000000002
0.9076200000000003
0.9094400000000005
0.9086000000000002
0.9063600000000005
0.9080400000000004
0.9060200000000003
0.9097200000000004
0.9078800000000001
0.9089599999999999
0.9084400000000002
0.9063800000000005
0.9086000000000009
0.9077800000000004
0.90916
0.9068800000000005
0.9088600000000002
0.90724
0.9077800000000005
0.9081000000000001
0.9094800000000006
0.9056600000000001
0.9097000000000003
0.9108399999999994
0.9065000000000002
0.9071000000000004
0.9095000000000004
0.9070800000000006
0.9086000000000002
0.9063600000000007
0.9079000000000005
0.9050000000000002
0.9102200000000003
0.9074400000000006
0.9089600000000009
0.9079800000000009
0.9077200000000006
0.9093200000000001
0.9064800000000001
0.9040400000000004
0.9082800000000006
0.9074000000000002
0.9083200000000003
0.9097600000000005
0.909080000000001
0.9073000000000003
0.9077000000000003
0.9070999999999999
0.9083400000000007
0.9067200000000003
0.9095399999999999
0.9078
0.9073000000000003
0.9113000000000006
0.9064399999999999
0.9066400000000001
0.9068000000000004
0.9112400000000005
0.9069800000000002
0.9082000000000003
0.9106199999999999
0.9073600000000005
0.9071000000000004
0.9086200000000006
0.9076600000000005
0.9077999999999998
0.9099200000000006
0.9067800000000008
0.9074600000000005
0.9061600000000002
0.9085800000000002
0.9066400000000004
0.9062400000000003
0.9087000000000006
0.9071600000000002
0.9073600000000003
