0.19999999999999962
0.45400000000000007
0.7176
0.8410000000000001
0.8730000000000001
0.8794000000000003
0.8852000000000004
0.8876
0.8944000000000001
0.8916000000000001
0.8886000000000004
0.8884000000000001
0.8967999999999999
0.8898000000000004
0.8904
0.8894000000000003
0.8846000000000003
0.8950000000000007
0.8920000000000005
0.8846
0.8974000000000002
0.8980000000000001
0.9006000000000001
0.9005999999999998
0.8852
0.8970000000000001
0.8932000000000003
0.8893999999999999
0.8946
0.8906000000000003
0.8948
0.8966000000000003
0.8967999999999998
0.8932000000000003
0.8948000000000004
0.8885999999999997
0.8965999999999995
0.8956000000000001
0.8900000000000002
0.8908000000000001
0.8914000000000002
0.8888000000000003
0.8958000000000003
0.8972000000000006
0.8916
0.8922
0.8938000000000001
0.8916000000000001
0.8966000000000003
0.9029999999999998
0.8987999999999997
0.8865999999999999
0.8950000000000006
0.8967999999999998
0.8895999999999998
0.8936000000000002
0.8858000000000003
0.8962000000000003
0.8964000000000003
0.8930000000000003
0.9014000000000004
0.8954000000000003
0.8942
0.8915999999999998
0.8970000000000004
0.8897999999999996
0.8870000000000003
0.8966
0.8992000000000003
0.8909999999999999
0.9014000000000003
0.8956000000000002
0.8931999999999997
0.8957999999999998
0.8942000000000001
0.8962000000000004
0.8913999999999997
0.8947999999999999
0.8880000000000003
0.8936
0.8943999999999999
0.8908000000000003
0.8916
0.8884000000000004
0.8883999999999997
0.892
0.8974000000000001
0.8953999999999998
0.8854
0.889
0.8940000000000003
0.8886
0.8958000000000003
0.8922000000000001
0.8904000000000002
0.885
0.8936
0.8878000000000001
0.888
0.8903999999999997
0.8984000000000001
0.8994000000000004
0.8978000000000006
0.9002000000000002
0.8912
0.8952000000000001
0.8940000000000003
0.892
0.8926000000000003
0.8902000000000005
0.8827999999999999
0.8888000000000001
0.8878000000000001
0.8939999999999997
0.8909999999999999
0.8908000000000001
0.8972000000000001
0.8864000000000002
0.8898
0.8905999999999998
0.8838000000000005
0.8954000000000001
0.8848000000000001
0.8850000000000002
0.8922000000000003
0.8942
0.8878
0.8930000000000006
0.8987999999999999
0.8914
0.8920000000000003
0.8939999999999998
0.8902000000000001
0.8922000000000001
0.8846
0.8937999999999999
0.9026000000000002
0.8952000000000001
0.8906000000000002
0.8896000000000002
0.8924
0.8914000000000003
0.8948000000000004
0.8946
0.8894000000000006
0.8950000000000005
0.8985999999999996
0.8946000000000002
0.892
0.8909999999999997
0.8940000000000002
0.8980000000000004
0.8890000000000005
0.8930000000000008
0.8859999999999996
0.8939999999999998
0.8941999999999999
0.8952000000000001
0.8926000000000001
0.8924000000000002
0.8955999999999997
0.8923999999999996
0.8881999999999997
0.8992
0.8908000000000003
0.8919999999999999
0.8937999999999998
0.8922
0.893
0.8982000000000001
0.8924
0.8948
0.8909999999999999
0.8985999999999997
0.8906000000000002
0.8874
0.8950000000000002
0.8824000000000002
0.8843999999999999
0.8920000000000003
0.8896000000000001
0.8966000000000005
0.8948000000000005
0.9022000000000004
0.8932000000000001
0.8928000000000001
0.8904
0.8978000000000006
0.8954
0.8899999999999999
0.8906000000000001
0.8975999999999996
0.8958000000000004
0.8940000000000002
0.8828000000000001
0.888
0.8885999999999996
0.8984000000000003
0.8912
0.8905999999999997
0.8844000000000001
0.8952
0.8931999999999999
0.8937999999999998
0.8934000000000003
0.8986000000000007
0.8929999999999998
0.8948000000000004
0.9000000000000005
0.8946000000000001
0.8905999999999996
0.8866
0.8881999999999999
0.8991999999999999
0.8957999999999999
0.8965999999999998
0.8856
0.8967999999999998
0.897
0.8926000000000005
0.8940000000000002
0.8903999999999996
0.8956000000000001
0.8885999999999998
0.8852000000000001
0.8931999999999999
0.8862000000000002
0.8894000000000004
0.8849999999999999
0.8883999999999999
0.8887999999999999
0.8892
0.8918000000000004
0.8975999999999996
0.8902000000000002
0.8887999999999997
0.8878000000000003
0.8922000000000004
0.8946000000000004
0.8890000000000002
0.8988
0.8958000000000002
0.8970000000000001
0.8950000000000001
0.8876000000000001
0.8954
0.9019999999999996
0.8908000000000001
0.8952000000000002
0.8908000000000001
0.8924000000000004
0.8946000000000002
0.8909999999999998
0.8976000000000001
0.8974000000000001
0.9006000000000002
0.8953999999999996
0.8954000000000005
0.8930000000000001
0.8965999999999998
0.8941999999999999
0.8890000000000002
0.8928000000000003
0.8988
0.8916
0.8928000000000003
0.8920000000000003
0.894
0.8894000000000003
0.8937999999999997
0.8862000000000001
0.8860000000000002
0.8924000000000001
0.8942
0.9002000000000001
0.8952000000000002
0.8960000000000008
0.8888000000000001
0.8868000000000003
0.8964000000000003
0.8986
0.8974000000000006
0.8814000000000003
0.8938000000000001
0.894
0.8956000000000001
0.8918
0.8962
0.8883999999999999
0.8898000000000004
0.8962000000000003
0.8874000000000002
0.8908000000000003
0.8927999999999998
0.8914000000000003
0.8981999999999997
0.8900000000000006
0.889
0.8954000000000001
0.8898000000000006
0.8984000000000003
0.8942
0.8927999999999998
0.8975999999999997
0.8934000000000003
0.897
0.9022000000000001
0.8918000000000004
0.8917999999999998
0.8878000000000003
0.8956000000000001
0.9019999999999996
0.9002000000000001
0.8918000000000003
0.8967999999999998
0.8862000000000004
0.8866
0.8987999999999999
0.8987999999999998
0.8891999999999998
0.8964000000000005
0.8862000000000002
0.8938000000000003
0.8912000000000002
0.8934000000000001
0.8964000000000004
0.8918
0.8956000000000001
0.8868
0.8926000000000001
0.8927999999999998
0.8858
0.8867999999999999
0.8794000000000001
0.8860000000000001
0.8956000000000001
0.8902000000000001
0.8910000000000003
0.8946000000000002
0.8917999999999996
0.8910000000000002
0.8935999999999998
0.8956000000000003
0.9003999999999998
0.8864
0.8936
0.8908000000000003
0.8967999999999998
0.8939999999999997
0.8994000000000003
0.8970000000000001
0.8902000000000005
0.8865999999999998
0.9002000000000002
0.8866
0.8974000000000002
0.8865999999999999
0.8976000000000003
0.8985999999999998
0.8923999999999999
0.8876000000000004
0.8952
0.8856000000000006
0.8966000000000001
0.8896000000000001
0.8956000000000002
0.8988
0.8972000000000002
0.8959999999999999
0.8946000000000004
0.8960000000000004
0.8934000000000003
0.8876000000000004
0.885
0.8906000000000002
0.8966
0.8928000000000003
0.8927999999999997
0.8922000000000003
0.8961999999999998
0.9011999999999999
0.8966000000000003
0.8983999999999999
0.8884000000000003
0.8955999999999998
0.8927999999999998
0.8999999999999996
0.8914
0.8994000000000003
0.8935999999999997
0.8956000000000001
0.8968000000000004
0.9012
0.9017999999999998
0.8955999999999998
0.8968
0.8936000000000003
0.8900000000000002
0.8970000000000001
0.8950000000000005
0.8962000000000002
0.8894
0.8954
0.8920000000000005
0.9032000000000002
0.8978000000000003
0.9024000000000004
0.8931999999999997
0.8976000000000003
0.8917999999999998
0.8972000000000006
0.9057999999999999
0.8870000000000003
0.8934000000000003
0.8982000000000001
0.8903999999999997
0.8947999999999997
0.8870000000000001
0.9019999999999999
0.8995999999999995
0.9036000000000002
0.893
0.8946000000000004
0.8917999999999999
0.8968
0.89
0.8914000000000003
0.8930000000000003
0.8908000000000004
0.8972
0.8954
0.8942
0.8900000000000001
0.8920000000000001
0.8850000000000005
0.8936000000000004
0.8948
0.8958000000000003
0.8866000000000007
0.8914
0.9022000000000001
0.8936000000000004
0.8882000000000003
0.8926000000000002
0.8882000000000003
0.8948000000000005
0.8942000000000001
0.8949999999999996
0.8928
0.8994000000000001
0.8923999999999995
0.8937999999999994
0.8918000000000003
0.8920000000000005
0.8942000000000001
0.8950000000000001
0.8900000000000001
0.8954000000000008
0.8899999999999997
0.8989999999999998
0.8894000000000001
0.8840000000000005
0.8959999999999995
0.8895999999999996
0.8916000000000001
0.8852
0.8859999999999998
0.8882000000000005
0.8872000000000001
0.8987999999999998
0.8908000000000004
0.8864000000000002
0.8896000000000002
0.8916000000000003
0.8860000000000001
0.8952000000000002
0.8893999999999997
0.8886000000000004
0.8948000000000002
0.8925999999999997
0.8962
0.8900000000000005
0.8934000000000004
0.8853999999999997
0.895
0.8998
0.8898000000000001
0.8822000000000003
0.8944000000000003
0.8974
0.8847999999999999
0.8963999999999998
0.8913999999999999
0.8980000000000001
0.8892000000000002
0.8926000000000001
0.8974
0.8966
0.8919999999999998
0.8970000000000001
0.8920000000000005
0.8934000000000001
0.8964
0.8915999999999998
0.8918000000000003
0.8945999999999998
0.8902000000000001
0.8832
0.8864
0.8911999999999999
0.8894000000000001
0.8896000000000002
0.8942000000000001
0.8912000000000002
0.8962
0.8975999999999996
0.9006000000000001
0.8944000000000003
0.8926
0.8938000000000001
0.8968000000000003
0.8929999999999997
0.8854000000000001
0.8988
0.8908000000000003
0.8991999999999998
0.8897999999999999
0.8967999999999999
0.8957999999999998
0.8922
0.8914000000000003
0.8919999999999998
0.8926
0.8950000000000001
0.8908000000000004
0.8872000000000001
0.8926000000000001
0.8905999999999998
0.8928
0.8936
0.8933999999999997
0.893
0.9002
0.8902000000000005
0.8917999999999995
0.8976
0.8944
0.9007999999999996
0.8976000000000001
0.8921999999999999
0.9
0.8934000000000002
0.8941999999999999
0.8964000000000002
0.8902
0.8934000000000003
0.8926000000000001
0.8917999999999996
0.8996000000000001
0.8934000000000004
0.8932000000000005
0.8934000000000002
0.8868000000000003
0.8954000000000001
0.8885999999999998
0.8918000000000003
0.8984000000000002
0.8930000000000007
0.8909999999999999
0.8938000000000004
0.8987999999999998
0.8921999999999999
0.8953999999999998
0.8922000000000004
0.8973999999999998
0.8888000000000003
0.8986000000000002
0.8949999999999997
0.8982000000000003
0.8956000000000004
0.8862000000000002
0.8946000000000001
0.8926000000000002
0.8889999999999999
0.8819999999999999
0.8921999999999999
0.8911999999999999
0.8971999999999997
0.8989999999999998
0.8999999999999999
0.8931999999999999
0.8876000000000001
0.8877999999999997
0.8982000000000001
0.8842000000000002
0.8952000000000002
0.8952
0.8904000000000002
0.8937999999999995
0.9048
0.8898000000000001
0.8866000000000004
0.8902
0.897
0.8922000000000003
0.8908
0.8852
0.8924000000000002
0.8786000000000002
0.8825999999999996
0.8914000000000002
0.8914
0.8888000000000003
0.8900000000000002
0.8911999999999998
0.8920000000000001
0.8895999999999998
0.8886000000000002
0.8932000000000001
0.8938000000000004
0.8992000000000001
0.8973999999999996
0.8970000000000005
0.8955999999999998
0.8974000000000002
0.8854000000000005
0.8984000000000003
0.8969999999999996
0.8983999999999999
0.8928000000000001
0.8999999999999999
0.8897999999999999
0.8888000000000001
0.8942000000000001
0.8909999999999999
0.8792000000000003
0.8930000000000006
0.8894
0.8932000000000001
0.8890000000000002
0.8970000000000006
0.8905999999999998
0.8942000000000001
0.8888000000000005
0.8917999999999996
0.8972000000000002
0.8998000000000002
0.8954
0.8919999999999999
0.8961999999999999
0.8920000000000005
0.8983999999999998
0.8926000000000006
0.8956000000000002
0.8848000000000001
0.9032000000000002
0.8858000000000001
0.8918000000000003
0.8968000000000003
0.8931999999999999
0.8839999999999999
0.8909999999999999
0.8900000000000001
0.8914
0.8919999999999998
0.8902000000000001
0.9020000000000001
0.8992000000000004
0.8932000000000003
0.8869999999999999
0.8862000000000004
0.8993999999999999
0.8960000000000005
0.8934000000000001
0.8939999999999999
0.8956000000000006
0.8915999999999998
0.8958000000000002
0.8896000000000001
0.8920000000000001
0.8981999999999997
0.8994
0.8862000000000001
0.8926000000000005
0.8916
0.8980000000000004
0.8883999999999997
0.8994000000000003
0.8983999999999999
0.8912000000000002
0.8877999999999999
0.8930000000000001
0.9002000000000002
0.9010000000000004
0.8972000000000001
0.8970000000000001
0.8953999999999998
0.9031999999999996
0.8948000000000002
0.8956000000000001
0.88
0.8959999999999998
0.8934000000000002
0.8944000000000001
0.8863999999999999
0.8940000000000006
0.8993999999999999
0.897
0.9036000000000002
0.8988000000000003
0.8932000000000001
0.8933999999999994
0.8978000000000002
0.8942000000000001
0.8909999999999996
0.8943999999999996
0.8964000000000003
0.8940000000000003
0.8976
0.8960000000000001
0.8936000000000002
0.8916000000000003
0.9008000000000004
0.8960000000000004
0.8896
0.8957999999999999
0.8944000000000005
0.8913999999999999
0.8898
0.8992
0.8884000000000003
0.8894000000000003
0.8943999999999999
0.8960000000000001
0.8900000000000002
0.8963999999999999
0.8964
0.8948000000000005
0.8888000000000004
0.8898
0.8917999999999996
0.8928000000000003
0.8910000000000002
0.8946000000000004
0.8933999999999999
0.8991999999999999
0.8924
0.8905999999999998
0.8947999999999997
0.8914000000000005
0.8909999999999997
0.8936
0.8992
0.8914
0.8926000000000003
0.8914
0.8981999999999999
0.8927999999999998
0.8900000000000001
0.8858000000000003
0.8942000000000001
0.8917999999999998
0.8954000000000002
0.8904000000000001
0.8884000000000002
0.8972000000000001
0.8909999999999997
0.8976
0.8892000000000002
0.8916
0.8877999999999999
0.8927999999999993
0.8926000000000001
0.8865999999999999
0.8956000000000001
0.8947999999999999
0.8940000000000006
0.8994
0.8867999999999999
0.8924000000000004
0.8964
0.8960000000000001
0.8934000000000006
0.8948
0.8964
0.8930000000000003
0.8922000000000007
0.8919999999999999
0.8902000000000001
0.8907999999999998
0.8941999999999999
0.8926000000000001
0.888
0.8998000000000002
0.8864
0.892
0.8934000000000003
0.8914000000000005
0.8828000000000005
0.8881999999999999
0.894
0.8902000000000002
0.8909999999999999
0.8918000000000005
0.8861999999999998
0.8877999999999999
0.8941999999999999
0.8867999999999999
0.8830000000000002
0.8941999999999999
0.8920000000000001
0.8881999999999999
0.897
0.8930000000000003
0.8900000000000005
0.8902
0.8888000000000003
0.8991999999999999
0.8892000000000002
0.8812000000000002
0.8989999999999999
0.8860000000000001
0.8948
0.8949999999999997
0.8944000000000005
0.8972000000000002
0.8934000000000007
0.8996
0.8982000000000001
0.8883999999999997
0.8938000000000004
0.8846000000000005
0.8876000000000001
0.8954
0.8936000000000002
0.8914000000000003
0.8968000000000003
0.8974000000000002
0.9004000000000001
0.8938000000000001
0.8950000000000001
0.8872
0.8930000000000006
0.8910000000000003
0.8945999999999998
0.8936000000000003
0.8936
0.8953999999999998
0.8978000000000002
0.8924000000000002
0.8948000000000005
0.9016000000000003
0.893
0.8893999999999999
0.8862000000000003
0.897
0.8950000000000005
0.8981999999999999
0.8926000000000001
0.8983999999999999
0.8956000000000002
0.8961999999999997
0.8990000000000002
0.8898
0.8908000000000006
0.8910000000000001
0.8906000000000003
0.8874
0.8880000000000002
0.8966000000000004
0.8926000000000002
0.8938000000000003
0.8944000000000004
0.8877999999999999
0.8955999999999998
0.8941999999999996
0.8925999999999997
0.8950000000000002
0.8944000000000001
0.8922000000000001
0.8984000000000002
0.8950000000000002
0.8900000000000001
0.8910000000000005
0.8862000000000001
0.8822000000000001
0.9056000000000001
0.8946
0.8926000000000003
0.8852
0.8921999999999999
0.8980000000000001
0.8897999999999999
0.9000000000000001
0.8962000000000002
0.8866000000000003
0.9004000000000003
0.8876000000000002
0.8911999999999999
0.8928000000000003
0.8924
0.8873999999999999
0.8904000000000003
0.8936000000000002
0.8946
0.8908000000000001
0.8936000000000002
0.8892000000000004
0.9014
0.8833999999999996
0.9030000000000006
0.889
0.8902000000000001
0.8964000000000004
0.8878000000000001
0.8986
0.897
0.8978000000000008
0.8981999999999997
0.8974000000000002
0.8908000000000004
0.8970000000000004
0.8960000000000007
0.8948000000000002
0.8956000000000006
0.8920000000000001
0.8929999999999998
0.8876000000000004
0.8896000000000001
0.8906000000000002
0.8940000000000002
0.8928000000000005
0.8956000000000003
0.9017999999999998
0.8853999999999996
0.8905999999999998
0.8927999999999996
0.8909999999999997
0.8976
0.8904000000000005
0.9030000000000004
0.889
0.8870000000000005
0.8967999999999996
0.887
0.8936
0.8956000000000002
0.8910000000000001
0.8896
0.8964000000000002
0.8869999999999999
0.8888000000000007
0.8944
0.8905999999999998
0.8969999999999999
0.8950000000000001
0.8909999999999996
0.8914000000000002
0.8990000000000006
0.8974000000000004
0.8904000000000003
0.8908000000000003
0.8975999999999997
0.9014
0.8922000000000001
0.8996
0.8886000000000003
0.8852000000000002
0.8902000000000004
0.8969999999999998
0.8930000000000003
0.8898
0.8927999999999997
0.8919999999999999
0.9006000000000002
0.8898000000000001
0.8886000000000004
0.9014000000000004
0.8952000000000002
0.8874000000000006
0.8898
0.8885999999999996
0.8928000000000001
0.8932000000000001
0.8931999999999998
0.8934000000000002
0.8952
0.8883999999999999
0.8896000000000002
0.8891999999999999
0.8952000000000004
0.882
0.8985999999999998
0.8963999999999999
0.8970000000000004
0.8974000000000001
0.8872000000000003
0.8948000000000002
0.9011999999999998
0.8927999999999998
