0.19999999999999962
0.38680000000000014
0.5785999999999999
0.7323999999999997
0.8063999999999997
0.8320000000000002
0.8456000000000004
0.8558
0.8741999999999999
0.8654
0.8644000000000002
0.8648000000000002
0.8648000000000002
0.8593999999999998
0.8686000000000003
0.8678
0.8686000000000003
0.8752000000000004
0.8732000000000002
0.8629999999999997
0.8745999999999998
0.878
0.8780000000000002
0.8776
0.8695999999999999
0.8720000000000006
0.8737999999999999
0.8742000000000002
0.8668
0.8702000000000001
0.8661999999999999
0.8727999999999999
0.8686000000000004
0.8712000000000002
0.8706000000000002
0.8740000000000003
0.8716000000000003
0.8710000000000002
0.8778
0.8718
0.8750000000000001
0.8754
0.8752000000000002
0.8688000000000003
0.8748000000000001
0.8664000000000001
0.8744000000000001
0.8741999999999999
0.8758
0.8757999999999998
0.8648000000000002
0.8748000000000005
0.8722000000000001
0.8766000000000003
0.8700000000000001
0.8720000000000006
0.8704000000000001
0.8646
0.8824000000000002
0.8814000000000004
0.8776000000000002
0.8699999999999999
0.8754000000000005
0.8725999999999998
0.8838000000000005
0.8765999999999998
0.8687999999999999
0.8640000000000004
0.8782000000000002
0.8717999999999998
0.8656
0.8740000000000001
0.8690000000000004
0.8704000000000001
0.8759999999999999
0.8768000000000002
0.8744000000000001
0.8695999999999998
0.8586000000000003
0.8675999999999999
0.8696000000000004
0.8716000000000003
0.8700000000000001
0.8716000000000003
0.8693999999999998
0.8714
0.8656000000000003
0.8740000000000002
0.8842000000000002
0.8717999999999999
0.8640000000000001
0.8702000000000005
0.8661999999999999
0.8814000000000004
0.8714000000000002
0.8738000000000001
0.8727999999999999
0.8690000000000003
0.8716000000000003
0.8728
0.8725999999999999
0.8671999999999999
0.8732000000000001
0.8622000000000003
0.8680000000000001
0.8720000000000003
0.8690000000000001
0.8610000000000001
0.8734000000000001
0.8674
0.8731999999999996
0.8756
0.871
0.8778000000000001
0.8742000000000004
0.8748
0.8678
0.8754000000000001
0.8778000000000002
0.8735999999999998
0.8793999999999998
0.8788000000000004
0.8700000000000003
0.8692
0.8669999999999998
0.8754000000000001
0.8682
0.8751999999999996
0.8708000000000005
0.8756000000000002
0.8754000000000001
0.8746000000000006
0.8662000000000002
0.8661999999999995
0.8720000000000003
0.8769999999999998
0.8710000000000001
0.8737999999999997
0.8602000000000004
0.8705999999999997
0.8652
0.8698000000000001
0.871
0.8652000000000005
0.8642000000000002
0.8778000000000002
0.8736000000000002
0.8726000000000004
0.8708000000000002
0.8694000000000002
0.8738000000000001
0.8544000000000005
0.8621999999999999
0.8616000000000006
0.8662000000000003
0.8708000000000002
0.8755999999999999
0.8703999999999995
0.8730000000000001
0.8788000000000002
0.8736000000000002
0.8742
0.873
0.8705999999999999
0.8717999999999997
0.8782000000000002
0.8727999999999999
0.8746
0.8744000000000001
0.8794000000000003
0.8770000000000004
0.8796000000000005
0.8795999999999998
0.8783999999999998
0.8755999999999999
0.8759999999999998
0.8750000000000001
0.8694000000000002
0.8712000000000004
0.8670000000000003
0.8708
0.8600000000000001
0.8706000000000003
0.8688000000000001
0.8765999999999998
0.8708000000000001
0.8664000000000002
0.8656
0.8691999999999998
0.8768000000000002
0.8708000000000001
0.8740000000000002
0.8770000000000004
0.8815999999999997
0.8762000000000002
0.8632
0.8659999999999998
0.867
0.8708
0.8638000000000001
0.8670000000000002
0.8671999999999997
0.8714
0.8611999999999999
0.861
0.8646000000000003
0.8784000000000002
0.8756000000000003
0.877
0.8738000000000007
0.8787999999999999
0.8800000000000003
0.8718000000000002
0.8809999999999998
0.8780000000000002
0.8802000000000002
0.8719999999999999
0.867
0.8698
0.8700000000000001
0.8667999999999998
0.8700000000000003
0.8679999999999999
0.8661999999999995
0.8734000000000003
0.8765999999999995
0.8688000000000001
0.8634000000000003
0.8679999999999999
0.8740000000000002
0.8690000000000003
0.8618000000000002
0.8754000000000006
0.8688000000000002
0.8771999999999999
0.8745999999999999
0.8740000000000002
0.8599999999999994
0.8637999999999999
0.8672
0.8698000000000005
0.8660000000000001
0.8646000000000004
0.8706000000000002
0.8709999999999998
0.8698000000000005
0.8757999999999998
0.8708000000000001
0.8722000000000001
0.8730000000000001
0.8709999999999998
0.8702000000000001
0.8772000000000004
0.8761999999999999
0.8786000000000003
0.8716000000000002
0.8704000000000005
0.8797999999999998
0.8786000000000004
0.8842000000000002
0.8780000000000001
0.8738000000000001
0.8772000000000003
0.8671999999999999
0.8778
0.8696000000000003
0.8762000000000002
0.8726000000000004
0.8750000000000001
0.8735999999999997
0.8740000000000002
0.8760000000000001
0.8758
0.8744000000000005
0.8749999999999997
0.8684000000000001
0.8706000000000003
0.8716000000000003
0.8798000000000005
0.8804000000000003
0.8774000000000001
0.8664000000000001
0.8697999999999998
0.8774000000000001
0.8704000000000001
0.8669999999999998
0.8583999999999999
0.8686000000000001
0.8772
0.8698000000000004
0.8636000000000001
0.8712000000000002
0.8786000000000002
0.8688000000000001
0.8650000000000003
0.8654000000000002
0.8684000000000003
0.8800000000000006
0.8682000000000003
0.8732
0.8834000000000004
0.8748
0.8815999999999999
0.8755999999999996
0.8720000000000003
0.8676000000000001
0.8770000000000003
0.8746000000000003
0.8714000000000007
0.8765999999999999
0.8686000000000007
0.8578
0.8588000000000001
0.8534000000000002
0.8654000000000001
0.8634000000000002
0.8704000000000001
0.8658000000000005
0.8744
0.8698000000000005
0.8732000000000003
0.8676000000000001
0.8704000000000002
0.8722000000000001
0.8790000000000004
0.8812000000000004
0.8662000000000003
0.8757999999999998
0.8706000000000006
0.8660000000000003
0.8712000000000003
0.8710000000000002
0.8634000000000005
0.8664000000000003
0.8628000000000003
0.8710000000000006
0.8738000000000001
0.8690000000000007
0.8743999999999997
0.8802000000000008
0.8714000000000002
0.8697999999999996
0.8691999999999998
0.8748
0.8692000000000002
0.8694
0.8837999999999999
0.8678000000000001
0.8718000000000002
0.8664000000000002
0.8637999999999999
0.8626000000000004
0.8716000000000003
0.8636000000000003
0.8706000000000003
0.8731999999999998
0.8702000000000004
0.8750000000000003
0.8638000000000002
0.8758000000000002
0.8704
0.8846000000000003
0.8746
0.8699999999999997
0.8668000000000002
0.8708000000000005
0.8749999999999994
0.8708000000000002
0.8642
0.8664000000000002
0.862
0.8648000000000002
0.8608000000000002
0.8662000000000001
0.8679999999999995
0.8742000000000004
0.8704000000000001
0.8610000000000001
0.8676000000000004
0.8674000000000003
0.8711999999999996
0.8705999999999999
0.8674
0.8718000000000004
0.8754000000000001
0.8756000000000006
0.8766000000000002
0.8775999999999997
0.8784000000000002
0.8697999999999999
0.8708
0.8762000000000003
0.8705999999999999
0.8710000000000002
0.8714000000000003
0.8668
0.8689999999999997
0.8742000000000004
0.8690000000000003
0.8701999999999999
0.8760000000000002
0.8730000000000001
0.8642
0.8736000000000003
0.8766000000000002
0.8670000000000004
0.8655999999999995
0.8599999999999999
0.8736000000000004
0.8687999999999997
0.8673999999999998
0.8727999999999999
0.8666000000000003
0.8733999999999998
0.8702000000000004
0.8721999999999995
0.8656000000000001
0.8680000000000002
0.8700000000000003
0.8720000000000003
0.8744000000000001
0.8762000000000006
0.8758000000000008
0.8753999999999997
0.8668
0.8734000000000002
0.8724000000000006
0.8778
0.8759999999999998
0.8740000000000003
0.8692000000000002
0.8666000000000003
0.8719999999999999
0.8714
0.8683999999999996
0.8683999999999998
0.8679999999999999
0.8758000000000001
0.8701999999999999
0.8688000000000002
0.8743999999999998
0.8756000000000002
0.8648000000000002
0.8656000000000005
0.8754000000000001
0.8720000000000004
0.8786000000000002
0.8734000000000002
0.8682000000000002
0.8754000000000001
0.8768000000000002
0.8783999999999998
0.8727999999999997
0.8699999999999999
0.8810000000000001
0.872
0.8629999999999999
0.8709999999999998
0.8713999999999997
0.8630000000000001
0.872
0.8718000000000005
0.8708000000000002
0.8672
0.8720000000000002
0.8781999999999996
0.8730000000000002
0.8687999999999998
0.8706
0.8656
0.8768000000000002
0.8806000000000003
0.8780000000000001
0.8733999999999998
0.8687999999999997
0.8748
0.8704000000000001
0.8705999999999999
0.8716000000000002
0.8759999999999998
0.8674
0.8704000000000001
0.8663999999999998
0.8682000000000001
0.8716000000000002
0.8677999999999999
0.8690000000000003
0.8754000000000002
0.8754000000000001
0.8624
0.8729999999999996
0.8666000000000004
0.8704000000000005
0.8686000000000001
0.8718000000000002
0.8638000000000001
0.8659999999999997
0.8686
0.8667999999999999
0.8682
0.8677999999999999
0.8732000000000002
0.8704
0.8854000000000003
0.8726
0.8659999999999998
0.8696
0.8644000000000003
0.8818
0.8602
0.8608000000000001
0.8749999999999999
0.8756
0.8766000000000002
0.8626
0.8744000000000003
0.8776000000000004
0.8765999999999998
0.8740000000000001
0.8660000000000003
0.8703999999999996
0.8789999999999998
0.8771999999999999
0.8743999999999998
0.8708000000000002
0.8580000000000002
0.8640000000000001
0.8660000000000001
0.8648000000000002
0.8721999999999999
0.8682000000000003
0.8762000000000002
0.8732000000000001
0.8776000000000002
0.8723999999999998
0.8804000000000005
0.8650000000000003
0.8747999999999999
0.8763999999999998
0.8730000000000004
0.8788000000000005
0.8724000000000006
0.8682000000000005
0.8686000000000001
0.8682
0.8706000000000006
0.8711999999999998
0.8796000000000004
0.8828000000000001
0.8764000000000003
0.8799999999999997
0.8682
0.8782000000000001
0.8768000000000002
0.8698000000000004
0.8822000000000001
0.8709999999999998
0.8752
0.8733999999999997
0.8740000000000007
0.8720000000000006
0.8770000000000004
0.8735999999999998
0.8726000000000005
0.8665999999999999
0.8726
0.8692000000000003
0.8722000000000005
0.8574000000000004
0.8668
0.8755999999999999
0.8692000000000006
0.8642000000000003
0.8752000000000001
0.8824000000000004
0.8720000000000003
0.8712000000000003
0.8681999999999997
0.8738000000000001
0.8801999999999996
0.8707999999999997
0.8717999999999997
0.8776000000000002
0.8779999999999998
0.8745999999999998
0.8802000000000004
0.8758000000000001
0.8732000000000001
0.8710000000000001
0.8791999999999999
0.8804
0.8815999999999997
0.8744000000000001
0.8732000000000003
0.8736000000000003
0.8732000000000002
0.8796000000000003
0.8694
0.8674000000000001
0.8780000000000004
0.8688000000000003
0.8718
0.8664000000000004
0.8724
0.8784000000000002
0.8707999999999998
0.8694
0.8761999999999998
0.8714000000000002
0.8731999999999998
0.8774000000000004
0.8792000000000003
0.8754000000000001
0.8805999999999998
0.8785999999999997
0.8706000000000003
0.8746000000000005
0.8664000000000002
0.8736000000000003
0.8658000000000005
0.8658000000000001
0.8656000000000003
0.8727999999999999
0.8784000000000001
0.8760000000000002
0.8778000000000001
0.8761999999999996
0.8727999999999996
0.8754000000000004
0.8676000000000004
0.8698000000000001
0.8690000000000007
0.8726
0.8680000000000001
0.8675999999999996
0.8719999999999999
0.8639999999999999
0.8674000000000001
0.8722000000000005
0.8806000000000002
0.8771999999999999
0.8784000000000002
0.8708000000000002
0.8766000000000003
0.8750000000000001
0.8690000000000007
0.8692000000000004
0.8658000000000005
0.8776
0.8750000000000003
0.8790000000000007
0.8654
0.8790000000000002
0.8718
0.8780000000000001
0.8834000000000004
0.8814000000000002
0.8746
0.8690000000000007
0.871
0.8700000000000001
0.8724000000000003
0.8734000000000005
0.8659999999999998
0.8625999999999999
0.8624000000000004
0.8668
0.8749999999999996
0.8712000000000002
0.8715999999999997
0.8645999999999999
0.8708000000000001
0.8726000000000005
0.8685999999999998
0.8621999999999999
0.8730000000000006
0.8700000000000004
0.8687999999999996
0.8652000000000002
0.8727999999999999
0.8683999999999996
0.8714000000000002
0.8731999999999998
0.8700000000000003
0.8706
0.8694
0.8699999999999999
0.8742
0.8734000000000002
0.8688000000000001
0.8698000000000004
0.8677999999999999
0.8780000000000002
0.8708
0.8744000000000001
0.8678000000000006
0.8640000000000003
0.8717999999999994
0.8684000000000005
0.8709999999999997
0.8651999999999999
0.8622000000000003
0.8698
0.8656000000000001
0.8686000000000003
0.8767999999999998
0.8767999999999999
0.8729999999999998
0.8754000000000001
0.8738000000000001
0.8692
0.8748000000000001
0.8754000000000002
0.8778000000000002
0.8694
0.8793999999999997
0.8820000000000003
0.8802000000000002
0.8762000000000003
0.8746000000000003
0.8725999999999998
0.8696000000000005
0.8744
0.8789999999999998
0.879
0.8768000000000002
0.8700000000000004
0.8724000000000004
0.8814000000000003
0.8710000000000003
0.8765999999999997
0.8711999999999999
0.8745999999999999
0.8742000000000002
0.8696000000000004
0.8716000000000003
0.8724
0.8697999999999999
0.8806000000000002
0.8730000000000001
0.8826000000000004
0.8720000000000003
0.8669999999999999
0.8649999999999998
0.8666000000000003
0.8664000000000003
0.8785999999999998
0.8647999999999999
0.8700000000000004
0.8728000000000001
0.8815999999999999
0.8768000000000004
0.8782000000000002
0.8730000000000002
0.8722000000000005
0.8754000000000002
0.8700000000000003
0.8709999999999998
0.8618000000000002
0.8649999999999999
0.8641999999999999
0.8690000000000001
0.8717999999999999
0.8769999999999999
0.8678000000000001
0.8804000000000002
0.8760000000000001
0.8746000000000003
0.8662000000000002
0.8778000000000001
0.8782000000000001
0.8724000000000001
0.8775999999999999
0.8737999999999999
0.8769999999999998
0.8748
0.8646000000000004
0.868
0.8650000000000001
0.8741999999999998
0.8746
0.8669999999999999
0.8715999999999999
0.8714000000000002
0.8677999999999996
0.8695999999999999
0.8644000000000002
0.8686000000000003
0.871
0.8631999999999997
0.8726
0.8744
0.8652
0.8718000000000004
0.8646000000000003
0.8662000000000002
0.8692
0.8765999999999998
0.8765999999999999
0.8677999999999999
0.8672
0.8720000000000002
0.8638000000000006
0.8596
0.8677999999999999
0.8744000000000001
0.8690000000000004
0.8676000000000001
0.8730000000000001
0.8698000000000005
0.8716000000000002
0.8686000000000001
0.8669999999999994
0.8708000000000005
0.8754000000000001
0.8697999999999999
0.8664000000000003
0.8664000000000003
0.8631999999999997
0.8633999999999997
0.8595999999999997
0.8632000000000004
0.8640000000000003
0.8768
0.8713999999999998
0.868
0.8683999999999997
0.8700000000000006
0.8694000000000004
0.8683999999999998
0.865
0.8726
0.8756
0.8790000000000002
0.8713999999999998
0.8730000000000001
0.8644000000000003
0.8786000000000003
0.8670000000000008
0.8723999999999998
0.8790000000000002
0.8783999999999998
0.8795999999999998
0.8660000000000002
0.8716000000000002
0.8718000000000002
0.8715999999999999
0.8664000000000003
0.8678
0.8805999999999998
0.8782000000000001
0.8652
0.8674000000000001
0.8718000000000004
0.8738000000000001
0.8596000000000003
0.8548000000000002
0.8628
0.8645999999999999
0.8632000000000002
0.8678000000000006
0.8708000000000005
0.8706000000000003
0.867
0.8700000000000001
0.8742
0.8747999999999999
0.8725999999999995
0.8696000000000004
0.8730000000000001
0.8698
0.8623999999999994
0.8644000000000003
0.8715999999999998
0.8672000000000001
0.8667999999999999
0.8706000000000002
0.8593999999999998
0.8617999999999999
0.8714000000000002
0.8675999999999999
0.8805999999999998
0.8764000000000007
0.8775999999999997
0.8694000000000004
0.8772000000000001
0.8758000000000002
0.8736
0.8730000000000004
0.8682000000000003
0.8754000000000007
0.8678000000000003
0.8696000000000004
0.875
0.8756000000000002
0.8718
0.8741999999999999
0.8635999999999998
0.8667999999999998
0.8706000000000003
0.8692
0.8758
0.8723999999999996
0.8704000000000001
0.8712000000000002
0.8695999999999999
0.8706000000000005
0.8669999999999999
0.8712000000000002
0.8770000000000003
0.8748000000000001
0.8649999999999999
0.8660000000000005
0.8756
0.8726000000000002
0.8674000000000001
0.8722000000000003
0.8644
0.8617999999999995
0.8669999999999999
0.868
0.8669999999999999
0.8702000000000001
0.8713999999999998
0.8708000000000002
0.8732
0.8644
0.8689999999999999
0.8686000000000003
0.8643999999999998
0.8694
0.8648000000000003
0.8668
0.8684000000000005
0.8680000000000001
0.8724000000000006
0.8689999999999997
0.8733999999999997
0.8771999999999998
0.8664000000000002
0.8628000000000001
0.8696000000000004
0.8714000000000002
0.8742000000000004
0.8710000000000003
0.8710000000000002
0.8666000000000005
0.8746000000000003
0.8697999999999998
0.8668
0.8688000000000006
0.8646000000000003
0.8655999999999999
0.8707999999999998
0.8660000000000001
0.8704000000000001
0.8720000000000003
0.8714000000000004
0.8752000000000002
0.8766000000000004
0.8699999999999999
0.8660000000000001
0.8603999999999995
0.8721999999999999
0.868
0.8695999999999998
0.8703999999999997
0.8784000000000001
0.8738000000000001
0.8844000000000005
0.8782000000000001
0.8774
0.8670000000000003
0.8708000000000002
0.8714000000000003
0.8692
0.8692000000000003
0.8736000000000004
0.8752000000000001
0.8780000000000002
0.8703999999999997
0.8778
0.8758000000000004
0.8704
0.8700000000000004
0.875
0.8742000000000004
0.8676
0.8691999999999999
0.873
0.8672000000000007
0.8721999999999999
0.8723999999999998
0.8725999999999995
0.8711999999999998
0.8728000000000002
0.8724000000000001
0.8702000000000002
0.8760000000000002
0.8759999999999997
