0.19999999999999962
0.3367852604828462
0.36958068614993644
0.3919440914866581
0.38504447268106745
0.3869250317662009
0.3832020330368487
0.38049555273189334
0.3795806861499365
0.3755146124523505
0.3760355781448539
0.36919949174078776
0.3737738246505718
0.3660355781448538
0.3722363405336722
0.3627827191867853
0.3680686149936468
0.36190597204574315
0.36439644218551465
0.36137229987293523
0.36447268106734443
0.35874205844980955
0.36362134688691244
0.3580304955527319
0.3599872935196951
0.3580813214739516
0.35925031766200766
0.35566709021601023
0.3584625158831004
0.35364675984752236
0.3586277001270648
0.35575603557814484
0.3571918678526048
0.3537738246505717
0.35456162642947897
0.3537229987293519
0.354294790343075
0.3521855146124524
0.3536213468869123
0.35074968233799225
0.3539644218551463
0.3501524777636595
0.3525540025412962
0.35171537484116905
0.3522236340533673
0.3506480304955527
0.35105463786531116
0.35149936467598475
0.34900889453621337
0.34956797966963143
0.34960609911054646
0.34844980940279546
0.350330368487929
0.34764930114358317
0.35017789072426936
0.3484116899618806
0.34775095298602277
0.34772554002541306
0.3492503176620075
0.347420584498094
0.34701397712833554
0.34752223634053364
0.347407878017789
0.34653113087674725
0.3465057179161372
0.34778907242693774
0.34691232528589583
0.34709021601016515
0.3466581956797966
0.34635324015247787
0.34551461245235077
0.3456925031766201
0.34602287166454887
0.345425667090216
0.346315120711563
0.34593392630241426
0.3445997458703939
0.346594663278272
0.3437992376111817
0.34412960609911036
0.3438119440914867
0.3455654383735706
0.34401524777636594
0.3456797966963152
0.3435451080050827
0.3434180432020332
0.3445997458703938
0.34404066073697576
0.34337992376111826
0.3426556543837356
0.34348157560355785
0.3443202033036849
0.3429860228716646
0.34193138500635323
0.3425158831003814
0.3438373570520966
0.3423252858958069
0.34304955527318926
0.34365946632782696
0.3413595933926304
0.34410419313850077
0.3427827191867852
0.34287166454891993
0.34341804320203295
0.34273189326556563
0.34237611181702676
0.34367217280813217
0.3430368487928845
0.34250317662007623
0.3398475222363405
0.3437484116899619
0.34196950444726815
0.3421346886912327
0.34310038119440933
0.34068614993646756
0.34134688691232534
0.3434942820838628
0.34057179161372303
0.3425285895806862
0.3407242693773825
0.34156289707750953
0.3417789072426938
0.3412960609911055
0.3420584498094029
0.34141041931385013
0.34135959339263033
0.34123252858958075
0.3419186785260483
0.3402033036848794
0.3407496823379923
0.3408005082592122
0.3421346886912325
0.34135959339263033
0.3413468869123253
0.3411308767471411
0.340559085133418
0.3398729351969505
0.3419695044472681
0.34059720457433296
0.34091486658195685
0.34113087674714115
0.33898348157560365
0.34190597204574336
0.3406607369758578
0.3420203303684881
0.33950444726810697
0.34049555273189336
0.340317662007624
0.34467598475222383
0.3366963151207116
0.3410419313850064
0.33881829733163926
0.3419567979669631
0.3400889453621347
0.3388055908513342
0.34002541296060995
0.34030495552731893
0.3416518424396443
0.3387801778907243
0.3409148665819568
0.3384116899618806
0.33894536213468884
0.341423125794155
0.3396950444726812
0.3405209656925033
0.33907242693773815
0.3403811944091487
0.340571791613723
0.33879288437102933
0.339758576874206
0.3395044472681066
0.33890724269377387
0.33809402795425664
0.34232528589580696
0.3381575603557815
0.3405972045743328
0.3366836086404067
0.34233799237611184
0.3391613722998729
0.33875476493011436
0.33834815756035574
0.3404320203303685
0.339695044472681
0.33983481575603564
0.33752223634053374
0.339148665819568
0.33911054637865307
0.33964421855146126
0.3373697585768742
0.33898348157560365
0.33810673443456174
0.3392503176620077
0.33799237611181704
0.3403303684879288
0.33750952986022886
0.3402287166454893
0.3379542566709021
0.3393900889453619
0.33730622617534955
0.3398856416772555
0.33714104193138494
0.33864040660736966
0.33794155019059724
0.3385006353240152
0.33874205844980937
0.3376493011435832
0.3395679796696316
0.33775095298602287
0.33813214739517167
0.3369758576874205
0.3404193138500636
0.3372554002541296
0.33907242693773815
0.3372554002541297
0.33856416772554
0.3367344345616267
0.3386658195679797
0.33662007623888185
0.33789072426937744
0.336861499364676
0.3383989834815755
0.3376620076238883
0.33879288437102933
0.3374459974587038
0.3374205844980942
0.33734434561626436
0.3383862770012707
0.3378271918678527
0.33696315120711573
0.3376874205844982
0.33663278271918684
0.33693773824650564
0.3380304955527321
0.33771283354510806
0.3384879288437104
0.3380050825921221
0.33689961880559083
0.33817026683608636
0.33956797966963165
0.33641677255400265
0.336848792884371
0.3380432020330367
0.3373316391359594
0.3354002541296062
0.3395806861499366
0.337484116899619
0.3391105463786533
0.33514612452350706
0.33903430749682334
0.3373316391359594
0.3370139771283354
0.3358068614993648
0.33987293519695044
0.33498094027954267
0.3395425667090216
0.3355908513341806
0.3369123252858958
0.3384243964421856
0.3354764930114358
0.3377255400254129
0.3381448538754767
0.33561626429479025
0.33787801778907256
0.3367344345616266
0.3365946632782718
0.33898348157560365
0.336022871664549
0.33693773824650575
0.33810673443456174
0.3375730622617534
0.336531130876747
0.33921219822109294
0.3361499364675985
0.3378526048284624
0.33721728081321467
0.33712833545108006
0.33534942820838637
0.33932655654383737
0.33480304955527307
0.3376238881829734
0.33556543837357045
0.3378653113087676
0.3381829733163915
0.33740787801778915
0.3361118170266835
0.3372554002541297
0.3364040660736977
0.3368233799237611
0.33655654383735706
0.33597204574332906
0.33681067344345605
0.3379288437102923
0.3356670902160102
0.33775095298602287
0.3356035578144854
0.33537484116899635
0.3375349428208386
0.33435832274459965
0.33728081321473974
0.33728081321473935
0.33846251588310033
0.3367217280813215
0.33500635324015243
0.33669631512071185
0.33720457433291
0.33702668360864046
0.3361245235069885
0.33752223634053363
0.33752223634053385
0.33742058449809403
0.33608640406607365
0.3365184243964422
0.3378398983481575
0.33548919949174083
0.3372554002541296
0.3360101651842439
0.33606099110546384
0.33748411689961894
0.33510800508259214
0.3376238881829734
0.3369123252858959
0.33551461245235076
0.3354129606099111
0.33599745870393904
0.3371918678526049
0.3352604828462516
0.3349555273189327
0.33612452350698857
0.3375857687420585
0.3354764930114358
0.33573062261753484
0.3359593392630241
0.33672172808132145
0.33745870393900895
0.33556543837357045
0.33822109275730616
0.33401524777636604
0.3362007623888183
0.3334434561626429
0.33733163913595937
0.33590851334180427
0.33689961880559094
0.3344853875476492
0.33611181702668363
0.3365565438373572
0.33484116899618804
0.3357560355781448
0.3362261753494281
0.33472681067344345
0.3365184243964421
0.3377636594663278
0.3341804320203304
0.33552731893265575
0.33589580686149945
0.33565438373570516
0.33672172808132134
0.33598475222363405
0.33642947903430753
0.3362261753494283
0.3363405336721727
0.3358831003811943
0.336861499364676
0.3340660736975857
0.3375095298602288
0.33554002541296074
0.3344472681067344
0.33720457433290996
0.3358449809402796
0.3374841168996187
0.33500635324015243
0.3370266836086406
0.3350698856416774
0.3378017789072427
0.33326556543837355
0.33679796696315123
0.333494282083863
0.3373570520965693
0.3345870393900888
0.3381321473951715
0.33349428208386284
0.3390597204574333
0.33367217280813216
0.3375476493011436
0.33458703939008894
0.33660736975857697
0.33653113087674713
0.33589580686149956
0.3346886912325284
0.33675984752223626
0.3345108005082592
0.3366327827191869
0.334866581956798
0.33574332909784
0.3354637865311308
0.3374841168996186
0.3335578144853875
0.33693773824650575
0.33534942820838637
0.3355908513341806
0.33566709021601
0.33480304955527324
0.3356416772554002
0.33678526048284624
0.3327827191867854
0.33772554002541305
0.3350190597204574
0.3364421855146126
0.33458703939008894
0.33606099110546384
0.33590851334180444
0.3361372299872937
0.3350317662007624
0.3346759847522238
0.33571791613723007
0.3368614993646761
0.33385006353240165
0.33744599745870396
0.33371029224904697
0.3369250317662009
0.33359593392630243
0.3348157560355782
0.33578144853875486
0.3375603557814486
0.3340279542566711
0.3361753494282085
0.334891994917408
0.33612452350698857
0.3347903430749683
0.3355781448538757
0.33382465057179167
0.33541296060991116
0.3357433290978398
0.3353113087674714
0.3332274459974587
0.336302414231258
0.33542566709021593
0.3341677255400253
0.3359339263024142
0.3341550190597205
0.3352223634053368
0.33479034307496813
0.33447268106734435
0.33559085133418043
0.33466327827191866
0.3361118170266834
0.3328081321473952
0.33569250317662
0.3339898348157559
0.3358703939008895
0.3342947903430751
0.3349682337992377
0.33396442185514613
0.33505717916137234
0.33332909783989834
0.33540025412960617
0.3347141041931386
0.3350444726810673
0.33349428208386284
0.33543837357052103
0.3330749682337991
0.33509529860228715
0.3344472681067344
0.334841168996188
0.3355527318932656
0.33391359593392644
0.3355273189326555
0.3353494282083862
0.33379923761118163
0.33687420584498107
0.33453621346886925
0.33505717916137234
0.3343329097839899
0.3338119440914866
0.3351588310038119
0.334574332909784
0.33470139771283347
0.3360228716645489
0.3356670902160102
0.3330495552731895
0.3363786531130878
0.33168996188055916
0.3358703939008895
0.3337102922490471
0.33393900889453626
0.335959339263024
0.33226175349428205
0.33673443456162644
0.33364675984752223
0.3360482846251587
0.33349428208386267
0.33383735705209666
0.33269377382465054
0.3353494282083863
0.3333926302414231
0.3346378653113089
0.33411689961880553
0.3359847522236341
0.33229987293519714
0.3330241423125795
0.3360991105463787
0.33462515883100397
0.3319059720457434
0.335679796696315
0.3331512071156291
0.33578144853875486
0.33368487928843704
0.3344218551461245
0.33406607369758584
0.3332401524777637
0.3335705209656926
0.33554002541296063
0.33287166454892
0.33421855146124535
0.33571791613722995
0.33360864040660737
0.33419313850063526
0.332833545108005
0.33656925031766205
0.33227445997458716
0.3357560355781449
0.33315120711562896
0.3339263024142312
0.33344345616264304
0.3344980940279542
0.33334180432020327
0.3335578144853877
0.33339263024142324
0.33524777636594677
0.3343837357052097
0.33379923761118185
0.33415501905972067
0.3340533672172809
0.3345235069885642
0.33401524777636615
0.333722998729352
0.33510800508259225
0.3325158831003812
0.33529860228716635
0.3342566709021602
0.33252858958068615
0.33407878017789083
0.33316391359593384
0.33457433290978394
0.33393900889453626
0.33466327827191866
0.3322998729351969
0.3350190597204573
0.3334942820838628
0.33438373570520974
0.3347268106734436
0.3326175349428207
0.33193138500635333
0.33504447268106735
0.33345616264294775
0.3345235069885642
0.3318805590851335
0.3345108005082593
0.33214739517153746
0.3336086404066074
0.3335705209656926
0.3328716645489201
0.3338881829733164
0.33259212198221105
0.33425667090216016
0.33266836086404084
0.33202033036848794
0.3340279542566709
0.33457433290978406
0.33210927573062254
0.3351588310038119
0.3326429479034308
0.3335324015247776
0.33334180432020316
0.3346886912325286
0.3318805590851335
0.33316391359593395
0.3329987293519695
0.3339263024142313
0.3322871664548922
0.33485387547649315
0.3315247776365946
0.333456162642948
0.3318043202033037
0.3347395171537486
0.33341804320203283
0.33336721728081337
0.331969504447268
0.33468869123252865
0.3323888182973316
0.33486658195679786
0.3333036848792886
0.332592121982211
0.3335959339263023
0.33327827191867854
0.33124523506988557
0.3348792884371029
0.33102922490470144
0.3347013977128334
0.33222363405336724
0.33330368487928835
0.3334688691232529
0.3343202033036847
0.3327573062261752
0.3325158831003812
0.3346505717916137
0.33190597204574346
0.3320711562897077
0.3323888182973316
0.33430749682338
0.3324269377382464
0.33227445997458704
0.33410419313850065
0.3315247776365946
0.33329097839898336
0.33204574332909786
0.3316899618805592
0.3329987293519697
0.3332782719186786
0.3334180432020333
0.3328716645489201
0.33398983481575617
0.3336721728081323
0.33170266836086404
0.33195679796696326
0.333735705209657
0.3315756035578145
0.3329860228716645
0.33182973316391373
0.33419313850063537
0.33424396442185533
0.33184243964421856
0.333443456162643
0.33341804320203294
0.3324777636594664
0.33263024142312575
0.3342947903430751
0.33245235069885637
0.3336721728081322
0.330597204574333
0.3357433290978398
0.33047013977128337
0.33400254129606105
0.3323252858958068
0.33358322744599755
0.3318678526048286
0.3334688691232529
0.3330368487928845
0.33227445997458693
0.3332401524777638
0.3310292249047013
0.33426937738246515
0.33165184243964435
0.3337738246505718
0.33320203303684887
0.33292249047013983
0.33421855146124524
0.3314104193138502
0.3332909783989837
0.3323888182973316
0.33241423125794156
0.331969504447268
0.3327700127064802
0.33259212198221094
0.3318043202033037
0.33368487928843704
0.3309911054637867
0.33419313850063537
0.3320330368487929
0.3333418043202033
0.33021601016518426
0.3332401524777638
0.3312198221092757
0.3325540025412959
0.3324015247776366
0.33287166454892003
0.3333545108005083
0.33245235069885654
0.3331893265565439
0.3324396442185514
0.3338119440914868
0.3327064803049554
0.3324777636594663
0.33304955527318947
0.3315628970775096
0.3320076238881829
0.3329479034307496
0.33168996188055905
0.3335832274459976
0.33287166454892003
0.3319059720457433
0.3333290978398984
0.33113087674714103
0.3335705209656925
0.33058449809402796
0.3340914866581957
0.3328335451080053
0.3310419313850064
0.3330622617534943
0.3304447268106734
0.33226175349428205
0.33085133418043194
0.33213468869123264
0.3324523506988566
0.3332655654383736
0.3321855146124523
0.33222363405336724
0.3338627700127065
0.3323379923761119
0.3315756035578145
0.33294790343074987
0.33124523506988574
0.332566709021601
0.3315247776365947
0.3334053367217279
0.331753494282084
0.3326302414231257
0.3311308767471409
0.3326556543837358
0.3312579415501905
0.33368487928843715
0.3302414231257941
0.3333036848792886
0.33034307496823373
0.3322363405336723
0.33236340533672176
0.3314104193138502
0.3319822109275731
0.33226175349428194
0.33066073697585774
0.3320584498094028
0.33304955527318936
0.3312325285895807
0.3318932655654384
0.3327573062261755
0.3310546378653115
0.3330368487928845
0.3307750952986022
0.3321982210927572
0.33179161372299887
0.33071156289707765
0.33341804320203317
0.3306734434561627
0.3328208386277003
0.3305590851334182
0.3336975857687421
0.33036848792884377
0.33254129606099125
0.33078780177890726
0.3320584498094029
0.33017789072426934
0.3344091486658196
0.3285387547649301
0.3333418043202033
0.3318043202033037
0.33222363405336724
0.3306607369758578
0.33125794155019067
0.33353240152477764
0.33133418043202034
0.33053367217280816
0.3309021601016519
0.3323125794155019
0.3310038119440914
0.3308132147395171
0.3325412960609912
0.33109275730622606
0.33217280813214745
0.33123252858958074
0.3313722998729353
0.33321473951715386
0.3307496823379925
0.33167725540025417
0.330851334180432
0.33237611181702675
0.3330749682337993
0.3293646759847523
0.3339390088945361
0.32937738246505716
0.33326556543837355
0.3300508259212199
0.3309656925031767
0.329987293519695
0.3320076238881831
0.33163913595933936
0.3313722998729352
0.33138500635324
0.3322236340533673
0.330838627700127
0.3310927573062262
0.33017789072426945
0.33226175349428216
0.33066073697585774
0.33019059720457444
0.3312833545108006
0.3319059720457433
0.3301143583227447
0.3311944091486659
0.3300508259212198
0.330838627700127
0.3289326556543837
0.3312960609911056
0.3314358322744599
0.3310419313850063
0.329479034307497
0.3313595933926304
0.3302160101651843
0.33188055908513336
0.3318678526048285
0.3314612452350699
0.33066073697585774
0.33246505717916136
0.3294409148665821
0.3307496823379925
0.3282592121982211
0.3340914866581957
0.33003811944091505
0.3319059720457432
0.3291740787801779
0.3324777636594663
0.32993646759847517
0.3302795425667091
0.33125794155019045
0.3306607369758576
0.3315120711562897
0.32909783989834823
0.33359593392630255
0.32880559085133415
0.3322109275730623
0.3290343074968233
0.3322490470139772
0.3286785260482846
0.3323125794155019
0.32977128335451084
0.3315120711562898
0.3299491740787802
0.3314993646759848
0.3320965692503177
0.33153748411689976
0.33205844980940297
0.33073697585768747
0.33110546378653116
0.32907242693773825
0.33222363405336724
0.3288055908513342
0.3331766200762389
0.3312706480304957
0.3306607369758576
0.33189326556543847
0.3295425667090216
0.3327445997458704
0.3296315120711564
0.33125794155019056
0.33029224904701393
0.33134688691232533
0.3298348157560357
0.33241423125794173
0.32950444726810674
0.3314612452350699
0.3299745870393901
0.33097839898348147
0.3309275730622618
0.3311181702668361
0.33087674714104187
0.33025412960609907
0.3300762388818297
0.3309275730622618
0.32964421855146137
0.3305336721728081
0.32978398983481577
0.3318297331639136
0.3294282083862769
0.33078780177890715
0.3306226175349427
0.3303811944091487
0.33135959339263016
0.3300381194409149
0.32855146124523515
0.3318678526048285
0.3286912325285896
0.3323379923761118
0.3289326556543839
0.3307750952986023
0.33038119440914876
0.3298856416772555
0.3301397712833544
0.3289072426937738
0.331715374841169
0.3319186785260483
0.32914866581956803
0.3318170266836086
0.33021601016518426
0.33106734434561635
0.33163913595933925
0.3285133418043202
0.32977128335451084
0.33127064803049544
0.33015247776365947
0.3301905972045743
0.32974587039390096
0.3306480304955528
0.3313977128335452
0.330571791613723
0.3318805590851335
0.3293900889453623
0.33053367217280816
0.329987293519695
0.3297712833545109
0.3299618805590852
0.33082592121982207
0.3323379923761119
0.3292884371029225
0.3306734434561626
0.3312325285895807
0.3301016518424397
0.3320584498094028
0.32945362134688705
0.3326175349428207
0.3308640406607369
0.33069885641677255
0.3295806861499365
0.3306734434561627
0.32987293519695066
0.3301651842439645
0.33156289707750963
0.3287039390088946
0.33114358322744614
0.32747141041931366
0.3324142312579416
0.3283227445997459
0.33168996188055905
0.3300889453621346
0.3316899618805589
0.3296188055908513
0.3303049555273191
0.3290978398983483
0.3313722998729351
0.33001270648030506
0.33165184243964424
0.329733163913596
0.330851334180432
0.3305844980940279
0.33025412960609907
0.33047013977128337
0.3300635324015248
0.33022871664548925
0.3311944091486659
0.3295679796696316
0.32978398983481577
0.3310165184243965
0.3289326556543837
0.3322998729351972
0.3297458703939011
0.3311308767471411
0.32944091486658195
0.33006353240152486
0.33012706480304954
0.3310546378653113
0.3291740787801779
0.32997458703939
0.32993646759847506
0.3292884371029227
0.330571791613723
0.3305844980940278
0.33016518424396446
0.32879288437102927
0.33165184243964435
0.3292376111817027
0.331143583227446
0.3282083862770012
0.33180432020330364
0.32814485387547665
0.33243964421855166
0.32937738246505716
0.3312452350698857
0.3281702668360865
0.3308894536213469
0.3293011435832274
0.33134688691232533
0.3300635324015248
0.3314612452350699
0.32851334180432024
0.33090216010165185
0.3295298602287167
0.33194409148665827
0.32908513341804313
0.33216010165184245
0.32851334180432007
0.33034307496823395
0.3280304955527319
0.33116899618805584
0.32806861499364665
0.3316010165184244
0.33088945362134686
0.33108005082592123
0.3303303684879289
0.33025412960609907
0.3299364675984752
0.3296442185514612
0.3306861499364676
0.33008894536213484
