0.19999999999999962
0.3311054637865313
0.4463024142312578
0.5189199491740789
0.5653494282083864
0.5957941550190595
0.6128208386277
0.6262770012706482
0.6373570520965693
0.6429987293519698
0.6477509529860233
0.6506607369758578
0.6526937738246503
0.6546632782719187
0.6516645489199494
0.6514358322744601
0.651168996188056
0.652833545108005
0.651130876747141
0.6505844980940282
0.6503939008894538
0.6502287166454892
0.6497966963151207
0.6486022871664548
0.6465692503176622
0.6484243964421854
0.6456797966963153
0.6442058449809402
0.6440152477763661
0.6428335451080051
0.6421219822109276
0.6415120711562898
0.641156289707751
0.6393138500635324
0.6407242693773826
0.6393773824650573
0.6400127064803047
0.6395552731893267
0.6376493011435831
0.6366073697585768
0.635120711562897
0.6361372299872934
0.6363913595933927
0.6361245235069888
0.6341296060991106
0.6344726810673443
0.6324396442185517
0.6322109275730625
0.6322363405336724
0.6327700127064804
0.6312198221092759
0.6291105463786529
0.6285133418043203
0.629174078780178
0.63141041931385
0.6289961880559086
0.6289326556543838
0.6294027954256671
0.6276111817026684
0.6264294790343075
0.6252731893265566
0.6247141041931384
0.6252096569250317
0.6249428208386278
0.6252350698856417
0.6259466327827193
0.6244091486658194
0.6249682337992377
0.6229479034307501
0.6218932655654383
0.6217280813214738
0.6208132147395168
0.6196060991105464
0.6193519695044472
0.6184752223634052
0.619428208386277
0.6196060991105464
0.6175984752223637
0.6195679796696315
0.6193138500635325
0.6190597204574334
0.6171664548919948
0.6172426937738247
0.6171029224904699
0.615730622617535
0.6145235069885644
0.6160355781448537
0.6145616264294792
0.6164930114358325
0.6165057179161372
0.616010165184244
0.6150063532401524
0.6146886912325286
0.614930114358323
0.6129479034307497
0.6121728081321473
0.6141041931385006
0.6134434561626428
0.6144726810673442
0.613888182973316
0.611601016518424
0.6125794155019062
0.6116645489199493
0.6126175349428212
0.612579415501906
0.613138500635324
0.613456162642948
0.6135705209656926
0.6121219822109276
0.611423125794155
0.6104574332909782
0.610216010165184
0.6101905972045742
0.6082846251588311
0.6092121982210927
0.6094409148665817
0.6113214739517157
0.6116264294790343
0.6105844980940278
0.6090724269377383
0.6103176620076239
0.6102541296060993
0.6094663278271919
0.6101016518424397
0.6095171537484115
0.6068360864040659
0.6071664548919948
0.6068742058449809
0.6066581956797967
0.6076365946632781
0.606785260482846
0.6083227445997457
0.6075730622617536
0.6063786531130875
0.6050952986022871
0.6076493011435834
0.6063151207115629
0.6067852604828462
0.608805590851334
0.6066963151207115
0.6053113087674711
0.6049809402795426
0.6073062261753496
0.6071156289707749
0.6067344345616263
0.6061118170266836
0.6057560355781446
0.6051588310038118
0.6047141041931383
0.6064167725540025
0.6055908513341802
0.6026429479034305
0.6030495552731892
0.6040025412960606
0.6039517153748408
0.6035705209656925
0.6038881829733165
0.6029479034307498
0.6050571791613722
0.602592121982211
0.6040914866581956
0.6028462515883102
0.6024523506988566
0.601994917407878
0.6019440914866581
0.6021982210927572
0.6023761118170265
0.6029479034307496
0.6027954256670904
0.6031003811944091
0.6040787801778906
0.6015756035578144
0.602579415501906
0.6021982210927572
0.602261753494282
0.6018424396442185
0.6016264294790346
0.6017407878017788
0.5996569250317663
0.6002922490470138
0.6009529860228716
0.600254129606099
0.6007115628970775
0.6009275730622616
0.5997712833545108
0.6011817026683607
0.6000508259212198
0.6021601016518425
0.6019949174078781
0.6021855146124522
0.601105463786531
0.6032020330368486
0.6017534942820838
0.6008132147395172
0.5986404066073698
0.6020330368487927
0.6019059720457431
0.600317662007624
0.5991105463786532
0.5987420584498092
0.5990597204574332
0.5997966963151206
0.6001016518424396
0.598767471410419
0.5987547649301139
0.5992884371029222
0.597471410419314
0.5998729351969504
0.5986658195679797
0.5993392630241425
0.5978398983481573
0.5972554002541293
0.5968233799237611
0.5959847522236342
0.5965057179161376
0.5972935196950447
0.5963532401524776
0.594650571791614
0.5983100381194408
0.5966709021601018
0.5956035578144856
0.5934307496823379
0.5949301143583225
0.5964548919949172
0.5957306226175347
0.5959339263024145
0.5961753494282084
0.5975603557814486
0.5966836086404065
0.5948792884371028
0.5956925031766198
0.5970266836086402
0.5990088945362134
0.5967217280813216
0.5934434561626426
0.5953875476493011
0.5951461245235069
0.5965184243964421
0.5957306226175352
0.5941550190597203
0.5946378653113089
0.5957433290978402
0.5946124523506987
0.5942185514612454
0.5964167725540025
0.5930749682337993
0.5931893265565438
0.5939135959339263
0.5943329097839897
0.5933418043202032
0.5949301143583228
0.5965057179161372
0.5949555273189329
0.5937229987293522
0.5946886912325288
0.5957687420584495
0.5953494282083862
0.5955400254129605
0.5943964421855145
0.5940406607369755
0.5922871664548919
0.5932909783989837
0.5927318932655653
0.5941296060991107
0.593418043202033
0.5942693773824652
0.5939008894536214
0.592579415501906
0.5922744599745868
0.5922617534942818
0.593761118170267
0.5909148665819571
0.5929224904701397
0.5941041931385008
0.5931893265565439
0.5932909783989837
0.5929987293519694
0.5918424396442187
0.5936594663278271
0.5931639135959336
0.5938119440914866
0.5941168996188054
0.5932020330368488
0.5923888182973318
0.5931003811944092
0.5922617534942823
0.5923888182973315
0.5933163913595934
0.5922744599745869
0.5909911054637862
0.5933036848792886
0.5943837357052093
0.5933418043202032
0.5942693773824651
0.5924269377382471
0.592007623888183
0.5907369758576873
0.5899872935196949
0.5910800508259211
0.5913468869123254
0.5937102922490468
0.5922871664548921
0.5911817026683609
0.5921219822109274
0.5938627700127066
0.5913977128335451
0.5930241423125796
0.5915756035578142
0.5918170266836086
0.5932020330368488
0.5924777636594664
0.592541296060991
0.5902414231257943
0.5909402795425666
0.5914866581956795
0.5919059720457432
0.5923506988564168
0.5921346886912325
0.5905844980940279
0.5912198221092759
0.5927573062261753
0.5907878017789069
0.5913722998729352
0.5904574332909786
0.5937992376111818
0.5928462515883102
0.5914993646759847
0.5925667090216014
0.5929224904701397
0.589733163913596
0.5912071156289708
0.5911308767471413
0.5925031766200761
0.5896823379923762
0.5919949174078781
0.5907496823379925
0.592020330368488
0.5905590851334181
0.5898221092757308
0.5909529860228717
0.589415501905972
0.5913722998729352
0.5911944091486658
0.5903811944091485
0.5915120711562897
0.5899618805590849
0.5891486658195679
0.5874968233799239
0.5875984752223633
0.5888310038119443
0.5887674714104194
0.5909402795425668
0.5897331639135959
0.5903811944091488
0.5906988564167727
0.589199491740788
0.5881321473951714
0.589161372299873
0.5903049555273189
0.5886785260482847
0.5890216010165186
0.5913214739517155
0.5910419313850066
0.5904447268106736
0.5887801778907241
0.5900762388818297
0.5899618805590849
0.5904828462515881
0.589733163913596
0.5884116899618804
0.5898602287166453
0.5886277001270648
0.5898602287166451
0.5909783989834816
0.5894409148665819
0.5881575603557814
0.5889834815756035
0.5881575603557816
0.5898475222363407
0.5896315120711564
0.5897966963151205
0.5896060991105463
0.5891867852604826
0.5890216010165183
0.5883989834815756
0.5900381194409148
0.5895933926302415
0.5906353240152478
0.5890470139771283
0.5892376111817026
0.589123252858958
0.5871918678526048
0.5865057179161371
0.5879415501905974
0.5878653113087674
0.586531130876747
0.5867598475222363
0.5876365946632784
0.5875984752223633
0.588030495552732
0.5879796696315122
0.5886277001270647
0.5867471410419315
0.5863786531130876
0.5867344345616265
0.5876365946632787
0.588017789072427
0.5872426937738244
0.5901016518424398
0.5891740787801777
0.5863786531130877
0.5867344345616263
0.5863278271918678
0.5883481575603559
0.5884625158831003
0.5885260482846253
0.5897204574332909
0.5898856416772552
0.5883608640406606
0.5895679796696315
0.5879288437102921
0.5890597204574332
0.588551461245235
0.5896569250317661
0.5884371029224905
0.5878780177890724
0.5886658195679795
0.5874205844980941
0.5882210927573062
0.5868360864040659
0.5896823379923762
0.5874841168996187
0.5874332909783989
0.586607369758577
0.5877636594663275
0.5868996188055908
0.587141041931385
0.5869885641677256
0.5869631512071153
0.5871283354510802
0.5860355781448541
0.5871537484116901
0.5871283354510801
0.5865057179161373
0.5869377382465059
0.5861118170266836
0.5867598475222364
0.5856543837357052
0.5844599745870398
0.587141041931385
0.5879923761118168
0.5866454891994916
0.5856543837357051
0.5877255400254128
0.5858195679796697
0.5882846251588308
0.5873951715374841
0.5879161372299873
0.5881067344345615
0.5869504447268108
0.5853748411689962
0.5851842439644217
0.5872426937738244
0.5874968233799236
0.586823379923761
0.5868233799237612
0.5885260482846253
0.5863532401524779
0.5860355781448537
0.5857179161372299
0.584561626429479
0.5843710292249048
0.5846886912325285
0.583392630241423
0.5850063532401524
0.5869377382465056
0.5889580686149936
0.5873189326556544
0.5869250317662008
0.5850825921219823
0.5861245235069886
0.586289707750953
0.5869631512071156
0.5860864040660737
0.5870139771283355
0.585730622617535
0.585705209656925
0.586264294790343
0.5860101651842442
0.5858195679796697
0.5841550190597208
0.5845235069885639
0.5854002541296062
0.5864548919949175
0.5861245235069885
0.5837611181702668
0.586213468869123
0.5863024142312583
0.5844853875476494
0.5850317662007626
0.5843583227445999
0.5849428208386276
0.5862261753494281
0.5878780177890724
0.5859847522236339
0.5865565438373571
0.5874459974587039
0.5857814485387547
0.5873697585768743
0.5841296060991107
0.586836086404066
0.5844345616264294
0.5864421855146124
0.5856162642947905
0.5849174078780179
0.584866581956798
0.5839008894536213
0.5847776365946636
0.5840152477763659
0.5840279542566705
0.5851715374841171
0.5854510800508258
0.5848665819567981
0.5841550190597204
0.5846759847522237
0.5871156289707751
0.5857433290978398
0.5847141041931383
0.5851588310038118
0.5855527318932657
0.5858831003811944
0.5865184243964421
0.5869504447268106
0.5827954256670903
0.5853875476493009
0.5834815756035577
0.5843329097839898
0.5849047013977128
0.5833290978398983
0.584891994917408
0.5827954256670903
0.583151207115629
0.5853367217280814
0.5849809402795423
0.5836848792884369
0.5867471410419314
0.584243964421855
0.5833672172808135
0.5836721728081319
0.5833163913595937
0.584015247776366
0.5836721728081321
0.5826683608640407
0.5831003811944091
0.5837484116899619
0.5845489199491739
0.5847649301143585
0.5834815756035578
0.5836975857687421
0.5843329097839899
0.5850317662007626
0.5842058449809403
0.5839771283354509
0.5826175349428208
0.5835705209656922
0.5852858958068614
0.5826683608640405
0.5851207115628971
0.5843837357052096
0.5835832274459976
0.5836975857687421
0.5839390088945359
0.5848792884371026
0.582668360864041
0.5833672172808129
0.5831639135959341
0.5849301143583227
0.5852858958068615
0.5827573062261754
0.5838627700127063
0.5844218551461243
0.5841677255400252
0.5828081321473951
0.5818805590851334
0.5831766200762388
0.5836594663278273
0.5838119440914865
0.5841550190597207
0.5841804320203305
0.5840533672172808
0.5846505717916136
0.5852096569250316
0.5841804320203303
0.5833926302414228
0.5827954256670899
0.5817789072426938
0.5832528589580686
0.5852986022871666
0.5843710292249047
0.5835451080050824
0.583379923761118
0.5827445997458706
0.5833036848792882
0.5827700127064801
0.583151207115629
0.584485387547649
0.5845870393900887
0.583722998729352
0.5837102922490469
0.5838627700127066
0.5832401524777636
0.5822998729351968
0.581130876747141
0.5821219822109275
0.5827700127064803
0.5834434561626429
0.5836594663278272
0.5850063532401526
0.5831130876747141
0.5827445997458707
0.5824650571791614
0.5821346886912325
0.5824015247776367
0.5829860228716643
0.5832274459974586
0.5832147395171534
0.5835832274459976
0.5833290978398984
0.5852223634053366
0.5829479034307498
0.5819440914866582
0.5839644218551461
0.5827700127064805
0.5817153748411691
0.5827954256670901
0.5832655654383734
0.5843583227445998
0.5835959339263024
0.5830114358322743
0.5820838627700126
0.5828081321473952
0.5837611181702669
0.5834434561626428
0.5821855146124523
0.5825667090216008
0.5817916137229987
0.5823252858958068
0.5835196950444727
0.5829860228716646
0.5824523506988563
0.5840660736975858
0.5835069885641677
0.582274459974587
0.5826810673443455
0.5821855146124527
0.583977128335451
0.5840152477763659
0.5820965692503177
0.5850063532401524
0.5842947903430751
0.5837992376111816
0.583964421855146
0.5851715374841169
0.5823761118170269
0.5835705209656923
0.5836467598475221
0.5820965692503175
0.5819186785260484
0.582554002541296
0.5816899618805589
0.5825794155019062
0.5828208386277003
0.5830495552731894
0.5834434561626429
0.5815883100381195
0.5809656925031765
0.5819059720457431
0.5831639135959342
0.5819949174078778
0.5812579415501906
0.5795933926302416
0.5804701397712835
0.5809783989834818
0.5827573062261755
0.5824269377382464
0.582261753494282
0.582274459974587
0.5807369758576872
0.5826175349428211
0.580991105463786
0.5803939008894536
0.5833418043202033
0.5835196950444729
0.5829097839898348
0.5824269377382465
0.5808005082592121
0.5821473951715376
0.5811944091486656
0.5793773824650572
0.5801524777636593
0.5819567979669631
0.5837611181702667
0.5816264294790341
0.5813722998729353
0.5802922490470142
0.5818297331639137
0.5814485387547649
0.5822617534942822
0.5823379923761121
0.5807496823379923
0.5811817026683608
0.5803176620076238
0.5805590851334178
0.5817407878017788
0.5818678526048285
0.582071156289708
0.5822617534942822
0.5802795425667092
0.5832782719186789
0.5833036848792884
0.5836721728081322
0.5819949174078781
0.5808767471410419
0.5824396442185517
0.5814993646759847
0.5816772554002543
0.5822490470139772
0.5810419313850061
0.5810927573062262
0.5810292249047013
0.5814358322744603
0.5823888182973319
0.581702668360864
0.5816264294790342
0.5814104193138498
0.5808259212198219
0.5818551461245234
0.5816010165184244
0.5810419313850061
0.5812579415501906
0.5788564167725538
0.5802922490470138
0.5804066073697588
0.5800635324015245
0.5815374841168997
0.580902160101652
0.5820965692503177
0.580622617534943
0.5806607369758573
0.5812452350698856
0.5823506988564167
0.5818551461245234
0.582528589580686
0.5818805590851334
0.5811308767471409
0.5822871664548921
0.5807496823379923
0.5805082592121983
0.5798221092757307
0.5793519695044472
0.5814104193138501
0.5808259212198221
0.5797204574332909
0.5795806861499363
0.5812325285895805
0.5801270648030497
0.582249047013977
0.581613722998729
0.5810165184243964
0.5812452350698858
0.5795933926302412
0.579491740787802
0.5817534942820839
0.5803811944091488
0.579644218551461
0.5782846251588311
0.5808005082592124
0.5790724269377384
0.5800254129606099
0.579987293519695
0.5805590851334183
0.5802033036848794
0.580622617534943
0.5796060991105465
0.5811308767471413
0.581092757306226
0.5795425667090215
0.5799237611181702
0.5796442185514611
0.5804828462515883
0.5790470139771284
0.5821855146124524
0.5803176620076234
0.5801270648030497
0.5800254129606098
0.5806480304955525
0.579593392630241
0.5804828462515885
0.5799745870393901
0.5797839898348158
0.5788055908513343
0.5786022871664549
0.5799364675984751
0.5807496823379926
0.5801397712833546
0.579415501905972
0.5797585768742058
0.5800381194409148
0.5787293519695043
0.5783608640406609
0.5798094027954254
0.5801016518424396
0.579758576874206
0.5804320203303686
0.5784752223634053
0.5777001270648029
0.5788310038119441
0.5791232528589582
0.5789326556543836
0.5791740787801778
0.5777636594663278
0.5777636594663276
0.5784371029224904
0.5789453621346888
0.5790470139771282
0.5789453621346887
0.5787420584498091
0.5792503176620074
0.5793900889453618
0.5797585768742058
0.5795425667090215
0.5792884371029227
0.5801143583227446
0.5807369758576874
0.5795679796696315
0.5788818297331638
0.5802668360864041
0.5804701397712835
0.5814739517153751
0.5816391359593392
0.5808894536213468
0.5793011435832276
0.5799237611181703
0.5792630241423128
0.5796696315120714
0.5774968233799236
0.5779669631512069
0.5783608640406607
0.5778653113087676
0.5801778907242694
0.5797204574332908
0.5783735705209654
0.5794027954256671
0.5793519695044475
0.5790851334180434
0.5797839898348157
0.5788945362134688
0.5796823379923762
0.5798475222363405
0.5800381194409147
0.5807115628970777
0.5810165184243963
0.5809021601016517
0.5796442185514611
0.5811181702668362
0.5791105463786533
0.5803176620076239
0.5809529860228715
0.5791740787801778
0.5795552731893266
0.5788818297331637
0.5786022871664548
0.5791105463786533
0.5774714104193139
0.5780940279542566
0.5785260482846251
0.5789707750952986
0.5796315120711563
0.5794282083862768
0.5784752223634054
0.5792121982210927
0.5793773824650572
0.5781575603557814
0.5779161372299871
0.5774587039390089
0.578030495552732
0.5780177890724266
0.5793900889453623
0.5804701397712835
0.5824650571791614
0.5801651842439645
0.5797331639135956
0.5787166454891995
0.5796442185514612
0.5793773824650572
0.5813468869123251
0.5817534942820837
0.5801651842439643
0.5815120711562897
0.5801016518424396
0.5811054637865309
0.5788310038119441
0.5776620076238879
0.5808513341804319
0.5820838627700129
0.5809402795425666
0.5815501905972045
0.5805082592121984
0.5792630241423127
0.5791994917407879
0.577979669631512
0.5788437102922491
0.5826937738246506
0.5827700127064803
0.5809783989834816
0.5793011435832275
0.5788564167725538
0.5780686149936468
0.578627700127065
0.5782465057179162
0.5794027954256672
0.5778907242693773
0.5781702668360864
0.5792376111817028
0.5798475222363404
0.5803557814485384
0.5804447268106734
0.5790088945362136
0.578310038119441
0.5788818297331643
0.5785641677255401
0.5796696315120713
0.5804066073697588
0.5807242693773828
0.5793011435832276
0.5785006353240153
0.5787293519695048
0.5779034307496823
0.5789580686149935
0.5783227445997459
0.580343074968234
0.5788818297331642
0.5779796696315121
0.5772299872935196
0.5796442185514612
0.5811562897077509
0.581156289707751
0.580533672172808
0.5809529860228719
0.5814485387547648
0.5817534942820838
0.5792249047013978
0.5778907242693774
0.5794282083862768
0.5798348157560358
0.5816137229987293
0.5810927573062263
0.581994917407878
0.5801397712833546
0.579987293519695
0.5810419313850066
0.5782719186785259
0.5779161372299871
0.5779923761118168
0.5778526048284626
0.5781702668360864
0.5801270648030495
0.5776238881829734
0.5764803049555273
0.5767217280813216
0.5771791613722999
0.5787674714104195
0.5786658195679796
0.5769631512071153
0.5788182973316395
0.5784752223634053
0.5796696315120711
0.5783608640406607
0.579377382465057
0.5786277001270645
0.5789072426937738
0.5790343074968232
0.5797077509529861
0.5806480304955526
0.5793646759847523
0.5801905972045741
0.5796823379923761
0.5809911054637865
0.5780813214739517
0.5786658195679797
0.5779034307496822
0.5777509529860229
0.5787293519695043
0.5781575603557816
0.5793392630241422
0.5785133418043201
0.5772172808132148
0.5782210927573064
0.579097839898348
0.5769123252858958
