0.19999999999999962
0.32218551461245243
0.43072426937738234
0.5024523506988564
0.5492884371029223
0.5818678526048285
0.6017534942820839
0.6153240152477767
0.6271029224904702
0.6345743329097837
0.6395171537484119
0.6432909783989834
0.6458449809402798
0.6453494282083864
0.6458068614993648
0.6485260482846253
0.6486149936467599
0.6473570520965696
0.6472681067344344
0.6441677255400254
0.6452986022871663
0.6458068614993648
0.6435959339263024
0.6420330368487928
0.6417662007623889
0.6413977128335451
0.6396315120711562
0.6405972045743331
0.6400635324015247
0.6373951715374843
0.6342185514612454
0.6355908513341805
0.6341168996188056
0.6344091486658198
0.6347013977128335
0.6340660736975858
0.6326937738246506
0.6323506988564168
0.631778907242694
0.630762388818297
0.6283227445997459
0.6287674714104196
0.6285514612452352
0.6273189326556544
0.6276493011435833
0.6257560355781449
0.6252731893265565
0.6272935196950443
0.6264167725540025
0.6251715374841169
0.6237357052096568
0.6240914866581955
0.6217916137229987
0.6241168996188056
0.6218297331639138
0.6215756035578146
0.6228970775095297
0.6218678526048285
0.6196315120711566
0.6182719186785262
0.6192376111817027
0.6181702668360866
0.6197204574332907
0.6181956797966963
0.6188691232528589
0.6175603557814485
0.6153367217280813
0.6168742058449808
0.6169504447268109
0.6162388818297331
0.614574332909784
0.6130495552731893
0.6136467598475223
0.6130114358322745
0.6134688691232529
0.6129479034307498
0.6120584498094028
0.6118678526048282
0.6116391359593393
0.6110673443456164
0.6124904701397711
0.6146124523506988
0.6140914866581955
0.6107369758576874
0.6111562897077508
0.6101016518424399
0.609733163913596
0.6098729351969507
0.6083735705209655
0.608818297331639
0.6094663278271918
0.6097585768742059
0.6087420584498092
0.6071029224904703
0.6082210927573063
0.6080304955527321
0.6075730622617536
0.6064675984752224
0.6082846251588312
0.6080432020330369
0.6062261753494279
0.6047522236340535
0.6057306226175351
0.6052477763659466
0.6052986022871665
0.6047649301143586
0.6055019059720458
0.605730622617535
0.6052096569250319
0.6064675984752221
0.6055908513341806
0.6042439644218551
0.6049555273189329
0.6045616264294791
0.6020330368487928
0.6031512071156289
0.6025285895806863
0.601778907242694
0.6013595933926301
0.6017407878017794
0.6046632782719188
0.6034180432020328
0.6023379923761121
0.5997585768742059
0.6019313850063532
0.6004193138500635
0.5996060991105464
0.6002414231257941
0.6011944091486658
0.5996696315120713
0.6003303684879288
0.5998602287166456
0.5998094027954254
0.5992630241423125
0.5993392630241423
0.599047013977128
0.5989199491740788
0.5990088945362136
0.5972299872935197
0.5980813214739515
0.5981067344345614
0.5985387547649298
0.5984498094027952
0.5995425667090217
0.5989199491740788
0.5966836086404065
0.5970012706480305
0.5968360864040659
0.597687420584498
0.5985641677255401
0.5981067344345616
0.5987420584498095
0.5987801778907241
0.5978398983481575
0.5983735705209657
0.5959593392630242
0.5973062261753495
0.5978017789072425
0.5980050825921218
0.595679796696315
0.5965692503176617
0.5961753494282084
0.5956670902160103
0.5964421855146126
0.5946632782719184
0.5965057179161373
0.5976365946632781
0.5973824650571794
0.5954891994917407
0.5964803049555271
0.5963786531130874
0.5941931385006352
0.5954256670902162
0.5948538754764929
0.5929733163913596
0.5935705209656926
0.5952477763659466
0.5937738246505719
0.5932401524777638
0.5944980940279543
0.5950190597204573
0.5918805590851334
0.5936975857687419
0.5948030495552732
0.5937102922490471
0.59428208386277
0.5952350698856419
0.5935451080050828
0.5949428208386276
0.5936467598475222
0.5946632782719186
0.5944853875476493
0.59430749682338
0.5937992376111817
0.594561626429479
0.593379923761118
0.5940787801778907
0.5931893265565438
0.5928970775095298
0.5909402795425666
0.5923761118170269
0.5937484116899618
0.5931130876747142
0.5939135959339262
0.5936848792884369
0.5918424396442187
0.5931130876747142
0.5918297331639135
0.5939008894536213
0.5946378653113088
0.5931512071156291
0.5898348157560356
0.5905082592121983
0.5918170266836086
0.5920838627700128
0.5928081321473948
0.5927700127064806
0.5908894536213466
0.5897966963151207
0.5900635324015246
0.5880432020330371
0.590038119440915
0.5904320203303687
0.5914358322744598
0.59133418043202
0.590851334180432
0.5909656925031765
0.5903939008894534
0.591778907242694
0.5907242693773821
0.591448538754765
0.5914104193138499
0.5911054637865308
0.5910546378653112
0.5897077509529859
0.5909911054637865
0.5894790343074967
0.5912706480304953
0.5900381194409149
0.5890597204574335
0.5898348157560358
0.5870520965692502
0.5871029224904701
0.5861753494282081
0.5868742058449808
0.5870393900889451
0.5874459974587036
0.5889707750952985
0.5884879288437103
0.5891232528589581
0.58989834815756
0.5880432020330367
0.5876874205844983
0.5877890724269378
0.5874968233799237
0.587407878017789
0.5880432020330367
0.5884116899618806
0.5894790343074967
0.5878398983481576
0.5880813214739519
0.5885895806861499
0.5884116899618803
0.5878780177890723
0.5880813214739519
0.5888182973316392
0.5882337992376111
0.5864294790343074
0.5872681067344346
0.5895679796696313
0.5883354510800509
0.5887928843710292
0.5881829733163912
0.5883989834815755
0.5874968233799237
0.5893265565438375
0.587331639135959
0.5865819567979669
0.5869885641677256
0.5888691232528588
0.5896315120711563
0.5879542566709023
0.5884752223634052
0.5860482846251588
0.5858068614993645
0.5866073697585767
0.5877636594663279
0.5865184243964419
0.5872299872935198
0.5866581956797967
0.5861245235069885
0.5861880559085135
0.5859720457433291
0.5879923761118172
0.5865438373570523
0.5855400254129608
0.5865184243964421
0.5853240152477767
0.5855781448538753
0.5869631512071155
0.5859593392630239
0.5867598475222363
0.5868233799237611
0.587941550190597
0.5872681067344342
0.5870520965692502
0.586010165184244
0.587445997458704
0.5877636594663278
0.5870393900889453
0.5871918678526049
0.5866073697585769
0.586861499364676
0.5842947903430751
0.586531130876747
0.5852731893265564
0.5865565438373568
0.5856162642947905
0.5839135959339264
0.5858958068614996
0.5853748411689961
0.5855654383735707
0.585806861499365
0.5856797966963149
0.5842693773824648
0.5847141041931387
0.5830368487928843
0.5844599745870392
0.5836975857687419
0.5835832274459972
0.5830241423125792
0.5830368487928841
0.5831639135959339
0.5846886912325284
0.5840152477763658
0.5851969504447267
0.5849047013977128
0.5829097839898348
0.5829097839898347
0.5845997458703939
0.583595933926302
0.5842439644218551
0.5840152477763659
0.5852477763659466
0.5839135959339264
0.5834688691232529
0.5833545108005083
0.583735705209657
0.5827573062261757
0.5825540025412963
0.5837357052096571
0.5823761118170266
0.581804320203304
0.5832147395171536
0.5820584498094026
0.5840152477763656
0.5840152477763659
0.5848792884371028
0.5856797966963151
0.5843202033036848
0.5831639135959338
0.5835705209656924
0.5830876747141042
0.5819567979669629
0.5820076238881827
0.5829479034307499
0.5836213468869123
0.5824650571791612
0.5834561626429476
0.5840406607369758
0.5842439644218552
0.5837357052096571
0.5836467598475221
0.5839263024142315
0.5834688691232529
0.5847268106734433
0.5836213468869123
0.5828716645489199
0.5833799237611181
0.5830241423125796
0.5836086404066072
0.5832528589580688
0.583697585768742
0.5826048284625158
0.5814612452350696
0.5811689961880557
0.5813468869123253
0.5829987293519694
0.5823125794155019
0.5827445997458703
0.5827573062261754
0.5827191867852606
0.5836467598475221
0.5831130876747143
0.5820584498094027
0.5821092757306225
0.582935196950445
0.5826810673443458
0.5821728081321474
0.583722998729352
0.5822998729351969
0.5836975857687423
0.5808894536213469
0.5821601016518423
0.5809656925031765
0.5807623888182972
0.5830622617534942
0.5825540025412961
0.5811944091486657
0.5821473951715375
0.583062261753494
0.5834180432020329
0.5827700127064801
0.5843964421855145
0.5840279542566709
0.5838627700127064
0.5828208386277002
0.5831003811944092
0.5828208386277002
0.5817916137229987
0.5829733163913593
0.5823634053367216
0.5835324015247778
0.5831385006353239
0.5833418043202034
0.5805717916137229
0.5800762388818297
0.5810927573062261
0.5818043202033036
0.5824269377382465
0.5805590851334178
0.5824015247776366
0.5826048284625158
0.5828462515883102
0.5817407878017792
0.5807750952986025
0.5823252858958067
0.5824015247776367
0.5821728081321472
0.5807242693773825
0.5816391359593392
0.5808513341804319
0.5806988564167725
0.5809402795425666
0.57997458703939
0.5809911054637864
0.5814358322744598
0.580876747141042
0.5808132147395174
0.5808767471410422
0.5799364675984751
0.5809148665819568
0.5809021601016519
0.5811054637865307
0.5796823379923761
0.5797458703939011
0.582515883100381
0.5817407878017786
0.5808005082592124
0.580902160101652
0.5802287166454896
0.5814612452350697
0.5819313850063531
0.5797331639135961
0.5803049555273192
0.5809021601016517
0.5786658195679796
0.5791105463786531
0.5789580686149938
0.578551461245235
0.5795933926302412
0.5799745870393903
0.5788055908513343
0.5810292249047015
0.5802922490470138
0.5798602287166458
0.580520965692503
0.5790978398983484
0.5808894536213471
0.5801778907242696
0.5805972045743328
0.580177890724269
0.5804320203303682
0.5805209656925033
0.5811817026683608
0.5800889453621346
0.5794409148665818
0.5807750952986023
0.5816137229987295
0.5816518424396441
0.581105463786531
0.5814612452350698
0.5818932655654384
0.5827318932655654
0.5815120711562897
0.5808640406607369
0.5810673443456162
0.5799110546378652
0.5793011435832272
0.5792121982210928
0.5799110546378649
0.5802795425667091
0.5801397712833546
0.5790343074968236
0.5793265565438372
0.5796696315120711
0.5809021601016516
0.5806480304955525
0.5805336721728083
0.5780177890724267
0.5801397712833544
0.5792884371029225
0.5797204574332911
0.5790597204574331
0.5780813214739514
0.5779669631512071
0.5795044472681067
0.5777128335451077
0.5791994917407878
0.5801778907242693
0.5800381194409147
0.5795171537484118
0.5802795425667092
0.5798856416772554
0.5796188055908517
0.5805590851334178
0.5794536213468866
0.5792503176620074
0.5789453621346885
0.5785260482846254
0.5791994917407879
0.577776365946633
0.5783989834815757
0.5783227445997458
0.5792121982210926
0.5789961880559082
0.5791232528589579
0.5789580686149935
0.5785387547649303
0.5781448538754763
0.57866581956798
0.5797585768742057
0.5785260482846251
0.5782592121982207
0.578894536213469
0.5785895806861499
0.5780940279542567
0.5779034307496823
0.5781702668360863
0.5798348157560355
0.5775349428208386
0.5791359593392627
0.5776620076238882
0.5793392630241424
0.5775095298602284
0.5791994917407878
0.5792503176620075
0.5778780177890726
0.5773316391359593
0.5785895806861496
0.578792884371029
0.5797712833545109
0.5793646759847522
0.578843710292249
0.5794282083862773
0.5794663278271917
0.579428208386277
0.5788564167725541
0.5780940279542567
0.577445997458704
0.575984752223634
0.5763151207115628
0.5778017789072427
0.5787674714104194
0.5790216010165183
0.5785006353240152
0.5799999999999998
0.5759085133418043
0.5780940279542568
0.5783735705209656
0.5784116899618805
0.5780813214739517
0.5780177890724267
0.5798856416772555
0.5802795425667091
0.5791740787801776
0.5787166454891995
0.5786404066073697
0.5778653113087675
0.5777382465057179
0.5768742058449812
0.5773062261753497
0.5777001270648031
0.5794282083862773
0.5774205844980935
0.5795298602287167
0.5796060991105463
0.5798094027954256
0.5777509529860227
0.5788945362134689
0.576264294790343
0.5772681067344343
0.5799491740787803
0.5772935196950444
0.5771537484116901
0.5792630241423126
0.579631512071156
0.5782083862770012
0.5792630241423126
0.5778271918678526
0.5781067344345616
0.5779796696315123
0.5783227445997458
0.5785260482846251
0.5784625158831002
0.5786785260482845
0.5775603557814487
0.5781194409148667
0.5788310038119442
0.579415501905972
0.5792121982210929
0.5776747141041934
0.5785387547649301
0.5780432020330367
0.5796442185514613
0.5785768742058451
0.5783481575603558
0.577382465057179
0.575425667090216
0.5772681067344346
0.5780050825921219
0.5787801778907241
0.5796696315120712
0.5773189326556544
0.5774459974587043
0.5786531130876746
0.5769504447268105
0.5773443456162641
0.5767217280813217
0.5772172808132146
0.577738246505718
0.5758958068614993
0.576454891994917
0.5755146124523509
0.5770012706480305
0.5778271918678525
0.577789072426938
0.5769377382465054
0.5779923761118171
0.5777128335451082
0.5765819567979669
0.5762261753494284
0.5763532401524779
0.5779161372299871
0.5786912325285897
0.5768742058449812
0.576340533672173
0.5756797966963151
0.5775222363405335
0.577916137229987
0.5755654383735703
0.5758831003811944
0.5786531130876746
0.5793773824650574
0.578081321473952
0.5775603557814486
0.5770393900889453
0.5770266836086404
0.5765692503176619
0.5762770012706482
0.5766836086404067
0.5760991105463787
0.577141041931385
0.5763532401524778
0.5770775095298601
0.5776365946632781
0.5763659466327827
0.5744853875476493
0.5752477763659466
0.5778144853875473
0.5766709021601013
0.5769631512071156
0.5776493011435835
0.5763405336721728
0.5766836086404064
0.5770266836086403
0.5750825921219823
0.5755400254129607
0.575349428208386
0.5758703939008896
0.5748665819567979
0.5749809402795425
0.5751334180432022
0.5765057179161375
0.5759466327827193
0.5763151207115623
0.5758958068614991
0.5775857687420586
0.5771029224904702
0.5768487928843709
0.5781829733163913
0.5778780177890726
0.5773824650571793
0.5778017789072426
0.5769250317662008
0.5781956797966964
0.5760101651842441
0.5763405336721728
0.5772172808132146
0.5779542566709024
0.5753113087674712
0.5761753494282082
0.5756925031766198
0.5759212198221093
0.5758322744599742
0.5754637865311311
0.5758703939008893
0.5775984752223633
0.5752350698856419
0.5765438373570521
0.5740152477763659
0.5751969504447267
0.5756289707750952
0.575603557814485
0.5745108005082593
0.575349428208386
0.5751588310038119
0.5758068614993646
0.5771918678526047
0.5755400254129609
0.5747776365946635
0.577064803049555
0.577954256670902
0.5763532401524778
0.5764167725540026
0.5750825921219821
0.5751334180432021
0.5741296060991102
0.5757179161372299
0.5744472681067342
0.5761118170266833
0.5758322744599744
0.5759720457433289
0.5756670902160103
0.5749301143583228
0.5741550190597207
0.5758322744599745
0.5756797966963151
0.5757179161372301
0.57712833545108
0.5772299872935198
0.5750698856416772
0.5743329097839899
0.5743329097839895
0.5768106734434562
0.5759085133418044
0.5758958068614993
0.5761118170266835
0.5762007623888181
0.5763659466327827
0.5751969504447267
0.5758068614993648
0.5743964421855148
0.5746759847522235
0.576302414231258
0.5760609911054637
0.5763659466327828
0.5776620076238881
0.5766709021601018
0.5752223634053371
0.576073697585769
0.5768996188055909
0.5765184243964423
0.5765946632782718
0.5750571791613721
0.5756289707750951
0.5754129606099112
0.5774459974587038
0.5760228716645488
0.5756416772553999
0.5751080050825922
0.5755273189326554
0.5756797966963149
0.5742058449809403
0.5740914866581955
0.5747649301143586
0.5743710292249048
0.576340533672173
0.5763024142312578
0.576264294790343
0.5758322744599745
0.5753367217280813
0.5756416772554003
0.5761626429479036
0.5749809402795427
0.5737484116899618
0.5756416772554002
0.5741804320203304
0.5762261753494282
0.5743583227445996
0.5758068614993648
0.5741550190597202
0.5743964421855147
0.5768869123252859
0.5765057179161374
0.5768996188055909
0.576556543837357
0.5773316391359594
0.5753367217280814
0.5752604828462515
0.5765565438373571
0.5757052096569252
0.5748411689961879
0.5752096569250318
0.5756416772554005
0.5751461245235072
0.5769631512071154
0.5754510800508258
0.576264294790343
0.5767090216010167
0.5759212198221093
0.5753240152477761
0.574853875476493
0.5747522236340532
0.5760736975857688
0.5771156289707752
0.575362134688691
0.5749174078780177
0.5763532401524777
0.5756797966963153
0.574930114358323
0.5760991105463787
0.5764294790343076
0.5753875476493011
0.5751969504447267
0.5751842439644218
0.5748411689961881
0.5756797966963151
0.5778653113087674
0.574574332909784
0.5749682337992378
0.5761118170266833
0.5754637865311307
0.5764421855146125
0.5754002541296063
0.5762388818297333
0.57715374841169
0.5752223634053367
0.5749682337992379
0.5752223634053368
0.5770393900889454
0.5759339263024141
0.575476493011436
0.5765184243964423
0.5778271918678527
0.5763659466327827
0.575781448538755
0.5758449809402797
0.5738246505717912
0.5748411689961881
0.5761372299872933
0.5769250317662006
0.5758195679796696
0.5745362134688691
0.5742185514612452
0.5755400254129605
0.5764167725540024
0.5759085133418044
0.5762007623888182
0.5751334180432021
0.5764930114358322
0.5748284625158829
0.576035578144854
0.5749555273189327
0.5747649301143584
0.5770012706480303
0.5768869123252859
0.5763659466327828
0.5771410419313849
0.575451080050826
0.5749809402795425
0.5725285895806863
0.5723888182973316
0.5749047013977129
0.5747776365946635
0.5741931385006352
0.5740533672172806
0.5746505717916137
0.5745235069885638
0.5778526048284626
0.5762261753494281
0.575349428208386
0.5779161372299871
0.5754510800508257
0.5746505717916139
0.5756543837357053
0.5743329097839898
0.5753621346886911
0.5755146124523507
0.57569250317662
0.5758449809402795
0.5757179161372299
0.5742439644218548
0.5757433290978397
0.5766200762388818
0.5762134688691232
0.5757941550190596
0.5758195679796697
0.575425667090216
0.5754256670902164
0.5749174078780177
0.5752096569250317
0.5745362134688694
0.5744853875476493
0.5737738246505717
0.5734180432020333
0.5740152477763658
0.5756797966963151
0.5750063532401525
0.5738500635324019
0.5761118170266836
0.5768233799237611
0.5750063532401526
0.5755146124523501
0.5750952986022874
0.5763786531130877
0.5743583227445997
0.5742312579415497
0.57566709021601
0.5747776365946632
0.57430749682338
0.5750698856416769
0.5730368487928844
0.573646759847522
0.5736467598475223
0.5733163913595932
0.574574332909784
0.5736086404066074
0.5728716645489197
0.57423125794155
0.575095298602287
0.5740787801778908
0.5736975857687417
0.5737992376111817
0.5753494282083864
0.5740914866581958
0.573151207115629
0.5733672172808134
0.5748284625158829
0.5725285895806862
0.5752604828462516
0.5755273189326559
0.5763024142312578
0.5745616264294789
0.5749174078780179
0.5739390088945363
0.5745362134688691
0.5765311308767472
0.5760482846251587
0.5746378653113087
0.5749555273189328
0.5759212198221091
0.5761753494282084
0.5740152477763656
0.5757814485387547
0.5740787801778907
0.5748411689961881
0.5740406607369757
0.5725921219822109
0.5746886912325285
0.5727064803049554
0.5718678526048284
0.5736213468869122
0.5746251588310038
0.5746505717916137
0.5758449809402797
0.5754383735705207
0.5750825921219821
0.574828462515883
0.5744599745870393
0.5737738246505717
0.5756670902160104
0.5749174078780179
0.5745235069885642
0.5736086404066069
0.5738246505717918
0.5736213468869122
0.5738373570520965
0.5756543837357051
0.5738373570520966
0.5733418043202031
0.5741677255400255
0.5743710292249048
0.574523506988564
0.5755527318932656
0.5740025412960609
0.5754637865311308
0.5724777636594665
0.5746124523506989
0.573430749682338
