0.19999999999999962
0.31718
0.4882600000000001
0.5094199999999998
0.5286599999999999
0.53264
0.5331799999999999
0.5338799999999998
0.5288400000000002
0.5325799999999999
0.5296200000000002
0.53132
0.5333600000000003
0.5304800000000001
0.5328999999999998
0.5323399999999999
0.5334799999999998
0.53034
0.5355399999999999
0.5289799999999998
0.52924
0.53436
0.5303399999999999
0.53352
0.5335
0.5348000000000002
0.5337600000000005
0.5314599999999998
0.5274599999999998
0.5345400000000001
0.5327200000000001
0.5302200000000001
0.5310399999999998
0.5345200000000002
0.5318999999999998
0.52948
0.53246
0.5366399999999999
0.53622
0.5297399999999999
0.5291399999999998
0.53204
0.53224
0.53326
0.5322
0.53844
0.5373199999999998
0.5299600000000002
0.5336599999999998
0.53318
0.5310400000000003
0.53328
0.5341000000000001
0.5359000000000003
0.53254
0.5320400000000002
0.5277600000000002
0.5321999999999998
0.5343600000000002
0.53152
0.5312799999999999
0.5358399999999999
0.53398
0.5348000000000002
0.5281599999999999
0.53028
0.53384
0.5336599999999998
0.5332200000000001
0.5312199999999999
0.53398
0.5321999999999999
0.52838
0.5344799999999998
0.5372600000000001
0.5316600000000004
0.5329
0.5306599999999998
0.5303400000000001
0.5348599999999998
0.5327399999999998
0.5342000000000003
0.5336000000000003
0.52924
0.5337200000000001
0.5301199999999999
0.5371599999999997
0.5302800000000003
0.5307799999999999
0.53136
0.5294600000000002
0.53612
0.5311800000000003
0.53236
0.5305599999999998
0.5304399999999999
0.5307199999999999
0.5331000000000001
0.5364199999999998
0.5281400000000002
0.53112
0.53006
0.5357
0.5369400000000001
0.5331599999999999
0.5345999999999999
0.52884
0.5293800000000002
0.5326200000000001
0.5315400000000001
0.5334000000000002
0.52766
0.5288
0.5299000000000003
0.53216
0.5339
0.5355199999999999
0.53006
0.5319399999999999
0.53102
0.5345
0.5317999999999999
0.5313600000000003
0.5314800000000001
0.5356600000000001
0.5319999999999999
0.5317399999999997
0.5316799999999998
0.5334800000000002
0.5372799999999998
0.5337199999999999
0.5321199999999998
0.5352999999999997
0.5330200000000002
0.5358400000000001
0.5331400000000002
0.5307800000000003
0.5349600000000002
0.531
0.5305799999999999
0.5333599999999998
0.5327400000000001
0.5319999999999997
0.5282600000000001
0.5344400000000002
0.5319200000000001
0.53212
0.5341800000000002
0.5367999999999999
0.5322400000000003
0.5280800000000001
0.5306399999999999
0.5307999999999999
0.5290199999999996
0.5368599999999999
0.5300000000000002
0.5384599999999999
0.5372
0.53296
0.52902
0.5340399999999998
0.5345999999999999
0.53252
0.5352800000000003
0.5381
0.53908
0.5321200000000001
0.5339400000000002
0.5335000000000001
0.533
0.5347000000000001
0.5302
0.5367000000000001
0.5320999999999999
0.5293999999999999
0.5319400000000001
0.5306800000000002
0.5315200000000003
0.5315200000000002
0.5296199999999998
0.5342600000000001
0.53364
0.5338800000000002
0.53382
0.5323399999999998
0.53314
0.5329200000000001
0.5302
0.5319400000000001
0.5289800000000002
0.5277000000000001
0.5279400000000002
0.5345800000000004
0.53278
0.5315799999999999
0.5351000000000002
0.5326400000000002
0.53152
0.5327199999999999
0.53012
0.5349400000000001
0.5368599999999999
0.5331800000000001
0.53298
0.5317000000000001
0.5327200000000002
0.5303399999999998
0.5315399999999998
0.5358600000000001
0.5331800000000001
0.5299800000000001
0.53476
0.5383799999999997
0.5332800000000001
0.5348799999999999
0.5373199999999997
0.5363399999999996
0.5338200000000002
0.53042
0.53036
0.5296200000000001
0.5321599999999999
0.5292199999999999
0.5285600000000001
0.5332999999999999
0.53064
0.5357
0.5382400000000003
0.5304800000000001
0.5340400000000001
0.5310199999999999
0.5335200000000002
0.5331799999999999
0.5295199999999998
0.5280399999999998
0.52866
0.5346199999999999
0.5269599999999999
0.5318
0.52822
0.5359000000000003
0.5342600000000002
0.53404
0.5329200000000001
0.5341600000000001
0.53346
0.5314199999999999
0.5308000000000002
0.5310999999999998
0.5301600000000001
0.52842
0.53572
0.5312
0.5296200000000002
0.5337800000000001
0.5322399999999999
0.5343600000000002
0.53036
0.52516
0.5270800000000002
0.5326600000000001
0.5339400000000001
0.5295600000000001
0.52864
0.53138
0.5321000000000002
0.5315400000000003
0.5330399999999998
0.5295800000000002
0.5329800000000002
0.5347000000000002
0.52858
0.5316400000000001
0.5332399999999997
0.5312200000000001
0.5346400000000002
0.5367000000000002
0.5359600000000004
0.5330000000000001
0.5286
0.5300599999999998
0.5332399999999999
0.53164
0.52866
0.5366199999999998
0.5323200000000002
0.5337600000000002
0.53012
0.5343199999999999
0.5302199999999998
0.52902
0.5330199999999998
0.5309799999999998
0.5328
0.5334800000000003
0.53752
0.5320199999999997
0.5306400000000001
0.5321999999999999
0.5364599999999999
0.5340000000000003
0.5356000000000001
0.5323199999999999
0.53076
0.5336000000000001
0.53264
0.53142
0.5334600000000003
0.5342199999999999
0.5336600000000002
0.5310400000000002
0.5313599999999999
0.53648
0.5371200000000002
0.52864
0.5311400000000002
0.5329399999999999
0.5289200000000001
0.5318599999999999
0.53238
0.5359999999999999
0.5326799999999998
0.5331400000000001
0.5305000000000002
0.5328799999999999
0.5301000000000002
0.5332800000000001
0.53148
0.5313199999999998
0.52946
0.5341
0.5345
0.5295800000000002
0.5338399999999999
0.5331600000000001
0.5312399999999999
0.53138
0.5327599999999998
0.5352399999999998
0.5298200000000002
0.5371200000000003
0.5381399999999997
0.53224
0.5372999999999999
0.5336
0.5328599999999999
0.5305200000000001
0.53502
0.5307599999999999
0.5324800000000001
0.5330200000000002
0.53
0.5355400000000001
0.53524
0.5281800000000002
0.5347599999999999
0.5330600000000003
0.5332599999999998
0.53462
0.5372200000000003
0.5364399999999999
0.535
0.5315999999999999
0.5351600000000001
0.5310200000000002
0.5321199999999999
0.5307599999999997
0.5348799999999998
0.5317800000000001
0.5301199999999998
0.53288
0.5365399999999999
0.53492
0.5349799999999998
0.5302800000000001
0.5330200000000002
0.5293400000000001
0.5308799999999997
0.5296
0.5294200000000001
0.5313599999999998
0.5345599999999999
0.5288200000000001
0.5344999999999998
0.53028
0.5344
0.5339800000000001
0.5327999999999997
0.53386
0.52862
0.5296000000000001
0.53342
0.53054
0.53372
0.5365199999999998
0.53242
0.5341000000000001
0.5329
0.5343199999999999
0.5334200000000002
0.5296200000000001
0.5336399999999998
0.53446
0.5316200000000001
0.5324600000000003
0.52858
0.5338399999999998
0.5375200000000001
0.5303399999999999
0.5327999999999999
0.5303199999999998
0.5331599999999999
0.5318400000000002
0.5308200000000002
0.5347600000000001
0.5343999999999998
0.5337999999999997
0.5353199999999999
0.53162
0.5353000000000002
0.53246
0.5371199999999998
0.5347600000000002
0.5351199999999998
0.5366199999999999
0.53606
0.53364
0.53272
0.5354599999999996
0.5271399999999998
0.5270399999999998
0.5322800000000002
0.5335800000000002
0.5375
0.5320799999999999
0.5313600000000002
0.5284599999999998
0.53654
0.5305599999999999
0.5297799999999998
0.53238
0.5306000000000001
0.5345400000000001
0.53126
0.5292800000000002
0.5313399999999999
0.5296400000000001
0.5350400000000003
0.5315800000000002
0.5353399999999999
0.5287799999999999
0.5323600000000002
0.5357599999999999
0.53266
0.5342000000000003
0.5307599999999999
0.5319999999999999
0.53352
0.5292600000000003
0.53156
0.5363000000000002
0.5334199999999998
0.5317999999999999
0.5307399999999997
0.53274
0.5322599999999997
0.5321600000000001
0.5308599999999999
0.53268
0.5328800000000002
0.5333799999999999
0.5328999999999998
0.5283799999999997
0.53042
0.5345000000000001
0.5350199999999999
0.5320999999999999
0.5323000000000002
0.53104
0.53506
0.53212
0.5291799999999999
0.53148
0.5340999999999999
0.5357599999999999
0.5313000000000001
0.5293999999999998
0.5337199999999998
0.53022
0.53262
0.5329399999999999
0.52984
0.5327400000000002
0.5313200000000001
0.5311800000000001
0.5276
0.5319999999999999
0.5347200000000002
0.5305800000000002
0.5302
0.52764
0.5298799999999999
0.5324199999999999
0.53302
0.5279600000000001
0.5352
0.53012
0.5321400000000003
0.5322800000000001
0.5322400000000002
0.5345600000000001
0.5300600000000001
0.53204
0.53184
0.5350800000000001
0.5327399999999998
0.52944
0.5334799999999998
0.5252999999999998
0.5338199999999999
0.53454
0.5337200000000001
0.5315799999999999
0.5344
0.5387799999999999
0.5320399999999998
0.5344599999999998
0.53468
0.5318599999999998
0.53324
0.5323599999999999
0.5302200000000004
0.5330600000000001
0.5334400000000001
0.53094
0.5363999999999999
0.5372
0.5317199999999996
0.5322200000000001
0.5328800000000004
0.53332
0.5317399999999999
0.53416
0.5312399999999999
0.5344
0.5291800000000001
0.5334200000000001
0.5348800000000001
0.5271600000000004
0.53336
0.5311
0.5301
0.5307800000000001
0.5324200000000002
0.53298
0.53886
0.5319799999999999
0.5361800000000002
0.5318599999999998
0.5329800000000001
0.5332
0.5293999999999999
0.5337800000000001
0.5319800000000001
0.52954
0.53
0.5317399999999999
0.53402
0.53058
0.5308599999999999
0.5347600000000002
0.5300999999999998
0.5320799999999999
0.5343399999999999
0.5343200000000001
0.5285199999999999
0.5326200000000001
0.53402
0.53002
0.5366000000000001
0.5330399999999998
0.5371599999999999
0.53434
0.5300599999999998
0.53356
0.5337000000000001
0.53532
0.5286200000000002
0.5314800000000003
0.5295799999999999
0.5375
0.52962
0.5394000000000001
0.5318199999999998
0.5332800000000001
0.5306399999999999
0.53436
0.5286400000000002
0.5313399999999998
0.5338200000000001
0.5341600000000001
0.5312600000000001
0.5365200000000002
0.5304999999999997
0.53248
0.5300999999999999
0.5295400000000002
0.5312800000000002
0.5303800000000003
0.5321199999999999
0.5363
0.5315400000000001
0.5316
0.5310000000000001
0.5337199999999998
0.53364
0.5357400000000001
0.5317199999999999
0.53156
0.5295000000000002
0.5354399999999997
0.5350399999999998
0.52916
0.5331
0.5359
0.5323200000000002
0.5367
0.53232
0.5375799999999998
0.5330799999999998
0.5347799999999999
0.5336200000000001
0.52946
0.53442
0.5317399999999999
0.5323600000000002
0.5327600000000001
0.5333999999999999
0.5348799999999998
0.53454
0.5352200000000003
0.5348799999999999
0.5333399999999999
0.5292999999999998
0.53256
0.5307399999999999
0.53356
0.5345799999999999
0.5348600000000002
0.5342199999999998
0.53642
0.5327999999999999
0.5340599999999999
0.53276
0.5357200000000002
0.53714
0.5348799999999998
0.53384
0.5332399999999999
0.5354799999999998
0.5339200000000001
0.5340799999999999
0.5353399999999998
0.53238
0.53012
0.5294400000000001
0.5345800000000003
0.5319199999999998
0.53496
0.53392
0.5327200000000001
0.53288
0.5320199999999999
0.5374200000000001
0.5330400000000001
0.5345799999999999
0.5356399999999997
0.5352600000000001
0.5324399999999998
0.5316599999999999
0.5253400000000001
0.5343999999999997
0.5317200000000001
0.5337000000000001
0.5295200000000001
0.5345199999999999
0.5363999999999997
0.53342
0.5326999999999998
0.5325999999999995
0.5341199999999999
0.5325599999999998
0.5336400000000001
0.5303599999999999
0.5289400000000001
0.5302600000000001
0.5322
0.52872
0.53086
0.5319999999999999
0.5332600000000001
0.5314600000000003
0.5312599999999998
0.5337200000000002
0.5341200000000002
0.5302
0.5328200000000002
0.5323600000000002
0.5368600000000001
0.5299800000000001
0.5342399999999999
0.53546
0.5301599999999999
0.5301
0.5319799999999999
0.5346
0.5340199999999999
0.53514
0.5341400000000001
0.5351400000000001
0.5337
0.5343800000000001
0.5313000000000002
0.5317599999999999
0.5340200000000003
0.5332599999999998
0.5366000000000001
0.5345400000000002
0.53616
0.53166
0.53156
0.53028
0.5307400000000001
0.5313400000000001
0.5334
0.5338400000000001
0.5321000000000005
0.5345600000000003
0.53008
0.5326200000000001
0.5299200000000002
0.5297000000000001
0.534
0.53116
0.52618
0.5307799999999997
0.53242
0.5328200000000002
0.5330199999999999
0.53194
0.5289200000000001
0.5343399999999999
0.53238
0.53474
0.5296600000000002
0.5330199999999998
0.5338400000000001
0.5319200000000001
0.5322400000000002
0.5313600000000002
0.53156
0.5354199999999998
0.5324000000000003
0.5335600000000001
0.5327400000000001
0.53746
0.5378800000000004
0.5327999999999998
0.5293600000000002
0.53566
0.5333400000000001
0.53384
0.5335400000000002
0.5349200000000001
0.5314
0.5340400000000003
0.5303399999999999
0.53002
0.5289599999999999
0.5321399999999998
0.5359399999999999
0.5328800000000002
0.5380999999999999
0.5311399999999997
0.5355
0.5300800000000002
0.53386
0.53118
0.5348600000000001
0.5342000000000001
0.5318200000000002
0.5300599999999999
0.53354
0.5366799999999998
0.5342000000000003
0.5326000000000001
0.5324399999999998
0.5319000000000002
0.5344800000000002
0.5347800000000003
0.53478
0.5356400000000001
0.5344199999999999
0.5279999999999999
0.52922
0.5282800000000002
0.5353999999999997
0.5310800000000002
0.53658
0.5308200000000002
0.5332399999999999
0.52894
0.52738
0.53074
0.5301199999999998
0.5349400000000003
0.53424
0.5313400000000001
0.52988
0.5331400000000001
0.52992
0.5301600000000001
0.5297799999999997
0.5314800000000001
0.5314799999999998
0.5338
0.5345600000000001
0.5343399999999999
0.53562
0.5318599999999999
0.53546
0.5355800000000001
0.5301399999999998
0.53136
0.5312199999999997
0.5307599999999999
0.53178
0.5356599999999998
0.5332999999999999
0.5348400000000001
0.5304000000000001
0.5352799999999998
0.5341199999999999
0.5321199999999999
0.5343200000000001
0.5336000000000002
0.5316999999999998
0.5323399999999996
0.53398
0.5338200000000001
0.5318800000000002
0.5313200000000002
0.5332199999999999
0.5319799999999999
0.5327199999999997
0.5309200000000001
0.5307000000000002
0.5344399999999999
0.5307399999999999
0.5337799999999998
0.5331399999999998
0.5337000000000001
0.5333400000000001
0.5318199999999998
0.5345200000000001
0.5364600000000002
0.53084
0.5309400000000002
0.53366
0.5309599999999999
0.5284599999999999
0.5323800000000003
0.5295199999999999
0.53392
0.53138
0.5327600000000001
0.5318800000000001
0.5325199999999999
0.5318000000000002
0.5297800000000001
0.5313
0.5291200000000006
0.5349000000000003
0.5298
0.53302
0.5323800000000003
0.5358999999999999
0.53002
0.5356399999999999
0.5382000000000001
0.5325400000000002
0.5339399999999999
0.5333800000000003
0.53404
0.53372
0.5326599999999999
0.53206
0.53276
0.5334000000000001
0.5330400000000001
0.5312599999999998
0.5290600000000001
0.5351
0.52946
0.5294599999999998
0.5292600000000001
0.5316599999999998
0.5365
0.5349
0.5342199999999999
0.5306400000000001
0.53118
0.5331
0.5291000000000003
0.5326
0.5296000000000002
0.5325799999999998
0.5318400000000001
0.53342
0.5298800000000001
0.5316400000000001
0.5313799999999999
0.5317200000000001
0.53374
0.53714
0.52944
0.52966
0.5353400000000001
0.53378
0.5329799999999999
0.53378
0.5314000000000002
0.5343400000000001
0.5378200000000003
0.5368799999999999
0.5332
0.53632
0.5340000000000004
0.53116
0.53354
0.5328200000000001
0.5298199999999998
0.5329599999999999
0.53562
0.5328999999999999
0.5341600000000001
0.5328
0.5326200000000002
0.5304200000000001
0.53444
0.5318400000000001
0.5329400000000002
0.5311000000000001
0.5364000000000001
0.5292800000000001
0.5296800000000003
0.5359799999999999
0.5320199999999999
0.53226
0.5295399999999999
0.5282000000000001
0.5335799999999999
0.5305000000000001
0.5304399999999999
0.5301400000000001
0.5300200000000003
0.53158
0.5348600000000002
0.5332399999999999
0.5314599999999999
0.5339599999999999
0.5318
0.53038
0.5338999999999998
0.5321599999999999
0.5297799999999999
0.5335000000000002
0.53046
0.5324200000000001
0.5303400000000001
0.5326000000000002
0.5349799999999997
0.5308599999999998
0.5337
0.5333800000000002
0.5324199999999999
0.5297400000000004
0.5326000000000003
0.5301399999999998
0.53408
0.5369399999999999
0.5347799999999998
0.52682
0.5335800000000002
0.5316600000000001
0.5356800000000003
0.53594
0.5346800000000003
0.53362
0.5346799999999999
