0.19999999999999962
0.33233999999999986
0.51902
0.5342999999999999
0.5558
0.5514800000000002
0.5537999999999998
0.5522
0.5501999999999999
0.5477200000000001
0.5516800000000002
0.5465999999999999
0.5457599999999998
0.5480200000000001
0.5480199999999997
0.5486800000000003
0.5535600000000003
0.5536000000000003
0.5500600000000001
0.5491199999999999
0.5499400000000001
0.55458
0.5529199999999999
0.55032
0.5489599999999998
0.54932
0.55302
0.5512
0.5503199999999998
0.5504999999999999
0.5511599999999999
0.55204
0.5548200000000001
0.5508399999999999
0.55002
0.5506600000000001
0.5508600000000002
0.5511599999999999
0.5497799999999999
0.5488999999999998
0.5508000000000001
0.5488999999999999
0.5548400000000003
0.5494399999999999
0.5468400000000002
0.5477599999999999
0.5484600000000001
0.5491199999999999
0.5493400000000002
0.5554000000000001
0.54876
0.5521000000000003
0.5481199999999999
0.5493400000000002
0.5517799999999998
0.5454000000000002
0.5501999999999998
0.54844
0.5520200000000002
0.5505200000000002
0.5467000000000002
0.5533199999999998
0.5495000000000002
0.5516400000000001
0.5489599999999999
0.5474800000000002
0.55004
0.5513000000000001
0.54558
0.5519799999999999
0.5515200000000001
0.5543000000000002
0.551
0.5484800000000004
0.55312
0.5472999999999996
0.5473999999999998
0.5519200000000002
0.5479200000000001
0.55044
0.5486399999999998
0.5511599999999999
0.55676
0.5508799999999999
0.55076
0.55018
0.5478199999999999
0.5493399999999997
0.5550999999999999
0.5516999999999999
0.54748
0.5530199999999998
0.5502200000000002
0.55406
0.55326
0.55182
0.5480000000000002
0.5505200000000001
0.5524600000000003
0.5530999999999999
0.5523800000000002
0.5506000000000003
0.5518799999999999
0.5474200000000002
0.5521999999999997
0.55584
0.5506199999999997
0.5513600000000002
0.5510800000000002
0.54628
0.54798
0.55404
0.5512
0.5489
0.5506
0.5515399999999999
0.5511399999999999
0.5490400000000001
0.5549
0.5499200000000003
0.5518000000000001
0.5524000000000003
0.5489200000000002
0.55066
0.5482800000000002
0.55058
0.5466599999999999
0.5489399999999999
0.5492200000000002
0.5519999999999999
0.5514999999999998
0.54864
0.5482399999999998
0.5475
0.5511399999999999
0.5540200000000002
0.5528200000000001
0.54564
0.5479800000000001
0.5494
0.5512800000000001
0.5505799999999997
0.55488
0.5505200000000001
0.55066
0.5491600000000001
0.5476399999999999
0.5500599999999998
0.5489599999999999
0.54892
0.5497599999999998
0.5500399999999999
0.5551799999999999
0.55396
0.5509400000000002
0.54874
0.5513200000000001
0.5535599999999998
0.54376
0.5503200000000004
0.5521999999999998
0.5509799999999997
0.5526800000000001
0.5522999999999999
0.5489400000000001
0.5534599999999998
0.5525200000000001
0.5495000000000003
0.5477200000000001
0.5509800000000002
0.5530599999999999
0.5510800000000001
0.5534399999999997
0.5490199999999998
0.5508399999999999
0.5482800000000001
0.5472600000000001
0.5532199999999999
0.54558
0.5505199999999999
0.5534999999999999
0.5505400000000004
0.55538
0.5486200000000001
0.5526200000000001
0.5512800000000002
0.5491400000000001
0.5489800000000001
0.5491199999999999
0.5537400000000002
0.5515400000000003
0.5519599999999999
0.5530200000000001
0.5470399999999997
0.54728
0.5495399999999998
0.55212
0.55074
0.54986
0.5490000000000002
0.5506399999999999
0.5498800000000001
0.5483600000000002
0.55266
0.5530999999999999
0.5549600000000002
0.5502200000000002
0.54978
0.5462600000000003
0.55196
0.5520599999999998
0.5510799999999999
0.54762
0.5467399999999999
0.5503199999999997
0.5472800000000001
0.5490199999999998
0.5495600000000003
0.5527799999999999
0.5509199999999997
0.5491800000000002
0.5527000000000002
0.5541199999999996
0.54998
0.5541799999999998
0.55234
0.5491800000000001
0.55064
0.5536000000000001
0.5489800000000002
0.5512600000000001
0.5539399999999998
0.5508599999999999
0.5524599999999998
0.5539600000000001
0.54994
0.5527600000000001
0.54938
0.5508
0.5481200000000002
0.5506200000000004
0.5534599999999998
0.5544200000000002
0.5465400000000001
0.5499399999999999
0.5495200000000002
0.5504000000000002
0.5505599999999999
0.5501800000000001
0.5512999999999998
0.5493400000000002
0.5463399999999996
0.54696
0.5516200000000001
0.5513800000000001
0.5517199999999999
0.5509600000000001
0.5488000000000003
0.5521
0.5503000000000003
0.5533399999999999
0.5516200000000001
0.55254
0.5503800000000002
0.5493999999999999
0.55106
0.55198
0.5537399999999999
0.5539999999999999
0.5516200000000002
0.55194
0.5473400000000002
0.5480999999999999
0.5507399999999998
0.55046
0.5542200000000002
0.5540800000000001
0.55186
0.54952
0.5516000000000001
0.5531000000000001
0.54996
0.55068
0.5477199999999999
0.55536
0.5494400000000005
0.5529600000000002
0.5517799999999998
0.5534600000000001
0.5470199999999998
0.5480000000000002
0.5490800000000001
0.5501799999999999
0.5476800000000001
0.5489000000000002
0.5438999999999999
0.5489399999999999
0.5509000000000001
0.5507999999999997
0.5527800000000002
0.5489400000000001
0.5523599999999997
0.5480600000000001
0.5475999999999999
0.5509400000000002
0.5539200000000004
0.5535600000000002
0.5509800000000002
0.5507799999999999
0.5547599999999996
0.5515999999999999
0.5509200000000001
0.5539199999999999
0.5492199999999998
0.5513599999999999
0.5477200000000002
0.54848
0.5484
0.5468200000000002
0.54998
0.5503600000000002
0.55154
0.5544999999999998
0.55012
0.5465600000000003
0.55402
0.5504199999999998
0.5510800000000001
0.5548199999999996
0.55398
0.5490200000000001
0.5520600000000001
0.5526199999999999
0.54956
0.5521799999999999
0.5546799999999998
0.55344
0.5494800000000001
0.5496000000000001
0.5499399999999999
0.55058
0.5519199999999997
0.5531799999999998
0.5517199999999999
0.5538600000000001
0.5555599999999999
0.5493199999999999
0.5548000000000001
0.5444000000000001
0.5488600000000002
0.5489599999999999
0.5551
0.5500999999999998
0.5514599999999998
0.5503800000000001
0.55604
0.5515800000000001
0.5482999999999998
0.55294
0.55412
0.552
0.5492000000000001
0.5524400000000002
0.55296
0.5467000000000002
0.5506000000000001
0.5513400000000002
0.5539400000000001
0.54966
0.5519
0.54742
0.5502799999999999
0.5532999999999998
0.5499200000000001
0.54866
0.55238
0.55008
0.5511599999999999
0.5524199999999999
0.5494600000000001
0.55354
0.5510600000000001
0.5527200000000001
0.5508399999999999
0.5520800000000002
0.5523000000000002
0.5501000000000001
0.5502400000000002
0.54826
0.55326
0.5504200000000002
0.5551999999999997
0.5495399999999999
0.5503799999999999
0.5503199999999999
0.5573400000000002
0.5504399999999999
0.5498000000000003
0.5481999999999999
0.54956
0.55328
0.5543399999999997
0.5507
0.5478999999999999
0.55156
0.5533399999999999
0.5547599999999997
0.5528400000000001
0.5492199999999999
0.55226
0.55204
0.5501599999999999
0.5498600000000002
0.5520599999999998
0.5504399999999999
0.5543399999999999
0.5516000000000001
0.5517200000000001
0.5555599999999999
0.5510199999999998
0.5481399999999997
0.5480800000000001
0.55188
0.5518399999999999
0.5505200000000002
0.5515000000000001
0.5511600000000001
0.5547400000000001
0.5500799999999999
0.5540199999999998
0.5472999999999999
0.5540000000000002
0.5479
0.55064
0.5520199999999997
0.5511000000000001
0.5513999999999998
0.5476399999999998
0.5499200000000003
0.5503000000000001
0.5501999999999999
0.55322
0.54504
0.5504600000000001
0.5493599999999997
0.5531999999999998
0.5521999999999999
0.5492199999999999
0.5502999999999998
0.5557600000000003
0.5464599999999998
0.55356
0.5490600000000001
0.5505599999999999
0.55086
0.5470800000000001
0.5499399999999998
0.55212
0.5540600000000001
0.5487199999999999
0.5504400000000002
0.55186
0.5525599999999998
0.5523999999999997
0.5514
0.5555400000000001
0.5495
0.5499999999999997
0.5548599999999998
0.5496199999999998
0.55112
0.5473999999999998
0.5507
0.5516600000000002
0.55338
0.5516800000000002
0.5482600000000002
0.5505400000000001
0.5535
0.5518599999999999
0.5541999999999999
0.5475000000000001
0.5474
0.5526400000000001
0.5480399999999999
0.54912
0.55304
0.5492199999999999
0.5534800000000002
0.5495800000000002
0.5491600000000001
0.5439399999999999
0.5507200000000001
0.5534199999999999
0.5544799999999999
0.5536999999999999
0.55228
0.5483799999999998
0.54842
0.5496400000000001
0.5492199999999999
0.5500799999999999
0.5531
0.5492800000000002
0.5491199999999999
0.5508
0.5517
0.5535999999999998
0.5559799999999998
0.55334
0.5513000000000001
0.5526600000000002
0.5492199999999999
0.5510200000000001
0.5469799999999999
0.5502600000000001
0.5474000000000001
0.5493199999999997
0.5515999999999999
0.5534399999999999
0.5511799999999998
0.5481200000000002
0.5520799999999998
0.5448000000000002
0.5504999999999999
0.5486599999999996
0.5510400000000001
0.5465799999999996
0.5476000000000001
0.5501999999999998
0.55524
0.5549399999999999
0.5507600000000001
0.5518800000000001
0.5515200000000001
0.55104
0.5513399999999999
0.54958
0.55184
0.5522400000000001
0.5501199999999998
0.55098
0.5516199999999999
0.5478000000000001
0.54926
0.5476000000000002
0.5502
0.5540200000000002
0.5541799999999998
0.5506399999999999
0.5486600000000003
0.5514399999999998
0.5491999999999998
0.5493800000000002
0.5508999999999998
0.54926
0.5508800000000001
0.5534800000000001
0.5489199999999996
0.5531600000000001
0.5520999999999998
0.55196
0.5542000000000001
0.54936
0.5532599999999998
0.5479
0.54866
0.5519799999999999
0.5508199999999999
0.5528200000000002
0.5489200000000001
0.5512399999999996
0.5543200000000001
0.55088
0.5479999999999999
0.5510799999999999
0.5556399999999999
0.5517800000000004
0.5525999999999995
0.5498799999999998
0.5487800000000002
0.5514199999999999
0.5514799999999999
0.55358
0.54834
0.55404
0.5512400000000002
0.5523799999999999
0.5537200000000001
0.5501000000000001
0.5493
0.54896
0.5504000000000001
0.55052
0.54862
0.5479399999999999
0.55436
0.5480799999999999
0.5508000000000002
0.5529600000000001
0.5502600000000001
0.5498600000000002
0.5466000000000004
0.54954
0.55072
0.55082
0.55144
0.5505399999999999
0.548
0.5508200000000002
0.5489799999999999
0.5480800000000001
0.5535799999999998
0.5486
0.5540600000000001
0.5495599999999999
0.5516999999999999
0.5474999999999998
0.55278
0.5490600000000001
0.5479199999999999
0.5519599999999999
0.5468799999999999
0.54896
0.5494600000000001
0.5499400000000001
0.5510800000000002
0.5545800000000001
0.5498999999999999
0.5487599999999998
0.55446
0.55016
0.5501
0.5512200000000002
0.5518
0.5521600000000002
0.5503399999999998
0.5525400000000001
0.5471
0.55084
0.5499999999999998
0.55
0.5538400000000002
0.5499599999999999
0.5523600000000001
0.5513799999999999
0.5527799999999999
0.5512199999999999
0.5504400000000002
0.55124
0.5492399999999998
0.5558000000000001
0.5530200000000001
0.54628
0.5521
0.5484199999999999
0.5499400000000001
0.5482199999999999
0.5546
0.5532399999999998
0.5485000000000003
0.5513599999999999
0.5501200000000002
0.5463999999999999
0.54846
0.55086
0.5538
0.5482199999999999
0.54732
0.5486200000000001
0.5520400000000002
0.5491199999999998
0.5526599999999999
0.5497799999999998
0.55058
0.55344
0.5519399999999998
0.5542599999999998
0.5507200000000001
0.55608
0.55116
0.5448000000000001
0.5516599999999999
0.5484199999999997
0.55064
0.55104
0.55356
0.55092
0.5522599999999999
0.55184
0.5505999999999999
0.5497799999999998
0.5541800000000001
0.5511599999999998
0.556
0.55536
0.5492399999999997
0.5538000000000001
0.5511
0.5505
0.5541000000000001
0.5572600000000001
0.5464999999999998
0.55236
0.54826
0.5509599999999998
0.5477200000000001
0.5519
0.5521
0.55048
0.5475800000000001
0.5517600000000001
0.5509
0.55186
0.5495599999999999
0.55216
0.54838
0.55148
0.5531799999999998
0.5497199999999998
0.5513000000000001
0.54942
0.5510999999999999
0.5493199999999999
0.5528
0.5520999999999997
0.5511400000000001
0.5562799999999999
0.5529800000000001
0.55246
0.55316
0.5517000000000002
0.54962
0.5543599999999999
0.5498000000000001
0.5508800000000003
0.5513200000000001
0.5517399999999999
0.5514199999999998
0.5506800000000003
0.5497399999999999
0.55366
0.54994
0.55162
0.54902
0.5479599999999999
0.5502999999999999
0.55292
0.5517799999999998
0.5521999999999998
0.5528799999999999
0.5503399999999998
0.5502999999999997
0.55102
0.5522400000000001
0.5496600000000003
0.5511199999999999
0.5512399999999998
0.55054
0.5484399999999998
0.54768
0.5520199999999997
0.55246
0.5522599999999998
0.5521000000000003
0.5522800000000001
0.5481599999999999
0.5508999999999996
0.55406
0.5522599999999999
0.5483
0.5539399999999999
0.5550999999999999
0.55254
0.5481200000000002
0.5487000000000001
0.5515399999999999
0.5491799999999999
0.54886
0.5477200000000001
0.5506000000000002
0.55196
0.5484600000000002
0.5545200000000002
0.5508599999999999
0.5512599999999999
0.5495199999999998
0.5510199999999998
0.5549399999999999
0.5517000000000001
0.55324
0.5517
0.5501999999999997
0.54754
0.5488199999999999
0.5482600000000002
0.55316
0.55036
0.5522599999999998
0.5534799999999997
0.5541400000000001
0.55108
0.5497399999999999
0.5524600000000001
0.5469999999999999
0.5525399999999999
0.5510999999999998
0.5535600000000002
0.5521400000000001
0.5529599999999998
0.54962
0.55094
0.5484199999999998
0.5505
0.5492799999999998
0.5496
0.5487999999999998
0.5529200000000003
0.5529800000000001
0.5549199999999999
0.5567399999999999
0.5491799999999999
0.5477799999999999
0.5495199999999999
0.5499800000000002
0.5508799999999998
0.5526199999999998
0.5511400000000003
0.55444
0.54998
0.54852
0.54862
0.5487400000000002
0.5489799999999999
0.5514799999999999
0.5507400000000002
0.54928
0.5501000000000001
0.5494399999999998
0.5489999999999999
0.5521800000000001
0.5507799999999999
0.5517799999999999
0.54984
0.5463600000000001
0.55204
0.5521400000000001
0.5522399999999998
0.5519999999999999
0.55238
0.5497999999999997
0.5509200000000001
0.54996
0.5519200000000002
0.5486199999999998
0.5500799999999999
0.5503199999999999
0.5545199999999998
0.5552799999999998
0.5524399999999998
0.5516599999999997
0.5518199999999999
0.5481600000000001
0.5522199999999998
0.54824
0.5551199999999998
0.5526800000000001
0.5572399999999998
0.5553799999999999
0.55442
0.5483399999999999
0.5508599999999999
0.5490799999999999
0.5525000000000003
0.5489999999999999
0.5480599999999999
0.5515600000000002
0.54902
0.5515199999999999
0.5503600000000002
0.54786
0.5518200000000001
0.5468599999999999
0.5491199999999999
0.5500199999999998
0.5522200000000003
0.5489000000000002
0.5491200000000002
0.5504
0.5483599999999998
0.5496800000000001
0.5503999999999999
0.55446
0.5493600000000002
0.5471600000000002
0.5480599999999999
0.5463799999999999
0.55416
0.55172
0.5528400000000003
0.5487999999999998
0.55132
0.5473600000000001
0.5495199999999997
0.5502999999999999
0.5513600000000001
0.5507000000000003
0.54816
0.5491999999999999
0.5511000000000003
0.5527200000000001
0.54962
0.5505800000000001
0.5497200000000003
0.5505999999999998
0.55302
0.5483399999999999
0.55152
0.5527599999999999
0.5482800000000002
0.5503800000000001
0.5525800000000003
0.5509200000000001
0.5558199999999999
0.5506399999999999
0.54966
0.5520200000000002
0.5485200000000002
0.5516599999999999
0.55092
0.5497799999999997
0.5458000000000001
0.5477799999999999
0.5522400000000001
0.55082
0.5520800000000003
0.5543799999999998
0.5558199999999999
0.5482799999999998
0.5514399999999998
0.5542800000000002
0.5485399999999998
0.55232
0.5515599999999999
0.55206
0.5522
0.5521200000000002
0.5504599999999996
0.55306
0.5517200000000001
0.5480600000000002
0.5505600000000002
0.5508400000000002
0.5511000000000003
0.5535999999999999
0.5495599999999999
0.5471200000000003
0.5446200000000002
0.55364
0.5511799999999998
0.55272
0.5508200000000001
0.5506800000000001
0.5470800000000001
0.54842
0.5552200000000002
0.5529399999999998
0.5536000000000001
0.5527400000000001
0.5514399999999999
0.5500599999999999
0.55414
0.5521799999999999
0.5479
0.55112
0.5475800000000001
0.5484400000000003
0.5518000000000001
0.55362
0.55338
0.54692
0.5511199999999999
0.5522600000000001
0.55244
0.5463999999999998
0.5535599999999999
0.5547199999999999
0.54856
0.5514999999999994
0.5477400000000001
0.5504400000000002
0.5491199999999999
0.5488199999999996
0.5494399999999999
0.5520399999999999
0.5501999999999999
0.5502199999999999
0.5509000000000001
0.5541399999999999
0.55584
