0.19999999999999962
0.37982000000000005
0.6144399999999997
0.5956800000000001
0.6073
0.5970599999999995
0.6030000000000002
0.6014
0.59778
0.6005399999999999
0.6015000000000001
0.6059
0.6016999999999999
0.6043999999999998
0.59994
0.6049
0.6038399999999997
0.60154
0.5984599999999997
0.6054800000000001
0.6037800000000001
0.6053599999999996
0.6042599999999998
0.6009599999999999
0.60132
0.6003600000000001
0.60444
0.6009599999999999
0.6018199999999999
0.6045999999999999
0.6016799999999999
0.6062400000000001
0.6036599999999998
0.6027599999999999
0.6020599999999999
0.6013
0.6031599999999999
0.60334
0.6037200000000001
0.60102
0.6042
0.6012
0.60386
0.60202
0.5984199999999998
0.6024400000000002
0.60108
0.60274
0.5999599999999999
0.60722
0.6019799999999997
0.60426
0.6021399999999999
0.60186
0.6050399999999998
0.6006599999999997
0.6053999999999998
0.5997800000000002
0.6050199999999997
0.6009400000000001
0.6003200000000003
0.6039800000000001
0.6037000000000002
0.6003999999999998
0.6022399999999998
0.6032399999999999
0.6027800000000003
0.6049800000000003
0.6027199999999998
0.6030399999999999
0.6041399999999999
0.6016799999999998
0.60374
0.5990000000000001
0.60618
0.60474
0.6017600000000002
0.60678
0.6023799999999999
0.6009799999999998
0.6041999999999998
0.60336
0.6021999999999997
0.6045399999999999
0.6014599999999999
0.6003199999999997
0.6028399999999999
0.60634
0.6044599999999998
0.6021400000000002
0.60428
0.5991199999999999
0.6065199999999998
0.59978
0.6010999999999997
0.6017199999999999
0.6036199999999997
0.6018799999999999
0.6026
0.6033399999999999
0.6045399999999997
0.60082
0.6036399999999998
0.6031000000000001
0.6019599999999997
0.6058399999999999
0.6007999999999999
0.6038200000000001
0.5988000000000001
0.6039599999999998
0.6036400000000001
0.6020600000000002
0.6022200000000002
0.6014599999999997
0.6019
0.6018199999999998
0.60492
0.59994
0.6047799999999998
0.6001600000000004
0.60344
0.6042999999999996
0.6006199999999999
0.6033599999999999
0.60248
0.6025200000000003
0.6036800000000001
0.6030199999999998
0.6038800000000002
0.6031200000000001
0.6043999999999998
0.5994199999999998
0.6021
0.6031999999999997
0.6057599999999997
0.5993399999999998
0.5999400000000003
0.59746
0.6065199999999998
0.60214
0.6029999999999999
0.60436
0.601
0.6049199999999999
0.6029399999999997
0.6049000000000001
0.6031599999999996
0.5996399999999997
0.60022
0.6018199999999997
0.6046399999999998
0.6052
0.60166
0.6003399999999999
0.6050000000000001
0.6064999999999998
0.6010199999999999
0.6049800000000001
0.6022599999999998
0.6019199999999999
0.6015200000000002
0.5976599999999999
0.6028999999999999
0.6013599999999998
0.6025799999999999
0.6013999999999999
0.60096
0.6026599999999999
0.6012399999999998
0.6052599999999999
0.60306
0.60336
0.6011799999999998
0.6044999999999999
0.6036799999999996
0.6002399999999999
0.60354
0.6043000000000002
0.6049000000000001
0.60108
0.6015599999999998
0.6025400000000001
0.6030399999999999
0.6042800000000003
0.60576
0.6038799999999998
0.59976
0.6016599999999998
0.6019599999999998
0.6015400000000004
0.60272
0.6006200000000003
0.6069599999999998
0.6014600000000001
0.6039800000000002
0.6073200000000001
0.6024799999999999
0.6029399999999999
0.6057800000000001
0.6015199999999999
0.60134
0.6011200000000002
0.6019999999999998
0.6010799999999997
0.6039399999999998
0.6014799999999996
0.6028800000000001
0.6021799999999997
0.60714
0.60128
0.6032600000000002
0.6057999999999997
0.60226
0.60254
0.6028199999999998
0.59958
0.6022999999999997
0.6033199999999996
0.6043399999999997
0.6009400000000001
0.6064999999999998
0.6016200000000002
0.60026
0.5982
0.6028399999999998
0.5999599999999998
0.6040599999999998
0.6017600000000001
0.6018800000000002
0.6015999999999999
0.6039999999999999
0.6035199999999998
0.6032799999999999
0.5997000000000001
0.6089599999999998
0.6067199999999999
0.6007399999999999
0.6019800000000002
0.6023399999999998
0.60376
0.6037000000000001
0.59982
0.6050399999999998
0.6040399999999998
0.6019400000000001
0.6032600000000002
0.6013999999999997
0.6054000000000003
0.6045400000000002
0.6017199999999999
0.6001799999999998
0.6011599999999998
0.6022400000000001
0.6034600000000001
0.6001399999999999
0.6071599999999999
0.6039
0.6019399999999999
0.6047199999999998
0.6073200000000002
0.5997199999999999
0.6011800000000002
0.60484
0.6032599999999999
0.60542
0.6038
0.6011399999999998
0.6045199999999997
0.5980199999999999
0.6030599999999999
0.60322
0.60188
0.6039400000000001
0.6023599999999999
0.59978
0.6034799999999999
0.60176
0.60344
0.6056199999999999
0.6018399999999998
0.6046799999999998
0.6014800000000001
0.5979199999999999
0.6028400000000002
0.5972
0.6046999999999998
0.5987199999999998
0.60384
0.6014999999999996
0.6010399999999999
0.6043
0.6020400000000004
0.5982999999999999
0.59968
0.6050800000000001
0.60324
0.5990000000000002
0.60606
0.60108
0.6021599999999998
0.5991200000000001
0.6046
0.60434
0.60486
0.6018200000000001
0.60632
0.6007200000000001
0.6047800000000002
0.5994399999999999
0.6041399999999998
0.6045199999999997
0.5982000000000002
0.605
0.6046199999999999
0.6025399999999999
0.6044799999999999
0.6042000000000002
0.6003599999999999
0.6046400000000001
0.6041999999999998
0.6030000000000001
0.60236
0.6023599999999999
0.6044799999999998
0.60302
0.6080999999999999
0.6005600000000001
0.6033199999999996
0.6055799999999999
0.5998199999999999
0.6027799999999996
0.6036800000000001
0.59982
0.6021999999999998
0.6041399999999999
0.59832
0.6073400000000002
0.6069799999999997
0.6008199999999999
0.6040199999999998
0.6006199999999999
0.6044799999999998
0.6030799999999998
0.6048399999999999
0.6005999999999998
0.6028600000000002
0.6026399999999998
0.6038399999999998
0.6036399999999997
0.6062400000000001
0.6036599999999999
0.6042800000000002
0.6026600000000003
0.6017000000000005
0.6062000000000002
0.5973000000000002
0.6038599999999998
0.6053799999999998
0.6048599999999997
0.6006800000000001
0.6032200000000002
0.6007799999999996
0.6004199999999998
0.60562
0.6041999999999997
0.60274
0.6065799999999998
0.6019799999999996
0.6081399999999999
0.60488
0.6031399999999999
0.59864
0.6030599999999999
0.60582
0.6043200000000001
0.6042799999999996
0.60294
0.59954
0.6039400000000001
0.60318
0.60274
0.6051200000000001
0.5972
0.6035199999999996
0.6041999999999998
0.5998
0.6014400000000002
0.6042799999999998
0.6005999999999999
0.6071
0.59716
0.60384
0.6013799999999999
0.6014999999999997
0.6055999999999999
0.60476
0.6024400000000001
0.6055599999999999
0.5998599999999998
0.6051400000000001
0.60322
0.6018200000000001
0.6024399999999998
0.6017000000000002
0.6032
0.6073600000000002
0.6014799999999999
0.5996399999999998
0.6030199999999999
0.6040000000000002
0.60116
0.6043799999999997
0.60236
0.60264
0.5970200000000001
0.6042399999999996
0.6013200000000001
0.60372
0.6050800000000002
0.6056799999999999
0.5992999999999998
0.60076
0.60188
0.5998399999999999
0.6042399999999999
0.60518
0.60476
0.6003400000000002
0.6013399999999999
0.6028999999999995
0.60414
0.6034799999999998
0.60734
0.6013200000000001
0.60026
0.6029599999999998
0.6057199999999999
0.6018
0.5979999999999998
0.6065400000000001
0.60346
0.60022
0.6007
0.6012600000000002
0.6026399999999996
0.60552
0.5967200000000001
0.5983799999999998
0.6063400000000001
0.60206
0.6011599999999999
0.6028800000000003
0.60456
0.6044599999999999
0.6037799999999999
0.6074399999999998
0.6004399999999998
0.6021799999999999
0.6051599999999997
0.6036199999999999
0.6024200000000001
0.60348
0.5994799999999998
0.605
0.60102
0.60328
0.6056
0.60798
0.60204
0.59974
0.5990799999999997
0.6044399999999999
0.5986
0.6057799999999995
0.60358
0.5993999999999999
0.6000799999999998
0.6003999999999998
0.6060000000000002
0.6006199999999999
0.6043000000000003
0.60584
0.6038800000000002
0.59812
0.6029000000000001
0.6057199999999998
0.6034799999999998
0.5986599999999997
0.6046999999999998
0.60124
0.6045799999999998
0.6033199999999999
0.6022999999999998
0.6016999999999997
0.6043999999999999
0.6002200000000001
0.6008000000000002
0.6017200000000001
0.6018599999999998
0.60218
0.60378
0.6015799999999998
0.6028999999999999
0.6008199999999999
0.6063799999999996
0.6041999999999998
0.6056799999999999
0.5994600000000001
0.6046399999999996
0.6028599999999998
0.6038199999999998
0.6030399999999999
0.60532
0.6039200000000002
0.6028000000000001
0.6066199999999999
0.5977600000000002
0.60764
0.6009999999999999
0.6037999999999997
0.6013599999999998
0.6000399999999999
0.60018
0.5996399999999998
0.6074999999999996
0.5997999999999998
0.6079199999999999
0.60066
0.6029399999999997
0.6000399999999999
0.6057200000000001
0.6017599999999999
0.6015000000000003
0.6045999999999998
0.6049
0.6058000000000002
0.60176
0.5988399999999998
0.6054399999999999
0.6015600000000002
0.6015400000000001
0.6056000000000001
0.6030399999999999
0.59744
0.6056399999999998
0.6045200000000002
0.6002000000000002
0.60194
0.60394
0.6059999999999999
0.6032799999999997
0.5985199999999999
0.6057599999999999
0.6015799999999998
0.5989599999999998
0.6043399999999999
0.6016600000000001
0.6031399999999999
0.5990599999999997
0.6003399999999999
0.60856
0.5998199999999997
0.6043999999999998
0.6004399999999999
0.6051399999999997
0.6008600000000001
0.6056000000000001
0.6009800000000002
0.6000599999999996
0.6020599999999998
0.6062400000000001
0.6031400000000001
0.6037800000000002
0.5988399999999999
0.6066999999999997
0.6028399999999997
0.6022599999999998
0.6040799999999998
0.60152
0.6021799999999997
0.6056000000000001
0.60314
0.6050799999999998
0.6011399999999999
0.6040999999999999
0.6042200000000001
0.6028399999999998
0.6014999999999999
0.60554
0.60216
0.5986
0.6048600000000001
0.60028
0.60768
0.6037399999999999
0.6031799999999997
0.6004599999999998
0.6019399999999997
0.60538
0.6059
0.59954
0.6048
0.6042999999999998
0.6021599999999999
0.60802
0.59904
0.6070000000000002
0.5988800000000001
0.6038600000000001
0.6050599999999998
0.60208
0.6044800000000001
0.60246
0.60598
0.60292
0.60254
0.6027599999999999
0.6037599999999999
0.6015200000000003
0.60212
0.60492
0.60486
0.6000000000000001
0.6048399999999997
0.6035199999999998
0.6026
0.6058599999999997
0.6018199999999999
0.59982
0.60176
0.6020799999999998
0.60502
0.6070799999999998
0.6041599999999999
0.6059000000000001
0.5999399999999998
0.6029000000000002
0.6019400000000001
0.6056799999999998
0.5993999999999997
0.6059599999999999
0.5992600000000001
0.6036799999999998
0.6015000000000001
0.60406
0.6028400000000002
0.6027
0.6029600000000002
0.60564
0.6050400000000002
0.6034600000000001
0.6032599999999999
0.5996199999999999
0.6027400000000002
0.5994399999999998
0.6069399999999999
0.6005000000000001
0.5998600000000001
0.6054600000000003
0.60302
0.6054400000000002
0.6051200000000001
0.5986600000000002
0.60536
0.6023799999999998
0.6046999999999998
0.60016
0.6016400000000001
0.6035999999999997
0.6039199999999999
0.60408
0.6019799999999997
0.6007800000000001
0.6046
0.6036599999999998
0.60378
0.6024799999999997
0.6029999999999999
0.60086
0.6040399999999999
0.5983599999999999
0.6046400000000002
0.6025799999999998
0.6018399999999999
0.5957800000000001
0.6029199999999998
0.6021800000000002
0.6009400000000001
0.603
0.6046999999999999
0.6018000000000001
0.6066799999999998
0.6023000000000001
0.6042399999999999
0.6041399999999999
0.6015600000000001
0.6030999999999999
0.60302
0.6011399999999998
0.6031999999999997
0.6060000000000001
0.6022000000000001
0.60328
0.6048999999999998
0.60432
0.6038199999999997
0.6047400000000002
0.6013199999999997
0.6001799999999999
0.60216
0.6065000000000003
0.6022600000000001
0.6036
0.6025599999999997
0.60154
0.6028600000000001
0.59962
0.6053599999999999
0.6030599999999999
0.60348
0.6039399999999998
0.6037599999999999
0.5977199999999998
0.6039599999999998
0.5991799999999998
0.6038399999999999
0.6031400000000001
0.60502
0.6023200000000001
0.6006199999999999
0.6045399999999997
0.6000799999999998
0.60474
0.6043399999999999
0.6019999999999998
0.6029999999999996
0.6038999999999995
0.6040599999999998
0.6014599999999999
0.6018999999999999
0.60392
0.60496
0.60598
0.6054
0.60234
0.6011000000000002
0.60072
0.6025999999999997
0.6023000000000001
0.6073400000000002
0.59918
0.6070199999999998
0.6032000000000001
0.6029400000000001
0.60224
0.6034200000000001
0.6064799999999999
0.6044799999999997
0.6031000000000002
0.60006
0.6012799999999998
0.6021799999999998
0.6022799999999999
0.60044
0.5991000000000001
0.6036399999999998
0.6091799999999999
0.59862
0.6017199999999999
0.6040800000000001
0.6007600000000004
0.6013000000000003
0.6037399999999998
0.6035
0.6056599999999999
0.6027199999999999
0.6021399999999997
0.6013000000000001
0.59992
0.6033799999999997
0.6016400000000001
0.6027200000000001
0.6012600000000002
0.6031
0.6067599999999999
0.6036399999999996
0.6016399999999998
0.5984399999999996
0.60354
0.60568
0.6039799999999997
0.60008
0.6018799999999999
0.60422
0.60128
0.6064
0.6045400000000002
0.60278
0.6025800000000001
0.6055600000000001
0.60064
0.6045599999999999
0.60342
0.6030400000000001
0.6056
0.6032799999999996
0.6007600000000001
0.6051400000000001
0.5997799999999999
0.6000400000000001
0.6056400000000001
0.60106
0.60594
0.6022599999999997
0.6039800000000001
0.6040999999999999
0.6019200000000001
0.6001799999999999
0.6026799999999999
0.6015400000000001
0.6052000000000002
0.6011399999999998
0.6018199999999999
0.60158
0.6011799999999997
0.6027400000000002
0.6035199999999998
0.6056600000000001
0.6019599999999999
0.6034000000000002
0.6046399999999998
0.60478
0.60148
0.6001600000000001
0.60186
0.6022399999999999
0.6040999999999996
0.5985999999999997
0.6022200000000002
0.6025400000000001
0.60076
0.6005799999999999
0.6038800000000001
0.6053399999999998
0.6031799999999999
0.6040000000000002
0.6063199999999997
0.5997200000000001
0.6024799999999999
0.6035800000000001
0.6032199999999998
0.6000000000000001
0.6014199999999997
0.6007999999999998
0.60446
0.6015
0.6003200000000003
0.6046199999999998
0.5999799999999998
0.6057799999999998
0.6039199999999999
0.6019200000000001
0.6025
0.6011200000000001
0.6036399999999997
0.6042000000000001
0.6036199999999999
0.5992999999999999
0.6044399999999995
0.6042800000000002
0.6017999999999997
0.6054799999999997
0.6019399999999999
0.6002800000000001
0.5999199999999998
0.603
0.6034999999999999
0.60374
0.6025400000000001
0.6043600000000001
0.6021999999999997
0.6044599999999999
0.6013199999999999
0.60392
0.60238
0.6025800000000002
0.60206
0.6047399999999997
0.6025800000000001
0.6029800000000001
0.6016
0.60564
0.6004200000000001
0.60112
0.604
0.5983400000000001
0.60726
0.60416
0.6038799999999999
0.5981599999999999
0.6013799999999998
0.6025
0.59976
0.6005399999999999
0.6016799999999999
0.6022000000000002
0.6037599999999999
0.6037999999999999
0.60246
0.6007200000000001
0.6017199999999999
0.6029199999999998
0.6001400000000001
0.60234
0.6021
0.6048799999999999
0.6069
0.6010799999999998
0.6013799999999998
0.60136
0.6013200000000001
0.6031799999999997
0.6047599999999997
0.6003799999999999
0.6004399999999998
0.6045399999999999
0.6012799999999999
0.6016800000000001
0.6039600000000002
0.6015799999999999
0.6029999999999999
0.59966
0.6049800000000003
0.6053199999999999
0.6027199999999998
0.60678
0.5986999999999997
0.6004000000000003
0.6014199999999998
0.6023599999999999
0.5996399999999998
0.6019599999999999
0.5993399999999999
0.60348
0.6068599999999997
0.6065399999999999
0.6005800000000001
0.6043399999999999
0.60468
0.59944
0.6058399999999997
0.6031600000000003
0.59932
0.6021799999999997
0.6023799999999999
0.6006400000000002
0.6020599999999998
0.6039400000000001
0.6037999999999997
0.6038
0.6019599999999999
0.6011799999999999
0.6043799999999999
0.5985599999999999
0.6052
0.6062800000000002
0.6000799999999998
0.6013799999999999
0.6023799999999998
0.60042
0.60248
0.6070400000000002
0.60126
0.6045599999999999
0.6052199999999999
0.59986
0.6011599999999998
0.6020399999999999
0.6030800000000001
0.6018199999999999
0.6042599999999999
0.6029199999999999
0.6014399999999999
0.6005199999999999
0.6040599999999998
0.6039000000000002
0.6000399999999998
0.6023
0.6045799999999999
0.60042
0.60332
0.60106
0.6043599999999999
0.5958599999999997
0.60208
0.6032800000000001
0.6021199999999999
0.6054799999999999
0.6033399999999999
0.60154
