0.19999999999999962
0.13522000000000003
0.10445999999999996
0.08607999999999999
0.07181999999999998
0.06307999999999998
0.05745999999999997
0.05251999999999998
0.04767999999999997
0.04561999999999997
0.04347999999999997
0.040039999999999985
0.03973999999999998
0.041839999999999974
0.04161999999999998
0.03879999999999999
0.038699999999999984
0.038159999999999986
0.036779999999999986
0.035279999999999985
0.03499999999999996
0.035119999999999985
0.03533999999999998
0.03517999999999998
0.035419999999999986
0.03439999999999998
0.03351999999999998
0.03197999999999998
0.031179999999999996
0.029779999999999984
0.028979999999999985
0.028839999999999987
0.027679999999999996
0.026179999999999995
0.026519999999999988
0.02658
0.026160000000000003
0.02623999999999999
0.025240000000000005
0.02496
0.023240000000000004
0.023700000000000006
0.023000000000000003
0.024079999999999994
0.023700000000000006
0.022180000000000005
0.02084000000000001
0.021080000000000005
0.021000000000000008
0.021020000000000007
0.02096000000000001
0.0219
0.021260000000000008
0.020200000000000013
0.019840000000000014
0.01922000000000001
0.01854000000000001
0.01734000000000001
0.01696000000000001
0.016920000000000008
0.017240000000000012
0.01696000000000001
0.01786000000000001
0.01806000000000001
0.01726000000000001
0.01752000000000001
0.01716000000000001
0.01712000000000001
0.01738000000000001
0.01622000000000001
0.01650000000000001
0.01600000000000001
0.01622000000000001
0.01572000000000001
0.01556000000000001
0.01588000000000001
0.015240000000000009
0.013480000000000008
0.014660000000000005
0.014480000000000007
0.014440000000000008
0.014020000000000008
0.014360000000000005
0.013500000000000007
0.014040000000000007
0.014040000000000007
0.013020000000000006
0.012380000000000004
0.012000000000000005
0.011320000000000005
0.011440000000000006
0.011500000000000005
0.012160000000000004
0.012120000000000006
0.012060000000000006
0.012120000000000006
0.011520000000000006
0.011180000000000006
0.011340000000000006
0.011520000000000006
0.010740000000000005
0.010360000000000005
0.009720000000000005
0.010060000000000005
0.009900000000000004
0.010140000000000005
0.010520000000000003
0.010600000000000005
0.009900000000000003
0.010400000000000005
0.010020000000000005
0.010180000000000005
0.009280000000000004
0.009260000000000004
0.009580000000000002
0.009080000000000003
0.009060000000000002
0.008720000000000004
0.008640000000000004
0.009040000000000001
0.008980000000000002
0.009320000000000004
0.008740000000000001
0.008760000000000002
0.007800000000000002
0.007180000000000002
0.007100000000000002
0.007500000000000002
0.0075400000000000016
0.007260000000000002
0.0072000000000000015
0.007140000000000002
0.007220000000000002
0.00732
0.007380000000000002
0.007380000000000002
0.007320000000000002
0.007220000000000002
0.006760000000000001
0.00674
0.006980000000000002
0.006960000000000002
0.006100000000000001
0.006480000000000001
0.005940000000000002
0.00522
0.0052
0.005219999999999999
0.0053
0.004739999999999999
0.0047599999999999995
0.00476
0.00454
0.0047799999999999995
0.004640000000000001
0.0048400000000000006
0.004919999999999999
0.004939999999999999
0.0051
0.00534
0.0052
0.005060000000000001
0.00532
0.005620000000000001
0.005560000000000001
0.005660000000000001
0.005180000000000001
0.0047799999999999995
0.00454
0.00452
0.004
0.0037
0.003720000000000001
0.0035600000000000002
0.003520000000000001
0.0031000000000000003
0.0031200000000000004
0.0031199999999999995
0.0028599999999999997
0.0029400000000000003
0.0030000000000000005
0.0027800000000000004
0.00286
0.00316
0.0035399999999999997
0.00334
0.003
0.00248
0.00272
0.00228
0.00226
0.0022800000000000003
0.0027400000000000002
0.00232
0.00234
0.0020199999999999997
0.00216
0.00202
0.00196
0.00198
0.0017399999999999998
0.00188
0.00234
0.002
0.0017
0.0018599999999999999
0.0019
0.00224
0.00194
0.00188
0.0015
0.0015600000000000002
0.0014199999999999998
0.0013999999999999998
0.0013800000000000002
0.00126
0.0013800000000000002
0.0010800000000000002
0.00116
0.00106
9.6E-4
0.0011200000000000001
0.0011600000000000002
0.0011
0.0010400000000000001
7.400000000000001E-4
7.000000000000001E-4
8.799999999999999E-4
9.0E-4
0.0010400000000000001
7.000000000000001E-4
5.4E-4
6.0E-4
7.199999999999999E-4
6.4E-4
7.000000000000001E-4
9.0E-4
9.6E-4
9.2E-4
9.6E-4
9.0E-4
8.799999999999999E-4
7.599999999999999E-4
9.2E-4
8.6E-4
8.4E-4
7.000000000000001E-4
7.000000000000001E-4
6.0E-4
6.4E-4
6.0E-4
5.600000000000001E-4
3.6E-4
4.0E-4
3.9999999999999996E-4
4.3999999999999996E-4
6.0E-4
8.2E-4
0.00102
0.00102
0.00114
0.00116
0.00114
9.6E-4
0.001
8.6E-4
8.6E-4
8.0E-4
7.8E-4
8.399999999999999E-4
8.199999999999999E-4
7.599999999999999E-4
7.000000000000001E-4
8.799999999999999E-4
8.799999999999999E-4
6.6E-4
6.6E-4
7.000000000000001E-4
6.0E-4
5.200000000000001E-4
3.9999999999999996E-4
5.200000000000001E-4
5.4E-4
6.2E-4
5.600000000000001E-4
5.2E-4
5.0E-4
6.2E-4
6.4E-4
6.000000000000001E-4
5.2E-4
5.2E-4
4.6E-4
4.0E-4
3.7999999999999997E-4
4.3999999999999996E-4
3.5999999999999997E-4
4.6E-4
3.5999999999999997E-4
3.0E-4
2.1999999999999998E-4
1.0E-4
1.2E-4
6.0E-5
2.0E-5
2.0E-5
2.0E-5
2.0E-5
2.0E-5
0.0
0.0
0.0
0.0
0.0
0.0
0.0
0.0
0.0
0.0
0.0
0.0
0.0
0.0
0.0
0.0
0.0
0.0
0.0
0.0
0.0
0.0
0.0
0.0
0.0
0.0
0.0
0.0
0.0
0.0
0.0
0.0
0.0
0.0
0.0
0.0
0.0
0.0
0.0
0.0
0.0
0.0
0.0
0.0
0.0
0.0
0.0
0.0
0.0
0.0
0.0
0.0
0.0
0.0
0.0
0.0
0.0
0.0
0.0
0.0
0.0
0.0
0.0
0.0
0.0
0.0
0.0
0.0
0.0
0.0
0.0
0.0
0.0
0.0
0.0
0.0
0.0
0.0
0.0
0.0
0.0
0.0
0.0
0.0
0.0
0.0
0.0
0.0
0.0
0.0
0.0
0.0
0.0
0.0
0.0
0.0
0.0
0.0
0.0
0.0
0.0
0.0
0.0
0.0
0.0
0.0
0.0
0.0
0.0
0.0
0.0
0.0
0.0
0.0
0.0
0.0
0.0
0.0
0.0
0.0
0.0
0.0
0.0
0.0
0.0
0.0
0.0
0.0
0.0
0.0
0.0
0.0
0.0
0.0
0.0
0.0
0.0
0.0
0.0
0.0
0.0
0.0
0.0
0.0
0.0
0.0
0.0
0.0
0.0
0.0
0.0
0.0
0.0
0.0
0.0
0.0
0.0
0.0
0.0
0.0
0.0
0.0
0.0
0.0
0.0
0.0
0.0
0.0
0.0
0.0
0.0
0.0
0.0
0.0
0.0
0.0
0.0
0.0
0.0
0.0
0.0
0.0
0.0
0.0
0.0
0.0
0.0
0.0
0.0
0.0
0.0
0.0
0.0
0.0
0.0
0.0
0.0
0.0
0.0
0.0
0.0
0.0
0.0
0.0
0.0
0.0
0.0
0.0
0.0
0.0
0.0
0.0
0.0
0.0
0.0
0.0
0.0
0.0
0.0
0.0
0.0
0.0
0.0
0.0
0.0
0.0
0.0
0.0
0.0
0.0
0.0
0.0
0.0
0.0
0.0
0.0
0.0
0.0
0.0
0.0
0.0
0.0
0.0
0.0
0.0
0.0
0.0
0.0
0.0
0.0
0.0
0.0
0.0
0.0
0.0
0.0
0.0
0.0
0.0
0.0
0.0
0.0
0.0
0.0
0.0
0.0
0.0
0.0
0.0
0.0
0.0
0.0
0.0
0.0
0.0
0.0
0.0
0.0
0.0
0.0
0.0
0.0
0.0
0.0
0.0
0.0
0.0
0.0
0.0
0.0
0.0
0.0
0.0
0.0
0.0
0.0
0.0
0.0
0.0
0.0
0.0
0.0
0.0
0.0
0.0
0.0
0.0
0.0
0.0
0.0
0.0
0.0
0.0
0.0
0.0
0.0
0.0
0.0
0.0
0.0
0.0
0.0
0.0
0.0
0.0
0.0
0.0
0.0
0.0
0.0
0.0
0.0
0.0
0.0
0.0
0.0
0.0
0.0
0.0
0.0
0.0
0.0
0.0
0.0
0.0
0.0
0.0
0.0
0.0
0.0
0.0
0.0
0.0
0.0
0.0
0.0
0.0
0.0
0.0
0.0
0.0
0.0
0.0
0.0
0.0
0.0
0.0
0.0
0.0
0.0
0.0
0.0
0.0
0.0
0.0
0.0
0.0
0.0
0.0
0.0
0.0
0.0
0.0
0.0
0.0
0.0
0.0
0.0
0.0
0.0
0.0
0.0
0.0
0.0
0.0
0.0
0.0
0.0
0.0
0.0
0.0
0.0
0.0
0.0
0.0
0.0
0.0
0.0
0.0
0.0
0.0
0.0
0.0
0.0
0.0
0.0
0.0
0.0
0.0
0.0
0.0
0.0
0.0
0.0
0.0
0.0
0.0
0.0
0.0
0.0
0.0
0.0
0.0
0.0
0.0
0.0
0.0
0.0
0.0
0.0
0.0
0.0
0.0
0.0
0.0
0.0
0.0
0.0
0.0
0.0
0.0
0.0
0.0
0.0
0.0
0.0
0.0
0.0
0.0
0.0
0.0
0.0
0.0
0.0
0.0
0.0
0.0
0.0
0.0
0.0
0.0
0.0
0.0
0.0
0.0
0.0
0.0
0.0
0.0
0.0
0.0
0.0
0.0
0.0
0.0
0.0
0.0
0.0
0.0
0.0
0.0
0.0
0.0
0.0
0.0
0.0
0.0
0.0
0.0
0.0
0.0
0.0
0.0
0.0
0.0
0.0
0.0
0.0
0.0
0.0
0.0
0.0
0.0
0.0
0.0
0.0
0.0
0.0
0.0
0.0
0.0
0.0
0.0
0.0
0.0
0.0
0.0
0.0
0.0
0.0
0.0
0.0
0.0
0.0
0.0
0.0
0.0
0.0
0.0
0.0
0.0
0.0
0.0
0.0
0.0
0.0
0.0
0.0
0.0
0.0
0.0
0.0
0.0
0.0
0.0
0.0
0.0
0.0
0.0
0.0
0.0
0.0
0.0
0.0
0.0
0.0
0.0
0.0
0.0
0.0
0.0
0.0
0.0
0.0
0.0
0.0
0.0
0.0
0.0
0.0
0.0
0.0
0.0
0.0
0.0
0.0
0.0
0.0
0.0
0.0
0.0
0.0
0.0
0.0
0.0
0.0
0.0
0.0
0.0
0.0
0.0
0.0
0.0
0.0
0.0
0.0
0.0
0.0
0.0
0.0
0.0
0.0
0.0
0.0
0.0
0.0
0.0
0.0
0.0
0.0
0.0
0.0
0.0
0.0
0.0
0.0
0.0
0.0
0.0
0.0
0.0
0.0
0.0
0.0
0.0
0.0
0.0
0.0
0.0
0.0
0.0
0.0
0.0
0.0
0.0
0.0
0.0
0.0
0.0
0.0
0.0
0.0
0.0
0.0
0.0
0.0
0.0
0.0
0.0
0.0
0.0
0.0
0.0
0.0
0.0
0.0
0.0
0.0
0.0
0.0
0.0
0.0
0.0
0.0
0.0
0.0
0.0
0.0
0.0
0.0
0.0
0.0
0.0
0.0
0.0
0.0
0.0
0.0
0.0
0.0
0.0
