0.19999999999999962
0.1478
0.12571999999999997
0.11197999999999995
0.10591999999999999
0.10087999999999994
0.09646
0.09027999999999997
0.08813999999999998
0.08761999999999999
0.08657999999999996
0.0842
0.08513999999999995
0.08619999999999997
0.08323999999999998
0.08045999999999993
0.07961999999999995
0.08119999999999994
0.07971999999999997
0.08009999999999996
0.07993999999999997
0.07825999999999998
0.08160000000000002
0.08051999999999998
0.08109999999999996
0.08049999999999996
0.08062000000000001
0.07898
0.08098
0.07979999999999997
0.08039999999999999
0.08248
0.0816
0.08187999999999995
0.08001999999999995
0.08147999999999998
0.081
0.08267999999999999
0.08239999999999997
0.08260000000000002
0.08163999999999992
0.08341999999999995
0.08409999999999998
0.08139999999999999
0.08111999999999997
0.08410000000000002
0.08469999999999994
0.08561999999999999
0.08455999999999998
0.08156
0.08327999999999997
0.08509999999999994
0.08381999999999995
0.08657999999999996
0.08422
0.08210000000000002
0.08119999999999998
0.08104000000000001
0.07981999999999999
0.08127999999999998
0.08109999999999998
0.08066
0.07801999999999996
0.07772
0.07847999999999998
0.07887999999999998
0.08045999999999999
0.08057999999999998
0.08034
0.07929999999999998
0.08135999999999997
0.08131999999999998
0.07947999999999995
0.08021999999999994
0.07807999999999998
0.07911999999999995
0.07991999999999999
0.08135999999999997
0.08021999999999994
0.07926
0.07737999999999996
0.07873999999999995
0.07783999999999996
0.07928
0.07933999999999998
0.08143999999999998
0.08247999999999997
0.08148
0.08235999999999997
0.08097999999999997
0.07878
0.07948
0.08145999999999992
0.08030000000000002
0.07929999999999997
0.07917999999999996
0.07973999999999998
0.07923999999999999
0.08066000000000001
0.08283999999999996
0.08339999999999996
0.08093999999999994
0.08203999999999997
0.08066
0.08202000000000002
0.08255999999999997
0.08184
0.08209999999999995
0.08254000000000002
0.08129999999999997
0.07983999999999994
0.08149999999999996
0.08109999999999998
0.08103999999999997
0.07988
0.08103999999999999
0.08023999999999999
0.08105999999999997
0.08055999999999998
0.08267999999999995
0.08184
0.08149999999999996
0.08121999999999996
0.07901999999999997
0.08049999999999997
0.07981999999999996
0.08053999999999997
0.08201999999999993
0.08179999999999996
0.08085999999999995
0.08133999999999998
0.08051999999999994
0.08027999999999999
0.07917999999999999
0.07916000000000002
0.08246000000000002
0.08275999999999993
0.08167999999999999
0.08138
0.08111999999999994
0.08146
0.08098
0.08091999999999999
0.08070000000000001
0.08103999999999997
0.08181999999999996
0.08152
0.08037999999999998
0.07997999999999998
0.07877999999999996
0.07994000000000001
0.08175999999999997
0.07981999999999999
0.07841999999999995
0.07799999999999999
0.07837999999999995
0.07893999999999995
0.08009999999999996
0.08123999999999995
0.07633999999999999
0.07669999999999995
0.07715999999999999
0.07898
0.07984000000000002
0.07969999999999997
0.07955999999999996
0.0774
0.07701999999999999
0.07626
0.07843999999999998
0.07629999999999999
0.07817999999999999
0.07744
0.07723999999999996
0.07685999999999994
0.07891999999999998
0.07889999999999998
0.08041999999999999
0.07937999999999998
0.07822
0.07837999999999998
0.07995999999999999
0.08102000000000001
0.08007999999999998
0.07993999999999998
0.07983999999999997
0.07839999999999997
0.08013999999999998
0.08095999999999996
0.08103999999999999
0.08005999999999995
0.07981999999999999
0.08131999999999998
0.07974
0.08118
0.08037999999999998
0.08047999999999998
0.08021999999999997
0.08073999999999996
0.08235999999999995
0.08441999999999997
0.08053999999999997
0.08137999999999997
0.08268
0.08169999999999997
0.07993999999999998
0.07890000000000001
0.07943999999999997
0.07835999999999996
0.07851999999999996
0.07653999999999997
0.07703999999999998
0.07603999999999997
0.07689999999999997
0.07887999999999998
0.07711999999999997
0.07503999999999995
0.07526
0.07577999999999997
0.07579999999999998
0.07805999999999996
0.07893999999999998
0.07808000000000001
0.08003999999999997
0.0801
0.08173999999999998
0.08182000000000002
0.08009999999999996
0.07751999999999998
0.07854
0.08006
0.07835999999999997
0.08007999999999997
0.07891999999999999
0.07937999999999998
0.08095999999999996
0.07847999999999997
0.07637999999999998
0.07695999999999997
0.07923999999999999
0.07780000000000001
0.07883999999999998
0.08004
0.07847999999999995
0.08004
0.08184
0.08288000000000001
0.08205999999999997
0.08165999999999995
0.07997999999999997
0.08201999999999998
0.07825999999999998
0.07859999999999995
0.07729999999999997
0.07727999999999996
0.07877999999999996
0.07789999999999998
0.07930000000000001
0.07799999999999994
0.07881999999999997
0.0791
0.07883999999999997
0.07896
0.07958
0.08054
0.08074000000000002
0.08033999999999997
0.07965999999999998
0.08171999999999999
0.08246
0.08084000000000001
0.08061999999999997
0.08087999999999998
0.07997999999999998
0.07791999999999995
0.07831999999999996
0.07783999999999999
0.07759999999999997
0.07654
0.07533999999999999
0.0756
0.07515999999999999
0.07689999999999998
0.07728
0.07673999999999997
0.07809999999999995
0.07739999999999998
0.07913999999999999
0.07831999999999995
0.08021999999999997
0.08159999999999998
0.07929999999999994
0.07965999999999998
0.08107999999999997
0.07867999999999994
0.08098000000000001
0.07993999999999996
0.07950000000000002
0.07995999999999999
0.07921999999999997
0.08037999999999997
0.07903999999999999
0.07952
0.07913999999999997
0.08037999999999997
0.08126
0.07984
0.08101999999999998
0.08045999999999999
0.08019999999999994
0.07891999999999999
0.08005999999999996
0.08191999999999997
0.08189999999999996
0.08237999999999998
0.08241999999999998
0.08186
0.08101999999999997
0.07937999999999999
0.07737999999999996
0.07805999999999999
0.07771999999999997
0.07673999999999997
0.07502
0.07627999999999997
0.07667999999999997
0.07572
0.07697999999999999
0.07751999999999999
0.07743999999999998
0.07835999999999994
0.07572000000000001
0.07587999999999996
0.07625999999999998
0.07639999999999997
0.07643999999999998
0.07823999999999996
0.07619999999999998
0.07687999999999998
0.07699999999999997
0.07719999999999999
0.07923999999999995
0.07821999999999997
0.0785
0.07781999999999999
0.07675999999999995
0.07747999999999998
0.07615999999999998
0.07691999999999997
0.07727999999999999
0.07761999999999998
0.07657999999999993
0.07475999999999998
0.07359999999999997
0.07428
0.07633999999999999
0.07533999999999996
0.07615999999999999
0.07622
0.07726
0.07727999999999999
0.07874
0.07896
0.07881999999999997
0.07877999999999998
0.08031999999999996
0.07847999999999992
0.07919999999999996
0.07893999999999998
0.07779999999999995
0.07801999999999996
0.07839999999999998
0.07611999999999997
0.07477999999999997
0.07547999999999999
0.07686000000000001
0.07731999999999996
0.0761
0.07935999999999996
0.07909999999999993
0.07957999999999998
0.07782000000000001
0.07782
0.07763999999999996
0.07829999999999998
0.07751999999999998
0.07715999999999996
0.07699999999999997
0.08007999999999997
0.07861999999999997
0.07779999999999997
0.07790000000000001
0.07781999999999997
0.07803999999999998
0.07849999999999996
0.07761999999999995
0.07800000000000001
0.07773999999999996
0.07745999999999997
0.07757999999999995
0.07851999999999998
0.07787999999999996
0.07591999999999996
0.07571999999999997
0.07519999999999998
0.07617999999999997
0.07891999999999999
0.07797999999999998
0.07859999999999999
0.07921999999999998
0.08119999999999995
0.08205999999999998
0.08113999999999998
0.0824
0.08126
0.08084
0.07991999999999999
0.07981999999999997
0.07750000000000001
0.07906000000000002
0.07945999999999998
0.07899999999999999
0.07721999999999997
0.07891999999999996
0.08083999999999997
0.07955999999999999
0.07943999999999997
0.07912
0.08060000000000002
0.07859999999999996
0.08105999999999998
0.08073999999999999
0.07941999999999999
0.07693999999999997
0.07677999999999997
0.07715999999999998
0.07583999999999998
0.07495999999999998
0.07495999999999996
0.07385999999999997
0.07322
0.07297999999999999
0.07343999999999998
0.07289999999999995
0.07345999999999998
0.07167999999999997
0.07363999999999998
0.07331999999999997
0.07526
0.07521999999999995
0.07693999999999997
0.07673999999999995
0.07765999999999997
0.07665999999999999
0.07681999999999996
0.07657999999999997
0.07647999999999996
0.07695999999999996
0.07773999999999999
0.07729999999999995
0.07817999999999997
0.07845999999999999
0.07789999999999997
0.0772
0.0776
0.07547999999999999
0.07496000000000001
0.07542
0.075
0.07637999999999999
0.07593999999999998
0.07557999999999998
0.07944
0.07996000000000003
0.07939999999999997
0.07571999999999997
0.07749999999999999
0.07697999999999998
0.07573999999999997
0.07563999999999997
0.07708000000000002
0.07684
0.07659999999999999
0.07714
0.07791999999999998
0.07791999999999999
0.07899999999999999
0.07841999999999999
0.07754
0.07637999999999998
0.07707999999999995
0.07708
0.07749999999999999
0.07604
0.07895999999999997
0.07793999999999997
0.07615999999999999
0.07617999999999996
0.07657999999999995
0.07592
0.07677999999999999
0.07548
0.07592000000000002
0.07731999999999996
0.07594
0.07679999999999997
0.07661999999999995
0.07572
0.07649999999999996
0.07694
0.07783999999999999
0.07722000000000001
0.07533999999999999
0.07439999999999998
0.07654
0.07730000000000002
0.07731999999999994
0.07733999999999998
0.07579999999999999
0.07381999999999998
0.07333999999999997
0.07375999999999999
0.07439999999999998
0.07415999999999999
0.07455999999999997
0.07545999999999997
0.07591999999999997
0.07651999999999998
0.0743
0.07431999999999998
0.07337999999999997
0.07514
0.07321999999999998
0.07461999999999999
0.07593999999999997
0.07617999999999997
0.07777999999999996
0.07699999999999999
0.07825999999999998
0.07813999999999996
0.07666
0.07529999999999996
0.07653999999999997
0.07485999999999997
0.07351999999999997
0.07633999999999999
0.07591999999999997
0.07544000000000002
0.07421999999999997
0.07386
0.07319999999999997
0.07451999999999996
0.07476
0.07613999999999994
0.07675999999999995
0.07857999999999998
0.07725999999999997
0.07685999999999998
0.07713999999999994
0.07635999999999997
0.07629999999999999
0.07751999999999999
0.07767999999999999
0.07563999999999994
0.07332
0.07263999999999997
0.07191999999999997
0.07085999999999998
0.07199999999999998
0.07315999999999996
0.07295999999999998
0.07375999999999996
0.07428
0.07441999999999997
0.07363999999999997
0.07597999999999999
0.07659999999999996
0.07563999999999996
0.07429999999999998
0.07572
0.07507999999999997
0.07635999999999996
0.07715999999999998
0.07927999999999998
0.08007999999999998
0.07909999999999999
0.07601999999999998
0.07677999999999997
0.07851999999999998
0.07691999999999996
0.07661999999999998
0.07757999999999995
0.07987999999999996
0.07867999999999997
0.0765
0.07793999999999997
0.07732
0.07819999999999999
0.07695999999999997
0.07489999999999995
0.07431999999999998
0.07581999999999998
0.07689999999999998
0.07745999999999997
0.07501999999999998
0.07621999999999997
0.07423999999999997
0.07345999999999997
0.07274
0.07217999999999997
0.07405999999999996
0.07645999999999999
0.07578
0.07749999999999996
0.07781999999999999
0.07732
0.07649999999999996
0.07649999999999997
0.07665999999999996
0.07679999999999995
0.07745999999999997
0.0766
0.07609999999999999
0.07795999999999999
0.08061999999999996
0.07807999999999998
0.08137999999999997
0.08049999999999996
0.07861999999999998
0.07772
0.07649999999999996
0.07482000000000003
0.07553999999999998
0.07659999999999999
0.07665999999999996
0.07605999999999995
0.07465999999999999
0.07353999999999998
0.07269999999999999
0.07333999999999997
0.07405999999999997
0.07537999999999999
0.07655999999999999
0.07689999999999998
0.07955999999999996
0.07881999999999996
0.07803999999999996
0.07854
0.07853999999999997
0.07729999999999998
0.07858
0.08097999999999997
0.07909999999999996
0.07857999999999997
0.07901999999999998
0.07677999999999999
0.07529999999999998
0.07547999999999998
0.0725
0.07189999999999998
0.07245999999999997
0.07467999999999997
0.07626000000000001
0.07633999999999996
0.07511999999999999
0.07485999999999997
0.07499999999999997
0.07549999999999998
0.07573999999999996
0.07474000000000001
0.07273999999999999
0.07342
0.07445999999999996
0.07269999999999997
0.07219999999999997
0.07301999999999997
0.07259999999999996
0.07387999999999999
0.07399999999999997
0.07439999999999997
0.07535999999999998
0.07255999999999997
0.07345999999999998
0.07155999999999997
0.07029999999999996
0.0746
0.07393999999999999
0.07403999999999997
0.07571999999999997
0.07345999999999996
0.07269999999999997
0.07332
0.07303999999999998
0.07425999999999998
0.07483999999999996
0.07291999999999997
0.07433999999999999
0.07565999999999998
0.07615999999999998
0.0774
0.07811999999999998
0.07785999999999998
0.07749999999999997
0.07607999999999997
0.07460000000000003
0.07643999999999998
0.07649999999999997
0.07508000000000001
0.07582000000000001
0.07451999999999998
0.07379999999999998
0.07341999999999997
0.07433999999999996
0.07499999999999998
0.07551999999999996
0.07549999999999997
0.07492
0.07479999999999996
0.07421999999999998
0.07440000000000001
0.07365999999999999
0.07385999999999998
0.07436
0.07445999999999997
0.07473999999999999
0.07275999999999998
0.07551999999999999
0.07401999999999997
0.07497999999999996
0.07607999999999997
0.07437999999999997
0.07563999999999997
0.07513999999999996
0.07526000000000001
0.07543999999999997
0.07576000000000002
0.07544
0.07151999999999999
0.07365999999999996
0.07368000000000001
0.07447999999999999
0.07258
0.07207999999999998
0.07235999999999997
0.07157999999999998
0.07153999999999998
0.07167999999999998
0.07219999999999999
0.07325999999999999
0.07259999999999997
0.07289999999999998
0.07441999999999996
0.07434000000000002
0.07389999999999998
0.07298000000000002
0.07173999999999996
0.07363999999999998
0.07345999999999997
0.07559999999999999
0.07455999999999997
0.07321999999999998
0.07501999999999998
0.07431999999999998
0.07605999999999997
0.07469999999999997
0.07536000000000001
0.07349999999999998
0.07267999999999991
0.07221999999999999
0.07215999999999999
0.07373999999999997
0.07429999999999995
0.07437999999999997
0.07387999999999999
0.07221999999999998
0.07231999999999997
0.07299999999999997
0.07107999999999999
0.07333999999999997
0.07103999999999996
0.07453999999999997
0.07358
0.07463999999999996
0.07381999999999996
0.07113999999999997
0.07277999999999996
0.07389999999999995
0.07501999999999998
0.07613999999999999
0.07432
0.07651999999999998
0.07667999999999998
0.07887999999999998
0.07709999999999997
0.07875999999999997
0.07754000000000001
0.07681999999999999
0.07463999999999997
0.07517999999999997
0.07539999999999997
0.07471999999999998
0.07541999999999996
0.07491999999999999
0.07549999999999998
0.07699999999999996
0.07437999999999997
0.07405999999999997
0.07527999999999999
0.07890000000000001
0.07763999999999996
0.07669999999999998
0.07721999999999998
0.07869999999999995
0.07799999999999996
0.08012000000000001
0.07823999999999999
0.07687999999999995
0.07735999999999997
0.07615999999999998
0.07469999999999997
0.07581999999999996
0.07403999999999994
0.07522
0.07594
0.07547999999999999
0.07612000000000001
0.07659999999999997
0.07607999999999997
0.07551999999999998
0.07339999999999998
0.07353999999999995
0.07319999999999999
0.07283999999999996
0.07313999999999997
0.07314
0.07451999999999998
0.07313999999999998
0.07471999999999997
0.07523999999999997
0.07461999999999996
0.07574
0.07463999999999997
0.07327999999999998
0.07561999999999999
0.07403999999999997
0.07433999999999999
0.07563999999999999
0.07627999999999995
0.07661999999999997
0.07544000000000001
0.07463999999999998
0.076
0.07597999999999995
0.07737999999999999
0.07817999999999997
0.07857999999999998
0.07742
0.07902
0.07636
0.07623999999999999
0.07933999999999997
0.07955999999999998
0.08043999999999998
0.08036
0.07931999999999997
0.07840000000000001
0.07763999999999997
0.07738000000000002
0.07608000000000001
0.07671999999999995
0.07707999999999998
0.07575999999999997
0.07574
0.07447999999999999
0.07545999999999997
0.07523999999999999
0.07723999999999996
0.07885999999999999
0.07867999999999997
0.07813999999999997
0.07673999999999999
0.07677999999999996
0.07896
0.07887999999999999
0.08021999999999999
0.07996
0.08075999999999998
0.07895999999999996
0.07866000000000001
0.07697999999999997
0.07612
0.07653999999999997
0.07621999999999995
0.07578
0.07481999999999996
0.07613999999999999
0.07691999999999999
0.07556
0.0763
0.07703999999999998
0.07747999999999998
0.07502
0.07511999999999999
0.07569999999999999
0.07566
0.07573999999999997
0.07654
0.07495999999999998
0.07543999999999995
0.07485999999999998
0.07623999999999996
0.07653999999999997
0.07823999999999996
0.07767999999999999
0.07913999999999999
0.07645999999999999
0.07589999999999997
0.07765999999999999
0.07569999999999996
0.07691999999999999
0.07601999999999998
0.07590000000000002
0.07563999999999997
0.07691999999999999
0.07621999999999998
0.0785
0.07676000000000002
0.07735999999999996
0.07669999999999998
0.07674000000000002
0.07457999999999997
0.0747
0.07521999999999998
0.07471999999999997
0.07641999999999997
0.07531999999999998
0.07475999999999995
0.07577999999999996
0.07565999999999998
0.07437999999999999
0.07539999999999998
0.07518000000000001
0.07265999999999997
0.07387999999999999
0.07529999999999996
0.07383999999999999
0.07505999999999999
0.07438000000000002
0.07585999999999998
0.07533999999999998
0.07364
0.07107999999999995
0.07227999999999996
0.07395999999999998
0.07548
0.07397999999999999
0.07417999999999995
0.07561999999999998
0.0756
0.07522
0.07436
0.07503999999999998
0.07527999999999996
0.07649999999999996
0.07499999999999998
0.07464
0.07542000000000001
0.07442000000000003
0.07405999999999997
0.07423999999999994
0.07399999999999998
0.07393999999999999
0.07418000000000001
0.07241999999999994
0.07139999999999999
0.07116
0.07215999999999999
0.07175999999999998
0.07278
0.07201999999999999
0.07091999999999998
0.07141999999999998
0.07200000000000001
0.07153999999999998
0.07243999999999999
0.07118
0.07235999999999997
0.07422
0.07461999999999996
0.07497999999999996
0.07622
0.0761
0.07471999999999998
0.07297999999999999
0.07491999999999997
0.07413999999999998
0.07223999999999996
0.07183999999999999
0.07393999999999998
0.07249999999999997
