0.19999999999999962
0.25754000000000005
0.36230000000000007
0.40074000000000004
0.4263399999999999
0.43018
0.43966
0.44006000000000006
0.4388
0.4404000000000001
0.43873999999999996
0.43936
0.4374200000000002
0.43949999999999995
0.4425000000000002
0.43945999999999996
0.43898000000000015
0.4373399999999999
0.43624
0.4347000000000002
0.43636
0.4388
0.4369800000000003
0.4363799999999998
0.43689999999999996
0.43884000000000006
0.4369599999999999
0.4372200000000002
0.4378000000000003
0.4387600000000001
0.43702000000000013
0.43492
0.4389999999999999
0.4369000000000002
0.43872
0.4356799999999999
0.43723999999999996
0.4377199999999999
0.43885999999999986
0.4371000000000001
0.43936000000000014
0.43656
0.4355
0.4366800000000001
0.4305399999999999
0.4385400000000002
0.4370799999999999
0.43842000000000014
0.44008
0.4378
0.43776000000000015
0.44122000000000006
0.4388800000000001
0.43526
0.4413200000000002
0.43838000000000016
0.43366000000000016
0.44032000000000004
0.44142000000000015
0.4355399999999999
0.43803999999999993
0.43862
0.4358600000000002
0.44118
0.43662000000000006
0.44158000000000014
0.4434999999999998
0.44222000000000017
0.43896000000000013
0.4403000000000001
0.43776000000000004
0.4371800000000001
0.43784000000000006
0.44000000000000006
0.4404199999999999
0.44377999999999995
0.4365599999999999
0.4404200000000001
0.4395600000000002
0.4360799999999999
0.4369799999999999
0.4368400000000002
0.43967999999999974
0.4418399999999999
0.43493999999999977
0.43881999999999993
0.43709999999999993
0.4373
0.43862000000000007
0.4385799999999999
0.43587999999999993
0.43502
0.4371400000000001
0.43457999999999986
0.4418200000000001
0.4389200000000002
0.4364799999999998
0.43916
0.43976
0.43895999999999985
0.43512
0.43488000000000016
0.44024
0.4376600000000002
0.43889999999999996
0.44132000000000027
0.43716
0.43643999999999983
0.43578000000000006
0.43635999999999986
0.44038
0.4386199999999999
0.43868000000000007
0.44332
0.44026000000000004
0.43476
0.4378800000000001
0.4381799999999999
0.4366200000000001
0.4399799999999998
0.43556000000000017
0.4402799999999999
0.44154000000000004
0.4397
0.44060000000000005
0.44016000000000005
0.44032000000000004
0.43852
0.4375400000000001
0.4378199999999999
0.43798000000000004
0.44276
0.43829999999999986
0.43506000000000017
0.4388999999999998
0.43823999999999996
0.4413799999999999
0.43812000000000006
0.4365199999999998
0.43645999999999996
0.44301999999999997
0.4383199999999999
0.43968
0.43393999999999994
0.43806000000000017
0.43814000000000014
0.43676000000000015
0.4354600000000001
0.43615999999999977
0.4386399999999999
0.43752
0.43716
0.4391800000000002
0.4383000000000001
0.4365
0.43517999999999984
0.4368400000000002
0.43833999999999984
0.44132
0.4395600000000001
0.44186000000000014
0.43813999999999986
0.4394199999999999
0.43749999999999994
0.4372399999999999
0.44067999999999985
0.4380599999999999
0.43734
0.43684000000000006
0.44066000000000016
0.43760000000000004
0.4380399999999999
0.4379200000000003
0.43610000000000004
0.44000000000000017
0.44123999999999985
0.4380999999999999
0.4378200000000001
0.43526
0.43872
0.4346800000000001
0.4360600000000002
0.43732000000000015
0.4380600000000001
0.44005999999999984
0.4394199999999999
0.43596000000000024
0.43739999999999996
0.43532
0.4393200000000001
0.44094000000000017
0.43601999999999996
0.4356400000000001
0.43581999999999993
0.43954000000000015
0.4381600000000001
0.4364400000000002
0.4391799999999997
0.43744000000000016
0.4369999999999999
0.43640000000000023
0.44034000000000034
0.43704
0.4391599999999999
0.4431200000000001
0.43854000000000004
0.43718
0.44128
0.4344999999999999
0.4415400000000001
0.43962
0.44201999999999986
0.4383600000000001
0.4389600000000001
0.43995999999999996
0.43920000000000003
0.44237999999999983
0.44272
0.44287999999999994
0.43754000000000004
0.43714000000000014
0.43632000000000004
0.44017999999999996
0.43852
0.4365600000000001
0.44192000000000015
0.43792000000000003
0.4317799999999999
0.43758
0.43838
0.43536000000000014
0.4375200000000001
0.4357999999999999
0.4386800000000002
0.4330800000000002
0.4379600000000002
0.44073999999999974
0.44286000000000003
0.44016000000000005
0.43943999999999994
0.44132000000000005
0.43832
0.4406399999999997
0.43558
0.4375200000000001
0.4404400000000003
0.44000000000000006
0.43894000000000005
0.4439200000000001
0.43776000000000026
0.4389000000000003
0.4357599999999999
0.4381200000000002
0.4389600000000001
0.43884000000000023
0.43485999999999997
0.43786000000000025
0.43847999999999987
0.4371000000000001
0.43492
0.43528000000000006
0.4370599999999999
0.4385800000000002
0.43818000000000007
0.44028
0.44032000000000004
0.4405600000000002
0.43672000000000016
0.43897999999999987
0.43784
0.43573999999999996
0.43222
0.43969999999999987
0.4404799999999999
0.4381600000000002
0.43831999999999993
0.43904000000000015
0.4382200000000001
0.4405199999999999
0.43600000000000017
0.4356000000000001
0.4342600000000001
0.4384999999999999
0.43733999999999995
0.4412599999999998
0.44254000000000027
0.44258000000000003
0.4397599999999999
0.4366600000000001
0.43824000000000013
0.4384600000000001
0.43772
0.43920000000000003
0.44066000000000005
0.4363800000000001
0.44123999999999985
0.43889999999999996
0.44026000000000004
0.43684000000000006
0.43914000000000014
0.43804000000000004
0.44020000000000026
0.4356800000000001
0.43652
0.4358000000000001
0.43682000000000015
0.43862000000000007
0.43965999999999994
0.4389000000000001
0.4358400000000002
0.44178000000000006
0.43866
0.44100000000000017
0.4424800000000002
0.4392399999999999
0.43856
0.44126
0.4426
0.43954000000000015
0.4357600000000002
0.43436
0.43776000000000004
0.44032000000000027
0.4425999999999999
0.43588
0.43762000000000023
0.4395000000000001
0.44342
0.4429800000000001
0.44212000000000024
0.4393999999999999
0.44014000000000003
0.44011999999999996
0.43686
0.43790000000000007
0.43778000000000006
0.43776000000000026
0.43328000000000005
0.43442000000000014
0.4366000000000001
0.43416000000000005
0.4395
0.43680000000000013
0.43964000000000014
0.43746000000000007
0.43652
0.4385399999999999
0.4417400000000001
0.4432400000000001
0.4380599999999999
0.4390800000000001
0.4391600000000003
0.4401400000000001
0.4374400000000002
0.4384600000000001
0.4353800000000004
0.4396799999999999
0.4399800000000002
0.4392400000000002
0.43780000000000024
0.4380200000000003
0.4372999999999999
0.43998000000000004
0.4417000000000002
0.4433200000000001
0.4394200000000001
0.4362399999999999
0.4369400000000001
0.4351999999999998
0.4407800000000001
0.4404600000000001
0.4422
0.4374199999999998
0.44029999999999986
0.43805999999999995
0.4372800000000001
0.4374400000000002
0.4444000000000002
0.4441799999999999
0.44739999999999974
0.43920000000000003
0.43342000000000014
0.43587999999999993
0.43644000000000005
0.4337400000000002
0.4355600000000001
0.43845999999999996
0.4379799999999999
0.4399200000000001
0.4393199999999998
0.43726000000000004
0.44061999999999996
0.44090000000000024
0.4428200000000001
0.43756
0.44092000000000026
0.4417399999999998
0.43882000000000027
0.4365600000000001
0.4395
0.4372599999999999
0.43396
0.43667999999999985
0.4412800000000001
0.4405800000000002
0.43859999999999993
0.44103999999999993
0.44238000000000016
0.43846
0.43902
0.43737999999999994
0.4390200000000001
0.43852000000000024
0.4367199999999999
0.43126000000000014
0.43457999999999974
0.43341999999999997
0.4347200000000001
0.43950000000000017
0.44043999999999994
0.43382
0.43828
0.43676000000000004
0.4371
0.43762
0.43956
0.44146000000000013
0.43626000000000004
0.43677999999999995
0.44006000000000006
0.43794000000000016
0.4405800000000002
0.43710000000000016
0.4374600000000004
0.43385999999999997
0.43620000000000014
0.43862
0.44188000000000005
0.44122000000000017
0.43599999999999994
0.4354
0.4340800000000001
0.43484
0.4366600000000001
0.4396
0.43698
0.44311999999999985
0.44025999999999976
0.43772
0.4397
0.43878000000000017
0.439
0.4381199999999999
0.43884000000000006
0.44007999999999986
0.43707999999999986
0.43808000000000014
0.4402400000000003
0.4380800000000002
0.43906
0.4372
0.4344600000000001
0.43782000000000015
0.4393400000000002
0.43762000000000023
0.4416000000000001
0.43766
0.4374
0.4366800000000001
0.4415200000000001
0.4372999999999999
0.4363600000000001
0.43684000000000006
0.43638000000000027
0.43498
0.43835999999999986
0.4395400000000004
0.43596
0.4376400000000001
0.43905999999999984
0.43883999999999995
0.43901999999999985
0.43969999999999987
0.44143999999999983
0.4388600000000002
0.4400200000000002
0.4385199999999999
0.43717999999999996
0.4429400000000003
0.43804000000000004
0.4418199999999999
0.4387399999999999
0.43924
0.43916000000000033
0.4394200000000001
0.4404600000000001
0.4362400000000003
0.43843999999999994
0.4406000000000001
0.4360400000000002
0.4369599999999999
0.4419800000000002
0.44044000000000033
0.4398199999999997
0.44026000000000004
0.43598000000000015
0.44142000000000026
0.4345599999999999
0.44126
0.4404000000000003
0.44002000000000024
0.4379600000000001
0.4393399999999999
0.43898
0.43548000000000026
0.43594
0.43731999999999993
0.44369999999999993
0.43724
0.43868000000000007
0.43928000000000017
0.4371799999999999
0.43457999999999997
0.43635999999999997
0.43613999999999997
0.44108000000000014
0.44238000000000016
0.4416200000000001
0.44116000000000016
0.43724000000000013
0.43882000000000004
0.43609999999999993
0.43676000000000015
0.43859999999999993
0.43571999999999994
0.4377400000000001
0.44249999999999984
0.4398199999999999
0.4439000000000001
0.44080000000000025
0.4406800000000001
0.4404599999999999
0.4383600000000001
0.4393200000000001
0.44158000000000003
0.43970000000000015
0.43972
0.4383000000000001
0.4384399999999999
0.4393399999999998
0.44230000000000025
0.44112000000000007
0.44026000000000004
0.43715999999999994
0.4367600000000001
0.43706000000000034
0.43569999999999987
0.43628000000000006
0.4346600000000001
0.4377600000000001
0.43717999999999996
0.43744
0.43844
0.44050000000000006
0.4403999999999998
0.43634
0.43755999999999995
0.43866000000000005
0.4424800000000002
0.4410799999999999
0.44030000000000014
0.4381800000000001
0.4379799999999999
0.43927999999999995
0.43910000000000016
0.43858
0.43834000000000023
0.4393800000000001
0.4402199999999999
0.4384399999999999
0.43288000000000015
0.43513999999999997
0.43844
0.43829999999999986
0.44162
0.43510000000000026
0.43775999999999976
0.43957999999999997
0.4392600000000002
0.4350799999999999
0.4355200000000001
0.43506000000000017
0.43942
0.43644
0.44140000000000007
0.43978000000000006
0.43890000000000007
0.43872
0.43886
0.4402
0.4427600000000001
0.43990000000000007
0.43887999999999994
0.43964
0.44276
0.44098000000000004
0.4365800000000001
0.43598000000000003
0.43724
0.43778000000000006
0.43457999999999997
0.4368400000000002
0.4363199999999998
0.4353999999999999
0.43750000000000006
0.4391200000000002
0.43809999999999993
0.4384400000000003
0.439
0.43888000000000005
0.4407
0.43834
0.43888
0.4381400000000001
0.43906000000000034
0.4376800000000001
0.43974000000000024
0.4361
0.4363800000000001
0.4341
0.4355200000000002
0.4348
0.4337199999999999
0.4360600000000001
0.43662
0.43638000000000005
0.43727999999999995
0.43622000000000005
0.43798000000000015
0.43353999999999987
0.43640000000000007
0.44170000000000004
0.4381599999999998
0.4385600000000003
0.4363800000000001
0.4363600000000002
0.43706
0.44148000000000026
0.43448
0.4361399999999999
0.4347000000000002
0.43934000000000006
0.4346
0.43694000000000005
0.43261999999999984
0.43716
0.43757999999999986
0.43837999999999977
0.43589999999999995
0.4364800000000001
0.4382800000000001
0.4403399999999999
0.4355600000000001
0.4381000000000001
0.43966
0.44171999999999983
0.43560000000000004
0.43300000000000005
0.43706000000000017
0.4391600000000001
0.4389599999999998
0.4380800000000003
0.44224
0.4374000000000002
0.4373
0.4396999999999999
0.4405199999999999
0.4350200000000001
0.4351800000000003
0.43656
0.4398599999999999
0.43785999999999986
0.44108000000000025
0.4403000000000001
0.4404399999999999
0.44094
0.43887999999999994
0.43732000000000004
0.43760000000000004
0.43868000000000007
0.43922000000000005
0.44220000000000026
0.43620000000000003
0.4390800000000001
0.4390399999999999
0.43765999999999994
0.4394999999999997
0.44197999999999993
0.43986000000000003
0.43898
0.43858
0.43882000000000004
0.43760000000000004
0.4423
0.44238
0.43718
0.43920000000000015
0.43848000000000004
0.4385600000000002
0.4397400000000002
0.44
0.44026000000000004
0.44083999999999995
0.4391999999999999
0.4388000000000001
0.4414200000000001
0.4438600000000003
0.43908000000000025
0.44476000000000027
0.43548000000000014
0.4389000000000001
0.43931999999999993
0.44076000000000015
0.4351800000000001
0.4417800000000001
0.4399200000000001
0.4376599999999998
0.43616
0.43704
0.43593999999999994
0.43606
0.43626000000000026
0.43660000000000004
0.44118000000000007
0.44095999999999974
0.4414999999999999
0.44298000000000015
0.4391799999999999
0.4399200000000002
0.44144000000000005
0.4396800000000001
0.4395800000000002
0.4419600000000001
0.44068000000000007
0.44324000000000013
0.44100000000000006
0.4418600000000001
0.43920000000000003
0.43702000000000013
0.43892
0.4358400000000002
0.4374000000000002
0.44057999999999997
0.43368
0.4411400000000001
0.43984
0.4382200000000001
0.44452
0.44033999999999984
0.44095999999999996
0.43764000000000003
0.4372600000000002
0.44006000000000006
0.4381000000000003
0.43752
0.4390000000000002
0.4367400000000001
0.43901999999999997
0.44105999999999995
0.43934000000000006
0.4413400000000001
0.4426
0.43677999999999995
0.43892000000000003
0.43694000000000005
0.43598
0.4346200000000002
0.4372799999999998
0.44210000000000027
0.4416000000000001
0.44648
0.43782000000000026
0.4385800000000002
0.43952000000000013
0.43516000000000005
0.43779999999999997
0.43732000000000015
0.4359399999999999
0.43758
0.4376800000000003
0.4414000000000001
0.43836000000000014
0.4395000000000001
0.43594000000000044
0.4401400000000001
0.44208000000000003
0.43794000000000005
0.43898
0.44024
0.4402200000000001
0.43712
0.4394199999999998
0.44126000000000004
0.44026000000000004
0.4404999999999999
0.43832
0.43749999999999994
0.4365200000000001
0.4392399999999997
0.43672000000000016
0.4403
0.43767999999999996
0.43936
0.43756000000000006
0.44112000000000007
0.43638000000000005
0.4367000000000001
0.43854000000000004
0.43802
0.4375200000000001
0.43990000000000007
0.43539999999999984
0.43670000000000003
0.43732
0.43686000000000036
0.43567999999999996
0.43872
0.4308800000000004
0.4346
0.4337599999999999
0.44060000000000005
0.44039999999999985
0.43616000000000016
0.4397799999999998
0.43766000000000005
0.4378800000000001
0.4365400000000001
0.43505999999999995
0.4362599999999999
0.4337000000000002
0.43575999999999987
0.43785999999999986
0.4369600000000001
0.4346400000000002
0.44120000000000004
0.43628
0.4379000000000001
0.44088
0.4368400000000003
0.43844000000000016
0.43798000000000004
0.4393800000000002
0.43849999999999995
0.43926000000000015
0.43764000000000003
0.4369200000000001
0.43766000000000005
0.43532
0.43970000000000004
0.4393
0.43703999999999993
0.4333399999999999
0.43551999999999985
0.43822000000000016
0.4389200000000003
0.4351000000000002
0.4381399999999999
0.4374200000000002
0.4414000000000003
0.4405800000000001
0.4380599999999999
0.4371200000000001
0.43614
0.43758000000000025
0.4353199999999997
0.43542000000000003
0.4390400000000001
0.4407
0.43772000000000033
0.4365800000000001
0.43756000000000017
0.4377800000000001
0.4401000000000002
0.44173999999999985
0.43920000000000026
0.4366600000000001
0.43936
0.44158000000000014
0.43592000000000014
0.4396999999999999
0.43736000000000014
0.4382200000000001
0.43817999999999996
0.43852000000000013
0.43651999999999985
0.44081999999999993
0.44065999999999994
0.44022000000000006
0.43860000000000016
0.43461999999999995
0.43587999999999993
0.43886000000000003
0.4379599999999998
0.43636
0.4376
0.43538000000000016
0.43901999999999985
0.43970000000000015
0.4387200000000002
0.4367600000000001
0.4386800000000003
0.43820000000000014
0.4387200000000002
0.43660000000000004
0.4362
0.4369799999999999
0.43778
0.43989999999999996
0.43970000000000004
0.43862000000000007
0.4367599999999999
0.4381000000000001
0.43921999999999994
0.4403200000000001
0.4403999999999999
0.43958000000000014
0.43914000000000003
0.43776
0.4379800000000001
0.43656000000000006
0.4396200000000001
0.44190000000000024
0.43888
0.43966
0.4381400000000001
0.4358800000000001
0.4388799999999998
0.43852
0.4414600000000001
0.44199999999999995
0.4427000000000001
0.4371399999999999
0.43651999999999985
0.43896
0.4418400000000002
0.4408000000000001
0.4394800000000002
0.43961999999999996
0.43895999999999985
0.4395800000000002
0.44040000000000007
0.43732000000000004
0.43994000000000016
0.4402000000000001
0.4416200000000002
0.43950000000000017
0.4372000000000002
0.43488000000000027
0.4377000000000002
0.43641999999999986
0.4357000000000002
0.4310400000000001
0.4379000000000001
0.4408599999999999
0.4358799999999998
0.439
0.44032
0.43812000000000006
0.43317999999999995
0.4387000000000002
0.43550000000000005
0.43822000000000005
0.43642000000000003
0.44120000000000004
0.43509999999999993
0.4387000000000001
0.43432000000000015
0.43532
0.4388600000000001
0.43329999999999996
0.4403200000000001
0.44001999999999997
0.4392000000000001
0.4408599999999999
0.43358000000000013
0.4389800000000003
0.4441600000000001
0.4415
0.4344800000000001
0.43986000000000014
0.4362200000000002
0.43954
0.43772
0.43720000000000003
0.44545999999999997
0.44140000000000007
0.4403000000000001
0.4438200000000001
0.4397200000000002
0.4380800000000001
