0.19999999999999962
0.24515999999999993
0.3331599999999999
0.3715600000000001
0.3928600000000002
0.4014800000000002
0.4096599999999999
0.4073000000000001
0.4068800000000001
0.40911999999999993
0.40434
0.40522000000000014
0.40690000000000004
0.4071799999999999
0.4060799999999999
0.40784
0.41102000000000005
0.41230000000000006
0.4145400000000001
0.41272000000000014
0.40956000000000015
0.40753999999999996
0.4124200000000002
0.41092
0.40941999999999984
0.4084599999999999
0.40732000000000035
0.40884
0.4092800000000001
0.41259999999999974
0.40972000000000003
0.4104
0.41069999999999973
0.40926
0.4086799999999999
0.4035199999999999
0.40906000000000003
0.40732
0.41157999999999995
0.40462000000000026
0.4088999999999999
0.40576000000000007
0.40843999999999986
0.40881999999999996
0.40722000000000014
0.40679999999999994
0.40644000000000036
0.40484000000000026
0.40556000000000014
0.4064800000000002
0.40814
0.4106600000000001
0.4097
0.40802000000000005
0.40656
0.4110600000000001
0.40730000000000005
0.4117400000000002
0.4108600000000001
0.40689999999999993
0.4081
0.40575999999999984
0.40886000000000017
0.41076000000000007
0.4059200000000001
0.40730000000000005
0.40696
0.40684000000000003
0.40635999999999994
0.40456000000000003
0.4103400000000002
0.40918
0.4126399999999999
0.40785999999999994
0.40759999999999974
0.4069199999999998
0.40768
0.4086599999999999
0.4085000000000001
0.40959999999999996
0.40670000000000006
0.40759999999999996
0.40868000000000015
0.40826
0.4109600000000001
0.40794000000000014
0.4072200000000001
0.40996000000000005
0.41025999999999996
0.41222000000000014
0.4073399999999999
0.4058400000000005
0.40731999999999985
0.41058
0.40539999999999976
0.40815999999999997
0.4051600000000001
0.40604000000000007
0.40807999999999994
0.40997999999999996
0.40534
0.4056199999999999
0.4051199999999999
0.4090400000000001
0.40759999999999974
0.41145999999999994
0.4108800000000001
0.40947999999999996
0.4088599999999999
0.4108400000000001
0.4108200000000001
0.41291999999999973
0.4061400000000001
0.4087799999999999
0.4123000000000001
0.4117600000000002
0.4117599999999998
0.4076200000000002
0.4068999999999998
0.40888000000000013
0.40636000000000005
0.40789999999999993
0.4065399999999999
0.41018
0.4121200000000001
0.40711999999999987
0.4100200000000001
0.4147400000000003
0.41284
0.41064000000000006
0.4121
0.40936
0.40898
0.40788
0.41028000000000003
0.4107599999999998
0.4085000000000001
0.40938
0.4053200000000001
0.40386000000000016
0.4057999999999998
0.40754000000000007
0.40906
0.4097199999999998
0.4065
0.4087400000000001
0.41128
0.4081
0.41112000000000015
0.40738000000000013
0.4126000000000001
0.40719999999999984
0.41067999999999993
0.4066400000000001
0.41006
0.40809999999999996
0.4062800000000001
0.40572
0.40553999999999996
0.4083000000000001
0.4087200000000001
0.4088200000000001
0.40510000000000007
0.4103400000000002
0.40950000000000003
0.4118
0.4104199999999999
0.40643999999999997
0.4089400000000001
0.4082000000000001
0.41061999999999993
0.41042
0.41083999999999987
0.4066800000000002
0.4100599999999999
0.41068000000000005
0.4106400000000001
0.41286
0.41268
0.4081800000000002
0.4084800000000001
0.4052600000000002
0.4084800000000001
0.40897999999999995
0.40844
0.4104999999999999
0.40966
0.40838000000000013
0.40885999999999995
0.4087800000000001
0.40780000000000016
0.4062400000000001
0.40697999999999995
0.40940000000000004
0.40556000000000003
0.40619999999999995
0.40832
0.40814000000000017
0.4086600000000001
0.4094400000000002
0.4120199999999999
0.4078199999999999
0.40777999999999986
0.4096199999999999
0.4088399999999999
0.40848000000000007
0.41015999999999997
0.41210000000000024
0.41166000000000014
0.40825999999999996
0.41068
0.40748000000000006
0.40854000000000007
0.4057999999999998
0.4094
0.4058199999999998
0.4093600000000003
0.40866
0.40596000000000004
0.40747999999999984
0.40936000000000006
0.41101999999999983
0.40669999999999995
0.41016000000000014
0.4087599999999999
0.4124000000000001
0.4119000000000001
0.4091999999999998
0.40982000000000013
0.40706000000000003
0.4075000000000001
0.4089400000000001
0.4055
0.4084000000000001
0.4086600000000001
0.4079799999999999
0.41106000000000004
0.4096600000000001
0.41049999999999975
0.41162000000000004
0.4065399999999999
0.40902
0.40775999999999984
0.4087400000000001
0.4079199999999998
0.40789999999999993
0.40904
0.4092199999999998
0.40808
0.4094400000000001
0.4117199999999999
0.41328000000000004
0.4112200000000001
0.4099000000000001
0.40879999999999994
0.4065000000000001
0.4113600000000001
0.4100799999999999
0.40936000000000017
0.40924000000000005
0.40787999999999996
0.4059200000000001
0.4060600000000001
0.4080599999999999
0.41100000000000003
0.41062000000000004
0.407
0.4106000000000001
0.4094000000000002
0.4126800000000001
0.40956000000000004
0.41137999999999997
0.40812000000000004
0.40544
0.40792000000000017
0.4084599999999999
0.41078000000000015
0.41028
0.4088200000000001
0.4076800000000001
0.4086
0.40542
0.40578000000000003
0.40785999999999994
0.40952
0.40854000000000007
0.4066999999999998
0.40727999999999986
0.4107000000000001
0.4099399999999999
0.4065000000000001
0.40806000000000026
0.4103199999999998
0.40708000000000005
0.40922000000000014
0.41008000000000017
0.4067600000000002
0.40785999999999994
0.40776
0.40802000000000005
0.41096
0.40879999999999994
0.4094599999999998
0.41014
0.40874000000000005
0.40698
0.40892000000000034
0.4111
0.40708
0.4065799999999999
0.40831999999999996
0.4124399999999999
0.4121000000000003
0.4113000000000001
0.41181999999999996
0.406
0.4052799999999999
0.40746000000000004
0.4097600000000001
0.4060199999999999
0.40682000000000007
0.40553999999999996
0.40569999999999995
0.4052999999999999
0.40982
0.4076199999999999
0.40873999999999994
0.4096999999999999
0.4093000000000002
0.40605999999999987
0.40918000000000004
0.406
0.40399999999999997
0.40512
0.4079599999999999
0.40524000000000016
0.4046200000000001
0.40738000000000013
0.40747999999999995
0.40695999999999993
0.4073800000000001
0.40728000000000014
0.40978000000000003
0.40818000000000004
0.4048800000000001
0.4074400000000001
0.4075400000000001
0.4080800000000002
0.4084
0.4076400000000002
0.40614000000000006
0.40486
0.4053000000000001
0.40651999999999994
0.4109199999999998
0.4087600000000002
0.4100600000000001
0.4136200000000003
0.4135199999999999
0.40910000000000013
0.40698000000000023
0.40593999999999997
0.4073599999999998
0.40686
0.40534000000000003
0.4067000000000002
0.4069400000000002
0.40556000000000003
0.4079199999999999
0.40858000000000017
0.407
0.4112200000000001
0.40275999999999995
0.40485999999999983
0.40825999999999996
0.4086599999999999
0.4078799999999999
0.41241999999999995
0.40829999999999983
0.4114399999999999
0.41036000000000017
0.4081
0.4073799999999998
0.40736000000000006
0.4076399999999999
0.40939999999999993
0.40663999999999995
0.40858000000000017
0.4089399999999999
0.41028000000000003
0.41026
0.41278000000000015
0.4058
0.4060999999999998
0.4092600000000002
0.40748000000000034
0.4078799999999999
0.4115400000000002
0.41104000000000007
0.4057199999999998
0.4115800000000002
0.40764
0.40823999999999994
0.40956000000000004
0.40932
0.40970000000000006
0.4097399999999999
0.4128599999999999
0.4087400000000001
0.40856000000000026
0.4112000000000002
0.40940000000000026
0.40720000000000006
0.40735999999999994
0.4071600000000001
0.4098600000000003
0.40395999999999993
0.4066599999999999
0.4093800000000001
0.4145
0.40937999999999986
0.41106000000000004
0.40838
0.4068200000000002
0.40560000000000007
0.4083999999999999
0.4085799999999999
0.41070000000000007
0.41237999999999997
0.4106200000000003
0.41093999999999986
0.4080600000000002
0.40645999999999993
0.40906000000000003
0.40754000000000007
0.41191999999999973
0.4085200000000001
0.40894000000000014
0.4089200000000001
0.40382000000000007
0.4088799999999999
0.40800000000000014
0.4075600000000002
0.41146000000000016
0.40577999999999986
0.40509999999999996
0.41044000000000014
0.41281999999999996
0.41014
0.41408000000000006
0.41322000000000025
0.41384
0.4113200000000001
0.40790000000000015
0.41108000000000006
0.4096799999999998
0.4079
0.40725999999999984
0.40569999999999995
0.4073199999999999
0.41142
0.40868000000000015
0.40825999999999996
0.40671999999999997
0.40302000000000016
0.40876000000000007
0.4102400000000002
0.4105399999999999
0.4068
0.4113800000000002
0.4109200000000001
0.41137999999999997
0.41239999999999993
0.40798000000000006
0.4118600000000001
0.40745999999999993
0.4040199999999998
0.4056600000000002
0.40452000000000005
0.41031999999999996
0.4073
0.4085200000000001
0.41024000000000016
0.41052
0.40782
0.40866000000000013
0.4081200000000002
0.4107200000000001
0.4072799999999999
0.40765999999999997
0.4081000000000002
0.41769999999999996
0.41150000000000014
0.4128600000000002
0.4068799999999999
0.40759999999999996
0.41061999999999993
0.4074400000000001
0.4120999999999999
0.40932
0.41007999999999983
0.41494000000000014
0.41142000000000023
0.40698000000000023
0.40802000000000005
0.4086000000000003
0.4080600000000001
0.40814000000000017
0.41102000000000016
0.40676
0.4095599999999998
0.4055
0.4048
0.3998800000000001
0.40480000000000016
0.40926000000000007
0.4107000000000001
0.40797999999999995
0.4053399999999999
0.4099400000000001
0.4077400000000001
0.41002000000000033
0.40946000000000005
0.40765999999999997
0.40668
0.40682000000000007
0.4051999999999999
0.4080800000000002
0.40466000000000013
0.4088800000000001
0.4097799999999999
0.40900000000000003
0.4084
0.40695999999999993
0.40594
0.40724
0.41074
0.4101400000000001
0.4089000000000001
0.4064799999999999
0.40842000000000006
0.4048399999999999
0.4073600000000001
0.4065200000000001
0.40340000000000026
0.4055200000000002
0.40774
0.4087199999999999
0.40956
0.40964
0.40832
0.4073200000000001
0.40834000000000004
0.40918000000000027
0.40968000000000016
0.40778
0.4135600000000001
0.41144000000000003
0.4136000000000001
0.41255999999999987
0.41002000000000005
0.4110399999999998
0.40924000000000005
0.40867999999999993
0.40688
0.4096200000000001
0.40682000000000007
0.40693999999999997
0.40824000000000005
0.40832000000000024
0.4114199999999999
0.4091600000000002
0.40876000000000007
0.40634
0.40442000000000006
0.4061800000000001
0.4077999999999997
0.4052800000000001
0.4052400000000001
0.4046399999999999
0.41061999999999993
0.40643999999999986
0.40613999999999995
0.4068
0.41176
0.4066599999999999
0.4069
0.40838
0.40926000000000007
0.41164
0.4075799999999999
0.40981999999999985
0.41034
0.4128799999999999
0.41062000000000004
0.4064199999999999
0.4046400000000001
0.40641999999999995
0.4056200000000001
0.40641999999999995
0.40800000000000014
0.41216000000000014
0.4077600000000001
0.40749999999999986
0.4080200000000002
0.4122599999999999
0.4097400000000001
0.4121999999999999
0.40643999999999997
0.4039400000000002
0.40702000000000005
0.4123599999999999
0.4108400000000001
0.40880000000000005
0.4071600000000001
0.41076
0.40804
0.40743999999999986
0.40932000000000024
0.40863999999999984
0.4110599999999999
0.40912000000000004
0.40672000000000014
0.40974000000000016
0.40778
0.40852000000000016
0.40897999999999995
0.41108000000000006
0.41319999999999985
0.41024
0.4068400000000001
0.4084799999999999
0.40725999999999984
0.40826000000000023
0.4088999999999999
0.40556000000000025
0.40903999999999996
0.40852000000000005
0.4115599999999999
0.40603999999999973
0.4083
0.4124400000000001
0.4088400000000001
0.41132000000000013
0.40720000000000006
0.4107399999999999
0.4068000000000002
0.41180000000000017
0.41425999999999985
0.4075999999999999
0.40842
0.40918
0.41119999999999984
0.41098
0.41096000000000005
0.41077999999999987
0.40879999999999994
0.4070800000000001
0.4097000000000001
0.40767999999999993
0.40775999999999996
0.40582
0.40456
0.40542
0.40331999999999985
0.40554
0.4056
0.40598
0.4118800000000001
0.40878
0.4073
0.40652
0.40346
0.40870000000000006
0.40662000000000015
0.41209999999999986
0.4073399999999999
0.4097200000000001
0.4046600000000001
0.4106800000000001
0.4090199999999999
0.41178
0.4122600000000002
0.4117800000000002
0.40988
0.40486000000000016
0.40742000000000006
0.4051400000000001
0.40978000000000003
0.40991999999999995
0.40846
0.40506
0.4081
0.40912000000000015
0.40676000000000007
0.4097399999999999
0.40826000000000023
0.40758000000000016
0.4064799999999999
0.41025999999999996
0.4095000000000002
0.4098599999999999
0.40882000000000007
0.40844
0.40807999999999983
0.40663999999999995
0.40904
0.4083
0.41173999999999983
0.40976000000000007
0.40903999999999996
0.40515999999999985
0.4047200000000001
0.40796000000000004
0.40844
0.40998000000000007
0.4064999999999999
0.4039200000000001
0.40676
0.4086600000000001
0.4095199999999999
0.40848000000000007
0.4075400000000001
0.40986000000000006
0.4083399999999998
0.40914000000000006
0.40753999999999996
0.4091000000000002
0.4069800000000001
0.40786000000000017
0.40874000000000005
0.40796000000000016
0.4090000000000002
0.4055399999999998
0.4085000000000001
0.4093399999999999
0.4092600000000002
0.41023999999999977
0.4112000000000002
0.41196
0.4064400000000001
0.40494
0.4080200000000002
0.41074
0.4130000000000001
0.4136200000000002
0.40918
0.4076800000000002
0.40637999999999985
0.4132
0.40972000000000003
0.40998000000000007
0.4094999999999998
0.41088000000000025
0.40894000000000014
0.4096199999999999
0.41013999999999995
0.40882000000000007
0.41212
0.40981999999999985
0.4119599999999998
0.41156
0.4089999999999999
0.41266000000000014
0.40838
0.4065599999999999
0.40923999999999994
0.4110399999999999
0.40972000000000003
0.4097800000000003
0.4172
0.4104800000000002
0.40593999999999997
0.4050400000000001
0.40887999999999997
0.40944
0.4105600000000002
0.4096200000000001
0.4111200000000001
0.4067199999999999
0.4108600000000002
0.40920000000000006
0.41131999999999985
0.4083000000000002
0.40956000000000004
0.4065799999999999
0.40593999999999997
0.40778000000000014
0.41120000000000007
0.40652000000000027
0.40574000000000005
0.40824
0.4051400000000002
0.40744000000000014
0.4091200000000002
0.40733999999999976
0.4070200000000001
0.40227999999999997
0.40338000000000007
0.4079600000000002
0.4082200000000001
0.4098799999999997
0.4108599999999999
0.4074800000000001
0.41128
0.4095400000000001
0.4109800000000001
0.40536
0.4081600000000002
0.4086
0.40912000000000015
0.4100599999999999
0.4158000000000001
0.41100000000000014
0.40336000000000005
0.41044
0.40862000000000004
0.4077400000000001
0.40850000000000003
0.40534000000000003
0.4094199999999997
0.4091599999999999
0.40757999999999994
0.40508000000000005
0.40806
0.40854000000000007
0.4064999999999999
0.41103999999999985
0.41279999999999994
0.4129400000000003
0.4083599999999998
0.4091799999999999
0.40836
0.4081600000000001
0.4063999999999999
0.40536
0.41212000000000015
0.4111399999999999
0.41361999999999993
0.40943999999999997
0.40769999999999995
0.4070000000000001
0.4108600000000001
0.40714000000000006
0.4115999999999999
0.40953999999999996
0.41000000000000014
0.4134000000000001
0.40844000000000025
0.4077999999999998
0.4100400000000001
0.4056800000000002
0.4073600000000001
0.4107400000000002
0.4096
0.41101999999999994
0.41031999999999996
0.40746000000000004
0.41286000000000006
0.40812
0.40701999999999994
0.40768
0.40739999999999993
0.40864000000000006
0.4043800000000002
0.4063400000000002
0.41063999999999995
0.4076600000000001
0.4083600000000001
0.41224000000000005
0.4088400000000001
0.4108
0.40869999999999984
0.4093200000000002
0.41004000000000007
0.41115999999999997
0.40841999999999984
0.40928000000000003
0.41124000000000005
0.4079199999999998
0.41078
0.41228000000000004
0.40940000000000004
0.4120400000000001
0.4094000000000002
0.40977999999999987
0.41368000000000005
0.41153999999999996
0.4075200000000001
0.4045800000000001
0.40926000000000007
0.40519999999999984
0.4031800000000003
0.4103199999999999
0.40634000000000015
0.4084600000000001
0.4091199999999999
0.4110199999999998
0.4082200000000001
0.40628
0.40748000000000006
0.40514000000000006
0.4052600000000001
0.4092000000000002
0.40889999999999993
0.4086
0.4107400000000001
0.4075600000000001
0.40808
0.4111599999999999
0.4085599999999999
0.4049800000000002
0.41029999999999994
0.4069
0.40976000000000007
0.4082200000000001
0.40924000000000016
0.41126000000000007
0.40756
0.40837999999999985
0.4137200000000002
0.40900000000000014
0.40564
0.4049599999999999
0.4084999999999999
0.41371999999999987
0.4130800000000002
0.40787999999999996
0.40701999999999994
0.40834000000000015
0.4086600000000001
0.41176000000000007
0.40893999999999997
0.40641999999999995
0.40553999999999996
0.40738
0.40864000000000006
0.40519999999999995
0.4068399999999999
0.4068400000000001
0.40804000000000007
0.41119999999999984
0.41157999999999967
0.41134000000000015
0.41038
0.4080000000000002
0.40776000000000023
0.40578000000000003
0.4095199999999999
0.4090200000000001
0.4097
0.40703999999999996
0.4071199999999998
0.4060600000000001
0.40798000000000023
0.40769999999999995
0.4073400000000001
0.4087200000000001
0.4087800000000001
0.4072600000000001
0.40598000000000006
0.4084799999999999
0.40756
0.4127000000000001
0.40915999999999997
0.4069600000000002
0.4100000000000001
0.41178
0.41015999999999997
0.40930000000000005
0.40916
0.4077799999999999
0.40869999999999995
0.4076400000000001
0.41306000000000026
0.40945999999999994
0.41018000000000016
0.4074199999999999
0.40879999999999994
0.41244
0.4103199999999999
0.40771999999999997
0.40794000000000014
0.40941999999999995
0.40592000000000006
0.40385999999999983
0.4098200000000003
0.40588000000000013
0.40796000000000004
0.4106800000000002
0.4078399999999999
0.40956000000000004
0.41006000000000015
0.40828
0.4088000000000001
0.41028
0.4101799999999999
0.4117
0.41120000000000007
0.41172
