0.19999999999999962
0.31792
0.5005999999999999
0.52282
0.5417799999999999
0.53306
0.5403199999999999
0.5408800000000002
0.5439199999999997
0.5419400000000002
0.5410999999999998
0.5429200000000001
0.5420599999999999
0.54106
0.5389999999999998
0.5422799999999999
0.53908
0.5395600000000002
0.5398200000000003
0.54076
0.5385800000000002
0.5365800000000001
0.5443399999999999
0.5388000000000002
0.53586
0.5384200000000002
0.53938
0.5415199999999999
0.5365800000000001
0.5425399999999998
0.5413
0.54178
0.54098
0.53962
0.54356
0.5371799999999997
0.5368999999999999
0.53884
0.5425600000000002
0.5412400000000002
0.5397000000000002
0.5377999999999996
0.5414799999999996
0.5402600000000001
0.54098
0.5422200000000001
0.5431400000000001
0.5395199999999999
0.5413799999999998
0.5414600000000002
0.5340800000000001
0.5342600000000002
0.54244
0.5425999999999997
0.5379999999999999
0.5400799999999998
0.54092
0.5382599999999998
0.5402399999999998
0.5407800000000003
0.5371200000000002
0.5369600000000002
0.5408200000000001
0.5429800000000001
0.5423
0.5402600000000002
0.5400600000000001
0.5423399999999998
0.53756
0.54266
0.5404199999999999
0.53824
0.5378799999999998
0.5372199999999999
0.53832
0.5413800000000001
0.54242
0.5382000000000001
0.5418199999999997
0.5435
0.5408600000000001
0.5388400000000001
0.5411
0.5463999999999999
0.5422199999999998
0.5351399999999998
0.5351599999999997
0.5391000000000001
0.5395400000000001
0.54144
0.5402600000000003
0.5388400000000003
0.5399200000000001
0.5419799999999999
0.5427600000000001
0.5374799999999998
0.5392399999999998
0.5391400000000001
0.5404800000000001
0.5413200000000002
0.54144
0.5429799999999999
0.5418800000000001
0.5415200000000001
0.5405000000000001
0.54154
0.54264
0.5414599999999999
0.5432999999999999
0.5404399999999999
0.5379200000000001
0.53864
0.5401600000000001
0.5384599999999999
0.5403400000000002
0.53948
0.5405200000000001
0.53692
0.5380800000000001
0.5368999999999998
0.53546
0.5352600000000001
0.5366400000000001
0.5414799999999999
0.53708
0.5383399999999999
0.5419600000000001
0.5384199999999998
0.5392800000000001
0.5431199999999999
0.54074
0.5407400000000002
0.53948
0.53836
0.5390000000000001
0.5415200000000001
0.54058
0.5378400000000001
0.5424600000000003
0.53992
0.5379199999999998
0.5411399999999998
0.5414399999999998
0.5392399999999999
0.5395
0.5364400000000001
0.5393600000000004
0.5372200000000001
0.5396800000000002
0.54424
0.5388200000000002
0.5425799999999998
0.53976
0.5369799999999999
0.5400599999999998
0.5389200000000001
0.5412999999999998
0.5367000000000003
0.53958
0.5434399999999999
0.5411
0.54218
0.5366999999999998
0.5391400000000001
0.5457400000000002
0.5404400000000001
0.5412600000000001
0.53682
0.5378400000000001
0.5429799999999999
0.5430999999999998
0.5430599999999998
0.5401400000000001
0.54118
0.5395599999999999
0.5378000000000002
0.5448199999999997
0.5398199999999999
0.5397
0.5419999999999999
0.5397200000000003
0.5419799999999999
0.5394400000000001
0.5371999999999999
0.5387400000000002
0.5379799999999999
0.54094
0.5389000000000003
0.5381800000000002
0.5397399999999999
0.5430800000000001
0.5352800000000001
0.5408999999999999
0.5420399999999999
0.53902
0.5406599999999999
0.5380200000000002
0.5399399999999998
0.53668
0.5409200000000001
0.5422799999999998
0.5368600000000002
0.5370200000000004
0.54108
0.5399799999999999
0.5390800000000001
0.5419399999999999
0.5388399999999998
0.5426000000000001
0.5373800000000002
0.5426
0.54144
0.5372
0.5440999999999999
0.5369599999999999
0.5456400000000001
0.5426799999999996
0.5398000000000002
0.5429000000000002
0.5386
0.5438400000000002
0.5363600000000001
0.54252
0.5408599999999999
0.5389000000000002
0.5398800000000002
0.5368000000000003
0.5394600000000002
0.5369800000000001
0.5390799999999999
0.5394800000000001
0.5379399999999999
0.54372
0.5386000000000002
0.5379399999999999
0.5409200000000001
0.5380400000000002
0.53814
0.5402399999999999
0.5405200000000001
0.54346
0.5440200000000001
0.5406199999999995
0.5366400000000001
0.5393600000000002
0.5416999999999997
0.5357399999999999
0.54142
0.5437399999999996
0.54222
0.54088
0.5365
0.53938
0.5386400000000003
0.53972
0.5430200000000001
0.5401199999999999
0.5470999999999999
0.5392599999999999
0.54124
0.5378199999999995
0.5411
0.54222
0.5392000000000001
0.53644
0.5428599999999996
0.5374599999999998
0.54102
0.5343800000000001
0.54032
0.5423800000000001
0.5367200000000001
0.5372399999999999
0.5389200000000003
0.5386000000000001
0.5361400000000001
0.5379
0.5399399999999999
0.53836
0.5428200000000003
0.5382800000000001
0.5421000000000004
0.54074
0.5418200000000002
0.5390600000000001
0.5434399999999997
0.53912
0.53888
0.5388400000000002
0.5362200000000003
0.5406799999999999
0.5383800000000003
0.5404599999999998
0.5434199999999999
0.54058
0.5407399999999999
0.5412000000000002
0.53892
0.5401400000000001
0.5403399999999998
0.5404200000000001
0.5463599999999998
0.5403599999999998
0.5420399999999997
0.53914
0.5409000000000002
0.5402800000000001
0.5388000000000001
0.5414800000000001
0.5397000000000003
0.5425599999999999
0.5367599999999999
0.53934
0.5416599999999999
0.5405199999999999
0.54088
0.5413600000000001
0.5383999999999999
0.5408
0.5359599999999998
0.5406200000000001
0.5388000000000002
0.5360200000000002
0.53662
0.5398400000000002
0.5417799999999999
0.53832
0.53878
0.5398000000000002
0.5430999999999998
0.5397200000000001
0.5422199999999999
0.54234
0.5432999999999999
0.5400000000000003
0.5428199999999999
0.5403800000000002
0.5390599999999999
0.5402799999999996
0.5386800000000002
0.53836
0.5399600000000002
0.5407599999999998
0.5365000000000001
0.5396599999999999
0.5427799999999996
0.5379800000000001
0.5408000000000001
0.5407
0.5369800000000001
0.5407000000000001
0.5454000000000001
0.54316
0.5435800000000002
0.5402000000000001
0.54252
0.5425600000000002
0.5371599999999999
0.5417999999999998
0.53646
0.5381999999999999
0.5404000000000001
0.5403199999999999
0.5402399999999997
0.5409
0.5425400000000004
0.54448
0.53872
0.5421600000000002
0.5407000000000001
0.5392799999999998
0.5409400000000001
0.5371200000000002
0.5375000000000001
0.5412800000000001
0.5384800000000001
0.5417000000000002
0.5382199999999999
0.53756
0.5395399999999999
0.5347000000000001
0.5378599999999998
0.53534
0.5441400000000002
0.5433400000000002
0.5385200000000002
0.5404399999999998
0.5421199999999999
0.5382999999999999
0.5405399999999999
0.5394599999999997
0.5446000000000001
0.53846
0.5393199999999998
0.53924
0.5416000000000001
0.53634
0.5378200000000001
0.53704
0.5438799999999997
0.54306
0.5384600000000002
0.5425600000000003
0.5388599999999998
0.5408199999999997
0.5421600000000001
0.5386000000000001
0.5392599999999999
0.53816
0.5402999999999999
0.5418800000000001
0.5402600000000003
0.5413199999999999
0.5426599999999999
0.5372199999999999
0.53862
0.5403800000000003
0.5393600000000002
0.5413
0.5424
0.5454800000000001
0.5466199999999997
0.5387000000000003
0.5430800000000002
0.53918
0.53898
0.5414800000000003
0.5410599999999999
0.5401799999999998
0.5404400000000001
0.54
0.5329799999999999
0.5357200000000001
0.5427399999999999
0.54152
0.53664
0.5378200000000003
0.5408799999999999
0.5396199999999999
0.5421999999999999
0.5386400000000003
0.5363000000000002
0.5409200000000001
0.5401
0.5419400000000002
0.5394199999999999
0.5381800000000001
0.5382599999999998
0.5393000000000002
0.5362000000000001
0.53868
0.5402000000000001
0.53724
0.5388000000000003
0.54244
0.5389599999999999
0.5394600000000003
0.5423
0.5394199999999998
0.5422800000000001
0.5426600000000001
0.5406000000000002
0.5395200000000003
0.5379200000000001
0.5392600000000001
0.5405200000000001
0.5392399999999999
0.5427
0.5415799999999998
0.5389800000000001
0.5375400000000001
0.5440400000000002
0.5402399999999999
0.5421000000000001
0.5424599999999998
0.54216
0.5432000000000001
0.54212
0.5406200000000002
0.5406400000000001
0.54006
0.53952
0.5415000000000003
0.5420599999999999
0.5416599999999998
0.54012
0.5388200000000001
0.5420600000000002
0.5406799999999999
0.54266
0.5428400000000001
0.54436
0.5380800000000003
0.54008
0.5444600000000002
0.5407399999999999
0.54238
0.5422
0.5404399999999999
0.5404200000000002
0.5393400000000002
0.5436400000000001
0.5392799999999999
0.53762
0.53868
0.5393400000000002
0.5406799999999999
0.5434
0.53944
0.5417399999999998
0.5399200000000002
0.5397000000000001
0.5397
0.5384199999999999
0.53928
0.5389600000000001
0.5384800000000002
0.5413200000000002
0.5389000000000005
0.54026
0.5402600000000001
0.53934
0.5375
0.5384599999999999
0.5390799999999998
0.5375599999999999
0.5386
0.5372199999999997
0.5421600000000001
0.5427200000000001
0.53746
0.5394399999999998
0.5386599999999998
0.5419999999999999
0.5391000000000001
0.5368999999999999
0.53936
0.5349600000000001
0.53886
0.5417000000000002
0.5374399999999998
0.5369600000000001
0.5381399999999998
0.54218
0.5405400000000001
0.5437999999999996
0.5418200000000002
0.5392599999999999
0.5406400000000001
0.5388599999999999
0.5403800000000001
0.53714
0.5368200000000002
0.54068
0.5401399999999998
0.53726
0.5413799999999999
0.53818
0.5359200000000002
0.5410200000000001
0.5416000000000001
0.5401800000000001
0.5402800000000002
0.541
0.5395600000000002
0.5397199999999999
0.5387400000000001
0.5436
0.5383399999999999
0.5407599999999997
0.5413799999999999
0.5379400000000001
0.5353999999999998
0.5399
0.5422399999999998
0.5411600000000001
0.5377399999999999
0.5393600000000002
0.5391800000000001
0.5374400000000001
0.5417600000000001
0.5383199999999999
0.5401399999999998
0.5427199999999999
0.5367400000000001
0.5418799999999999
0.5356799999999999
0.5413200000000002
0.54162
0.5402799999999999
0.5382200000000003
0.53964
0.5416400000000001
0.5423800000000001
0.5408999999999997
0.54062
0.5408599999999999
0.54184
0.5380800000000001
0.53856
0.5412400000000002
0.53958
0.5381000000000001
0.5428599999999999
0.53996
0.5417200000000001
0.5447400000000002
0.5413399999999999
0.5376
0.5383399999999999
0.5412
0.54424
0.5392800000000002
0.5392399999999999
0.54062
0.5378399999999998
0.5417400000000001
0.53938
0.5414800000000001
0.5404599999999999
0.5447799999999999
0.5428799999999999
0.5429200000000002
0.53996
0.5403200000000004
0.53738
0.5400200000000001
0.5393599999999998
0.5397599999999998
0.54328
0.5379999999999998
0.53742
0.5379199999999998
0.54124
0.5418200000000002
0.5406600000000001
0.53668
0.5393399999999999
0.5399599999999996
0.5392999999999997
0.54114
0.53852
0.5437399999999998
0.5380400000000002
0.53708
0.5436999999999999
0.5421399999999998
0.5387600000000001
0.53966
0.5374399999999998
0.5414799999999997
0.54058
0.5417000000000001
0.5436400000000002
0.5381
0.5376799999999999
0.5416799999999998
0.5408599999999999
0.53898
0.5413199999999999
0.5405599999999999
0.5364400000000001
0.5412000000000001
0.5427000000000001
0.5396799999999999
0.5394600000000002
0.5384600000000002
0.5390799999999999
0.5370400000000001
0.5437600000000002
0.5369200000000002
0.5410599999999999
0.5432
0.54074
0.53742
0.5395400000000001
0.5348200000000002
0.54328
0.5428399999999999
0.5423000000000001
0.5416599999999997
0.5417000000000001
0.5438399999999999
0.5367199999999999
0.54216
0.5404399999999999
0.53554
0.5413000000000002
0.5376199999999998
0.5421199999999999
0.54432
0.53968
0.5378600000000001
0.5416799999999998
0.5403999999999999
0.5406
0.54096
0.5419599999999998
0.54034
0.5422600000000001
0.5384
0.5407
0.5377599999999998
0.53842
0.54306
0.5403399999999999
0.5394599999999996
0.5462799999999999
0.5440600000000002
0.54226
0.54028
0.5383999999999999
0.5427199999999998
0.5374800000000001
0.5374400000000001
0.5428799999999999
0.5387200000000001
0.53932
0.54308
0.5377000000000003
0.5416600000000001
0.5396
0.54648
0.5379400000000001
0.5378999999999997
0.5440799999999999
0.5356400000000002
0.5378800000000002
0.53872
0.5398600000000002
0.5382000000000001
0.53612
0.53856
0.5429799999999998
0.5386000000000001
0.54206
0.5410000000000003
0.5418399999999999
0.5432000000000001
0.5420599999999998
0.5360600000000002
0.5427800000000002
0.5403800000000003
0.53984
0.5416600000000001
0.5360600000000001
0.5459000000000003
0.5361400000000001
0.53936
0.5412199999999998
0.5406799999999999
0.5370400000000003
0.5426000000000002
0.5411200000000003
0.5406999999999997
0.53988
0.53746
0.5407399999999999
0.54098
0.5392600000000001
0.54184
0.5385
0.5396799999999999
0.5426599999999998
0.53878
0.5405000000000001
0.5410200000000001
0.5441800000000002
0.5372999999999998
0.5375
0.5365400000000001
0.5402999999999999
0.5388399999999999
0.54452
0.5417000000000001
0.5414599999999998
0.5381999999999999
0.53888
0.5391400000000001
0.541
0.5415200000000002
0.5372
0.5403199999999999
0.54128
0.5419
0.5408000000000002
0.53584
0.5415400000000001
0.5392799999999999
0.5436799999999997
0.5436600000000001
0.5385799999999998
0.54072
0.5379999999999999
0.5440400000000002
0.54028
0.5399400000000001
0.5387
0.5418799999999999
0.5419
0.5450600000000001
0.5425800000000001
0.5413399999999999
0.5402600000000001
0.5423800000000001
0.5448400000000002
0.54034
0.5397200000000002
0.5418000000000001
0.53716
0.53886
0.54236
0.5409800000000002
0.5426999999999998
0.5391400000000002
0.5413800000000001
0.53984
0.5426799999999997
0.5403199999999998
0.5406599999999997
0.53472
0.53892
0.5385799999999997
0.5387800000000001
0.5386
0.5411600000000001
0.5385800000000001
0.5405399999999998
0.5435800000000001
0.5398999999999999
0.5433199999999998
0.543
0.5396799999999999
0.5388799999999998
0.5380999999999999
0.53808
0.5366
0.5440600000000001
0.5406999999999998
0.5394400000000005
0.5420399999999997
0.5434200000000002
0.5381
0.53968
0.53808
0.5384399999999999
0.53912
0.5394999999999999
0.5388999999999999
0.5441600000000003
0.5394399999999998
0.5393800000000004
0.5413600000000002
0.5446400000000001
0.5442600000000002
0.5393400000000002
0.5418399999999999
0.5405200000000001
0.53796
0.5388799999999999
0.5414599999999999
0.5368600000000001
0.53882
0.5436800000000002
0.5373199999999997
0.5413199999999999
0.5380599999999999
0.53934
0.5388800000000001
0.5396199999999998
0.5391000000000002
0.5407799999999999
0.5372199999999999
0.5429599999999998
0.5395599999999999
0.5409399999999999
0.5440799999999999
0.5435199999999999
0.5394599999999998
0.53948
0.5443000000000001
0.53668
0.5377400000000002
0.5369199999999998
0.5415999999999999
0.5417399999999999
0.53972
0.5360399999999997
0.5410400000000002
0.5408600000000002
0.5406400000000002
0.5405800000000002
0.5413799999999999
0.54036
0.5406200000000001
0.5379000000000002
0.5394400000000001
0.5419000000000002
0.53736
0.5394599999999997
0.5401199999999998
0.53972
0.5445400000000001
0.5369799999999998
0.5404399999999999
0.5403600000000002
0.5380600000000002
0.5404200000000001
0.54128
0.5427400000000001
0.5404600000000002
0.5421600000000001
0.5381199999999999
0.5382199999999999
0.53872
0.5391800000000001
0.5411
0.5415200000000002
0.5388000000000002
0.5417399999999998
0.5410999999999999
0.53992
0.5429600000000001
0.5375999999999996
0.5371200000000003
0.54166
0.53824
0.5409200000000003
0.53956
0.5400399999999997
0.5402199999999998
0.5386599999999997
0.53724
0.5424799999999999
0.5425199999999998
0.5394400000000001
0.5396399999999999
0.5361399999999997
0.54312
0.54458
0.5427799999999998
0.54222
0.5443600000000002
0.5396599999999999
0.5415000000000002
0.5436200000000002
0.5386000000000003
0.5438199999999999
0.54184
0.5391800000000001
0.54132
0.5404600000000002
0.54022
0.53968
0.53534
0.5381200000000002
0.5382000000000001
0.5435600000000003
0.5416599999999998
0.5376599999999999
0.54288
0.5407
0.5384199999999999
0.54156
0.5399999999999997
0.5392999999999996
0.53998
0.5383199999999999
0.5411400000000001
0.5400800000000001
0.5400000000000001
0.5422199999999999
0.5408400000000001
0.5399800000000003
0.5404000000000003
0.5385000000000002
0.5390199999999999
0.54024
0.5402200000000001
0.5433600000000002
0.5367399999999999
0.5411600000000001
0.53568
0.5408799999999999
0.54246
0.5409000000000002
0.54062
0.5440799999999999
0.54012
0.5390199999999999
0.5379400000000001
0.5399799999999999
0.54202
0.5401600000000003
0.5392199999999998
0.5428000000000002
0.5380399999999999
0.5353800000000001
0.5416799999999999
0.53922
