0.19999999999999962
0.4926600000000001
0.83504
0.8975600000000005
0.8989800000000006
0.9026000000000003
0.9030000000000001
0.901100000000001
0.9018800000000003
0.9030800000000007
0.90254
0.9024800000000002
0.9012400000000008
0.90014
0.9034000000000002
0.9052399999999998
0.9021200000000004
0.9014400000000004
0.9021800000000004
0.9032200000000007
0.9009400000000002
0.9044999999999999
0.9010000000000005
0.9018000000000006
0.9044600000000006
0.9008000000000002
0.9020600000000003
0.9026400000000006
0.9015599999999999
0.90096
0.9007800000000005
0.9002000000000006
0.9024599999999999
0.9030000000000001
0.9009800000000001
0.9022000000000007
0.9038799999999999
0.9012800000000007
0.9028800000000006
0.9023800000000008
0.9026200000000004
0.9058800000000005
0.9023800000000004
0.9022400000000004
0.9024600000000004
0.9031400000000005
0.9019200000000005
0.9023400000000004
0.9046400000000002
0.9030400000000001
0.9026600000000004
0.9020000000000004
0.9016800000000004
0.8996999999999999
0.9019600000000004
0.9044000000000003
0.9034000000000002
0.9041000000000003
0.9043400000000004
0.9020600000000002
0.9025200000000008
0.9027200000000007
0.9022600000000002
0.9037000000000005
0.9020400000000005
0.9021800000000008
0.9022000000000004
0.9037200000000005
0.9047600000000002
0.9016200000000003
0.9038600000000006
0.9033400000000001
0.9038800000000006
0.9028600000000003
0.9036200000000002
0.9006000000000003
0.9024600000000005
0.9014000000000004
0.9023400000000009
0.9027400000000009
0.9036800000000004
0.8990000000000004
0.9008800000000001
0.8999200000000002
0.9020400000000001
0.9015200000000005
0.9022600000000003
0.9067200000000006
0.9030000000000002
0.9015800000000002
0.9027999999999997
0.90436
0.9017200000000005
0.9043800000000002
0.9028200000000004
0.9020800000000007
0.9027000000000005
0.9024200000000004
0.9022800000000002
0.9027400000000008
0.9016000000000005
0.9032600000000002
0.9016000000000003
0.9034600000000007
0.9040400000000011
0.9040000000000002
0.9022600000000003
0.9022600000000002
0.9029800000000008
0.9015600000000005
0.9054600000000006
0.90138
0.9025000000000004
0.9038800000000006
0.9013000000000004
0.9031600000000006
0.9029400000000003
0.9015000000000002
0.9038800000000002
0.9052600000000008
0.9018400000000004
0.90384
0.9040800000000003
0.9026600000000002
0.9023400000000004
0.9018000000000004
0.9022200000000004
0.9018800000000003
0.9037600000000002
0.9034000000000002
0.9004800000000001
0.9012199999999999
0.90018
0.9009000000000005
0.9012399999999999
0.9002200000000005
0.9011200000000001
0.9037000000000005
0.9022200000000007
0.9044400000000004
0.9027000000000003
0.9036200000000008
0.9027000000000005
0.9017000000000003
0.8982400000000006
0.9004600000000008
0.9007600000000004
0.9037400000000004
0.9031
0.901320000000001
0.9016200000000005
0.9034000000000003
0.9010600000000006
0.9007800000000001
0.9031800000000003
0.9024600000000007
0.9009400000000006
0.9030400000000001
0.9013400000000008
0.9043200000000007
0.9012200000000008
0.9027000000000007
0.9030400000000003
0.9023000000000002
0.9054200000000004
0.9033000000000002
0.9032600000000006
0.9037800000000007
0.9035400000000001
0.904280000000001
0.9041200000000003
0.9016200000000002
0.9032800000000003
0.9022600000000003
0.9044199999999999
0.9022400000000005
0.9032600000000004
0.9032200000000005
0.9014400000000008
0.9005400000000005
0.9013000000000001
0.9010600000000002
0.9005000000000003
0.9033400000000005
0.9039200000000003
0.9033000000000005
0.9011600000000003
0.9012200000000006
0.9018200000000003
0.9039800000000007
0.90152
0.9034799999999998
0.9029800000000008
0.901600000000001
0.9007200000000007
0.90288
0.9024600000000003
0.9033000000000004
0.90522
0.9036200000000004
0.9017400000000003
0.9048400000000002
0.9032200000000006
0.9030000000000009
0.9021600000000002
0.9037000000000006
0.9010400000000003
0.9014400000000005
0.90414
0.9011800000000005
0.9030800000000007
0.9016200000000003
0.9027800000000004
0.9017800000000001
0.9047600000000009
0.9031800000000005
0.9006400000000002
0.9019200000000005
0.9015200000000005
0.9016800000000004
0.9034800000000005
0.9034800000000002
0.9033800000000005
0.9023000000000003
0.9033200000000003
0.9038400000000009
0.9045400000000005
0.9034000000000004
0.9038600000000003
0.9010000000000007
0.9015200000000001
0.9009800000000001
0.9017400000000002
0.9010600000000006
0.9010000000000002
0.9028000000000005
0.9020200000000007
0.9033000000000005
0.9015000000000006
0.9011600000000003
0.902620000000001
0.9047200000000002
0.9010400000000005
0.9012000000000002
0.9038599999999997
0.9021200000000001
0.9013000000000007
0.9039200000000004
0.9013000000000005
0.9032800000000004
0.9009999999999999
0.9021600000000006
0.9018200000000004
0.9002800000000005
0.9010600000000002
0.9006400000000002
0.9012600000000005
0.9034400000000004
0.9035600000000001
0.9013000000000004
0.9035600000000001
0.9040200000000002
0.9041800000000003
0.9031200000000004
0.9015200000000005
0.8999600000000001
0.9033800000000007
0.9035600000000001
0.9024800000000002
0.9011800000000005
0.8995800000000006
0.90146
0.9012200000000007
0.9032400000000003
0.9048400000000002
0.9023800000000007
0.9026200000000009
0.9019000000000001
0.9011400000000003
0.9025600000000005
0.9000000000000005
0.9041000000000002
0.9029400000000005
0.9031400000000005
0.9023400000000004
0.9002200000000005
0.9041599999999999
0.9030600000000005
0.9035600000000007
0.9032600000000002
0.9030600000000005
0.9033
0.9043200000000003
0.90318
0.9052200000000006
0.903600000000001
0.9037000000000003
0.9029400000000001
0.9010200000000004
0.9018800000000003
0.9030799999999999
0.8989200000000004
0.9034600000000004
0.9040800000000004
0.8998199999999998
0.9039600000000004
0.9005000000000009
0.9019000000000003
0.9018
0.9042000000000004
0.9017000000000002
0.9024400000000006
0.9020000000000005
0.9047000000000007
0.9022200000000004
0.9014000000000003
0.9009000000000006
0.9025000000000009
0.9028000000000008
0.9023800000000003
0.9027
0.9048200000000008
0.9035800000000002
0.9016000000000001
0.9031600000000004
0.9032000000000002
0.9018000000000005
0.9024000000000001
0.9015200000000003
0.9032800000000007
0.9014200000000002
0.9017200000000005
0.9044000000000005
0.9008000000000003
0.9004799999999998
0.9035800000000006
0.9018400000000006
0.9013400000000007
0.9030400000000004
0.9022800000000006
0.9037000000000002
0.9029200000000003
0.9028200000000003
0.9024000000000002
0.9041800000000009
0.9037400000000005
0.9018200000000001
0.9027400000000008
0.9030799999999999
0.89986
0.9029600000000005
0.9015600000000009
0.9016800000000004
0.9014800000000003
0.9018000000000005
0.9025400000000003
0.9028800000000008
0.9023200000000005
0.9033000000000001
0.90176
0.9002600000000005
0.9037400000000001
0.9003599999999998
0.9038200000000005
0.9015800000000002
0.9031600000000003
0.8998400000000004
0.9027000000000005
0.9026200000000008
0.9023600000000005
0.9011800000000002
0.9044600000000002
0.8997200000000006
0.9026000000000002
0.9019000000000004
0.9034200000000001
0.9012800000000005
0.9022200000000002
0.9000800000000004
0.9015000000000006
0.9030200000000002
0.9032200000000001
0.9046400000000006
0.9037400000000008
0.90268
0.9014000000000004
0.9026000000000002
0.9011800000000012
0.9024600000000005
0.9027400000000003
0.9005400000000005
0.9043800000000004
0.9029000000000004
0.9048600000000002
0.9039200000000005
0.9045600000000005
0.9040200000000005
0.9011400000000003
0.9012400000000003
0.9011200000000004
0.9034600000000002
0.90244
0.90044
0.9007600000000001
0.9031000000000003
0.9017000000000001
0.9016200000000005
0.9028800000000006
0.9028200000000005
0.9018600000000001
0.9040000000000005
0.9021400000000004
0.9030000000000004
0.9016000000000003
0.9017200000000001
0.8994400000000001
0.9027000000000003
0.9020600000000002
0.9025800000000005
0.8996000000000005
0.8993600000000006
0.9017800000000006
0.9022600000000003
0.9034600000000007
0.9022800000000006
0.9018600000000006
0.9032200000000001
0.9008000000000006
0.9037000000000002
0.9038200000000003
0.9032000000000004
0.9006800000000001
0.9023200000000007
0.9010600000000002
0.8996799999999999
0.9021800000000002
0.9020600000000004
0.9015000000000003
0.9029200000000006
0.9017800000000007
0.9016600000000006
0.9054800000000004
0.9040600000000005
0.90046
0.9045600000000007
0.9024200000000003
0.9022800000000007
0.9005000000000006
0.9054600000000004
0.9006800000000004
0.90172
0.9029200000000007
0.9000799999999998
0.9016600000000006
0.9018000000000002
0.9017200000000006
0.8994
0.9019400000000003
0.9022000000000004
0.9027200000000003
0.9033600000000002
0.9007600000000001
0.9012400000000004
0.9029400000000004
0.9026400000000003
0.9019400000000003
0.9026800000000005
0.9041000000000007
0.9043399999999999
0.9038800000000002
0.9028200000000005
0.9037200000000005
0.9011200000000001
0.90302
0.9026200000000002
0.9017400000000003
0.90266
0.9023200000000007
0.9008000000000002
0.9026000000000003
0.9013
0.9017000000000002
0.9012400000000005
0.9022
0.9044400000000001
0.9016000000000003
0.9017999999999999
0.9010800000000004
0.9012200000000005
0.9015800000000002
0.9041400000000004
0.9022000000000001
0.9036
0.9036
0.9033000000000005
0.9031800000000004
0.9051000000000006
0.9021600000000002
0.9028200000000004
0.9025800000000003
0.9030800000000002
0.9050600000000005
0.9022400000000004
0.9030200000000006
0.9000800000000002
0.9016200000000005
0.9035400000000007
0.9009200000000004
0.9019400000000003
0.9025800000000003
0.9038200000000006
0.9019200000000004
0.9028400000000002
0.9001800000000002
0.9013400000000001
0.9034400000000004
0.9030200000000005
0.9018000000000005
0.9030400000000006
0.9025799999999999
0.9028000000000003
0.9018800000000006
0.9015000000000005
0.9023800000000003
0.9032200000000009
0.9020600000000004
0.9020000000000005
0.9020800000000002
0.9021200000000007
0.9000600000000005
0.9026600000000005
0.9012200000000002
0.9019800000000001
0.9019800000000003
0.9023400000000004
0.9016600000000001
0.9036400000000008
0.9032200000000004
0.9046600000000004
0.9024800000000003
0.9005400000000005
0.8994600000000006
0.9036800000000005
0.902160000000001
0.9023000000000002
0.9051800000000004
0.9010400000000007
0.9030400000000004
0.9054000000000001
0.9027800000000002
0.9021000000000002
0.9053000000000004
0.9039400000000006
0.9022400000000004
0.9031400000000002
0.9017200000000004
0.9023800000000002
0.9029400000000004
0.9009400000000006
0.9025200000000007
0.9012800000000007
0.8995400000000005
0.9031400000000005
0.9050600000000003
0.9031200000000004
0.9018600000000006
0.9019000000000004
0.9016200000000005
0.9028000000000003
0.9052600000000005
0.9019600000000003
0.90318
0.900000000000001
0.90226
0.90268
0.9028200000000008
0.9045800000000007
0.9025200000000002
0.90302
0.9039
0.9040200000000008
0.9016000000000003
0.9023400000000003
0.9046600000000004
0.9028600000000004
0.9020200000000004
0.9055400000000005
0.90232
0.9035599999999998
0.9020200000000003
0.9026600000000006
0.9024200000000003
0.9035400000000007
0.9050800000000006
0.9050600000000008
0.9027800000000009
0.9030000000000006
0.9019200000000008
0.9037200000000003
0.9031600000000004
0.9020000000000004
0.9001400000000007
0.9034000000000002
0.9028000000000006
0.9011400000000003
0.90326
0.9019400000000002
0.9041200000000003
0.9030000000000001
0.9038400000000004
0.9011800000000004
0.9014200000000003
0.9026600000000005
0.9036800000000003
0.9032800000000004
0.9029600000000001
0.9028600000000006
0.8999200000000002
0.9016200000000005
0.9036600000000006
0.9036200000000004
0.9014200000000006
0.9041400000000004
0.9030800000000005
0.9019800000000003
0.9032800000000002
0.9033399999999999
0.9026800000000001
0.9030800000000005
0.9022200000000005
0.9019800000000003
0.9032800000000004
0.9020800000000001
0.90168
0.9038000000000007
0.9028000000000005
0.9029000000000004
0.9033000000000004
0.9038400000000009
0.9015200000000005
0.9042800000000004
0.9026000000000007
0.9018600000000003
0.9019200000000004
0.9030800000000005
0.8999000000000003
0.9034600000000004
0.9039000000000003
0.9003000000000003
0.9017000000000001
0.9022600000000007
0.9040800000000004
0.9016800000000006
0.9037600000000003
0.9003400000000006
0.9014600000000007
0.9018400000000004
0.9031800000000005
0.9030200000000002
0.9027000000000005
0.9023400000000004
0.9033000000000002
0.9029400000000006
0.9027600000000002
0.9030400000000004
0.9031000000000006
0.9004000000000002
0.9002800000000005
0.9030400000000003
0.9017400000000003
0.9012600000000001
0.9045200000000004
0.9020000000000005
0.9037000000000002
0.9019000000000003
0.9022600000000002
0.9016800000000006
0.9013000000000007
0.9042999999999999
0.90146
0.90394
0.9028800000000001
0.9046000000000006
0.9034800000000003
0.9024000000000001
0.9017600000000001
0.9020600000000002
0.9029200000000003
0.9040800000000005
0.9022400000000004
0.9031200000000001
0.9063400000000001
0.9035400000000005
0.90178
0.9020200000000003
0.9019600000000007
0.9015400000000002
0.9024600000000004
0.9018000000000004
0.9014600000000002
0.9006200000000003
0.89974
0.9021400000000006
0.9010000000000002
0.9000600000000002
0.9015000000000002
0.9021200000000004
0.9027000000000004
0.9044200000000007
0.9010000000000007
0.9032000000000001
0.9009400000000006
0.9042400000000002
0.9021200000000007
0.9018600000000003
0.9035200000000003
0.9024800000000007
0.9019400000000004
0.9036400000000004
0.9012600000000007
0.9025600000000007
0.9049800000000009
0.9025400000000003
0.9012000000000007
0.9019400000000007
0.9005200000000007
0.9018599999999999
0.9022400000000004
0.9006800000000006
0.9032000000000003
0.9019400000000003
0.9034400000000001
0.9015200000000005
0.9016600000000004
0.9056600000000004
0.9033000000000005
0.9024600000000003
0.9036600000000001
0.9002800000000001
0.9031199999999998
0.9033800000000004
0.9018800000000007
0.9014800000000005
0.9025000000000003
0.9011400000000007
0.9038000000000005
0.9022600000000003
0.9044600000000003
0.9026800000000001
0.9027800000000006
0.9016800000000004
0.9022000000000002
0.9019400000000004
0.9050200000000009
0.9036800000000003
0.9040000000000005
0.9034600000000005
0.9019000000000003
0.9018800000000001
0.9037200000000007
0.90066
0.9027999999999998
0.9035000000000002
0.9019400000000004
0.90258
0.9013400000000003
0.9034000000000002
0.9020199999999999
0.9024400000000002
0.9034200000000002
0.9012600000000002
0.9006400000000006
0.9020600000000006
0.9025200000000002
0.9017400000000001
0.9010399999999998
0.9016600000000002
0.9027800000000004
0.9012200000000007
0.9024800000000005
0.9037800000000002
0.9017000000000006
0.9040600000000001
0.9019800000000002
0.9022
0.9023800000000007
0.9030200000000005
0.9022
0.9049600000000004
0.9013200000000003
0.9005
0.9026000000000007
0.9021800000000006
0.8996400000000002
0.9025400000000002
0.9026600000000005
0.9012800000000003
0.9025200000000005
0.9014000000000008
0.9023000000000009
0.9027800000000006
0.9013400000000001
0.9018000000000004
0.9012600000000006
0.9025800000000003
0.9029600000000003
0.90212
0.9018600000000007
0.9025600000000005
0.9041000000000007
0.9026800000000006
0.9030600000000003
0.9013
0.9022600000000004
0.9042400000000004
0.90268
0.9016199999999998
0.9018200000000003
0.9015000000000003
0.9037800000000008
0.90388
0.9026400000000001
0.9019800000000008
0.9030600000000003
0.9019400000000004
0.9033800000000004
0.9019000000000006
0.9016800000000009
0.9018999999999999
0.9013400000000001
0.9032200000000006
0.8991600000000003
0.9003399999999999
0.8998600000000003
0.9005400000000003
0.9017400000000011
0.9007600000000002
0.9021400000000002
0.9031000000000006
0.9038200000000007
0.9041800000000003
0.9022400000000004
0.9024199999999999
0.9016600000000007
0.9027200000000005
0.9029199999999998
0.9020800000000005
0.9015800000000002
0.9018600000000001
0.9019600000000003
0.89786
0.9031199999999999
0.9037400000000001
0.9044000000000003
0.9040600000000005
0.9018999999999998
0.90122
0.9022000000000002
0.9038200000000006
0.9003999999999999
0.9033200000000007
0.9034
0.9044400000000005
0.9011400000000002
0.9039600000000005
0.9002200000000005
0.9002800000000005
0.9030200000000004
0.9002400000000005
0.9025600000000006
0.9020600000000006
0.9038800000000008
0.9017800000000001
0.9016200000000005
0.9007200000000001
0.9000600000000005
0.9018800000000009
0.9035000000000002
0.9041400000000004
0.90236
0.9034000000000009
0.9021400000000007
0.9023600000000005
0.9045800000000008
0.9030800000000003
0.9035800000000002
0.9050800000000001
0.9039800000000003
0.9037000000000005
0.9025199999999998
0.9024200000000002
0.9030800000000008
0.9010000000000002
0.90232
0.9026399999999998
0.9016600000000002
0.9021400000000004
0.9007800000000006
0.9043400000000006
0.90044
0.9028400000000005
0.9013200000000006
0.9028800000000006
0.9041800000000002
0.9026200000000004
0.9050000000000006
0.9015200000000001
0.90154
0.9035200000000004
0.9011200000000005
0.9022400000000004
0.9030000000000006
0.9023600000000005
0.8996000000000001
0.9022000000000002
0.9025
0.9044600000000003
0.9013200000000003
0.9028399999999999
0.9026000000000002
0.90256
0.9027600000000002
0.9046200000000004
0.9017400000000001
0.9028200000000001
0.8992200000000006
0.9043400000000006
0.9015600000000003
0.9013400000000007
0.9007600000000001
0.9024400000000005
0.9026200000000005
0.9023199999999999
0.9031400000000002
0.9017800000000002
0.9025000000000003
0.9046400000000006
0.9013400000000003
0.9027800000000005
0.9033000000000007
0.9056600000000005
0.9017400000000008
0.9036600000000002
0.9041800000000003
0.9025600000000005
0.9031200000000004
0.9041000000000002
0.9022800000000004
0.9040200000000002
0.9044400000000004
0.9041200000000006
0.9007600000000007
0.9024600000000004
0.9017600000000008
0.9027400000000001
0.9029600000000001
0.9001200000000007
0.9013800000000005
0.9012400000000004
0.9039200000000004
0.9048800000000006
0.9020600000000004
0.9014800000000003
0.9019400000000002
0.9051200000000001
0.90254
0.9027800000000002
0.9015000000000006
0.90102
0.9009800000000007
0.9021400000000003
0.9022600000000004
0.9033400000000001
0.90124
0.9037600000000006
0.9027800000000009
0.9013600000000003
0.9027200000000005
0.9013400000000005
0.8990400000000003
0.9020600000000004
0.9015200000000008
0.9030000000000006
0.9027600000000003
0.9027800000000005
0.9024200000000003
0.9005400000000005
0.9019800000000003
0.9031400000000002
0.9018200000000004
0.9019800000000003
0.9021200000000005
0.9040400000000005
0.9022600000000002
0.9017400000000003
0.9036400000000004
0.9010400000000003
0.9021400000000004
0.9035400000000002
0.9034800000000004
