0.19999999999999962
0.44563999999999987
0.7568000000000003
0.8550799999999993
0.8813799999999999
0.8894600000000003
0.8909800000000004
0.8912400000000003
0.8898199999999999
0.8917800000000006
0.8945000000000004
0.8912000000000002
0.8922400000000006
0.8935000000000008
0.8922000000000004
0.8928600000000005
0.8921800000000003
0.8926800000000005
0.8896399999999999
0.8926000000000002
0.8919000000000004
0.8944400000000008
0.8919400000000006
0.8909800000000003
0.8920000000000005
0.8899200000000004
0.8923800000000002
0.8913600000000002
0.8928400000000003
0.8919600000000004
0.8915800000000006
0.8929200000000005
0.8917600000000001
0.8916800000000004
0.8947200000000001
0.8902000000000002
0.8912600000000004
0.8910400000000003
0.8903400000000005
0.89134
0.8923600000000002
0.8908800000000002
0.8898800000000001
0.8909599999999999
0.8905999999999998
0.8904200000000002
0.89228
0.8891800000000002
0.8907400000000006
0.89018
0.8903600000000002
0.8904000000000003
0.8922800000000005
0.8910400000000002
0.89266
0.8908400000000004
0.8913000000000008
0.8921400000000002
0.8923200000000002
0.8896800000000006
0.8916200000000005
0.8935600000000001
0.8929000000000002
0.8901400000000002
0.8910000000000001
0.8927200000000003
0.8908800000000001
0.8919799999999999
0.8926800000000001
0.8918800000000008
0.8914200000000002
0.8919800000000008
0.8903000000000004
0.8909199999999999
0.8925000000000004
0.8928400000000003
0.8905400000000008
0.89166
0.8910000000000001
0.89048
0.8927000000000003
0.8933400000000005
0.89176
0.8895800000000003
0.8911800000000004
0.8932600000000002
0.8908000000000008
0.8901400000000004
0.8903600000000002
0.89366
0.8903400000000005
0.8891
0.8897800000000002
0.8895599999999999
0.88924
0.8897800000000003
0.8911600000000003
0.8925400000000002
0.8911800000000004
0.8897600000000004
0.8892
0.8926200000000003
0.8912000000000004
0.8924800000000002
0.8912800000000004
0.8931000000000004
0.8948400000000001
0.89318
0.8902200000000005
0.8932800000000003
0.8926000000000002
0.8918600000000005
0.8923200000000002
0.8916000000000001
0.8914200000000004
0.8908400000000007
0.8877200000000006
0.8913000000000001
0.8934800000000002
0.8887600000000003
0.8897400000000003
0.89306
0.8941800000000002
0.8923000000000001
0.8914800000000003
0.8886000000000003
0.8905000000000007
0.8906600000000001
0.8932600000000005
0.8914400000000003
0.8935000000000001
0.8894000000000009
0.8896000000000005
0.8942400000000005
0.8916000000000001
0.8901200000000002
0.8910999999999996
0.8903400000000002
0.8928
0.8925000000000003
0.8903800000000001
0.8895000000000006
0.8922400000000005
0.8917000000000005
0.8896800000000006
0.8886600000000002
0.8896000000000005
0.8913800000000002
0.8907799999999999
0.8925400000000004
0.8895800000000001
0.8901000000000003
0.89138
0.8919000000000006
0.8912600000000005
0.8908600000000003
0.8925200000000002
0.8903000000000004
0.8936000000000002
0.8920600000000003
0.8905600000000002
0.8903600000000003
0.8918200000000002
0.8903000000000002
0.89126
0.8893200000000001
0.8928600000000008
0.8917400000000002
0.8922
0.8936600000000002
0.8897800000000003
0.8904400000000003
0.8932400000000003
0.8922599999999998
0.8903600000000003
0.8948000000000004
0.8899800000000002
0.8913600000000003
0.8922199999999997
0.8917000000000003
0.8922600000000006
0.8908800000000003
0.8902200000000003
0.8906000000000007
0.8902000000000007
0.8939000000000005
0.8931000000000001
0.88904
0.8914000000000005
0.8895200000000004
0.8897400000000002
0.8921000000000002
0.8904400000000003
0.8922600000000002
0.8914200000000005
0.8938000000000003
0.8924800000000002
0.8903600000000003
0.8902000000000001
0.8916800000000004
0.8926000000000005
0.8907800000000001
0.8913400000000001
0.8893000000000002
0.8920800000000005
0.8910600000000002
0.8909400000000006
0.8922200000000001
0.8933000000000001
0.8918400000000009
0.8912000000000003
0.8938400000000003
0.8923800000000006
0.8926800000000005
0.8926200000000003
0.8940600000000006
0.8901000000000003
0.8937200000000002
0.8923600000000004
0.8939800000000002
0.8903800000000004
0.89062
0.8955400000000004
0.8928400000000002
0.8912400000000003
0.8913800000000003
0.8906400000000003
0.8931600000000002
0.8939000000000002
0.8918000000000006
0.8922599999999998
0.8912800000000008
0.8938399999999997
0.8904199999999999
0.8902600000000003
0.8921200000000006
0.8896000000000004
0.8928800000000001
0.89056
0.8916200000000002
0.8908000000000006
0.8917800000000007
0.8910200000000004
0.8911200000000004
0.8902800000000006
0.8928800000000002
0.8938400000000004
0.8917200000000003
0.8932000000000003
0.8937800000000006
0.8925600000000005
0.8908000000000003
0.8920999999999998
0.8901000000000002
0.8914200000000005
0.8902800000000005
0.8921400000000006
0.8891000000000004
0.8887600000000003
0.8917600000000006
0.8907
0.8928000000000003
0.8924800000000006
0.8903200000000001
0.8958400000000006
0.8913000000000004
0.89094
0.8925400000000008
0.8929200000000003
0.8919600000000001
0.8905000000000005
0.8887400000000004
0.8902400000000007
0.8899200000000002
0.8926400000000004
0.8913200000000004
0.8920599999999999
0.89
0.8889800000000004
0.8911000000000002
0.8921800000000004
0.8933199999999999
0.8931400000000005
0.8908200000000002
0.8898800000000006
0.8917000000000006
0.8912800000000002
0.89026
0.8909400000000005
0.8931599999999997
0.8950200000000005
0.8918600000000002
0.8892800000000001
0.8924400000000001
0.8912800000000004
0.8914200000000001
0.8909600000000004
0.8900000000000002
0.8912200000000001
0.8928400000000001
0.8921600000000004
0.8907800000000001
0.8916400000000005
0.8900000000000005
0.8892600000000005
0.8911800000000002
0.89184
0.8927600000000008
0.8931400000000004
0.8903000000000008
0.8937799999999999
0.8910400000000003
0.8883600000000003
0.8906400000000008
0.8902200000000002
0.8922399999999999
0.89254
0.8947800000000001
0.8926800000000006
0.8906800000000001
0.8929000000000002
0.8911800000000001
0.8906599999999999
0.8885999999999998
0.8923800000000003
0.8915800000000005
0.8902200000000002
0.8900600000000002
0.8913400000000005
0.8922200000000002
0.8955600000000002
0.8915800000000007
0.8913600000000005
0.8912400000000004
0.8929800000000003
0.8908400000000002
0.89166
0.8921000000000003
0.8881400000000004
0.8930600000000003
0.8909200000000003
0.8892600000000002
0.8902800000000002
0.8923800000000002
0.8898600000000007
0.8937800000000002
0.8922800000000002
0.89128
0.893
0.8917400000000002
0.8924999999999998
0.8927
0.8899800000000002
0.8928000000000001
0.8917200000000004
0.8953800000000001
0.8916
0.88936
0.8923800000000006
0.89026
0.8905600000000002
0.8898599999999999
0.8896799999999999
0.8933200000000006
0.8910600000000009
0.8889600000000004
0.8903600000000003
0.8944000000000004
0.8908600000000005
0.8911600000000002
0.8928800000000007
0.8913600000000004
0.8939000000000007
0.89216
0.8916400000000005
0.8925600000000006
0.8918800000000003
0.8887
0.8912599999999999
0.8921400000000003
0.8928600000000004
0.8915200000000002
0.8916200000000002
0.8921400000000008
0.8923799999999998
0.8927400000000004
0.892300000000001
0.8917200000000003
0.8934200000000003
0.8913600000000003
0.8912200000000005
0.8930000000000001
0.89266
0.8942000000000004
0.8911000000000004
0.8930200000000003
0.8899200000000009
0.8922600000000003
0.8929800000000004
0.8893999999999999
0.8916600000000002
0.8911400000000004
0.8929600000000006
0.8914800000000008
0.89068
0.8918400000000001
0.8907600000000002
0.8913400000000002
0.8901800000000003
0.8915800000000003
0.8941000000000001
0.8919600000000004
0.8923600000000004
0.8902400000000003
0.8900600000000004
0.8906600000000005
0.8935000000000005
0.8919400000000001
0.8903400000000004
0.8906999999999999
0.8916200000000003
0.8922400000000001
0.8913800000000007
0.89476
0.8914800000000003
0.8914600000000003
0.8912200000000001
0.8904400000000006
0.8906400000000003
0.8915200000000002
0.8930000000000002
0.8910200000000001
0.8902200000000003
0.8895000000000003
0.8896999999999998
0.8912400000000007
0.8908600000000003
0.8936
0.8924599999999999
0.8911400000000005
0.8927600000000006
0.8924600000000003
0.8908200000000004
0.8913600000000005
0.8909199999999998
0.8920400000000004
0.8904200000000003
0.8909600000000008
0.89162
0.8931000000000001
0.8926000000000003
0.8903800000000005
0.8891000000000006
0.8906400000000003
0.8922000000000001
0.89208
0.8896000000000006
0.8908600000000003
0.8910600000000002
0.8947600000000004
0.8916799999999999
0.8926200000000004
0.8911600000000007
0.8914600000000006
0.8892200000000002
0.8913000000000004
0.89058
0.8922800000000004
0.8926000000000005
0.8893000000000001
0.8913200000000003
0.8937200000000003
0.8913599999999999
0.8920200000000001
0.8916199999999997
0.8925200000000004
0.8918200000000002
0.8920600000000004
0.8944200000000002
0.8931400000000004
0.8910000000000003
0.8916200000000005
0.8927600000000006
0.8925600000000002
0.8937000000000002
0.8939800000000004
0.8916800000000006
0.8911400000000002
0.8893399999999998
0.8907399999999996
0.8904400000000002
0.8906200000000003
0.8922200000000007
0.88916
0.8910000000000001
0.8916600000000002
0.8893200000000004
0.8910400000000002
0.8898200000000003
0.89378
0.89278
0.8906200000000006
0.8943000000000005
0.8913400000000001
0.8941
0.8944200000000002
0.8928000000000001
0.8928600000000008
0.8933200000000006
0.8921800000000004
0.8918399999999999
0.89144
0.8919400000000004
0.8935600000000002
0.89266
0.8916800000000003
0.8926599999999999
0.8912200000000005
0.8898600000000003
0.8912000000000008
0.8920800000000003
0.8917000000000003
0.8932800000000001
0.8928400000000003
0.8906800000000006
0.8910400000000004
0.8917800000000002
0.8915000000000002
0.8916200000000001
0.8905800000000004
0.8904600000000004
0.8933600000000004
0.8921600000000005
0.8908400000000002
0.8899000000000001
0.8912800000000005
0.8917400000000001
0.8904599999999999
0.88924
0.8930200000000005
0.8928600000000002
0.8930000000000002
0.8895800000000004
0.8893200000000003
0.88888
0.8945200000000005
0.89188
0.8929800000000003
0.8916800000000004
0.8911999999999998
0.8908400000000006
0.8921000000000001
0.8896200000000002
0.89476
0.8923800000000004
0.8901200000000006
0.8932200000000008
0.89192
0.8926600000000002
0.8943400000000002
0.89172
0.8901800000000002
0.8921400000000003
0.8895199999999999
0.8896400000000001
0.8929600000000003
0.8910000000000002
0.8907200000000002
0.8939800000000006
0.8912600000000005
0.8923200000000004
0.8935
0.8895400000000002
0.8926000000000005
0.8891000000000004
0.89274
0.8915800000000007
0.8917799999999998
0.8918000000000003
0.89334
0.8928200000000003
0.8938600000000007
0.8932000000000001
0.8908000000000003
0.8926399999999998
0.8946599999999999
0.8924600000000001
0.8910000000000003
0.8938200000000002
0.8898400000000004
0.8920000000000003
0.8911800000000004
0.8917600000000001
0.8929400000000003
0.8920000000000003
0.8939600000000005
0.8901400000000005
0.8914200000000005
0.8900999999999998
0.8911400000000002
0.8932000000000001
0.8944200000000005
0.8902800000000007
0.8919400000000004
0.8930200000000004
0.8910000000000002
0.8910600000000002
0.8875200000000002
0.8890199999999999
0.8910000000000001
0.8913600000000005
0.8902000000000004
0.8919000000000006
0.8898799999999994
0.8922000000000001
0.8895000000000004
0.8910200000000006
0.8920000000000001
0.8905600000000002
0.8897200000000005
0.8928000000000006
0.8904000000000002
0.8917200000000004
0.8932400000000003
0.8922400000000004
0.8916400000000004
0.8927800000000004
0.8940800000000005
0.8921600000000001
0.8906200000000006
0.8917000000000005
0.8907600000000003
0.8896600000000001
0.8902599999999999
0.8933600000000003
0.8916400000000003
0.8941200000000005
0.89204
0.8921400000000002
0.8946400000000004
0.8939000000000006
0.8921600000000001
0.8915800000000005
0.8915600000000004
0.8909800000000003
0.8916600000000002
0.89034
0.8921000000000001
0.8918
0.8921200000000005
0.8942
0.8932000000000005
0.8906000000000005
0.8909000000000004
0.8921600000000004
0.89212
0.8911399999999999
0.8932199999999998
0.8918400000000001
0.8902000000000002
0.8926800000000001
0.8911400000000002
0.8925800000000004
0.8935600000000005
0.8953400000000004
0.8898600000000003
0.8929400000000005
0.8890200000000006
0.8915600000000004
0.88916
0.8892200000000003
0.8909200000000004
0.8897600000000007
0.89048
0.8907400000000003
0.8920000000000003
0.8897000000000002
0.8904400000000002
0.8909600000000006
0.8916200000000002
0.8912000000000004
0.8906600000000005
0.8927200000000005
0.8912000000000004
0.8906200000000009
0.8914600000000003
0.8911000000000001
0.8945400000000006
0.8912200000000006
0.8912000000000007
0.8924
0.8914200000000002
0.8921200000000004
0.8903000000000005
0.8925600000000002
0.8930400000000002
0.8888199999999999
0.8897200000000001
0.8911000000000001
0.8919600000000004
0.8906200000000003
0.8901200000000005
0.8914200000000001
0.8931399999999999
0.89196
0.8904800000000005
0.8904200000000004
0.8896000000000002
0.8920800000000007
0.8929400000000007
0.8910800000000003
0.89444
0.8926000000000001
0.8911000000000002
0.8915000000000003
0.8929800000000006
0.8936000000000007
0.8921400000000002
0.8941200000000005
0.8912400000000004
0.8921200000000001
0.8902999999999998
0.8887600000000002
0.8924800000000002
0.8917
0.8903
0.8895200000000003
0.8891600000000004
0.8907
0.89058
0.8918000000000004
0.8902800000000005
0.89126
0.8944800000000002
0.8920400000000004
0.8880600000000001
0.8900400000000004
0.8928800000000003
0.8902800000000003
0.8908000000000004
0.8886000000000003
0.8933200000000009
0.8901000000000003
0.8904999999999998
0.89086
0.8943800000000004
0.8923600000000004
0.8915800000000006
0.8917999999999998
0.8918200000000003
0.8919800000000001
0.8907200000000004
0.8908400000000001
0.8902200000000002
0.8910200000000001
0.8911400000000005
0.8902599999999999
0.8931
0.8936200000000005
0.8887200000000004
0.8939
0.8915800000000005
0.8936800000000004
0.8943800000000001
0.8920400000000004
0.8946400000000009
0.8917000000000007
0.8901400000000004
0.8914200000000005
0.8912400000000001
0.8919400000000007
0.8902400000000001
0.8928800000000001
0.89376
0.89248
0.8908200000000004
0.8911600000000003
0.8910400000000003
0.8930000000000003
0.8896200000000003
0.88994
0.8906000000000002
0.89132
0.8911800000000004
0.8936400000000004
0.8903400000000004
0.8929800000000003
0.8930600000000003
0.8901000000000007
0.8893200000000001
0.89114
0.8897600000000001
0.8914000000000005
0.8925
0.8890600000000001
0.8933000000000003
0.8954400000000006
0.88944
0.8941600000000005
0.8926800000000003
0.8917800000000002
0.8902200000000005
0.8904199999999999
0.8928
0.8910600000000002
0.8909200000000006
0.8932200000000005
0.8908200000000006
0.8909600000000003
0.8903600000000005
0.8916399999999999
0.8930600000000005
0.8930600000000003
0.89058
0.8921599999999998
0.8897400000000006
0.8928600000000004
0.8918000000000005
0.8917000000000003
0.8916000000000004
0.8918200000000005
0.8922800000000002
0.8938600000000001
0.8921799999999999
0.8929000000000004
0.8909200000000003
0.8914800000000004
0.8907800000000006
0.8922000000000004
0.8906000000000003
0.8943000000000003
0.8922400000000005
0.8918200000000005
0.8942600000000005
0.8928400000000006
0.89168
0.89046
0.8920200000000003
0.8931599999999997
0.891700000000001
0.8902800000000007
0.8928200000000004
0.8948200000000003
0.8919800000000002
0.8919800000000001
0.8895999999999998
0.8937000000000005
0.89252
0.8945800000000003
0.8916399999999999
0.8922000000000005
0.8903000000000005
0.8905400000000006
0.8904600000000005
0.8922000000000003
0.8898400000000005
0.8898200000000006
0.8902400000000003
0.8906999999999998
0.8907200000000002
0.8902600000000005
0.8902800000000005
0.8926800000000003
0.8925399999999999
0.8925200000000002
0.8912800000000002
0.8923600000000002
0.8913000000000002
0.8926000000000003
0.8913400000000005
0.89126
0.8912
0.8932799999999999
0.8914199999999998
0.8928400000000006
0.8907200000000004
0.8912600000000005
0.8924400000000006
0.8914200000000002
0.8912200000000002
0.8913400000000001
0.8911999999999999
0.8891800000000003
0.8912399999999999
0.8925000000000007
0.8902000000000005
0.8909600000000002
0.8909800000000001
0.8930600000000003
0.88992
0.8906200000000004
0.8905600000000006
0.8913400000000006
0.8923000000000003
0.8896600000000001
0.8911600000000004
0.8912000000000002
0.8891000000000004
0.8939000000000006
0.89236
0.8920600000000003
0.89192
0.89046
0.8932800000000006
0.89288
0.8902600000000004
0.894
0.8881000000000001
0.88932
0.8907400000000003
0.8912
0.89178
0.8876999999999999
0.8920800000000004
0.8922600000000007
0.8922600000000003
0.8933400000000004
0.8919199999999999
0.8921000000000002
0.8907599999999999
0.8890200000000003
0.8922400000000004
0.8912200000000001
0.88866
0.8890199999999999
0.8910200000000005
0.8907800000000001
0.8921399999999998
0.8932400000000004
0.8925200000000004
0.8928800000000006
0.8905799999999999
0.8917800000000006
0.8905400000000006
0.8922800000000004
0.8929800000000004
0.8918600000000001
0.8917600000000003
0.8932400000000004
0.8918800000000006
0.8921200000000007
0.8917600000000003
0.89558
0.8916200000000001
0.8911000000000001
0.89366
0.8931000000000003
0.8926400000000004
0.8891600000000004
0.8896800000000005
0.8925600000000006
0.8912600000000005
0.8928000000000007
0.8942400000000005
0.8905000000000003
0.8936400000000003
0.8900400000000007
0.89204
0.8914800000000004
0.8890600000000001
0.8929000000000006
0.8895200000000001
0.8905200000000008
0.8910200000000004
0.8911000000000004
0.8913000000000006
0.8919400000000002
0.8945400000000003
0.8926400000000002
0.8918400000000004
0.8920400000000002
0.8885200000000006
0.8918400000000003
0.89172
0.89114
0.88882
0.8902000000000005
0.89022
0.8928999999999999
0.8924600000000004
0.8886800000000004
0.8916800000000003
0.8932000000000011
0.8916200000000002
0.8923800000000003
0.8885600000000007
0.8904800000000005
0.8898600000000003
0.8906800000000004
0.8907
0.892
0.8935199999999999
0.8913400000000001
0.89266
0.8917800000000002
0.8949800000000002
0.8895399999999999
0.8890000000000007
0.8922400000000005
0.8894200000000003
