0.19999999999999962
0.4712000000000001
0.8013999999999996
0.8815
0.8937600000000002
0.89912
0.8949800000000003
0.8967000000000006
0.8973000000000004
0.8961800000000004
0.8991200000000003
0.8992200000000002
0.8965400000000003
0.8953200000000002
0.8973200000000005
0.8994200000000006
0.8974600000000003
0.8976600000000005
0.89712
0.8997200000000007
0.8980600000000009
0.89632
0.8969200000000004
0.8975599999999999
0.8957000000000006
0.8958599999999999
0.8977400000000004
0.8982399999999998
0.8956400000000003
0.9002400000000003
0.8950599999999999
0.8980600000000003
0.8990000000000008
0.8995600000000004
0.8955000000000003
0.8980400000000006
0.8970200000000007
0.8975
0.8972400000000001
0.8944600000000004
0.8966600000000006
0.8968200000000004
0.9002600000000004
0.8969800000000001
0.8984800000000004
0.8997000000000004
0.8959600000000006
0.8997600000000002
0.89648
0.8963599999999998
0.8980400000000002
0.8998800000000001
0.8973600000000007
0.9005200000000002
0.8977600000000002
0.89888
0.8995600000000001
0.89982
0.8976600000000006
0.8981000000000006
0.9011200000000005
0.89916
0.8999000000000003
0.8996000000000008
0.8976000000000003
0.89822
0.8994200000000003
0.8986800000000001
0.8963000000000002
0.8998400000000004
0.8986400000000009
0.8966000000000004
0.8980600000000005
0.8965600000000002
0.8976000000000001
0.9002800000000003
0.8980400000000002
0.9001200000000007
0.8993200000000009
0.8987400000000005
0.8968200000000002
0.8998400000000002
0.8994400000000004
0.8999400000000007
0.8975200000000002
0.8987600000000003
0.9001400000000003
0.8977800000000006
0.8984600000000004
0.8992799999999999
0.89852
0.8977200000000003
0.8988000000000003
0.8990000000000005
0.8972400000000006
0.8979600000000006
0.8992000000000003
0.8992400000000004
0.8953000000000004
0.8984600000000005
0.8996600000000003
0.8996200000000004
0.8995400000000003
0.8976
0.8968600000000008
0.8984800000000002
0.8990600000000003
0.89666
0.8994000000000003
0.8998600000000004
0.8996800000000004
0.8972600000000003
0.8963800000000007
0.8999400000000004
0.8996600000000003
0.9006600000000005
0.9003000000000005
0.89732
0.8983600000000003
0.8974800000000002
0.9001600000000002
0.8983200000000005
0.8983600000000002
0.8980200000000003
0.8962400000000007
0.8969200000000002
0.8972400000000006
0.8992400000000004
0.8984800000000006
0.8996399999999997
0.8963000000000002
0.8982399999999999
0.8957400000000004
0.8959000000000004
0.8948400000000001
0.8983200000000005
0.8967200000000004
0.9009400000000006
0.8993200000000001
0.8998000000000005
0.8979800000000006
0.8966000000000003
0.8973000000000003
0.8968000000000006
0.9000800000000008
0.8981600000000003
0.8956600000000005
0.8994200000000009
0.8959400000000005
0.8990200000000002
0.9003000000000005
0.8994600000000003
0.9007999999999998
0.9008200000000006
0.8984200000000007
0.8995200000000007
0.8988400000000003
0.8997200000000002
0.8970200000000004
0.8968400000000004
0.8983600000000006
0.9002400000000003
0.9000800000000004
0.8981200000000003
0.8979200000000003
0.8974200000000004
0.8982400000000003
0.8962200000000001
0.8972800000000006
0.8977600000000003
0.8982200000000006
0.8968600000000002
0.89492
0.9016200000000005
0.8999800000000003
0.8954400000000002
0.9007800000000006
0.8964400000000002
0.8992800000000004
0.8968600000000007
0.8986800000000003
0.8982000000000007
0.89648
0.9005200000000003
0.8977000000000003
0.8999600000000005
0.8988600000000002
0.8988600000000002
0.8980799999999998
0.8979400000000005
0.8961800000000002
0.8992000000000003
0.8997800000000002
0.8971600000000006
0.8975400000000004
0.8963200000000003
0.8988800000000003
0.8976000000000007
0.8974400000000001
0.8971000000000002
0.8996200000000006
0.8968000000000003
0.8979800000000008
0.89948
0.8959200000000003
0.8980400000000002
0.8977400000000003
0.8996200000000004
0.8967000000000005
0.8990600000000003
0.9008600000000005
0.8991200000000008
0.8985000000000004
0.8984200000000002
0.89748
0.8975800000000004
0.8962600000000002
0.8993599999999999
0.8971000000000005
0.8970600000000002
0.9012600000000005
0.8989400000000005
0.8986200000000004
0.8964800000000007
0.89884
0.8966600000000002
0.8977400000000005
0.8968400000000003
0.8995200000000003
0.8992200000000002
0.8991600000000006
0.8961600000000002
0.8982000000000002
0.8991199999999999
0.9005600000000006
0.8979200000000005
0.8977000000000004
0.8971199999999999
0.8973000000000002
0.8981200000000004
0.8994600000000003
0.8997200000000002
0.9021600000000002
0.8972800000000001
0.8989800000000007
0.9000400000000006
0.8979200000000007
0.8980200000000003
0.8987800000000001
0.8973200000000002
0.8984000000000004
0.8960600000000002
0.8982000000000008
0.8964600000000003
0.8977000000000003
0.8976200000000005
0.8990799999999999
0.8995800000000003
0.8979800000000008
0.8990200000000002
0.8987800000000007
0.89916
0.8963400000000005
0.8992800000000004
0.8995200000000003
0.8996000000000008
0.90074
0.8991799999999999
0.8952200000000006
0.9001600000000003
0.8962800000000002
0.8982800000000001
0.8995800000000002
0.8991800000000003
0.8977200000000005
0.8977400000000008
0.8983800000000005
0.8977599999999998
0.8977600000000006
0.8994400000000005
0.8993400000000003
0.8981600000000003
0.8975399999999999
0.8981800000000006
0.8983200000000001
0.8994600000000004
0.8964400000000005
0.8985200000000004
0.8965000000000003
0.89774
0.89726
0.8984800000000004
0.8982000000000001
0.8980400000000006
0.8956000000000002
0.8981800000000004
0.8983600000000002
0.9005400000000003
0.8985200000000002
0.8986
0.89924
0.9002000000000002
0.8996200000000003
0.8986800000000004
0.9001400000000005
0.89944
0.8993000000000003
0.8995600000000005
0.8984400000000007
0.8978600000000005
0.8998200000000004
0.8972400000000004
0.8980999999999999
0.8978200000000004
0.8995600000000001
0.8997000000000002
0.89784
0.8965600000000002
0.8958200000000006
0.8991800000000006
0.8980000000000002
0.9024800000000003
0.8991799999999998
0.8982200000000005
0.8981800000000004
0.8980400000000003
0.8998599999999999
0.8979199999999998
0.8983800000000004
0.8990600000000001
0.8996200000000002
0.8970600000000004
0.8977600000000002
0.8998400000000001
0.8992600000000006
0.8997800000000002
0.8975600000000001
0.8977200000000003
0.8979400000000004
0.9012000000000003
0.8986800000000004
0.8996600000000002
0.8981600000000004
0.8959000000000005
0.8993600000000006
0.8967200000000006
0.8995200000000003
0.89984
0.8969200000000005
0.8980800000000003
0.8976200000000005
0.8981800000000005
0.897600000000001
0.8982400000000004
0.9003000000000003
0.8986800000000004
0.8971000000000007
0.9008200000000005
0.8965000000000001
0.8979800000000006
0.8994
0.89888
0.8987400000000004
0.8969400000000003
0.8970799999999999
0.8985200000000004
0.8982400000000008
0.9016600000000007
0.89748
0.9008400000000004
0.8983000000000003
0.8977200000000005
0.89676
0.8979000000000003
0.8976000000000001
0.8988400000000005
0.9000600000000003
0.8980400000000002
0.8960000000000004
0.8980400000000003
0.8998600000000008
0.8967400000000006
0.8980200000000005
0.9008000000000007
0.8978400000000003
0.8986800000000005
0.8980600000000001
0.89806
0.89904
0.8989400000000005
0.8994800000000004
0.8988000000000004
0.8960000000000005
0.8985799999999999
0.8981800000000004
0.8981800000000005
0.8973600000000006
0.8977400000000003
0.8993600000000004
0.8967000000000006
0.8983999999999999
0.8984000000000002
0.8962800000000003
0.8959600000000006
0.89668
0.8971200000000005
0.8979800000000003
0.8994800000000004
0.8970400000000005
0.8976800000000005
0.8980800000000007
0.8975400000000003
0.8986000000000008
0.8992400000000008
0.8974600000000001
0.8984400000000002
0.8965400000000001
0.897
0.8998000000000006
0.8968199999999998
0.8996999999999997
0.8960400000000006
0.8977600000000002
0.8985799999999997
0.8979400000000006
0.8962400000000001
0.8992199999999998
0.8968800000000008
0.8981400000000004
0.89988
0.9004000000000003
0.8975800000000005
0.8996400000000004
0.8991600000000004
0.8978400000000001
0.8969600000000006
0.8966400000000003
0.8970200000000004
0.8986000000000004
0.8976000000000003
0.8997200000000001
0.8985400000000002
0.8980399999999998
0.8959000000000006
0.8979400000000001
0.8981400000000002
0.8975600000000005
0.8992400000000004
0.8995000000000003
0.8988600000000002
0.8960200000000004
0.8979200000000002
0.89878
0.8987000000000005
0.8993000000000009
0.8980000000000002
0.8980000000000004
0.8988600000000005
0.8978200000000003
0.8994
0.9014400000000005
0.8985400000000007
0.89924
0.8975200000000004
0.8967600000000001
0.8993599999999996
0.8966800000000004
0.8995800000000002
0.8980000000000006
0.8978600000000003
0.8976200000000002
0.8980000000000004
0.9004400000000002
0.8967400000000003
0.8966400000000001
0.89648
0.8996600000000005
0.8979400000000001
0.8976800000000007
0.8972800000000002
0.8972399999999999
0.9000200000000008
0.8981200000000004
0.8967000000000002
0.89806
0.8995800000000003
0.8992199999999998
0.8981600000000004
0.89876
0.8988600000000004
0.8979800000000003
0.8999000000000003
0.8983200000000002
0.8981
0.89782
0.8987000000000005
0.8985800000000002
0.8981200000000001
0.8978000000000006
0.8978800000000006
0.8983400000000005
0.8982800000000001
0.8992000000000008
0.9018400000000003
0.8989599999999998
0.8989200000000005
0.8982600000000006
0.8965000000000006
0.9005000000000005
0.8992200000000004
0.8967400000000003
0.8974400000000005
0.8973400000000007
0.8962400000000005
0.89758
0.8985200000000002
0.8992800000000001
0.8981000000000008
0.9002000000000002
0.8993600000000004
0.8980799999999998
0.8999800000000003
0.89742
0.8973800000000003
0.8981799999999999
0.8995000000000003
0.8998800000000002
0.8998799999999999
0.8989400000000001
0.8960800000000007
0.8981200000000007
0.8975200000000004
0.9003000000000004
0.9002000000000002
0.8982600000000001
0.8984400000000003
0.8976600000000006
0.8997600000000001
0.8988000000000004
0.8975000000000003
0.8987600000000004
0.9006800000000004
0.8965600000000006
0.8965000000000003
0.8971200000000001
0.8964200000000002
0.8970600000000001
0.8978000000000006
0.8982200000000005
0.8967199999999999
0.8990400000000008
0.8994199999999999
0.8965400000000002
0.8981800000000004
0.8956400000000005
0.8971800000000004
0.8988400000000004
0.9002800000000001
0.8991000000000003
0.89814
0.8986400000000004
0.9001200000000005
0.8987200000000005
0.89632
0.8977800000000004
0.8977000000000004
0.8974600000000004
0.8967400000000002
0.8993800000000002
0.8970400000000004
0.8982000000000002
0.8990800000000001
0.8975200000000007
0.8979200000000003
0.8975399999999998
0.8955400000000001
0.89874
0.8964800000000004
0.8980200000000006
0.8986400000000008
0.8976800000000005
0.8995400000000002
0.8976400000000002
0.89784
0.8984200000000002
0.8983400000000005
0.8958200000000006
0.9004800000000004
0.8996800000000006
0.8959800000000004
0.89892
0.9000400000000002
0.8987600000000007
0.8976800000000003
0.8986000000000007
0.89988
0.8981200000000006
0.8982600000000006
0.8991200000000003
0.8998400000000005
0.8988400000000004
0.9018800000000006
0.8982200000000005
0.8980400000000003
0.8980400000000007
0.8971200000000004
0.8991400000000002
0.8969400000000001
0.8986800000000003
0.8970600000000003
0.8977400000000002
0.89692
0.8975000000000003
0.8956400000000001
0.90104
0.8990800000000005
0.9006400000000003
0.8986200000000001
0.8989400000000003
0.8971600000000008
0.8997799999999998
0.9005799999999999
0.8969
0.8978000000000007
0.8966600000000007
0.8998200000000004
0.8977400000000008
0.8974000000000002
0.8971600000000002
0.89792
0.8998400000000008
0.8996400000000007
0.8993000000000007
0.8974
0.8983400000000004
0.8977000000000005
0.89676
0.9000400000000001
0.8991000000000002
0.90054
0.8986800000000005
0.9002600000000004
0.8965200000000002
0.8989400000000003
0.8984400000000005
0.9012600000000003
0.8979000000000004
0.8998800000000002
0.8987600000000004
0.8986200000000002
0.9027200000000005
0.8983200000000001
0.8998600000000004
0.8961000000000005
0.9000000000000006
0.8964600000000006
0.8980600000000004
0.8978600000000004
0.8974400000000005
0.8970000000000007
0.8990400000000003
0.8972399999999999
0.9009400000000005
0.8973600000000006
0.8963999999999999
0.9004800000000002
0.8987200000000004
0.89898
0.8984000000000002
0.8978600000000001
0.8998200000000004
0.8963400000000002
0.8980800000000008
0.8963400000000001
0.8991400000000002
0.9001199999999997
0.8985600000000005
0.8970000000000005
0.8974000000000004
0.8970400000000002
0.8975000000000004
0.8970000000000004
0.8967800000000002
0.8995800000000004
0.89774
0.8990200000000005
0.8971600000000004
0.8971600000000004
0.8978400000000002
0.8961000000000002
0.8986200000000005
0.89742
0.8999000000000003
0.8937400000000001
0.8989800000000006
0.8986800000000005
0.8987599999999999
0.8981600000000001
0.89712
0.8971800000000006
0.8964200000000002
0.8985000000000004
0.8974000000000004
0.8992400000000003
0.8982200000000005
0.8978200000000005
0.8990599999999997
0.8997200000000004
0.8984400000000002
0.8980600000000001
0.8988400000000002
0.8989000000000005
0.8979200000000003
0.9006400000000003
0.8969600000000001
0.8965200000000002
0.8990600000000002
0.9007200000000002
0.8986400000000002
0.8992200000000006
0.8967000000000002
0.9002600000000003
0.8974800000000003
0.8970600000000006
0.8999400000000003
0.8970400000000004
0.8980600000000001
0.8992400000000003
0.8966200000000005
0.8981800000000005
0.8997800000000007
0.89902
0.9007600000000004
0.8969200000000006
0.8976600000000006
0.8986200000000006
0.8977400000000003
0.8970800000000004
0.8971400000000002
0.8974400000000006
0.8980600000000004
0.8993400000000004
0.8958600000000003
0.9002000000000002
0.8965000000000006
0.8984800000000003
0.89758
0.8975000000000005
0.8982000000000003
0.89896
0.8985800000000005
0.8976800000000003
0.89864
0.8996800000000007
0.8985400000000002
0.8986400000000008
0.8979200000000007
0.8982600000000004
0.8974000000000001
0.8977000000000004
0.8979200000000006
0.8982000000000002
0.9000200000000003
0.8978400000000009
0.8963200000000004
0.9009200000000004
0.8969400000000002
0.8979800000000008
0.8992600000000004
0.8984600000000006
0.8991200000000003
0.8979800000000004
0.8997000000000004
0.8959200000000006
0.9004600000000008
0.9005800000000005
0.8980400000000006
0.8993600000000005
0.9000999999999998
0.8968199999999998
0.89578
0.89854
0.8946800000000001
0.8982800000000002
0.8976800000000005
0.8973000000000004
0.8987000000000005
0.8973000000000009
0.8978000000000003
0.8969800000000003
0.89912
0.8994000000000009
0.8965800000000006
0.8987600000000002
0.8965600000000004
0.8983200000000003
0.8965800000000005
0.8994400000000006
0.8988200000000002
0.8984000000000002
0.8984800000000007
0.89814
0.8974800000000002
0.8998400000000002
0.8985600000000002
0.8987800000000006
0.8971000000000003
0.8977200000000003
0.899
0.8981200000000008
0.9002600000000004
0.9011200000000007
0.8989800000000001
0.8949400000000004
0.8982800000000009
0.9013000000000007
0.8990400000000008
0.8998400000000004
0.8996000000000002
0.8997800000000004
0.8997400000000003
0.8979200000000005
0.8974000000000002
0.8973800000000004
0.8987000000000005
0.8988800000000005
0.89742
0.90014
0.8957000000000002
0.8996200000000008
0.9004200000000001
0.8991600000000004
0.9002000000000003
0.8977400000000002
0.8967400000000003
0.89696
0.8986600000000006
0.8968200000000006
0.8984200000000001
0.8962400000000004
0.8972800000000004
0.8998800000000006
0.8988200000000001
0.8972000000000002
0.8961200000000002
0.9012200000000005
0.8985200000000003
0.8973600000000005
0.9002800000000003
0.89608
0.8969599999999996
0.8973600000000002
0.8978600000000003
0.8972200000000002
0.8971600000000006
0.8968600000000002
0.9008000000000007
0.8987200000000003
0.8990000000000002
0.8961600000000004
0.8968
0.8989200000000003
0.8973000000000004
0.8988000000000003
0.8974000000000006
0.8979800000000006
0.8979000000000004
0.8960800000000004
0.8974600000000003
0.9027400000000003
0.89812
0.8977200000000003
0.8932600000000005
0.8987000000000003
0.8965400000000002
0.8991000000000006
0.8979400000000003
0.8976800000000003
0.8981600000000003
0.8969600000000001
0.8987200000000002
0.8993599999999999
0.8967800000000006
0.8968
0.8990600000000007
0.8996999999999999
0.8995200000000005
0.8957200000000004
0.8990400000000008
0.8957000000000006
0.8977200000000005
0.8978000000000002
0.8971400000000004
0.8985400000000006
0.8991000000000001
0.8965200000000003
0.9004200000000003
0.8974600000000007
0.8982400000000003
0.8982600000000004
0.8999400000000003
0.8993400000000001
0.8964000000000004
0.89814
0.8968200000000004
0.8984800000000002
0.8990800000000004
0.8973400000000005
0.8999800000000003
0.9003000000000001
0.8968800000000001
0.8962600000000005
0.8993400000000006
0.8983799999999998
0.8978600000000004
0.89802
0.8974800000000005
0.8990600000000006
0.9010000000000005
0.8977200000000003
0.8999800000000007
0.8975600000000002
0.8989000000000001
0.8996000000000004
0.8975800000000005
0.8963000000000005
0.8995200000000003
0.8970000000000006
0.8982800000000003
0.8986400000000002
0.8980400000000002
0.8984200000000004
0.8950000000000005
0.8976400000000004
0.8991400000000005
0.8961800000000002
0.8967600000000001
0.8967599999999999
0.8982200000000004
0.9013000000000001
0.8967399999999999
0.8993400000000004
0.9007400000000001
0.8979600000000002
0.8986999999999999
0.8977799999999999
0.8979400000000005
0.8952400000000003
0.8975000000000004
0.8970600000000003
0.8998800000000005
0.8983400000000006
0.9006000000000004
0.8981200000000003
0.8997200000000002
0.9004000000000008
0.8973000000000003
0.8966000000000001
0.8981
0.8988600000000004
0.8971800000000003
0.8984600000000001
0.8977600000000002
0.9001200000000003
0.8965799999999998
0.8980400000000002
0.8981000000000001
0.8989000000000006
0.8992800000000005
0.8997400000000002
0.8994000000000004
0.8973600000000004
0.8991400000000007
0.8995000000000004
0.8974400000000001
0.897980000000001
0.9011000000000002
0.9000200000000004
0.8983600000000006
0.8985000000000004
0.8978800000000008
0.8995600000000004
0.9001800000000005
0.9005800000000005
0.8994600000000006
0.8973400000000004
0.8993400000000004
0.8985000000000002
0.8987599999999998
0.8975000000000007
0.8970400000000002
0.9011800000000006
0.8999200000000003
0.8970400000000004
0.8978800000000002
0.8967600000000001
0.8975400000000009
0.8985600000000005
0.8978199999999998
0.8984800000000003
