0.19999999999999962
0.26984
0.4514400000000001
0.37393999999999983
0.45446000000000014
0.38477999999999996
0.45089999999999997
0.38789999999999997
0.44322
0.39262
0.44141999999999987
0.39775999999999995
0.43448000000000014
0.4037000000000001
0.4316200000000002
0.4081200000000002
0.42954000000000014
0.4082800000000001
0.42889999999999995
0.4111400000000003
0.42438
0.41306
0.4243400000000001
0.41258000000000017
0.4225000000000002
0.41548
0.4223200000000001
0.41284000000000004
0.4228800000000002
0.40857999999999994
0.42644000000000004
0.41832
0.42011999999999994
0.4191399999999998
0.41930000000000006
0.4167400000000001
0.4186400000000001
0.41934
0.41694000000000003
0.4192799999999999
0.42285999999999985
0.4154000000000002
0.42135999999999996
0.41154000000000013
0.42318000000000006
0.4162599999999997
0.41775999999999996
0.42134000000000005
0.42071999999999987
0.41622
0.41934000000000005
0.4197800000000001
0.4163999999999999
0.41932
0.4181800000000004
0.4191
0.41871999999999976
0.42077999999999993
0.41634000000000015
0.4201400000000001
0.4133
0.41854000000000013
0.4186999999999999
0.41785999999999995
0.4198600000000001
0.41762
0.42312000000000005
0.41738000000000036
0.41634000000000015
0.4201399999999998
0.41506000000000015
0.4203199999999999
0.41501999999999994
0.4208200000000001
0.4123799999999999
0.4223400000000001
0.4161600000000001
0.4211
0.41840000000000016
0.42247999999999997
0.41694000000000003
0.41724000000000006
0.4170000000000001
0.4198799999999999
0.4178799999999998
0.4197400000000001
0.4155000000000002
0.42167999999999994
0.4142
0.4202999999999998
0.41534000000000004
0.42153999999999997
0.41308
0.4231200000000001
0.41592000000000007
0.4236999999999999
0.41192000000000023
0.42208
0.41338000000000014
0.42345999999999995
0.41258000000000017
0.42168
0.41448000000000007
0.42476000000000014
0.4136000000000001
0.42053999999999997
0.4177
0.41924000000000006
0.41851999999999995
0.41976000000000013
0.4195
0.41928
0.4175800000000001
0.4175600000000001
0.4201800000000002
0.4152800000000002
0.4166400000000002
0.4208399999999998
0.41708000000000006
0.42164
0.41836
0.41925999999999997
0.41686
0.4217
0.41732000000000014
0.42256000000000005
0.41776
0.4198600000000002
0.41456000000000015
0.42430000000000007
0.41268000000000027
0.42034000000000005
0.4171999999999999
0.4164799999999999
0.41859999999999997
0.4215400000000002
0.4164200000000001
0.41890000000000005
0.41552
0.41988000000000014
0.4179800000000001
0.41806000000000004
0.41789999999999994
0.41706
0.4188800000000002
0.4204400000000001
0.41732000000000014
0.4218800000000001
0.41642000000000023
0.4169
0.4172399999999998
0.41464
0.41822000000000004
0.41666
0.4205
0.41578000000000004
0.4195599999999999
0.41960000000000003
0.41994000000000015
0.4193399999999998
0.41893999999999987
0.41726000000000013
0.41572000000000003
0.4181800000000001
0.42042000000000007
0.4183
0.42040000000000005
0.4136799999999999
0.42204000000000014
0.4173799999999999
0.42024
0.41391999999999995
0.4184200000000001
0.4164
0.4186199999999999
0.4151400000000001
0.42234
0.41218
0.42178000000000004
0.4139000000000001
0.42184
0.41473999999999994
0.4224599999999999
0.4151
0.4210600000000001
0.41501999999999994
0.42124
0.41466000000000014
0.42208
0.41464
0.42110000000000014
0.41256000000000015
0.4235800000000002
0.4175
0.4188400000000001
0.41766000000000003
0.4184199999999999
0.41653999999999997
0.42362
0.41608000000000017
0.41862
0.4175200000000002
0.42324000000000006
0.41868000000000033
0.4198200000000002
0.41996000000000017
0.4179400000000001
0.41969999999999996
0.4206199999999998
0.4217000000000001
0.41934
0.4208399999999999
0.4173600000000002
0.41743999999999987
0.4210800000000001
0.41516000000000014
0.42050000000000004
0.4140200000000002
0.42161999999999994
0.41537999999999997
0.42157999999999995
0.4165000000000002
0.4197200000000001
0.41513999999999995
0.42052
0.4182000000000001
0.41747999999999996
0.41654000000000013
0.4174000000000001
0.4185000000000002
0.4199400000000002
0.4133400000000001
0.42256000000000005
0.41720000000000007
0.42138
0.41647999999999996
0.41832000000000014
0.41534000000000004
0.42204000000000014
0.4150599999999999
0.42254000000000014
0.4149000000000001
0.4212000000000002
0.4153199999999998
0.4205000000000001
0.41794000000000026
0.4194399999999998
0.41516000000000014
0.42266000000000015
0.41298000000000007
0.42271999999999993
0.4195399999999999
0.41836
0.4168
0.41901999999999967
0.41802
0.41732000000000014
0.4173800000000001
0.4205600000000001
0.41944
0.41638
0.41578
0.4195800000000001
0.41712000000000005
0.41458000000000006
0.4189
0.42046
0.4186400000000001
0.4188400000000001
0.41698000000000024
0.4180199999999998
0.41745999999999994
0.41738
0.42052000000000006
0.4183199999999999
0.4195999999999999
0.4210399999999999
0.4148000000000001
0.4211
0.4168
0.4179600000000002
0.4146
0.4225199999999998
0.4150800000000001
0.4181800000000001
0.4192800000000002
0.41737999999999986
0.41706000000000015
0.41646
0.42306
0.41627999999999993
0.41996
0.41556
0.41686
0.42051999999999995
0.4214800000000001
0.41158000000000017
0.4247000000000001
0.41672000000000026
0.41985999999999996
0.41678000000000026
0.4204400000000002
0.41674
0.4188600000000002
0.41914000000000007
0.42050000000000026
0.41595999999999994
0.4220599999999999
0.41674
0.42016
0.4152200000000002
0.42260000000000014
0.41629999999999995
0.42116000000000015
0.41404000000000024
0.4238599999999999
0.4158000000000003
0.42232000000000014
0.4151800000000002
0.41958000000000006
0.4147
0.4197399999999999
0.41963999999999985
0.4187800000000001
0.41970000000000013
0.4137200000000002
0.42465999999999987
0.4136600000000001
0.41712000000000027
0.4172400000000001
0.42068
0.4146400000000001
0.42254000000000014
0.41612000000000005
0.4219199999999999
0.4141799999999997
0.4206400000000003
0.41423999999999994
0.41825999999999985
0.4126799999999999
0.4192000000000002
0.41868
0.41631999999999986
0.4203400000000002
0.41923999999999984
0.41664
0.41950000000000004
0.42149999999999993
0.4181
0.4187999999999999
0.41866000000000014
0.4212400000000002
0.41955999999999993
0.41887999999999986
0.41828
0.4178800000000001
0.41736000000000006
0.41783999999999993
0.42030000000000006
0.41801999999999995
0.41894
0.41740000000000016
0.4192800000000001
0.41712000000000005
0.41906000000000004
0.4173200000000001
0.41948000000000013
0.4179999999999999
0.4214399999999999
0.41635999999999984
0.4186200000000001
0.4170199999999999
0.4164600000000003
0.41575999999999985
0.4229199999999997
0.41370000000000007
0.4225800000000001
0.41652000000000017
0.4228199999999998
0.41464
0.42262
0.4139199999999999
0.42424000000000006
0.4131400000000001
0.42178
0.41419999999999996
0.42312000000000005
0.4137799999999999
0.4202199999999998
0.4168200000000002
0.42028
0.4161000000000001
0.41842000000000007
0.41594000000000003
0.4185999999999999
0.41816000000000014
0.41764000000000023
0.42189999999999983
0.4160400000000001
0.4192600000000001
0.4184200000000001
0.4194199999999999
0.42101999999999984
0.41886
0.41926
0.4155200000000002
0.41578000000000015
0.4199000000000001
0.4186200000000001
0.4207400000000001
0.41900000000000004
0.41361999999999993
0.41902000000000017
0.4166999999999998
0.4186400000000002
0.42024000000000017
0.4186600000000002
0.42142
0.4177
0.41982000000000014
0.41988000000000014
0.4198400000000003
0.4201399999999998
0.41766
0.4205200000000002
0.41916000000000003
0.41644000000000003
0.41922
0.4173000000000002
0.41928000000000004
0.42022000000000015
0.4161599999999998
0.41718000000000005
0.4164200000000001
0.4168200000000001
0.41910000000000003
0.4208799999999999
0.41660000000000025
0.42260000000000014
0.41813999999999985
0.4177600000000002
0.41444000000000003
0.41972000000000004
0.42150000000000004
0.41706000000000004
0.4201400000000002
0.4161999999999999
0.42125999999999975
0.41764000000000023
0.4188999999999997
0.42064000000000024
0.4184600000000001
0.41912
0.41847999999999996
0.4179600000000001
0.4145
0.4204999999999998
0.4148399999999999
0.41912000000000016
0.41766
0.41874
0.4199599999999999
0.41487999999999986
0.41797999999999985
0.41724000000000006
0.4203799999999999
0.4161000000000001
0.4209800000000001
0.41654000000000013
0.42116000000000015
0.4151800000000001
0.4171800000000001
0.4172200000000001
0.4194199999999998
0.42051999999999995
0.4213000000000001
0.41691999999999996
0.4197400000000002
0.41989999999999994
0.41751999999999984
0.4186599999999998
0.4170399999999999
0.4189999999999998
0.4166600000000001
0.4180200000000002
0.42128000000000015
0.41646
0.4185800000000002
0.4176400000000001
0.42006
0.4201400000000002
0.4168400000000002
0.4180599999999999
0.42076000000000013
0.4179999999999999
0.42188000000000014
0.41530000000000006
0.41808000000000023
0.4167400000000001
0.4198000000000001
0.4180800000000001
0.4177199999999999
0.41740000000000016
0.41946
0.41932
0.4172200000000003
0.4209999999999999
0.4198400000000001
0.42018000000000016
0.4174199999999999
0.4170000000000001
0.4199200000000001
0.4176400000000002
0.4219200000000003
0.4150000000000002
0.4230800000000001
0.4147600000000001
0.4224000000000002
0.4141199999999998
0.42328000000000016
0.41274000000000016
0.4232999999999998
0.41328
0.4221200000000001
0.4152
0.42196
0.41459999999999986
0.4206
0.41422000000000003
0.42062
0.4163800000000002
0.41922000000000004
0.4183
0.4184600000000001
0.42024000000000006
0.41655999999999993
0.41735999999999995
0.41554
0.42166000000000003
0.41824
0.4191000000000001
0.41536
0.42032
0.41838000000000003
0.4217000000000002
0.41630000000000017
0.4194800000000001
0.41750000000000015
0.41655999999999993
0.4174600000000001
0.4223000000000002
0.4162600000000001
0.42001999999999984
0.41638
0.4211600000000002
0.4163199999999999
0.41716000000000014
0.42132000000000036
0.41669999999999996
0.41717999999999994
0.41930000000000006
0.41776000000000013
0.42208
0.41620000000000007
0.42163999999999996
0.41658
0.42214000000000007
0.4166000000000001
0.42254000000000014
0.41297999999999996
0.42199999999999993
0.41866
0.4177200000000002
0.41792
0.42084000000000005
0.41793999999999976
0.4204
0.41943999999999987
0.41772000000000026
0.41764
0.42058
0.41930000000000023
0.41935999999999996
0.4160600000000001
0.41791999999999996
0.41826000000000024
0.41835999999999984
0.4207
0.4141
0.41896000000000017
0.4198000000000001
0.4200599999999999
0.42070000000000013
0.41702
0.41706000000000004
0.42026000000000024
0.41806
0.4201199999999999
0.41536
0.42066
0.41736000000000006
0.4199
0.4177
0.41774000000000006
0.41814000000000007
0.41960000000000003
0.41912
0.42088000000000003
0.42018000000000005
0.4200200000000001
0.41479999999999995
0.4182799999999999
0.4141200000000002
0.41778000000000015
0.41998
0.4186000000000001
0.4163
0.4188
0.42138
0.41148
0.42278000000000016
0.4173400000000002
0.4180000000000001
0.42016000000000003
0.4195999999999999
0.41456000000000026
0.4214400000000002
0.41726000000000013
0.42262000000000005
0.4178000000000002
0.41656000000000004
0.41715999999999986
0.4191000000000001
0.4200000000000001
0.42024000000000006
0.41614000000000007
0.4199799999999999
0.41247999999999996
0.41918
0.4207000000000001
0.4185200000000001
0.41876000000000024
0.4147200000000001
0.41986000000000007
0.4164600000000003
0.41845999999999994
0.41789999999999977
0.4171
0.41905999999999993
0.4162400000000001
0.41896000000000005
0.41526
0.42406
0.4167400000000002
0.42192
0.4173800000000002
0.42034000000000005
0.41363999999999995
0.42366
0.41746
0.4167
0.4159799999999999
0.4187200000000001
0.41738
0.4201600000000002
0.41899999999999993
0.4181999999999999
0.41708000000000006
0.41868000000000016
0.41584000000000026
0.41856000000000004
0.41753999999999974
0.4197600000000003
0.4208800000000001
0.41870000000000007
0.41922
0.4147800000000001
0.42156000000000005
0.4152199999999999
0.41944000000000004
0.41857999999999984
0.41874
0.41548000000000024
0.4203199999999998
0.41536000000000023
0.4202999999999998
0.41774
0.41662000000000005
0.42272
0.4130400000000002
0.42324000000000017
0.41639999999999994
0.4225599999999999
0.41763999999999996
0.42610000000000015
0.41256
0.42322000000000015
0.41659999999999997
0.42221999999999993
0.4160400000000001
0.4173599999999999
0.4133800000000001
0.42158
0.4131200000000001
0.4209800000000001
0.41418
0.42096000000000006
0.4161400000000001
0.42626000000000014
0.4172399999999999
0.4197200000000003
0.41406000000000015
0.4168200000000001
0.41803999999999997
0.41764
0.41550000000000004
0.4214200000000002
0.42002000000000017
0.41886000000000023
0.41717999999999994
0.42179999999999995
0.41624
0.42104000000000014
0.4149200000000001
0.4171000000000001
0.41876000000000013
0.4212
0.4159200000000001
0.42086000000000007
0.41768000000000005
0.42228
0.4151
0.41735999999999995
0.4156799999999999
0.41406
0.4167200000000002
0.41598000000000007
0.41720000000000007
0.41904
0.4191800000000001
0.41704
0.4165599999999998
0.42122000000000015
0.41706000000000004
0.42028
0.41144000000000003
0.4228000000000003
0.4139399999999999
0.41740000000000016
0.42065999999999987
0.4196600000000003
0.4186599999999999
0.41791999999999985
0.41711999999999994
0.41782
0.4181400000000001
0.42048000000000024
0.4188999999999999
0.4211800000000001
0.4189199999999999
0.41856000000000004
0.42150000000000015
0.41494
0.4201799999999999
0.4176400000000002
0.41820000000000007
0.41678
0.41973999999999995
0.4179999999999999
0.4198600000000001
0.41824000000000006
0.42182
0.4145399999999999
0.4214799999999999
0.4150800000000001
0.4226200000000003
0.41600000000000004
0.4194
0.4199
0.42044
0.4183600000000001
0.41931999999999986
0.41590000000000016
0.42066
0.41716000000000014
0.4168400000000002
0.41795999999999994
0.4194199999999998
0.41930000000000006
0.42102000000000017
0.4163600000000001
0.4186199999999999
0.41732000000000014
0.4212
0.4160000000000001
0.41706000000000004
0.418
0.41976000000000013
0.41684000000000004
0.4159799999999999
0.42195999999999984
0.4183800000000001
0.41727999999999993
0.4216600000000001
0.41871999999999987
0.41736000000000006
0.41973999999999995
0.4182799999999998
0.41848000000000013
0.4141599999999999
0.4211800000000002
0.4180199999999998
0.42106
0.41226000000000007
0.42129999999999995
0.41406000000000004
0.4197000000000001
0.41632000000000013
0.42089999999999966
0.4151400000000001
0.4247400000000001
0.41492000000000007
0.4197599999999999
0.41152000000000016
0.42378000000000016
0.4134
0.42314000000000007
0.41291999999999995
0.42598000000000014
0.4134599999999999
0.4197200000000001
0.4159200000000002
0.4176
0.41768000000000005
0.42225999999999997
0.4139800000000001
0.42060000000000003
0.4169000000000001
0.42091999999999996
0.4165799999999999
0.4174200000000001
0.41728000000000004
0.41801999999999984
0.41778
0.42167999999999994
0.4142600000000001
0.4222600000000003
0.41919999999999996
0.41870000000000007
0.41723999999999994
0.42072000000000004
0.42022000000000004
0.42156000000000016
0.41630000000000017
0.4231000000000003
0.4160399999999999
0.4204400000000001
0.41923999999999984
0.4189199999999998
0.41492000000000007
0.4176800000000002
0.4137199999999999
0.41924
0.42012
0.41896000000000017
0.42116000000000015
0.41744
0.4188
0.41672
0.41788
0.41656
0.41876000000000024
0.41572000000000003
0.41792
0.41735999999999995
0.41772
0.41964
0.41826
0.41644000000000014
0.4208799999999999
0.42013999999999996
0.4148400000000001
0.42060000000000003
0.4186600000000001
0.42010000000000014
0.41744
0.41974000000000006
0.4200800000000002
0.4194
0.4189400000000002
0.4163999999999997
0.42204
0.41807999999999995
0.41326000000000007
0.4200399999999999
0.4190000000000002
0.4159199999999999
0.41534000000000015
0.41669999999999996
0.42035999999999996
0.41728000000000004
0.42184000000000005
0.4161199999999998
0.4216200000000001
0.4122600000000001
0.42018
0.4153000000000002
0.41962000000000016
0.4166399999999999
0.4211000000000001
0.41593999999999987
0.41963999999999985
0.41417999999999977
0.41816000000000003
0.4210000000000004
0.4150800000000001
0.42073999999999984
0.41776000000000013
0.42005999999999993
0.4170000000000001
0.4196000000000003
0.41776
0.41715999999999986
0.41662
0.4187200000000001
0.4172199999999998
0.4186799999999999
0.41840000000000016
0.4178200000000001
0.4229
0.4162200000000001
0.4201399999999998
0.41686
0.4193400000000001
0.4187199999999999
0.41412000000000004
0.41481999999999997
0.42453999999999986
0.41633999999999993
0.41960000000000003
0.4166600000000001
0.4197000000000003
0.41340000000000005
0.4245400000000002
0.41256
0.4242599999999998
0.41551999999999994
0.42012000000000005
0.4155000000000001
0.42373999999999995
0.41767999999999994
0.42164000000000007
0.41884
0.4152199999999999
0.42493999999999993
0.41896000000000005
0.41570000000000007
0.4198799999999999
0.41820000000000007
0.4184400000000001
0.41626000000000013
0.4192800000000001
0.4191000000000002
0.41616000000000014
0.41505999999999993
0.4177399999999999
0.41942
0.41398
0.42028000000000004
0.41368000000000005
0.4202000000000002
0.4177600000000002
0.42254
0.41696
0.4207399999999999
0.41420000000000007
0.4236600000000001
0.41522
0.4229000000000001
0.41351999999999983
0.42045999999999994
0.413
0.41776
0.4179200000000002
0.4200799999999998
0.4217000000000001
0.42096000000000017
0.4146
0.41972000000000004
0.42171999999999976
0.41804
0.42182000000000003
0.4149400000000001
0.4242600000000001
0.4126599999999997
0.42132000000000003
0.4185400000000003
0.4189799999999999
0.4205
0.41562000000000027
