0.19999999999999962
0.2927599999999999
0.49372000000000016
0.3989199999999999
0.48357999999999973
0.4084600000000001
0.47846000000000005
0.41400000000000003
0.47098
0.42242000000000013
0.4699399999999999
0.4211400000000001
0.4645000000000001
0.4277600000000003
0.46254000000000006
0.42716
0.4598
0.4323
0.4539399999999999
0.43501999999999996
0.4565400000000001
0.43828
0.4508400000000002
0.43964
0.45287999999999984
0.44036000000000014
0.45014000000000026
0.4407200000000002
0.4509
0.43684000000000006
0.4524599999999998
0.44198000000000026
0.4468800000000001
0.44470000000000026
0.44780000000000014
0.44406
0.4475399999999999
0.4429
0.44354
0.44732000000000016
0.4433599999999999
0.4474000000000002
0.44265999999999983
0.4470400000000001
0.44228000000000006
0.44672000000000023
0.44428000000000023
0.4448600000000003
0.44237999999999983
0.4432799999999999
0.44446000000000013
0.44201999999999997
0.4453199999999999
0.4437200000000001
0.4457199999999999
0.4438400000000001
0.44498000000000026
0.44458
0.4457600000000004
0.44455999999999996
0.44587999999999994
0.44346
0.4452200000000001
0.4466200000000001
0.44170000000000015
0.4446200000000001
0.44501999999999986
0.44228
0.44464000000000004
0.44476000000000004
0.44524000000000025
0.4451599999999999
0.4475
0.44333999999999996
0.4457600000000001
0.4440600000000001
0.4476000000000001
0.4392400000000003
0.45292
0.43640000000000007
0.4520599999999999
0.43957999999999986
0.4522399999999999
0.4370400000000002
0.45176000000000016
0.4397399999999998
0.4498800000000001
0.44122000000000006
0.44874000000000025
0.44067999999999996
0.44878000000000007
0.4365000000000003
0.4514
0.4346800000000001
0.45226000000000005
0.43829999999999997
0.44978000000000035
0.44369999999999993
0.4487199999999998
0.44469999999999993
0.4440000000000001
0.4430800000000001
0.44710000000000016
0.4442799999999999
0.44701999999999975
0.44532000000000016
0.44474
0.4458399999999999
0.44148000000000004
0.44596000000000013
0.44582000000000016
0.44154
0.4465800000000002
0.44612
0.4441800000000003
0.4468999999999999
0.44388
0.44600000000000045
0.4443000000000002
0.4456799999999999
0.44638000000000005
0.4444599999999999
0.44561999999999996
0.4454999999999999
0.4457400000000002
0.44501999999999986
0.44282000000000027
0.4437800000000001
0.44669999999999993
0.44264000000000003
0.44634000000000007
0.44574
0.4482199999999999
0.44359999999999994
0.44436000000000014
0.44686
0.4427200000000001
0.4448000000000001
0.44438000000000016
0.44626000000000005
0.44096000000000013
0.45058
0.43970000000000015
0.44986
0.4402200000000001
0.44912000000000013
0.43970000000000026
0.4462200000000002
0.4395400000000001
0.4523400000000002
0.4397600000000004
0.45062000000000013
0.43854000000000026
0.4449200000000001
0.44180000000000014
0.44978
0.44098
0.4466800000000001
0.44504000000000005
0.44516
0.44558
0.4457600000000002
0.4454200000000003
0.44505999999999996
0.4446600000000002
0.44382000000000005
0.44670000000000015
0.4455000000000002
0.44590000000000013
0.44499999999999995
0.4464600000000001
0.4451800000000003
0.4453799999999999
0.43955999999999995
0.4450600000000001
0.44510000000000033
0.4501200000000001
0.4428200000000001
0.44799999999999995
0.4443400000000001
0.44502000000000025
0.44437999999999983
0.4442799999999999
0.44373999999999997
0.44657999999999987
0.4456399999999999
0.4423999999999998
0.4443599999999999
0.44468000000000024
0.4449600000000001
0.44382000000000005
0.4476400000000001
0.44198
0.44250000000000006
0.4455399999999999
0.44264000000000014
0.44677999999999995
0.44300000000000006
0.44682000000000016
0.44600000000000006
0.44466
0.44635999999999987
0.44720000000000004
0.44495999999999986
0.4424800000000001
0.44878
0.44394000000000006
0.44255999999999995
0.4429600000000002
0.4492600000000001
0.4411399999999999
0.44768000000000013
0.44165999999999983
0.44598000000000004
0.44333999999999996
0.4477000000000001
0.4442200000000001
0.4458200000000001
0.44400000000000006
0.4452000000000001
0.44689999999999985
0.44495999999999997
0.44138000000000005
0.44728000000000007
0.4419000000000002
0.44473999999999997
0.44478000000000006
0.4473800000000001
0.44220000000000015
0.44699999999999995
0.44362
0.44775999999999994
0.4432000000000002
0.4440799999999999
0.4445400000000002
0.4474800000000003
0.44418
0.44441999999999987
0.4470199999999999
0.4452400000000001
0.44439999999999996
0.4454000000000002
0.4438200000000002
0.44545999999999997
0.44251999999999997
0.4466200000000001
0.44262000000000007
0.44545999999999997
0.44438
0.44492000000000004
0.44089999999999974
0.4495000000000001
0.4453200000000001
0.44608
0.4440400000000001
0.44446000000000013
0.44756000000000024
0.44023999999999996
0.45042000000000015
0.4420600000000001
0.44848000000000005
0.44170000000000004
0.4463
0.44498000000000004
0.44442
0.4462400000000001
0.4472800000000002
0.44286000000000003
0.44736
0.4433199999999999
0.44688
0.44506
0.4468000000000001
0.4463999999999999
0.44325999999999993
0.44471999999999995
0.4466799999999999
0.44349999999999995
0.44522
0.44618
0.44790000000000035
0.4416400000000001
0.44578000000000023
0.4445600000000001
0.44680000000000014
0.44498000000000004
0.44371999999999995
0.44522000000000017
0.4442200000000001
0.4443999999999999
0.4484
0.44297999999999993
0.44688
0.4430400000000001
0.4466400000000001
0.4421399999999999
0.4426400000000001
0.44486000000000003
0.4427000000000001
0.4510200000000002
0.4405200000000001
0.4469999999999999
0.4395400000000001
0.44878000000000023
0.4411400000000001
0.4497800000000002
0.44042000000000003
0.44687999999999994
0.44286000000000003
0.4481200000000002
0.44634000000000007
0.4436
0.44632000000000005
0.44301999999999986
0.4457600000000001
0.44444
0.4445199999999999
0.4449600000000001
0.4462599999999999
0.44356000000000007
0.44906000000000007
0.44321999999999984
0.44628000000000023
0.44276000000000004
0.4470400000000001
0.4409200000000002
0.44816000000000017
0.44057999999999997
0.4486
0.44470000000000004
0.4451000000000003
0.44476000000000004
0.44592
0.4471200000000003
0.4456199999999999
0.44305999999999995
0.445
0.44752000000000025
0.44110000000000027
0.4479600000000001
0.4420600000000001
0.44704000000000016
0.4433800000000002
0.44697999999999993
0.44299999999999995
0.4457800000000001
0.44444000000000017
0.4460399999999998
0.44478000000000045
0.44358000000000003
0.44326
0.4444399999999997
0.4445999999999997
0.4468
0.44516000000000006
0.44659999999999983
0.4433799999999999
0.44476
0.44745999999999997
0.4450600000000001
0.44398000000000015
0.44158000000000003
0.4467200000000002
0.44678000000000007
0.4423
0.44576000000000016
0.4454600000000002
0.4438000000000002
0.44585999999999987
0.44522000000000006
0.44230000000000025
0.44734000000000007
0.44234000000000007
0.4440799999999999
0.44581999999999994
0.44378000000000006
0.44808
0.44374
0.44389999999999985
0.44652000000000003
0.44239999999999996
0.44581999999999977
0.44508
0.4404799999999999
0.4478800000000001
0.44254000000000004
0.4480400000000001
0.4394800000000001
0.44842
0.44366
0.4466399999999999
0.4438800000000001
0.44592000000000015
0.44482000000000005
0.44806000000000007
0.44266000000000005
0.44886000000000004
0.4417200000000001
0.4449200000000002
0.4404400000000001
0.44916000000000006
0.4432000000000001
0.44770000000000004
0.4395
0.44932
0.44044000000000016
0.44657999999999987
0.44144
0.44673999999999997
0.4443400000000001
0.4465200000000001
0.44417999999999985
0.4484000000000002
0.4381000000000001
0.4466200000000003
0.4433400000000002
0.4449000000000001
0.4454400000000001
0.4461399999999999
0.4416200000000001
0.44564
0.44535999999999987
0.44836000000000015
0.4437600000000002
0.44361999999999996
0.4464000000000001
0.4479000000000002
0.44242000000000004
0.44696
0.44707999999999976
0.44439999999999996
0.4390999999999999
0.4493200000000002
0.44223999999999997
0.4481600000000002
0.44583999999999996
0.4461599999999998
0.44354
0.44253999999999993
0.44500000000000034
0.44659999999999983
0.44508000000000003
0.44602
0.44590000000000013
0.44472
0.44256
0.44993999999999995
0.44118000000000024
0.4490399999999999
0.4431200000000001
0.4520399999999998
0.44246
0.4472200000000002
0.4438199999999999
0.4462599999999999
0.44454
0.4450999999999999
0.44492000000000004
0.44538000000000033
0.44601999999999997
0.4420799999999999
0.44797999999999993
0.44104000000000004
0.4445200000000002
0.44383999999999996
0.44766
0.4430799999999999
0.44570000000000026
0.4447599999999998
0.44504000000000027
0.4392800000000001
0.4506199999999999
0.44061999999999985
0.4460400000000002
0.44564000000000015
0.4451399999999998
0.44436
0.44684000000000007
0.4424
0.4431400000000001
0.44618
0.44480000000000003
0.4486200000000002
0.4430199999999999
0.4491000000000003
0.44541999999999987
0.4444600000000001
0.4429000000000001
0.44504
0.44369999999999993
0.4468800000000001
0.44408000000000025
0.44549999999999995
0.4416000000000001
0.44830000000000003
0.44172000000000006
0.4462200000000001
0.4428799999999999
0.44636
0.43776000000000004
0.45154000000000005
0.4439
0.44505999999999996
0.44628
0.44484
0.44440000000000013
0.44792000000000015
0.44201999999999997
0.44469999999999993
0.4437600000000003
0.44584
0.44326000000000015
0.44518
0.44640000000000013
0.4475600000000001
0.4430399999999999
0.44712000000000013
0.4434999999999999
0.44595999999999997
0.4466399999999999
0.4419600000000002
0.4452
0.44401999999999986
0.4438600000000001
0.4460199999999998
0.44566000000000017
0.44448
0.4438799999999999
0.4466399999999998
0.4458199999999999
0.4462
0.44351999999999997
0.44206
0.44658000000000014
0.44554000000000005
0.4432600000000002
0.44478000000000006
0.4455400000000001
0.44643999999999984
0.44272
0.44678000000000007
0.44350000000000006
0.4458399999999999
0.4449000000000001
0.44440000000000013
0.44764000000000004
0.44262000000000007
0.44445999999999997
0.4445600000000001
0.4447999999999999
0.44154
0.4460200000000002
0.44412000000000007
0.44580000000000003
0.4439199999999996
0.4458400000000001
0.44298000000000004
0.4460799999999998
0.44002
0.44431999999999994
0.4451
0.4450400000000001
0.44656000000000007
0.44238000000000016
0.44782000000000016
0.4410799999999999
0.45055999999999996
0.43904
0.44766000000000017
0.44686000000000015
0.44128
0.4456199999999999
0.44576000000000016
0.44561999999999996
0.44706
0.4457800000000003
0.4461000000000003
0.44610000000000005
0.44522000000000017
0.4418400000000001
0.44497999999999993
0.4423400000000002
0.4480200000000002
0.44402000000000025
0.4464400000000001
0.4457200000000001
0.44066000000000005
0.4485800000000001
0.44147999999999976
0.44698
0.4438799999999999
0.44759999999999983
0.44312000000000007
0.44680000000000014
0.44322
0.44616
0.44586
0.4419800000000002
0.4426599999999999
0.445
0.4466200000000001
0.44505999999999996
0.44198
0.44744000000000006
0.444
0.44873999999999986
0.44370000000000026
0.44842000000000004
0.4424000000000003
0.44488000000000005
0.4458400000000002
0.4438400000000001
0.4419599999999999
0.4449600000000001
0.4457800000000001
0.4415
0.44612000000000007
0.4420199999999999
0.44992000000000004
0.44454
0.44598
0.44447999999999993
0.4466399999999999
0.4454999999999999
0.44421999999999984
0.4440000000000001
0.4458200000000001
0.4434000000000001
0.4488000000000001
0.4437000000000001
0.44550000000000006
0.44401999999999986
0.4479400000000002
0.44418000000000013
0.4456599999999999
0.4457600000000002
0.44305999999999995
0.4455400000000001
0.4454599999999999
0.44586000000000015
0.4446799999999999
0.44555999999999996
0.4440000000000002
0.44573999999999986
0.4420400000000001
0.4477599999999998
0.44162000000000007
0.44731999999999994
0.44365999999999994
0.44974
0.4405600000000001
0.44744000000000006
0.44234000000000007
0.44428000000000006
0.4449600000000002
0.44580000000000014
0.44300000000000017
0.44456
0.44586000000000015
0.44442
0.4456599999999999
0.44378
0.44564000000000015
0.44628
0.44666000000000006
0.4416399999999999
0.4448000000000001
0.44634000000000007
0.4449400000000002
0.44386000000000014
0.4456199999999999
0.4447
0.44553999999999994
0.4477399999999999
0.44565999999999983
0.44179999999999997
0.4466400000000001
0.44088000000000016
0.4480199999999999
0.44310000000000005
0.4467199999999996
0.44598
0.4436400000000001
0.4468000000000001
0.44452000000000014
0.44580000000000014
0.4462800000000003
0.44327999999999995
0.4458799999999999
0.44676000000000016
0.4431199999999999
0.44828
0.4415799999999999
0.44471999999999995
0.44182000000000016
0.44795999999999986
0.44066000000000016
0.44718000000000013
0.4441400000000001
0.4474000000000001
0.4422599999999999
0.4438
0.4454000000000001
0.44508
0.44702000000000014
0.44362000000000024
0.4425199999999998
0.4438000000000002
0.44784000000000007
0.4467800000000001
0.44329999999999997
0.4442400000000001
0.4456400000000002
0.4433800000000001
0.44781999999999983
0.4425000000000001
0.44659999999999966
0.44445999999999997
0.44616000000000006
0.4430999999999999
0.4446000000000002
0.44359999999999994
0.44702000000000014
0.4449
0.4480199999999999
0.4412599999999998
0.45202000000000025
0.4383199999999999
0.4502200000000002
0.44026000000000004
0.45004
0.44210000000000016
0.4534
0.4382600000000002
0.44665999999999995
0.44162
0.4453600000000001
0.4469800000000001
0.4459199999999999
0.4439399999999999
0.4459
0.4449800000000002
0.4469800000000001
0.4465600000000002
0.44554000000000016
0.44404000000000005
0.44579999999999975
0.4441800000000001
0.4446599999999999
0.44364000000000003
0.4458600000000004
0.4396
0.4466399999999998
0.4448600000000002
0.44582000000000016
0.4428599999999998
0.44476000000000016
0.4453399999999998
0.4451200000000003
0.45022
0.4434399999999999
0.4491200000000001
0.4435000000000002
0.44488000000000005
0.4418600000000002
0.44786000000000004
0.44292000000000015
0.44516000000000006
0.44542000000000015
0.44916000000000006
0.44348000000000015
0.44487999999999994
0.44081999999999993
0.44507999999999975
0.4463799999999999
0.4439799999999998
0.44531999999999977
0.44588000000000017
0.44300000000000006
0.44543999999999995
0.43918
0.4484399999999999
0.44396000000000013
0.44580000000000025
0.44304000000000004
0.4440999999999999
0.4433000000000002
0.4447800000000002
0.4462200000000003
0.4447200000000003
0.4458200000000002
0.44388000000000005
0.4460400000000002
0.44304000000000016
0.44650000000000006
0.4443800000000001
0.4449000000000002
0.44193999999999994
0.44962
0.44116000000000005
0.44703999999999994
0.44269999999999987
0.4493799999999999
0.44046
0.44802000000000014
0.4412800000000002
0.45063999999999993
0.4399799999999999
0.4472200000000002
0.44495999999999986
0.44620000000000004
0.4431000000000001
0.4493400000000001
0.4420200000000001
0.44721999999999995
0.44442000000000015
0.44814
0.44108
0.44302000000000036
0.44529999999999986
0.4445799999999999
0.44588000000000005
0.44255999999999995
0.4480999999999997
0.4453400000000002
0.44203999999999993
0.44488000000000016
0.44480000000000003
0.44423999999999997
0.44385999999999987
0.44524
0.4448599999999999
0.44270000000000004
0.4457800000000001
0.4419000000000001
0.4457400000000002
0.44138000000000005
0.4459599999999999
0.44296000000000013
0.4446799999999999
0.4429999999999999
0.44684000000000024
0.44156000000000006
0.4476600000000001
0.4427000000000001
0.44780000000000014
0.4407399999999999
0.4475000000000001
0.4419200000000002
0.44730000000000003
0.4413400000000001
0.44752000000000003
0.44339999999999996
0.44815999999999995
0.4451799999999998
0.44697999999999993
0.4439000000000001
0.44892000000000015
0.44092000000000015
0.4455399999999998
0.4430200000000001
0.4504800000000001
0.4421600000000001
0.44484000000000007
0.44484
0.44899999999999984
0.4417600000000001
0.44667999999999997
0.44558
0.4494399999999999
0.44351999999999997
0.44618000000000024
0.4454
0.4432999999999999
0.44245999999999996
0.4456399999999998
0.44208
0.44596000000000013
0.44469999999999993
0.44495999999999997
0.44092000000000015
0.44806000000000007
0.43829999999999997
0.44748
0.44292000000000015
0.4489400000000003
0.44156000000000006
0.4457800000000002
0.44675999999999993
0.4433200000000001
0.4472399999999999
0.4449200000000002
0.44474000000000014
0.4450200000000001
0.44352000000000014
0.4448600000000001
0.4462000000000001
0.4427999999999999
0.4457599999999999
0.4447200000000002
0.4470200000000002
0.44360000000000027
0.44724
0.4454400000000001
0.4525600000000001
0.4416
0.44792000000000004
0.44202000000000025
0.44790000000000013
0.44282000000000016
0.44574
0.44386000000000003
0.4486800000000001
0.4465800000000001
0.44505999999999996
0.44478000000000006
0.44585999999999987
0.44152
0.4457600000000002
0.44436
0.44671999999999984
0.4429999999999999
0.4475799999999998
0.44222
0.44703999999999994
0.4431800000000001
0.44745999999999997
0.44358000000000003
0.44298000000000004
0.4430400000000001
0.45152000000000014
0.4422
0.44815999999999984
0.4407200000000002
0.44907999999999987
0.44274000000000024
0.44726000000000027
0.44336000000000014
0.4474800000000002
0.4419000000000002
0.44709999999999994
0.44352000000000025
0.44742000000000026
0.44630000000000025
0.44128000000000006
0.44699999999999995
0.4452
0.44469999999999976
0.44567999999999997
0.44201999999999997
0.44402000000000025
0.4444800000000001
0.44488
0.44802
0.4429399999999999
0.44502
0.44455999999999996
0.4446000000000001
0.44470000000000015
0.4452400000000003
0.44622000000000006
0.4436999999999997
0.44628
0.44537999999999994
0.44799999999999995
0.4414000000000001
0.4446800000000002
0.4439400000000002
0.4471000000000003
0.4419999999999999
0.44508000000000025
0.44596000000000013
0.44383999999999985
0.4479999999999997
0.44146000000000024
0.44224000000000013
0.44604
0.44504
0.4463400000000003
0.44635999999999987
0.44244000000000006
0.44892000000000004
0.44230000000000014
0.4495799999999999
0.44201999999999997
0.45126
0.44206
0.44833999999999996
0.4437200000000001
0.44489999999999996
0.44465999999999994
0.4451200000000001
0.44546000000000013
0.4456400000000001
0.44536000000000003
0.44404000000000005
0.4490200000000003
0.44404000000000005
0.4481000000000001
0.44334
