0.19999999999999962
0.4340000000000001
0.6297999999999999
0.6594
0.6716000000000001
0.6607999999999998
0.6677999999999998
0.6648
0.6581999999999997
0.6603999999999998
0.6593999999999999
0.6694
0.6766
0.6567999999999999
0.6743999999999997
0.6559999999999998
0.6528
0.6731999999999997
0.6651999999999998
0.66
0.6665999999999996
0.6636
0.6659999999999998
0.6677999999999996
0.6569999999999997
0.6567999999999999
0.6623999999999998
0.6643999999999999
0.6713999999999999
0.6591999999999999
0.6591999999999998
0.6773999999999998
0.6668
0.6706000000000002
0.662
0.666
0.6692000000000001
0.6633999999999999
0.6605999999999997
0.6807999999999997
0.6594000000000002
0.6711999999999998
0.6747999999999998
0.6603999999999997
0.6633999999999999
0.6870000000000002
0.6583999999999999
0.6568
0.6773999999999998
0.6642000000000001
0.6726000000000001
0.6565999999999999
0.6737999999999995
0.6641999999999997
0.6649999999999998
0.6651999999999998
0.6686000000000001
0.6654000000000002
0.6604000000000001
0.6676000000000001
0.6631999999999998
0.6568000000000002
0.6694
0.6581999999999999
0.6722
0.6668
0.6703999999999998
0.6559999999999998
0.665
0.6661999999999998
0.6685999999999999
0.6604000000000001
0.6638
0.6605999999999999
0.6712
0.6612000000000002
0.67
0.6698
0.6715999999999999
0.6627999999999997
0.6622
0.6707999999999997
0.6555999999999997
0.6684
0.6557999999999998
0.6627999999999996
0.6698000000000001
0.6705999999999998
0.6681999999999998
0.6729999999999997
0.6591999999999999
0.6669999999999997
0.6574000000000001
0.6629999999999997
0.6503999999999999
0.6691999999999999
0.6707999999999998
0.6547999999999996
0.6619999999999999
0.6627999999999996
0.6639999999999999
0.6777999999999998
0.6623999999999998
0.6555999999999998
0.6741999999999996
0.6679999999999999
0.6616
0.6638
0.6632000000000001
0.677
0.6658
0.6696000000000001
0.6631999999999999
0.6719999999999999
0.6647999999999996
0.6634000000000002
0.6643999999999997
0.6703999999999997
0.6825999999999997
0.6646000000000001
0.6693999999999999
0.6724
0.6683999999999998
0.6693999999999999
0.6635999999999999
0.6685999999999998
0.6677999999999998
0.6729999999999998
0.677
0.674
0.6689999999999998
0.6653999999999999
0.6749999999999997
0.6691999999999999
0.6647999999999997
0.6711999999999998
0.669
0.6685999999999998
0.6617999999999999
0.6569999999999999
0.6677999999999998
0.6553999999999996
0.6631999999999997
0.6667999999999998
0.6686
0.6541999999999999
0.6619999999999999
0.6617999999999996
0.6656000000000003
0.6701999999999999
0.6593999999999999
0.6685999999999995
0.6603999999999998
0.6629999999999996
0.6687999999999998
0.6639999999999999
0.6612
0.6681999999999998
0.6646
0.6738000000000001
0.6611999999999996
0.6649999999999996
0.6723999999999998
0.6668000000000001
0.6661999999999996
0.6632000000000001
0.6730000000000002
0.6645999999999996
0.6700000000000002
0.6647999999999996
0.6733999999999994
0.6617999999999998
0.6673999999999997
0.6543999999999996
0.6701999999999999
0.6679999999999998
0.6643999999999999
0.6564
0.6555999999999997
0.6669999999999996
0.6671999999999998
0.6717999999999996
0.6729999999999997
0.6622
0.6648
0.6685999999999995
0.6661999999999999
0.6744
0.6648000000000001
0.6751999999999996
0.667
0.665
0.6625999999999999
0.6772
0.6717999999999996
0.6706
0.6741999999999997
0.6551999999999998
0.6595999999999996
0.6541999999999999
0.6683999999999998
0.6705999999999999
0.6609999999999997
0.6796000000000002
0.672
0.6665999999999999
0.6723999999999998
0.6664
0.6715999999999996
0.665
0.6537999999999998
0.6631999999999997
0.6512
0.6584
0.6711999999999999
0.6748000000000001
0.6493999999999996
0.682
0.6585999999999999
0.6730000000000002
0.6599999999999997
0.6552
0.6700000000000003
0.6533999999999996
0.6715999999999999
0.6696000000000002
0.6603999999999998
0.6607999999999999
0.6718
0.6631999999999997
0.6670000000000001
0.6640000000000001
0.6657999999999998
0.6666
0.6685999999999998
0.6578
0.6643999999999999
0.6589999999999998
0.6577999999999998
0.6625999999999999
0.679
0.6641999999999996
0.6614
0.6668
0.6667999999999998
0.67
0.6832
0.6577999999999997
0.6668
0.6613999999999998
0.6644
0.6673999999999998
0.6683999999999999
0.6583999999999999
0.6730000000000002
0.6744
0.6609999999999997
0.6717999999999997
0.6723999999999998
0.6696000000000001
0.6643999999999997
0.6651999999999998
0.6620000000000001
0.6602
0.6636
0.6645999999999997
0.6545999999999998
0.6555999999999998
0.6774
0.6674
0.6702000000000001
0.6709999999999998
0.6796
0.6694
0.6713999999999998
0.6591999999999999
0.6735999999999998
0.6683999999999999
0.6566
0.6620000000000004
0.6787999999999996
0.6629999999999998
0.6684000000000002
0.6736
0.6585999999999999
0.6800000000000002
0.6599999999999997
0.6718
0.6717999999999997
0.6748000000000002
0.6578
0.6758000000000004
0.6643999999999994
0.6618
0.662
0.6653999999999999
0.6681999999999999
0.6649999999999998
0.6524000000000001
0.6575999999999997
0.6673999999999997
0.6696
0.6612000000000002
0.6714
0.6611999999999999
0.6643999999999999
0.6663999999999998
0.6679999999999999
0.665
0.6695999999999996
0.666
0.6643999999999999
0.6748000000000001
0.6673999999999995
0.6605999999999999
0.6793999999999997
0.6747999999999997
0.6689999999999996
0.6557999999999999
0.6694000000000001
0.6591999999999999
0.6605999999999997
0.6689999999999998
0.6664
0.6597999999999999
0.6741999999999999
0.6736000000000001
0.6600000000000001
0.6638
0.6738000000000003
0.6705999999999996
0.6651999999999998
0.6609999999999999
0.6763999999999999
0.6688000000000001
0.6755999999999999
0.6629999999999997
0.6617999999999996
0.6701999999999999
0.6681999999999999
0.6571999999999999
0.667
0.6603999999999997
0.6601999999999997
0.6715999999999999
0.6656
0.6635999999999997
0.6747999999999998
0.6648
0.6477999999999997
0.6709999999999998
0.6582000000000002
0.6741999999999997
0.6792
0.6624
0.6649999999999998
0.6743999999999999
0.6671999999999997
0.6601999999999998
0.6648
0.6708
0.6745999999999998
0.6637999999999998
0.6653999999999999
0.6649999999999998
0.6671999999999997
0.6807999999999998
0.6735999999999998
0.6666
0.6627999999999997
0.6576000000000002
0.6625999999999996
0.6739999999999998
0.6597999999999997
0.6711999999999998
0.6615999999999999
0.6721999999999998
0.6629999999999998
0.6595999999999997
0.6666
0.6751999999999998
0.6641999999999996
0.6694
0.6568
0.6606000000000001
0.6693999999999999
0.6577999999999998
0.6654000000000001
0.6661999999999999
0.6694
0.6668000000000001
0.6641999999999997
0.6647999999999996
0.6706
0.6720000000000002
0.6609999999999998
0.6595999999999997
0.6679999999999998
0.6706
0.6757999999999998
0.6607999999999999
0.6607999999999997
0.6638000000000001
0.6669999999999999
0.6749999999999998
0.6724
0.6615999999999999
0.6637999999999998
0.6659999999999999
0.6741999999999999
0.6621999999999997
0.6816000000000001
0.6731999999999998
0.6792
0.6753999999999999
0.6707999999999998
0.6687999999999998
0.6706
0.6581999999999999
0.6780000000000002
0.6613999999999999
0.6665999999999999
0.6769999999999999
0.6683999999999994
0.6607999999999999
0.6675999999999996
0.6675999999999997
0.6753999999999997
0.6684
0.6727999999999998
0.6716
0.6701999999999997
0.6670000000000001
0.6759999999999999
0.6555999999999998
0.6786000000000001
0.6705999999999998
0.6722
0.6638000000000001
0.6643999999999997
0.6657999999999995
0.6565999999999999
0.6798000000000002
0.6627999999999998
0.6596000000000001
0.6718
0.6786
0.6655999999999996
0.6694
0.6546
0.6736
0.6593999999999999
0.6648000000000001
0.6706
0.6569999999999999
0.6703999999999997
0.6627999999999996
0.6467999999999999
0.6695999999999996
0.6649999999999996
0.6699999999999998
0.6567999999999999
0.6641999999999999
0.6602000000000002
0.6635999999999999
0.6637999999999997
0.6809999999999999
0.6673999999999998
0.6635999999999999
0.6659999999999998
0.6686000000000001
0.6664
0.6813999999999999
0.6653999999999998
0.6713999999999999
0.6539999999999998
0.6617999999999998
0.6649999999999998
0.6599999999999998
0.6712
0.6644
0.6579999999999999
0.6708000000000004
0.6603999999999998
0.6627999999999997
0.6579999999999998
0.6581999999999998
0.6634
0.6515999999999998
0.6846
0.6594
0.6663999999999999
0.6619999999999999
0.6611999999999998
0.6659999999999999
0.6775999999999999
0.6632000000000001
0.6639999999999998
0.6613999999999999
0.669
0.6619999999999997
0.6709999999999999
0.6657999999999995
0.6821999999999998
0.6499999999999996
0.6631999999999999
0.6656000000000002
0.6664
0.6689999999999999
0.6659999999999999
0.6682000000000001
0.6735999999999999
0.6550000000000001
0.6559999999999997
0.6717999999999997
0.6736000000000003
0.6805999999999998
0.6653999999999999
0.6645999999999997
0.6742000000000004
0.6659999999999998
0.6587999999999999
0.6626000000000001
0.6639999999999999
0.6655999999999996
0.6651999999999997
0.6657999999999998
0.6795999999999998
0.6653999999999999
0.6578
0.6619999999999999
0.6781999999999999
0.6583999999999999
0.6671999999999998
0.6770000000000003
0.6642000000000001
0.6681999999999998
0.6577999999999997
0.667
0.6616
0.6517999999999996
0.6719999999999999
0.6550000000000001
0.6630000000000003
0.6696
0.6672
0.6728000000000001
0.6509999999999997
0.6667999999999996
0.6658000000000002
0.6735999999999999
0.6689999999999999
0.6605999999999999
0.6615999999999996
0.6646
0.6671999999999998
0.6685999999999998
0.6717999999999997
0.6788
0.6644
0.6626000000000001
0.6571999999999999
0.6679999999999999
0.6614
0.6708
0.6734
0.6749999999999997
0.6641999999999999
0.6569999999999997
0.6669999999999996
0.6708000000000002
0.6768000000000001
0.6656000000000003
0.6581999999999997
0.6701999999999998
0.6724000000000001
0.6631999999999998
0.6687999999999998
0.6509999999999999
0.6636000000000003
0.6641999999999997
0.6709999999999994
0.6641999999999997
0.6827999999999997
0.6713999999999999
0.6681999999999998
0.6748000000000003
0.6629999999999998
0.6732
0.6701999999999999
0.6682000000000001
0.6678000000000001
0.6619999999999999
0.6699999999999997
0.66
0.6769999999999997
0.6711999999999999
0.6622
0.6675999999999999
0.6768000000000001
0.6675999999999996
0.6587999999999999
0.6581999999999999
0.6598000000000003
0.6758
0.6669999999999997
0.6649999999999996
0.6662
0.6561999999999995
0.6663999999999998
0.6557999999999997
0.6716000000000001
0.6619999999999999
0.6783999999999994
0.6722000000000002
0.6577999999999998
0.6671999999999997
0.6768
0.6545999999999996
0.6612
0.6629999999999998
0.6759999999999997
0.6523999999999996
0.6653999999999997
0.6577999999999998
0.6565999999999999
0.6492
0.6750000000000003
0.6619999999999999
0.6679999999999999
0.6735999999999999
0.662
0.6694000000000001
0.6605999999999999
0.6656
0.6654000000000001
0.6766
0.6609999999999998
0.6633999999999998
0.6539999999999999
0.6679999999999997
0.6552000000000001
0.6655999999999999
0.6744
0.6624000000000001
0.6741999999999997
0.6719999999999999
0.6641999999999997
0.6599999999999997
0.6821999999999997
0.6623999999999997
0.6627999999999997
0.6565999999999996
0.6683999999999998
0.6625999999999997
0.6701999999999999
0.6528000000000002
0.6719999999999999
0.6725999999999999
0.6643999999999995
0.6729999999999997
0.6603999999999999
0.6749999999999998
0.6596
0.6631999999999999
0.6617999999999998
0.6679999999999996
0.6725999999999998
0.6613999999999998
0.6806000000000003
0.6637999999999998
0.6565999999999995
0.6681999999999997
0.6812000000000001
0.6691999999999997
0.6658
0.6682000000000001
0.6531999999999997
0.6591999999999999
0.6665999999999999
0.6617999999999998
0.6622
0.6709999999999999
0.662
0.6656000000000002
0.6666000000000001
0.6672
0.6681999999999999
0.6611999999999998
0.6562
0.682
0.6764
0.6559999999999995
0.6701999999999998
0.6846000000000001
0.6599999999999998
0.6689999999999998
0.666
0.6598
0.6769999999999999
0.6715999999999996
0.6638000000000001
0.6708000000000002
0.6596000000000001
0.6690000000000002
0.6723999999999998
0.6666000000000001
0.6629999999999998
0.6617999999999998
0.6719999999999996
0.6585999999999999
0.6623999999999998
0.6599999999999998
0.6531999999999998
0.6617999999999999
0.6597999999999999
0.6651999999999996
0.6686000000000003
0.6619999999999999
0.6745999999999998
0.6560000000000001
0.6668000000000002
0.6697999999999997
0.6579999999999998
0.6703999999999999
0.6647999999999997
0.6587999999999999
0.6678000000000002
0.6683999999999999
0.6785999999999998
0.6537999999999998
0.6638
0.6627999999999996
0.6631999999999993
0.6703999999999999
0.6623999999999998
0.6527999999999998
0.6748000000000002
0.6656000000000003
0.6599999999999997
0.6664000000000001
0.6631999999999999
0.6596
0.6621999999999999
0.6602
0.6681999999999995
0.6705999999999999
0.6617999999999998
0.6687999999999995
0.6777999999999997
0.6557999999999998
0.6661999999999998
0.6796000000000001
0.6659999999999999
0.6605999999999997
0.6727999999999997
0.6743999999999999
0.6708
0.6713999999999999
0.6636
0.6681999999999998
0.6593999999999999
0.6679999999999997
0.6736000000000003
0.6693999999999994
0.6651999999999997
0.6629999999999999
0.6609999999999999
0.6703999999999998
0.6729999999999999
0.6557999999999998
0.6726000000000003
0.6617999999999999
0.6679999999999999
0.6556000000000002
0.6703999999999999
0.6672
0.6744000000000002
0.6709999999999998
0.6698
0.6725999999999999
0.6641999999999999
0.6619999999999995
0.6685999999999994
0.6723999999999997
0.6715999999999995
0.6601999999999998
0.6595999999999997
0.6703999999999998
0.6683999999999997
0.6504000000000001
0.6669999999999999
0.6614000000000001
0.6683999999999997
0.6524
0.6718
0.6652
0.6691999999999999
0.6615999999999999
0.6607999999999998
0.6625999999999997
0.6633999999999999
0.6515999999999997
0.6564
0.6647999999999997
0.6754000000000002
0.6658
0.6633999999999997
0.6664
0.6672
0.6587999999999998
0.6617999999999998
0.6731999999999998
0.6591999999999998
0.6721999999999997
0.6672
0.6689999999999995
0.6730000000000002
0.6696000000000001
0.6589999999999998
0.6697999999999997
0.6631999999999998
0.6735999999999999
0.6648
0.6664
0.6574
0.6747999999999996
0.6561999999999998
0.6686000000000001
0.6692
0.6599999999999997
0.67
0.6634
0.6619999999999997
0.6681999999999998
0.6646000000000001
0.6747999999999998
0.6649999999999998
0.6557999999999998
0.6489999999999996
0.6611999999999998
0.6691999999999999
0.6593999999999999
0.6725999999999999
0.6705999999999998
0.6705999999999996
0.6559999999999995
0.6563999999999998
0.6593999999999999
0.6683999999999997
0.6798000000000001
0.6609999999999998
0.6664
0.6661999999999998
0.6672000000000001
0.666
0.6686
0.6619999999999997
0.6707999999999998
0.6687999999999996
0.6598
0.6533999999999998
0.6644
0.6692
0.6639999999999998
0.6676000000000002
0.6638
0.6701999999999999
0.6587999999999995
0.6579999999999999
0.6517999999999998
0.6647999999999996
0.6595999999999996
0.6713999999999998
0.6653999999999999
0.6842
0.6691999999999997
0.6717999999999997
0.6746000000000001
0.6674000000000001
0.6660000000000003
0.6765999999999999
0.6609999999999998
0.6634
0.6747999999999996
0.6722000000000001
0.6581999999999999
0.6768
0.6649999999999998
0.6721999999999997
0.6645999999999997
0.6727999999999997
0.6707999999999997
0.6627999999999997
0.6601999999999998
0.6592
0.6769999999999996
0.6629999999999997
0.6581999999999999
0.6723999999999997
0.6613999999999999
0.6724
0.6574
0.6699999999999997
0.6686
0.6741999999999999
0.6671999999999998
0.6459999999999998
0.6668
0.6598
0.6601999999999997
0.6677999999999997
0.6598
0.6614
0.6633999999999997
0.6858000000000001
0.6827999999999997
0.6591999999999998
0.665
0.6673999999999998
0.6585999999999999
0.6772000000000001
0.6661999999999996
0.6753999999999999
0.6688
0.6688
0.6612
0.671
0.6682000000000001
0.6766
0.6677999999999998
0.6632000000000002
0.669
0.6789999999999999
0.6659999999999999
0.6687999999999996
0.6623999999999997
0.6814
0.666
0.6619999999999999
0.6681999999999999
0.6681999999999998
0.6673999999999997
0.6593999999999999
0.6711999999999999
0.6661999999999998
0.6673999999999998
0.6633999999999997
0.6665999999999995
0.6637999999999998
0.6677999999999998
0.6651999999999998
0.6719999999999996
0.6763999999999999
0.6576
0.6633999999999998
0.666
0.6672000000000001
0.6801999999999992
0.6478
0.6741999999999997
0.6707999999999997
0.6593999999999997
0.6617999999999998
0.6655999999999997
0.6689999999999999
0.6621999999999997
0.6613999999999998
0.6659999999999998
0.657
0.6527999999999996
0.6673999999999998
0.6618
0.6537999999999998
0.6587999999999998
0.6659999999999997
0.6615999999999999
0.6709999999999998
0.6580000000000001
0.6653999999999998
0.6661999999999996
0.6573999999999997
0.6739999999999999
0.6567999999999999
0.6577999999999997
0.6729999999999996
0.6699999999999993
0.6579999999999996
0.6653999999999999
0.6646
0.6709999999999999
0.6659999999999999
0.6557999999999999
0.6671999999999998
0.6639999999999998
0.6659999999999998
0.674
0.6665999999999999
0.6717999999999997
0.6601999999999998
