0.19999999999999962
0.9106000000000002
0.6452000000000001
0.7341999999999999
0.7090000000000001
0.7199999999999998
0.7035999999999997
0.7147999999999998
0.7235999999999998
0.7116000000000002
0.7175999999999999
0.7113999999999998
0.7158000000000002
0.7235999999999998
0.713
0.715
0.7196000000000001
0.7088000000000004
0.7121999999999997
0.7194000000000002
0.7192000000000003
0.7104
0.7127999999999995
0.7197999999999999
0.7049999999999997
0.7004
0.7306
0.7137999999999995
0.7066000000000003
0.7214
0.7091999999999997
0.7232000000000002
0.7168000000000003
0.7175999999999998
0.7111999999999995
0.7211999999999997
0.6957999999999999
0.7255999999999999
0.6927999999999996
0.7182000000000002
0.6936
0.7214
0.7117999999999999
0.7137999999999998
0.7021999999999999
0.7159999999999997
0.7285999999999998
0.7106000000000005
0.7153999999999999
0.7112
0.703
0.7195999999999998
0.7114000000000001
0.7111999999999997
0.7045999999999997
0.7141999999999998
0.7188000000000002
0.7205999999999999
0.7081999999999999
0.7198000000000002
0.7061999999999999
0.7227999999999998
0.7099999999999999
0.7115999999999998
0.7236000000000001
0.7084000000000001
0.7125999999999998
0.7178000000000001
0.7121999999999997
0.7162000000000001
0.7106000000000001
0.7095999999999999
0.7175999999999993
0.7120000000000001
0.7170000000000003
0.7081999999999999
0.7281999999999996
0.7127999999999995
0.7130000000000001
0.7064
0.7153999999999999
0.7088000000000001
0.7238000000000001
0.7067999999999999
0.7098
0.7084000000000001
0.7145999999999999
0.7116
0.7198
0.7157999999999999
0.7114000000000001
0.7116000000000001
0.7131999999999998
0.7061999999999997
0.7253999999999999
0.6982
0.7189999999999999
0.7043999999999998
0.7186000000000002
0.7071999999999999
0.7257999999999999
0.7117999999999999
0.7171999999999996
0.7063999999999996
0.7152000000000001
0.7042
0.7117999999999999
0.7102000000000004
0.7226000000000004
0.7033999999999998
0.7181999999999996
0.7140000000000002
0.7065999999999998
0.7154000000000003
0.7132000000000001
0.7029999999999998
0.723
0.7110000000000002
0.7241999999999998
0.7174
0.7148
0.7184
0.7160000000000002
0.7089999999999997
0.7134
0.7124000000000001
0.7127999999999994
0.7092
0.7164000000000001
0.7238000000000001
0.7065999999999998
0.7229999999999999
0.7096000000000002
0.7148000000000003
0.7073999999999999
0.7180000000000001
0.7045999999999998
0.7243999999999998
0.7062
0.7310000000000001
0.7075999999999998
0.7256
0.7083999999999997
0.7283999999999999
0.7096000000000001
0.7164
0.706
0.7169999999999999
0.6991999999999997
0.7367999999999998
0.7075999999999999
0.7181999999999998
0.7138000000000001
0.7133999999999997
0.7077999999999999
0.7095999999999999
0.7154
0.7214000000000002
0.7056000000000001
0.7220000000000002
0.7098
0.7038
0.7083999999999996
0.7271999999999998
0.7104
0.7160000000000001
0.7120000000000002
0.7176000000000003
0.7147999999999999
0.7212000000000001
0.7093999999999997
0.7188
0.7147999999999998
0.7072000000000003
0.7200000000000004
0.7121999999999998
0.7123999999999999
0.7112
0.7172000000000002
0.7109999999999996
0.7163999999999998
0.7168000000000003
0.7086000000000001
0.7182000000000001
0.7151999999999998
0.7176000000000002
0.7164000000000005
0.7162
0.727
0.7141999999999998
0.7159999999999997
0.7164000000000003
0.7157999999999997
0.7065999999999996
0.7214
0.7210000000000002
0.7142000000000001
0.7098000000000002
0.7146000000000003
0.7106
0.7125999999999998
0.7178
0.7126
0.7132
0.7175999999999999
0.7163999999999997
0.7097999999999999
0.7186000000000001
0.7147999999999999
0.7013999999999999
0.7188
0.7187999999999996
0.7128
0.7227999999999999
0.7172
0.7262000000000002
0.7047999999999996
0.7221999999999997
0.7101999999999995
0.7041999999999996
0.7284
0.7092
0.7136
0.7198
0.7116000000000001
0.7105999999999999
0.7135999999999992
0.6982
0.7175999999999998
0.7128000000000001
0.7152
0.7102
0.7276
0.7035999999999999
0.7195999999999998
0.7202
0.7129999999999994
0.7160000000000002
0.7098
0.7117999999999997
0.7112000000000002
0.7090000000000002
0.7190000000000001
0.7120000000000002
0.7195999999999997
0.7103999999999998
0.7177999999999998
0.7078
0.7164
0.7149999999999999
0.7112
0.7104000000000003
0.7208000000000001
0.7133999999999999
0.7123999999999999
0.7188000000000001
0.7092
0.7323999999999998
0.7007999999999999
0.7311999999999999
0.6953999999999998
0.7223999999999999
0.708
0.7223999999999999
0.7141999999999997
0.7105999999999999
0.7201999999999998
0.7056
0.7156000000000003
0.7182000000000004
0.715
0.7197999999999999
0.7139999999999997
0.7318000000000001
0.6961999999999996
0.7198
0.7078000000000002
0.7182
0.7033999999999995
0.7213999999999998
0.7041999999999993
0.7263999999999998
0.7077999999999994
0.7200000000000002
0.7093999999999997
0.7189999999999996
0.7008000000000001
0.7148
0.7196000000000004
0.7297999999999998
0.7110000000000004
0.7266000000000001
0.7132000000000001
0.7066000000000001
0.7162000000000002
0.7163999999999997
0.7151999999999998
0.7212000000000001
0.7073999999999999
0.7051999999999998
0.7134000000000001
0.7113999999999997
0.7091999999999998
0.7129999999999999
0.7186
0.7151999999999998
0.7181999999999998
0.7098000000000002
0.7125999999999998
0.7136000000000002
0.7127999999999999
0.7198
0.7143999999999998
0.7159999999999996
0.7141999999999998
0.7157999999999995
0.7058000000000003
0.7154000000000003
0.7162000000000002
0.7161999999999997
0.7145999999999999
0.7135999999999999
0.7202
0.7175999999999999
0.7140000000000001
0.7081999999999999
0.7159999999999996
0.7071999999999999
0.7096000000000002
0.7241999999999996
0.7067999999999998
0.7206
0.7125999999999997
0.7185999999999999
0.7149999999999999
0.7150000000000002
0.7247999999999999
0.7037999999999998
0.7241999999999996
0.7198
0.7035999999999999
0.7231999999999995
0.7067999999999999
0.7156
0.7232000000000001
0.7081999999999999
0.7084
0.7078000000000002
0.7136
0.7158000000000001
0.6992
0.7263999999999998
0.7094
0.7206000000000001
0.716
0.7021999999999998
0.7170000000000001
0.7123999999999998
0.7103999999999996
0.7116
0.7062
0.7153999999999999
0.7133999999999997
0.7153999999999998
0.7180000000000001
0.7090000000000001
0.7051999999999997
0.7277999999999999
0.7173999999999997
0.7131999999999996
0.7194000000000002
0.7064
0.7114000000000001
0.7115999999999997
0.7198000000000002
0.7202000000000003
0.7137999999999998
0.7210000000000002
0.709
0.72
0.7038
0.7198000000000003
0.7024000000000002
0.7156
0.7114
0.7127999999999999
0.7213999999999996
0.7030000000000003
0.7114
0.7106000000000001
0.7113999999999996
0.7243999999999998
0.7023999999999999
0.7198000000000002
0.7180000000000003
0.7106000000000003
0.7183999999999997
0.7074000000000001
0.7146000000000003
0.7124000000000001
0.7145999999999998
0.7106000000000001
0.7164000000000001
0.7228000000000001
0.7023999999999998
0.7078
0.7215999999999997
0.705
0.7261999999999996
0.7116
0.723
0.7038
0.7173999999999997
0.7108000000000003
0.7157999999999999
0.7111999999999997
0.7142000000000002
0.7201999999999997
0.7095999999999999
0.7069999999999996
0.7228
0.7142000000000002
0.7166
0.7119999999999999
0.7111999999999996
0.7181999999999998
0.7168000000000002
0.7072000000000003
0.7092000000000002
0.7232000000000004
0.7144000000000001
0.7194000000000002
0.7079999999999997
0.7138000000000002
0.7158
0.7206000000000001
0.7117999999999999
0.7133999999999997
0.7148
0.7171999999999996
0.7119999999999996
0.7207999999999999
0.7231999999999995
0.7203999999999999
0.703
0.7149999999999997
0.7074000000000004
0.7182000000000001
0.7152000000000001
0.7124000000000001
0.7274000000000004
0.7120000000000001
0.7095999999999999
0.7052
0.7173999999999999
0.7191999999999998
0.7192000000000003
0.7117999999999998
0.7208
0.7048000000000001
0.7193999999999998
0.7091999999999997
0.7170000000000001
0.7078
0.7106000000000001
0.7209999999999998
0.7151999999999997
0.7138000000000002
0.7123999999999999
0.7185999999999999
0.7110000000000001
0.7143999999999998
0.7156000000000005
0.7187999999999997
0.7073999999999999
0.7138
0.7081999999999999
0.7185999999999997
0.7094000000000001
0.7110000000000001
0.7163999999999997
0.7202000000000001
0.7197999999999999
0.7092
0.7177999999999998
0.7120000000000002
0.7170000000000001
0.715
0.7096000000000002
0.7106000000000001
0.7219999999999999
0.7100000000000003
0.7298
0.7069999999999999
0.7250000000000003
0.7108000000000001
0.7190000000000001
0.7136000000000002
0.7142000000000001
0.7177999999999995
0.7131999999999998
0.7076
0.7157999999999999
0.7225999999999999
0.7064
0.7222000000000002
0.7148
0.7061999999999999
0.7144000000000001
0.7050000000000002
0.7228000000000001
0.7073999999999998
0.7175999999999998
0.7058000000000001
0.7176000000000003
0.7078000000000003
0.7118000000000002
0.7133999999999999
0.723
0.711
0.7203999999999998
0.7184000000000004
0.7121999999999999
0.7106
0.7178000000000001
0.714
0.7162000000000001
0.7001999999999999
0.7293999999999999
0.7066
0.7062000000000002
0.7149999999999999
0.7107999999999999
0.7033999999999998
0.7143999999999999
0.7136
0.7188000000000001
0.7058000000000001
0.7143999999999997
0.7134000000000004
0.7222
0.7140000000000002
0.7080000000000003
0.7150000000000002
0.7226000000000002
0.7062
0.7225999999999999
0.7097999999999998
0.7197999999999999
0.7071999999999999
0.7188000000000003
0.7129999999999999
0.7167999999999999
0.7178
0.7144000000000003
0.7122000000000002
0.7149999999999999
0.7188000000000001
0.7188
0.7216000000000004
0.7121999999999998
0.7190000000000002
0.7028000000000002
0.7256000000000001
0.7045999999999999
0.713
0.7146000000000001
0.7156
0.7054
0.7143999999999998
0.7267999999999999
0.7051999999999998
0.7227999999999999
0.7124000000000003
0.7190000000000002
0.713
0.7099999999999995
0.7211999999999997
0.703
0.7272
0.7013999999999999
0.7271999999999998
0.7165999999999997
0.7116000000000001
0.7063999999999997
0.7242000000000001
0.7107999999999999
0.7153999999999996
0.7218000000000001
0.7217999999999997
0.7089999999999997
0.7165999999999997
0.7060000000000002
0.7127999999999999
0.7178000000000003
0.6993999999999998
0.7048000000000001
0.7170000000000001
0.709
0.7129999999999999
0.7125999999999999
0.7098000000000002
0.7229999999999996
0.7194000000000002
0.7124000000000001
0.7148000000000002
0.7185999999999997
0.7065999999999997
0.7121999999999997
0.7172
0.7071999999999998
0.7213999999999997
0.7126
0.7196000000000004
0.7194000000000002
0.7105999999999999
0.7178
0.7160000000000004
0.7126
0.7221999999999997
0.7118000000000002
0.7125999999999999
0.7221999999999998
0.7046000000000003
0.7053999999999998
0.7263999999999997
0.7138
0.7216
0.7167999999999999
0.7142000000000001
0.7143999999999998
0.7216
0.7082000000000002
0.7055999999999998
0.7262000000000002
0.6994000000000001
0.7291999999999997
0.7061999999999996
0.7212
0.7061999999999999
0.7210000000000001
0.7049999999999997
0.71
0.7092000000000003
0.7212000000000001
0.7176000000000002
0.7100000000000002
0.7070000000000001
0.7197999999999994
0.7146000000000002
0.7096000000000001
0.7148000000000003
0.7129999999999995
0.7122000000000002
0.7177999999999998
0.7145999999999998
0.7116
0.7133999999999997
0.7066000000000001
0.7147999999999994
0.7164
0.7159999999999997
0.7088
0.7123999999999998
0.7135999999999997
0.7114
0.7112
0.7166000000000002
0.6999999999999996
0.7255999999999999
0.7043999999999998
0.7118000000000001
0.7219999999999998
0.7016000000000001
0.7293999999999998
0.7126
0.7142000000000003
0.7109999999999999
0.7173999999999997
0.711
0.7120000000000001
0.7134000000000001
0.7098
0.7081999999999999
0.7193999999999998
0.7194000000000002
0.7162000000000001
0.7128
0.7221999999999997
0.7061999999999999
0.7201999999999998
0.7167999999999999
0.7175999999999996
0.7171999999999998
0.705
0.7218000000000003
0.7083999999999999
0.7197999999999999
0.7178000000000001
0.7167999999999998
0.7206000000000001
0.7190000000000002
0.7203999999999999
0.7119999999999999
0.7297999999999998
0.7108
0.7160000000000002
0.7115999999999998
0.7128
0.7184
0.7266000000000001
0.7045999999999998
0.7123999999999997
0.7105999999999999
0.7216
0.7153999999999998
0.7146000000000001
0.7207999999999999
0.7061999999999999
0.7174
0.7154000000000003
0.7161999999999997
0.7222000000000002
0.7027999999999999
0.7217999999999999
0.7098000000000002
0.7142000000000002
0.7172
0.7152
0.7038000000000001
0.7147999999999999
0.7302
0.7012
0.7129999999999999
0.715
0.7163999999999998
0.7169999999999999
0.7105999999999999
0.7129999999999999
0.7240000000000002
0.6984
0.7171999999999996
0.7184000000000004
0.7065999999999995
0.7125999999999997
0.7083999999999997
0.7201999999999995
0.7121999999999998
0.7257999999999997
0.7094000000000001
0.7099999999999999
0.7103999999999995
0.7174000000000003
0.7206000000000004
0.7091999999999997
0.7207999999999999
0.7181999999999998
0.7101999999999998
0.7208000000000002
0.7101999999999997
0.7269999999999998
0.7103999999999999
0.7178000000000001
0.7139999999999996
0.7132
0.7096000000000001
0.7097999999999998
0.7119999999999999
0.7138
0.7222000000000002
0.7180000000000003
0.7174000000000003
0.7099999999999999
0.7211999999999997
0.7111999999999996
0.7113999999999997
0.7108000000000001
0.7207999999999997
0.7118000000000001
0.7158
0.7072000000000002
0.7144000000000001
0.7108000000000003
0.7212000000000002
0.7129999999999996
0.7142000000000001
0.7121999999999998
0.715
0.7083999999999999
0.7133999999999997
0.7205999999999995
0.7110000000000001
0.7067999999999999
0.713
0.7185999999999996
0.7076
0.7192000000000001
0.7137999999999997
0.7128
0.7247999999999999
0.6996000000000001
0.7195999999999998
0.7207999999999999
0.7193999999999999
0.7093999999999998
0.7077999999999999
0.7163999999999998
0.7171999999999998
0.7088000000000002
0.7127999999999998
0.7121999999999997
0.7232000000000005
0.711
0.7238000000000001
0.7079999999999999
0.7137999999999998
0.7117999999999999
0.7094
0.7157999999999999
0.7088000000000001
0.7151999999999998
0.7110000000000001
0.7203999999999999
0.7069999999999997
0.7049999999999997
0.7176
0.7227999999999999
0.7017999999999998
0.7248
0.6920000000000002
0.7195999999999998
0.718
0.7183999999999997
0.7054000000000004
0.727
0.7092000000000002
0.7121999999999997
0.7117999999999999
0.7189999999999998
0.6969999999999998
0.7227999999999999
0.7137999999999998
0.7128
0.7222000000000002
0.7133999999999997
0.7159999999999997
0.7198
0.7116
0.7195999999999998
0.7180000000000003
0.7255999999999999
0.7189999999999999
0.7088
0.7238000000000001
0.7078000000000002
0.71
0.7143999999999999
0.7182
0.7099999999999999
0.7104000000000003
0.7242000000000001
0.7095999999999997
0.7188000000000001
0.7148000000000003
0.7095999999999999
0.7255999999999997
0.7025999999999999
0.7101999999999998
0.7212000000000001
0.7075999999999997
0.7217999999999999
0.713
0.7208000000000002
0.7001999999999998
0.7167999999999998
0.7194000000000002
0.7142000000000002
0.7128
0.7147999999999998
0.7118000000000001
0.7069999999999997
0.7169999999999999
0.7264000000000002
0.7192000000000004
0.7176
0.7042000000000002
0.7164
0.7138000000000002
0.7183999999999999
0.7225999999999998
0.7061999999999997
0.7143999999999998
0.7105999999999998
0.7093999999999998
0.7011999999999996
0.7099999999999997
0.7242000000000002
0.7051999999999997
0.7186
0.7088
0.7230000000000001
0.7188000000000003
0.7095999999999998
0.7180000000000001
0.7129999999999996
0.7103999999999999
0.7158
0.6985999999999999
0.7275999999999999
0.7097999999999999
0.7162
0.7084
0.7102
0.7223999999999999
0.7171999999999996
0.7166000000000001
0.7061999999999999
0.7193999999999998
0.7152000000000001
0.7147999999999997
0.7134000000000001
0.7133999999999996
0.7183999999999997
0.7150000000000002
0.7169999999999999
0.7086
0.7140000000000001
0.7244000000000002
0.7130000000000003
0.7141999999999996
0.7138
0.7030000000000001
0.7226
0.7136
0.7129999999999999
0.7076000000000002
0.7028
0.7232000000000001
0.7116000000000002
0.7296
0.6997999999999998
0.7282000000000002
0.7085999999999999
0.7140000000000001
0.7239999999999999
0.6968000000000002
0.7207999999999999
0.7061999999999997
0.7169999999999997
0.7146000000000001
0.7111999999999999
0.7361999999999999
0.7105999999999996
0.7187999999999997
0.7086
0.7132
0.7138
0.7107999999999999
0.7137999999999997
0.7091999999999997
0.7164
0.7147999999999994
0.7053999999999999
0.7145999999999997
0.7131999999999998
0.7186000000000001
0.7047999999999999
0.7246000000000002
0.7030000000000001
0.7232
0.7062000000000002
0.7182000000000001
0.7112000000000002
0.7115999999999997
0.7209999999999998
0.7147999999999998
0.7125999999999998
0.7208
0.7146000000000003
0.7149999999999997
0.7149999999999999
0.7152000000000004
0.727
0.7132000000000001
0.711
0.7164000000000003
0.7182000000000001
0.7111999999999999
0.7250000000000003
0.7081999999999995
0.7116
0.7203999999999996
0.7170000000000001
0.7145999999999997
0.7241999999999997
0.7041999999999997
0.7036000000000001
0.7274
0.7056000000000003
0.7143999999999998
