0.19999999999999962
0.9792199999999995
0.9024400000000006
0.9107600000000003
0.9084600000000005
0.9093200000000005
0.9083400000000005
0.9077000000000005
0.9091200000000005
0.9115600000000006
0.9086000000000009
0.9084200000000006
0.9105200000000008
0.9088800000000006
0.90828
0.9099200000000007
0.9095000000000008
0.9069800000000003
0.9094400000000001
0.9120600000000008
0.9080600000000001
0.9074800000000001
0.9076600000000005
0.9121400000000002
0.9116800000000002
0.9070400000000001
0.9092800000000001
0.9081200000000003
0.9109200000000007
0.9089200000000006
0.9086400000000009
0.9087200000000004
0.9098600000000003
0.9085800000000006
0.9109200000000005
0.9089399999999999
0.9083200000000001
0.9110400000000003
0.90582
0.9081600000000006
0.9123600000000001
0.9081000000000006
0.9093000000000002
0.9092000000000006
0.9087000000000001
0.9095400000000005
0.9087800000000001
0.9110200000000002
0.9087000000000005
0.9082600000000006
0.9124000000000007
0.9093399999999998
0.9063600000000007
0.9107200000000009
0.9123399999999999
0.90776
0.9088600000000001
0.909620000000001
0.9098800000000002
0.9097200000000002
0.9089400000000001
0.90944
0.9108600000000002
0.9050800000000003
0.9111600000000005
0.90814
0.9085800000000003
0.9079600000000008
0.9091800000000003
0.9123000000000004
0.9071400000000008
0.9115000000000005
0.90902
0.9079400000000006
0.90986
0.9064800000000001
0.90982
0.9095800000000007
0.9091000000000002
0.9092000000000003
0.9085600000000005
0.9111600000000004
0.9084000000000004
0.9101600000000003
0.90856
0.9057000000000004
0.9109800000000002
0.9086400000000006
0.9075600000000003
0.9098800000000005
0.9105
0.9100400000000003
0.9093400000000004
0.9116800000000008
0.9109400000000005
0.9078200000000001
0.9086400000000002
0.9083800000000002
0.90858
0.9104200000000007
0.9088600000000003
0.9080800000000003
0.9102400000000003
0.9074800000000003
0.9103200000000006
0.9092200000000006
0.9081000000000006
0.9106400000000002
0.9092600000000001
0.9087200000000002
0.9108000000000003
0.9092000000000003
0.9074600000000007
0.9096199999999999
0.9082600000000004
0.9086800000000005
0.9103000000000003
0.9093000000000003
0.9105800000000002
0.9108200000000002
0.9102000000000006
0.9064800000000003
0.907500000000001
0.9090600000000005
0.9085600000000005
0.9085400000000005
0.9097800000000003
0.9078600000000006
0.9118399999999997
0.9083200000000003
0.9118400000000007
0.9074200000000004
0.9073000000000003
0.9082200000000006
0.9098400000000004
0.9088399999999999
0.9102400000000006
0.9083000000000006
0.90744
0.9112600000000005
0.9093400000000003
0.9085600000000008
0.9103800000000006
0.9106000000000004
0.9087400000000005
0.9080599999999999
0.9114000000000009
0.9086000000000004
0.9063200000000005
0.9103800000000005
0.9088200000000001
0.9098400000000001
0.9102200000000005
0.9110800000000004
0.9102000000000006
0.9067399999999999
0.9101600000000003
0.9086200000000004
0.9097400000000008
0.9064600000000005
0.9081000000000004
0.9081200000000004
0.9063200000000005
0.9104600000000002
0.9093600000000005
0.9111800000000005
0.9090000000000005
0.90872
0.9094200000000005
0.9086000000000003
0.90968
0.9091400000000007
0.9107999999999999
0.9093600000000004
0.9091400000000001
0.9085600000000004
0.9093400000000004
0.9083800000000004
0.9079600000000002
0.9067800000000003
0.90814
0.9099600000000001
0.9097200000000004
0.9085400000000006
0.9108400000000008
0.9089
0.9091000000000008
0.9095400000000008
0.9101800000000004
0.9082000000000001
0.9087800000000001
0.9085400000000002
0.9086000000000005
0.9077800000000005
0.9090200000000002
0.9097000000000004
0.9092200000000007
0.90782
0.911180000000001
0.9088200000000006
0.9095600000000001
0.9089400000000002
0.9105400000000003
0.9100800000000001
0.9077400000000003
0.9094000000000005
0.9117600000000009
0.9076800000000007
0.9092000000000005
0.91092
0.9076000000000007
0.9086799999999998
0.9101400000000003
0.9085999999999999
0.9090600000000003
0.9109000000000005
0.9098400000000002
0.9063000000000007
0.9084600000000006
0.9088600000000003
0.9071400000000004
0.9103400000000001
0.9080999999999999
0.9083400000000001
0.9100000000000008
0.9081600000000003
0.9095000000000004
0.9094399999999997
0.9086199999999998
0.9075199999999998
0.9083000000000004
0.9082400000000004
0.9087600000000003
0.9082600000000004
0.9068000000000005
0.9108200000000005
0.9083000000000002
0.9104000000000003
0.9092399999999999
0.9082799999999999
0.9083000000000004
0.9094800000000005
0.9085200000000007
0.9095600000000005
0.9093000000000002
0.9078800000000008
0.9090200000000002
0.9072600000000005
0.9088
0.9102600000000004
0.9086400000000003
0.9096600000000005
0.9091800000000001
0.9083800000000002
0.90746
0.9086400000000008
0.9089200000000003
0.9074600000000007
0.9085200000000004
0.9100000000000003
0.9083000000000002
0.9076599999999999
0.9082399999999999
0.9102800000000006
0.9097400000000003
0.9077200000000005
0.9090600000000001
0.9095399999999998
0.9085599999999999
0.9108600000000004
0.9103400000000001
0.9081400000000002
0.9081800000000005
0.9090800000000008
0.9068600000000002
0.9102800000000003
0.9080199999999999
0.9104400000000001
0.9069600000000002
0.90868
0.9068200000000002
0.9093400000000004
0.9112800000000003
0.9068600000000004
0.91034
0.9086800000000004
0.9102200000000003
0.9082000000000007
0.9087800000000003
0.9092600000000002
0.90892
0.9106200000000005
0.9087400000000002
0.9082000000000003
0.9085000000000001
0.9088600000000006
0.9094000000000004
0.9114800000000004
0.9066799999999999
0.9063000000000002
0.9091600000000006
0.9083800000000001
0.9108600000000002
0.9090399999999996
0.9094999999999999
0.9097600000000006
0.9112800000000001
0.9092599999999997
0.9062400000000004
0.9094200000000001
0.9084200000000001
0.9110800000000003
0.9098600000000004
0.9073800000000002
0.9094800000000005
0.9075400000000003
0.9090400000000006
0.9104000000000002
0.9068799999999999
0.9103800000000006
0.9099800000000003
0.9102000000000002
0.9089800000000006
0.9085000000000005
0.9116199999999998
0.9082000000000002
0.9093000000000003
0.9098400000000004
0.90742
0.90988
0.9095600000000006
0.9088600000000006
0.9086000000000003
0.9090600000000002
0.9084600000000005
0.908160000000001
0.9115000000000003
0.9116400000000001
0.9107200000000004
0.9074200000000006
0.9070800000000002
0.9093800000000007
0.9083600000000003
0.9083400000000007
0.9097400000000004
0.9104400000000002
0.9101200000000003
0.910620000000001
0.90984
0.9098600000000002
0.9090800000000001
0.9086200000000005
0.91184
0.9098800000000001
0.9110800000000004
0.9088400000000004
0.9093600000000001
0.9097600000000005
0.9118000000000004
0.907220000000001
0.9109400000000005
0.9079400000000005
0.9075400000000005
0.9087800000000005
0.9067800000000003
0.9103800000000003
0.9072200000000009
0.9070200000000006
0.9085000000000001
0.9076800000000002
0.9098200000000003
0.9077200000000005
0.9087000000000002
0.9098200000000007
0.910540000000001
0.9081000000000004
0.9074000000000004
0.9094600000000004
0.9086000000000004
0.9123200000000006
0.9087200000000002
0.9095600000000005
0.9086000000000005
0.9093000000000004
0.9101600000000001
0.9082200000000001
0.9080800000000004
0.9099200000000003
0.9066000000000003
0.9098000000000002
0.9106400000000007
0.9066800000000005
0.9101400000000003
0.9094200000000001
0.9099400000000004
0.9081600000000002
0.91062
0.9087200000000007
0.9083600000000003
0.9094000000000007
0.9104800000000003
0.9093400000000003
0.9098000000000003
0.9103400000000004
0.9077000000000001
0.9082200000000001
0.9099800000000002
0.91026
0.9104600000000004
0.9086600000000005
0.9089400000000003
0.9092000000000006
0.9091000000000001
0.9090800000000001
0.9076200000000005
0.9078000000000002
0.9083400000000006
0.9077000000000003
0.9088000000000003
0.9100600000000003
0.9085800000000002
0.9092400000000004
0.9086200000000002
0.9102600000000005
0.9079200000000003
0.9090200000000003
0.9100800000000002
0.9093800000000006
0.9089000000000002
0.9090400000000005
0.9106400000000003
0.9088400000000004
0.9102600000000001
0.90766
0.9108400000000004
0.9081199999999999
0.90982
0.9089400000000003
0.9102800000000002
0.9084000000000004
0.9092000000000003
0.9137800000000005
0.9083400000000001
0.90944
0.9084000000000003
0.9097200000000002
0.9087000000000005
0.9081600000000004
0.9084800000000003
0.9079000000000004
0.9093000000000001
0.9078000000000004
0.9125600000000005
0.9071400000000004
0.90986
0.9095200000000007
0.9088000000000007
0.9083000000000006
0.9094200000000002
0.9084600000000003
0.9094200000000007
0.9093000000000009
0.9096400000000004
0.9087400000000003
0.9078600000000004
0.9082200000000001
0.9094800000000007
0.9093600000000002
0.9121000000000007
0.9096000000000004
0.9081600000000007
0.9086200000000001
0.9101600000000005
0.9075000000000008
0.9091000000000009
0.9104200000000003
0.9106200000000002
0.9093600000000002
0.9081600000000001
0.9080200000000002
0.9081200000000004
0.9075800000000003
0.91022
0.9087000000000003
0.9089400000000006
0.9079400000000005
0.9088000000000007
0.9100800000000002
0.9094800000000006
0.9096800000000002
0.9085200000000004
0.9110000000000003
0.9115400000000003
0.9085600000000005
0.9088999999999998
0.9073400000000008
0.909400000000001
0.9093600000000005
0.9089199999999998
0.9079999999999999
0.9091800000000003
0.9084200000000009
0.9096400000000004
0.9069400000000003
0.9096400000000002
0.9097600000000006
0.9081200000000004
0.9083400000000005
0.9079200000000006
0.9114
0.9072800000000002
0.9111600000000005
0.9083000000000006
0.9058000000000003
0.9112200000000007
0.9080000000000001
0.9100200000000008
0.9092800000000006
0.9060800000000008
0.9072000000000002
0.9061000000000005
0.9081200000000003
0.9078800000000004
0.9097000000000003
0.9100799999999998
0.9092800000000003
0.9109800000000005
0.9072800000000005
0.9079400000000005
0.9096200000000003
0.9085800000000007
0.9081600000000001
0.9086399999999994
0.90856
0.9116600000000006
0.9083600000000004
0.91116
0.9079600000000003
0.9105600000000001
0.9080200000000006
0.9101400000000005
0.90714
0.9103800000000005
0.9097400000000002
0.9090600000000003
0.9079400000000004
0.9087400000000007
0.9112599999999997
0.90876
0.9091200000000004
0.9095600000000004
0.9065200000000003
0.9092600000000003
0.9094999999999999
0.9100000000000006
0.9098200000000003
0.9096200000000003
0.9079800000000003
0.9086200000000008
0.9108400000000002
0.9087000000000005
0.9073400000000007
0.9109200000000008
0.9089200000000003
0.9088400000000008
0.9097400000000002
0.9104200000000005
0.9088200000000006
0.9092400000000005
0.9068200000000006
0.9094800000000004
0.9095400000000002
0.9104000000000003
0.9112200000000005
0.9090600000000006
0.9086200000000002
0.9115000000000002
0.9083000000000002
0.9084800000000002
0.9069200000000004
0.9071400000000005
0.9106800000000003
0.9114200000000007
0.9099200000000001
0.9067800000000003
0.9086000000000003
0.90974
0.9082600000000002
0.9108000000000005
0.9118800000000009
0.9116
0.9064600000000005
0.9105200000000004
0.9075800000000003
0.9089200000000003
0.9074800000000002
0.9080200000000006
0.9102400000000003
0.9106600000000004
0.9092400000000004
0.9083200000000007
0.91148
0.9098999999999999
0.9057800000000001
0.9091400000000002
0.9094800000000007
0.9084800000000003
0.9075400000000003
0.9090200000000008
0.9092800000000003
0.9094399999999999
0.9094200000000001
0.9080400000000003
0.9083400000000007
0.9089800000000007
0.90714
0.9107600000000001
0.9096000000000002
0.9067200000000003
0.9094600000000002
0.9106400000000002
0.9066000000000004
0.9073000000000003
0.9090000000000005
0.9091800000000007
0.9076400000000006
0.9109400000000004
0.9120600000000003
0.9097200000000006
0.9080600000000006
0.9082800000000006
0.9111800000000001
0.9096400000000006
0.9079999999999999
0.9091800000000009
0.9073000000000008
0.9092000000000003
0.9084800000000004
0.9087200000000003
0.9093800000000004
0.9118
0.9071000000000002
0.9089200000000001
0.9115200000000009
0.9097200000000001
0.9074800000000005
0.9097000000000003
0.9080800000000003
0.9085200000000003
0.9056000000000004
0.9098999999999998
0.9074800000000005
0.9085000000000002
0.9089000000000005
0.9051000000000002
0.9101200000000003
0.9092600000000002
0.9087800000000001
0.9113400000000005
0.9105600000000008
0.90628
0.9107800000000007
0.9120600000000004
0.9073200000000006
0.9076000000000002
0.9082600000000007
0.9094600000000007
0.9101400000000005
0.9096800000000003
0.9102400000000002
0.9064400000000005
0.9082600000000001
0.9083000000000007
0.9075600000000003
0.9081400000000005
0.9091600000000004
0.9076800000000005
0.9070600000000006
0.9101800000000005
0.9085200000000003
0.9064400000000004
0.9085400000000002
0.90854
0.9093800000000004
0.9091600000000005
0.9071199999999999
0.91196
0.9109000000000006
0.9073
0.9068600000000003
0.9093400000000007
0.9115000000000002
0.9085200000000008
0.9101000000000008
0.9125199999999998
0.9097800000000005
0.9087999999999997
0.9092400000000005
0.9092000000000005
0.9083800000000005
0.9085200000000002
0.9090800000000004
0.9100000000000001
0.9092000000000003
0.9101999999999997
0.9104000000000003
0.9098599999999999
0.9077400000000003
0.9092000000000003
0.9084200000000009
0.9079799999999999
0.9090800000000003
0.9083799999999997
0.9090600000000005
0.9087200000000003
0.9088400000000004
0.9084000000000003
0.9092600000000004
0.9088200000000002
0.90766
0.9094600000000002
0.9093600000000005
0.9092600000000012
0.9098000000000003
0.90936
0.9084000000000007
0.9079200000000004
0.9089800000000002
0.9077200000000003
0.9102000000000003
0.9078800000000008
0.9102400000000003
0.9095000000000006
0.9092600000000004
0.9115200000000006
0.9082200000000004
0.9093400000000006
0.9078800000000004
0.9092800000000005
0.9107399999999999
0.9090200000000006
0.9094400000000005
0.9068400000000005
0.9097000000000008
0.9087
0.9091800000000003
0.9093600000000004
0.9090800000000003
0.9084200000000004
0.9105000000000006
0.9093800000000003
0.9093000000000003
0.9098000000000006
0.9081000000000004
0.9067800000000007
0.91116
0.9079000000000006
0.9116000000000001
0.9091599999999999
0.9109200000000005
0.9078400000000002
0.90962
0.9109600000000009
0.9077600000000006
0.9073800000000003
0.9112200000000006
0.9100600000000003
0.9100600000000001
0.9080199999999999
0.9092000000000006
0.9103800000000001
0.9088400000000005
0.9103000000000004
0.9082200000000006
0.9085600000000005
0.9076000000000002
0.9102000000000006
0.9121400000000004
0.9097400000000008
0.9087600000000003
0.9112200000000006
0.9090600000000003
0.9098600000000002
0.9093000000000003
0.91104
0.9088200000000007
0.9076200000000005
0.9087200000000003
0.9089400000000006
0.9098200000000003
0.9111400000000001
0.91042
0.9100800000000003
0.9085800000000003
0.9088600000000008
0.9080800000000008
0.9097200000000006
0.9074600000000004
0.9080400000000006
0.9087400000000005
0.9078000000000006
0.91126
0.9075600000000003
0.9097400000000003
0.9086400000000002
0.9087200000000007
0.90856
0.9107000000000004
0.9076400000000006
0.9102000000000003
0.9067200000000003
0.9096000000000006
0.9083000000000006
0.9086800000000003
0.9088000000000007
0.9105200000000007
0.9114800000000004
0.9113800000000006
0.9090200000000004
0.9104800000000004
0.9093600000000004
0.9079600000000003
0.9087200000000003
0.9090400000000005
0.90908
0.9085799999999997
0.9106200000000001
0.9084800000000012
0.9090800000000006
0.9093600000000004
0.9121200000000007
0.9076600000000005
0.9077600000000006
0.9088800000000002
0.9078200000000005
0.9084800000000002
0.9108399999999999
0.9075400000000005
0.9117000000000007
0.9069000000000008
0.90956
0.9114800000000003
0.9100000000000003
0.9075000000000003
0.9087600000000003
0.9100200000000005
0.9100600000000004
0.9085600000000003
0.9109400000000005
0.9097400000000007
0.9100400000000003
0.9082400000000003
0.9110000000000004
0.9092800000000003
0.9083800000000002
0.9107400000000002
0.9113600000000003
0.9094200000000002
0.9087600000000003
0.9080000000000001
0.9096600000000007
0.9107200000000003
0.9058800000000002
0.9113199999999999
0.9083200000000002
0.9075600000000007
0.9117600000000001
0.9092000000000005
0.9098600000000003
0.9073800000000003
0.9078400000000005
0.9100800000000002
0.9061800000000001
0.9094800000000006
0.9089200000000001
0.9092199999999999
0.9090400000000003
0.9104200000000001
0.9064800000000006
0.9095000000000009
0.9076800000000002
0.9105200000000004
0.9087600000000006
0.91196
0.9091400000000007
0.9074400000000002
0.91268
0.9091200000000006
0.9108600000000006
0.9096400000000002
0.9094400000000005
0.9081200000000004
0.9098400000000005
0.9081400000000001
0.9108000000000005
0.908740000000001
0.9094400000000007
0.9093200000000005
0.9091400000000001
0.9105800000000002
0.9109800000000005
0.9096600000000007
0.9087200000000002
0.9078800000000006
0.9084600000000003
0.9083800000000007
0.9063600000000008
0.9096800000000006
0.9073000000000002
0.9054800000000004
0.9078000000000007
0.9103200000000006
0.9096200000000003
0.90932
0.9063800000000001
0.91128
0.9076200000000008
0.90754
0.9111600000000003
0.9092600000000003
0.9119000000000004
0.9103
0.9099000000000004
0.9079000000000008
0.9084
0.9098600000000009
0.9093800000000001
0.9089200000000006
0.9080800000000007
0.9064000000000008
0.9112800000000003
0.9076000000000001
0.90872
0.9088600000000007
0.9093800000000001
0.90886
0.9116200000000002
0.9103399999999999
0.9093800000000003
0.9081600000000004
0.9107600000000003
0.9101400000000004
0.9095400000000005
0.907540000000001
0.9089400000000002
0.9087200000000004
0.9108600000000006
0.9084400000000001
0.9091
0.9095600000000001
0.9088200000000005
0.9073600000000003
0.9099200000000003
0.9079000000000008
0.9087400000000001
0.9086000000000005
0.9102000000000003
0.9091800000000005
0.9093200000000006
0.9073400000000005
0.9103600000000002
0.9108200000000004
0.9086800000000003
0.9108200000000005
0.9092400000000006
0.9077800000000006
0.9097800000000003
0.9095600000000006
0.9101800000000001
0.9095000000000002
0.9091200000000004
0.91172
0.9103000000000008
0.9069600000000004
0.9103800000000001
0.9086000000000005
0.9093000000000002
0.9103400000000005
0.9086400000000002
0.9099800000000005
0.9083000000000002
0.9104000000000003
0.9099800000000005
0.9097000000000002
0.9098200000000003
0.9075200000000007
0.9087600000000003
0.9101800000000004
0.9107000000000002
0.9079800000000003
0.9101200000000003
0.9081400000000004
0.9089600000000004
0.9095000000000004
0.9112200000000006
0.9074800000000002
0.9102600000000004
0.9096000000000001
0.9081200000000001
0.9092800000000003
