0.19999999999999962
0.09477999999999995
0.09147999999999996
0.07501999999999995
0.07639999999999994
0.07073999999999998
0.07377999999999997
0.06851999999999997
0.07233999999999993
0.06715999999999998
0.07153999999999998
0.0678
0.06915999999999999
0.06607999999999997
0.06725999999999997
0.06773999999999997
0.06895999999999997
0.06743999999999997
0.06859999999999995
0.06809999999999997
0.06963999999999998
0.06893999999999997
0.06566
0.06723999999999997
0.06802
0.06945999999999998
0.06997999999999999
0.07039999999999998
0.07019999999999996
0.06979999999999995
0.06781999999999998
0.06857999999999997
0.06937999999999993
0.06858
0.06729999999999996
0.06837999999999998
0.06855999999999997
0.06827999999999998
0.06841999999999998
0.07036
0.07053999999999996
0.07206
0.06966
0.07143999999999996
0.06969999999999997
0.06931999999999994
0.06974
0.07264
0.06973999999999995
0.07147999999999999
0.07061999999999999
0.07199999999999998
0.06987999999999998
0.07075999999999999
0.06833999999999996
0.07049999999999997
0.07041999999999998
0.06965999999999996
0.06883999999999997
0.07017999999999996
0.07017999999999999
0.06866000000000001
0.06737999999999994
0.07017999999999998
0.06815999999999996
0.06811999999999996
0.06953999999999996
0.06759999999999997
0.06590000000000001
0.06797999999999998
0.06745999999999999
0.07093999999999999
0.06577999999999999
0.06937999999999997
0.06825999999999997
0.07009999999999997
0.06969999999999998
0.06893999999999996
0.06798000000000001
0.06853999999999998
0.06933999999999997
0.06709999999999998
0.06889999999999998
0.06636
0.06627999999999998
0.06657999999999994
0.06971999999999996
0.06795999999999996
0.06837999999999997
0.06721999999999997
0.06573999999999997
0.06675999999999996
0.06825999999999997
0.06617999999999999
0.06511999999999998
0.06705999999999998
0.06568
0.06689999999999996
0.06471999999999996
0.06679999999999998
0.06843999999999999
0.06769999999999997
0.06807999999999996
0.06755999999999998
0.06671999999999997
0.06785999999999996
0.06745999999999999
0.06907999999999993
0.06807999999999995
0.06765999999999993
0.06895999999999997
0.06597999999999998
0.06727999999999995
0.06593999999999997
0.06865999999999998
0.06707999999999999
0.06997999999999996
0.06689999999999997
0.06841999999999995
0.06887999999999996
0.07023999999999997
0.06669999999999995
0.06675999999999997
0.06577999999999996
0.06678
0.06579999999999994
0.06759999999999997
0.06653999999999999
0.06824
0.06669999999999997
0.06747999999999994
0.06704
0.06717999999999995
0.06659999999999998
0.06573999999999992
0.06661999999999996
0.06601999999999998
0.06693999999999996
0.06789999999999996
0.06641999999999998
0.06859999999999998
0.06667999999999999
0.06733999999999998
0.06723999999999995
0.06689999999999995
0.06663999999999999
0.06947999999999999
0.06759999999999997
0.06993999999999996
0.06849999999999999
0.07177999999999995
0.07063999999999998
0.07009999999999997
0.06879999999999999
0.07075999999999993
0.07078000000000001
0.06946
0.06847999999999999
0.06771999999999996
0.06763999999999998
0.06811999999999999
0.06565999999999997
0.06805999999999997
0.06781999999999999
0.06755999999999998
0.06765999999999997
0.0678
0.06881999999999996
0.06839999999999997
0.06451999999999997
0.06925999999999993
0.06765999999999997
0.06943999999999997
0.07142000000000001
0.07025999999999998
0.07181999999999997
0.07185999999999998
0.06949999999999995
0.06753999999999998
0.06678
0.06629999999999998
0.06927999999999997
0.06641999999999999
0.07074000000000001
0.06851999999999996
0.06973999999999997
0.07017999999999996
0.07041999999999998
0.07157999999999994
0.07283999999999999
0.07073999999999996
0.06923999999999998
0.06957999999999999
0.07007999999999999
0.06805999999999995
0.06927999999999997
0.06655999999999995
0.06833999999999997
0.06887999999999996
0.06955999999999998
0.06981999999999998
0.06901999999999994
0.06827999999999998
0.06471999999999997
0.06659999999999996
0.06853999999999998
0.06775999999999997
0.06915999999999997
0.06753999999999998
0.06912000000000001
0.0684
0.06616
0.06653999999999999
0.06617999999999996
0.06835999999999996
0.06766
0.06739999999999996
0.06627999999999995
0.06436000000000001
0.06579999999999997
0.06671999999999995
0.06603999999999995
0.06635999999999996
0.06735999999999998
0.06567999999999997
0.06647999999999998
0.06685999999999993
0.06834
0.06871999999999993
0.07075999999999999
0.07077999999999998
0.07047999999999995
0.07057999999999998
0.06963999999999997
0.06985999999999995
0.07006000000000001
0.06667999999999995
0.06998000000000001
0.06375999999999997
0.06757999999999996
0.06569999999999998
0.06847999999999999
0.06561999999999997
0.06637999999999997
0.06593999999999996
0.06747999999999994
0.06899999999999999
0.06599999999999998
0.06727999999999998
0.06823999999999997
0.06499999999999999
0.0658
0.06687999999999998
0.06755999999999998
0.06971999999999995
0.06867999999999995
0.06549999999999999
0.06681999999999999
0.06705999999999995
0.06509999999999994
0.06769999999999995
0.06833999999999994
0.06951999999999998
0.06791999999999995
0.06821999999999996
0.06925999999999996
0.06471999999999997
0.06765999999999998
0.06663999999999998
0.06420000000000001
0.06695999999999996
0.06851999999999997
0.06779999999999999
0.06547999999999997
0.06833999999999998
0.06655999999999998
0.06489999999999997
0.06595999999999996
0.06633999999999998
0.06824
0.06623999999999998
0.06913999999999997
0.06815999999999996
0.06727999999999998
0.06837999999999995
0.06839999999999996
0.0689
0.06858
0.06803999999999998
0.06761999999999997
0.06733999999999997
0.06577999999999996
0.06668000000000002
0.06625999999999996
0.06561999999999997
0.06663999999999998
0.06869999999999997
0.06775999999999999
0.06829999999999997
0.06937999999999996
0.0688
0.06973999999999997
0.06633999999999998
0.07067999999999997
0.07043999999999993
0.06948000000000003
0.06943999999999999
0.06967999999999999
0.06884
0.06792
0.06963999999999997
0.06755999999999995
0.06681999999999996
0.06531999999999999
0.0638
0.06597999999999997
0.06427999999999995
0.06511999999999996
0.06627999999999996
0.06713999999999996
0.06615999999999995
0.06803999999999996
0.06623999999999997
0.06844
0.06861999999999994
0.06565999999999997
0.06545999999999999
0.06669999999999997
0.06859999999999995
0.06702
0.06637999999999995
0.06545999999999996
0.06453999999999997
0.0677
0.06577999999999999
0.06665999999999998
0.06674000000000001
0.06723999999999995
0.06573999999999997
0.06508000000000001
0.06289999999999994
0.06417999999999996
0.06355999999999999
0.06551999999999998
0.0647
0.06893999999999997
0.06764000000000002
0.07005999999999998
0.06679999999999996
0.06944
0.06749999999999995
0.06795999999999998
0.06955999999999996
0.06801999999999998
0.06727999999999996
0.06505999999999998
0.06702
0.06679999999999996
0.06523999999999998
0.06435999999999997
0.06607999999999997
0.06759999999999997
0.06549999999999995
0.06512
0.06611999999999998
0.06657999999999999
0.06777999999999998
0.06588
0.06873999999999997
0.06472
0.06737999999999995
0.06533999999999995
0.06777999999999997
0.06546000000000002
0.06595999999999994
0.06703999999999996
0.06597999999999996
0.06661999999999996
0.06675999999999999
0.06711999999999997
0.06647999999999996
0.06631999999999998
0.06773999999999997
0.06587999999999998
0.06736
0.06833999999999998
0.07051999999999993
0.07192
0.07229999999999996
0.06875999999999999
0.07175999999999998
0.07025999999999996
0.07033999999999996
0.06823999999999998
0.06617999999999996
0.06539999999999999
0.06555999999999998
0.06659999999999996
0.06569999999999998
0.06737999999999998
0.06674000000000001
0.06753999999999998
0.06681999999999996
0.06639999999999997
0.06659999999999998
0.06707999999999997
0.06851999999999996
0.06721999999999995
0.06857999999999999
0.06715999999999996
0.06715999999999997
0.06861999999999997
0.06619999999999994
0.06667999999999996
0.06649999999999995
0.06605999999999995
0.06769999999999998
0.0662
0.06697999999999997
0.06675999999999999
0.06847999999999997
0.0641
0.06674000000000001
0.06682
0.06765999999999998
0.06603999999999996
0.06522
0.06415999999999995
0.06477999999999998
0.0662
0.06937999999999997
0.06495999999999996
0.06717999999999996
0.06411999999999998
0.06541999999999999
0.06411999999999995
0.06617999999999999
0.06377999999999999
0.0657
0.06396
0.06593999999999994
0.06303999999999997
0.06699999999999996
0.06709999999999999
0.06945999999999998
0.06671999999999997
0.07017999999999996
0.06711999999999997
0.06867999999999996
0.06553999999999997
0.06751999999999996
0.06639999999999996
0.06785999999999998
0.06611999999999994
0.06755999999999995
0.06819999999999998
0.06787999999999998
0.06729999999999997
0.06659999999999996
0.06903999999999998
0.06793999999999997
0.06583999999999998
0.06561999999999997
0.06361999999999997
0.06767999999999995
0.06571999999999999
0.06587999999999998
0.06787999999999994
0.06867999999999996
0.06757999999999995
0.06993999999999999
0.06652
0.06944
0.06449999999999995
0.06559999999999998
0.06391999999999999
0.06477999999999998
0.06433999999999993
0.06533999999999997
0.06353999999999997
0.06377999999999998
0.06533999999999995
0.06525999999999998
0.06441999999999996
0.0626
0.06429999999999998
0.06661999999999998
0.06583999999999995
0.06685999999999998
0.06559999999999998
0.06703999999999997
0.06449999999999996
0.06684
0.06495999999999996
0.06673999999999998
0.06609999999999998
0.06871999999999999
0.06351999999999998
0.06571999999999999
0.06475999999999994
0.06567999999999996
0.06481999999999997
0.06791999999999997
0.06560000000000002
0.06686
0.06637999999999997
0.06711999999999999
0.06453999999999999
0.06899999999999999
0.06605999999999997
0.06703999999999997
0.06499999999999997
0.06559999999999999
0.06331999999999996
0.06365999999999997
0.06277999999999997
0.06473999999999995
0.06284
0.06334
0.06333999999999997
0.06595999999999995
0.06584000000000001
0.06473999999999996
0.06499999999999995
0.06766000000000001
0.06775999999999996
0.06595999999999996
0.06517999999999999
0.06539999999999999
0.06522
0.06523999999999995
0.06502000000000001
0.06786
0.06889999999999995
0.0683
0.06889999999999995
0.06833999999999998
0.06533999999999998
0.06399999999999997
0.06521999999999996
0.06417999999999999
0.06641999999999998
0.06649999999999999
0.06569999999999998
0.06813999999999996
0.06745999999999996
0.06599999999999993
0.06756
0.06565999999999997
0.06537999999999998
0.06533999999999995
0.06301999999999996
0.06369999999999994
0.06403999999999999
0.06655999999999998
0.06393999999999998
0.06711999999999996
0.06611999999999997
0.06835999999999999
0.06725999999999996
0.06792
0.06863999999999995
0.06745999999999996
0.06881999999999999
0.06601999999999995
0.06691999999999998
0.06873999999999997
0.06691999999999997
0.06697999999999998
0.06643999999999997
0.06739999999999999
0.06565999999999997
0.06661999999999998
0.06504000000000001
0.06605999999999997
0.06837999999999997
0.06717999999999998
0.06867999999999998
0.07155999999999998
0.06605999999999995
0.06505999999999995
0.0659
0.06591999999999995
0.06671999999999995
0.06471999999999996
0.06505999999999995
0.06507999999999994
0.06602000000000001
0.06687999999999997
0.06584000000000001
0.06697999999999997
0.06637999999999998
0.06616
0.06569999999999998
0.06677999999999999
0.06557999999999999
0.06357999999999998
0.06499999999999997
0.06463999999999999
0.06551999999999997
0.06627999999999996
0.06547999999999997
0.06794
0.06731999999999995
0.06673999999999997
0.06363999999999997
0.06453999999999997
0.06497999999999995
0.06605999999999997
0.06569999999999998
0.06733999999999997
0.06617999999999999
0.06651999999999995
0.06611999999999997
0.06473999999999998
0.06573999999999998
0.06587999999999997
0.06421999999999997
0.06623999999999997
0.06401999999999995
0.06513999999999996
0.06597999999999998
0.06657999999999997
0.06641999999999999
0.06501999999999998
0.06476
0.06663999999999998
0.06433999999999998
0.06517999999999999
0.06509999999999998
0.06603999999999999
0.06283999999999998
0.06789999999999997
0.06641999999999998
0.06965999999999997
0.06739999999999996
0.06825999999999999
0.06715999999999997
0.06653999999999999
0.06431999999999997
0.06575999999999993
0.06496
0.06547999999999995
0.06651999999999994
0.06709999999999998
0.06717999999999996
0.06605999999999997
0.06606
0.06653999999999996
0.06541999999999995
0.06615999999999998
0.0643
0.06675999999999999
0.06413999999999997
0.06353999999999999
0.06511999999999998
0.06627999999999998
0.06561999999999997
0.06307999999999997
0.06541999999999998
0.06399999999999997
0.06531999999999999
0.06509999999999995
0.06747999999999997
0.06369999999999998
0.06565999999999997
0.06505999999999997
0.06666
0.06765999999999997
0.06707999999999999
0.06849999999999995
0.06631999999999998
0.06355999999999999
0.06666
0.06507999999999999
0.06625999999999999
0.06639999999999997
0.06859999999999998
0.06785999999999999
0.07044
0.06679999999999996
0.06643999999999997
0.06553999999999996
0.06377999999999999
0.06519999999999994
0.061639999999999945
0.06497999999999998
0.06281999999999995
0.06461999999999998
0.06458
0.06601999999999995
0.06561999999999996
0.07007999999999998
0.06774
0.06999999999999998
0.06901999999999996
0.06571999999999996
0.06541999999999995
0.06347999999999994
0.06529999999999998
0.06487999999999994
0.06807999999999996
0.06779999999999994
0.06849999999999999
0.06713999999999999
0.06787999999999997
0.06606
0.06339999999999998
0.06607999999999997
0.06335999999999997
0.06656000000000001
0.06405999999999998
0.06789999999999996
0.06409999999999999
0.06709999999999998
0.06311999999999998
0.06450000000000002
0.06461999999999998
0.06406
0.06317999999999999
0.061979999999999945
0.06269999999999998
0.061739999999999996
0.06516
0.06491999999999998
0.06451999999999998
0.06544
0.06653999999999997
0.06479999999999997
0.06657999999999997
0.06569999999999995
0.06509999999999998
0.06505999999999998
0.06657999999999999
0.06523999999999999
0.06185999999999997
0.06477999999999999
0.0647
0.06569999999999995
0.06405999999999995
0.06452
0.06345999999999999
0.06531999999999998
0.06603999999999997
0.06827999999999998
0.06547999999999997
0.06699999999999998
0.06431999999999995
0.06584000000000001
0.06503999999999996
0.06515999999999998
0.06402
0.06731999999999998
0.06501999999999998
0.06657999999999999
0.06545999999999999
0.06511999999999998
0.06653999999999999
0.06821999999999996
0.06545999999999996
0.06736
0.06556
0.06581999999999995
0.06503999999999995
0.06642
0.06565999999999997
0.06785999999999995
0.06731999999999995
0.06641999999999998
0.06488
0.06477999999999999
0.06667999999999996
0.06727999999999996
0.06664
0.06551999999999997
0.06599999999999998
0.06691999999999998
0.06585999999999999
0.06599999999999998
0.06705999999999997
0.06571999999999999
0.06527999999999999
0.06455999999999998
0.06721999999999999
0.06414
0.06369999999999998
0.0638
0.06543999999999996
0.06193999999999998
0.06501999999999997
0.06367999999999994
0.06367999999999997
0.06595999999999996
0.06817999999999995
0.06561999999999998
0.06703999999999995
0.06595999999999998
0.06447999999999995
0.06537999999999997
0.06507999999999999
0.06307999999999997
0.06459999999999999
0.06372
0.06569999999999997
0.06535999999999997
0.06645999999999995
0.06531999999999996
0.06909999999999998
0.07013999999999998
0.06759999999999998
0.06621999999999999
0.06478
0.06371999999999997
0.06509999999999996
0.06557999999999999
0.06585999999999997
0.06475999999999997
0.06351999999999997
0.06395999999999996
0.06235999999999999
0.06125999999999999
0.0645
0.06253999999999996
0.06597999999999998
0.06461999999999998
0.06523999999999998
0.06357999999999997
0.06527999999999996
0.06503999999999997
0.06409999999999999
0.06541999999999996
0.06365999999999997
0.06537999999999998
0.06673999999999998
0.06515999999999998
0.06615999999999995
0.06619999999999995
0.06847999999999997
0.06685999999999996
0.06631999999999999
0.06661999999999996
0.06509999999999999
0.06965999999999997
0.06522
0.06627999999999999
0.06725999999999996
0.06631999999999996
0.06355999999999995
0.06391999999999999
0.06327999999999999
0.06465999999999995
0.06480000000000001
0.06588
0.06379999999999994
0.06597999999999997
0.06359999999999999
0.06715999999999996
0.06505999999999995
0.06783999999999998
0.06477999999999998
0.06472
0.06559999999999996
0.06421999999999993
0.06526
0.06387999999999998
0.06511999999999996
0.06344
0.06356
0.06257999999999997
0.06559999999999996
0.06353999999999997
0.06473999999999998
0.06227999999999995
0.06499999999999997
0.06089999999999996
0.06163999999999995
0.061679999999999985
0.06307999999999997
0.06502
0.06631999999999996
0.06525999999999997
0.06325999999999998
0.06615999999999998
0.06431999999999997
0.06385999999999996
0.06365999999999997
0.06623999999999998
0.06752
0.06603999999999996
0.06563999999999998
0.06641999999999995
0.06619999999999995
0.06597999999999998
0.06421999999999999
0.06238
0.06475999999999998
0.06527999999999998
0.06609999999999996
0.06453999999999997
0.06337999999999998
0.06371999999999994
0.06353999999999997
0.06237999999999998
0.06595999999999996
0.06544
0.06541999999999998
0.06585999999999997
0.06445999999999998
0.06331999999999996
0.06517999999999995
0.06523999999999996
0.06395999999999999
0.06325999999999998
0.06309999999999998
0.06377999999999996
0.06728
0.06609999999999999
0.06529999999999996
0.06397999999999998
0.06505999999999998
0.06483999999999997
0.06527999999999996
0.06706
0.06811999999999996
0.06519999999999998
0.06694000000000001
0.06472
0.06723999999999997
0.06589999999999999
0.06723999999999998
0.06412
0.06653999999999999
0.06437999999999997
0.06643999999999997
0.06509999999999999
0.06573999999999997
0.06447999999999998
0.06431999999999997
0.06449999999999996
0.06464
0.0647
0.06439999999999996
0.06345999999999999
0.06566
0.06521999999999994
0.06639999999999997
0.06332
0.06472
0.06369999999999999
0.06425999999999996
0.062319999999999966
0.06493999999999994
0.06292
0.06275999999999997
0.06391999999999998
0.06327999999999998
0.06161999999999998
0.06423999999999999
0.06552000000000001
0.06495999999999999
0.06423999999999995
0.06785999999999996
0.06478
0.06731999999999996
0.06322
0.06443999999999998
0.06573999999999997
0.06495999999999999
0.06453999999999999
0.06439999999999999
0.06557999999999994
0.06533999999999997
0.06295999999999993
0.06503999999999999
0.06279999999999998
0.06535999999999997
0.062299999999999967
0.06581999999999999
0.06475999999999998
0.06627999999999998
0.06289999999999996
0.06315999999999997
0.06329999999999997
0.06315999999999998
0.06293999999999997
0.06343999999999998
0.06263999999999997
0.06329999999999995
0.0628
0.06204
0.06337999999999998
0.06325999999999997
0.06253999999999994
0.060840000000000005
0.061099999999999995
0.06245999999999998
0.06257999999999997
0.06297999999999998
0.06273999999999996
0.06417999999999999
