0.19999999999999962
0.3100399999999999
0.5108600000000001
0.4214
0.50498
0.42706000000000005
0.49492000000000014
0.43647999999999987
0.48692
0.4400400000000001
0.48466000000000004
0.4440199999999999
0.4824399999999999
0.44554000000000005
0.48072000000000004
0.4489
0.4767600000000002
0.44792000000000004
0.4759
0.45394000000000007
0.47278000000000003
0.45368
0.47400000000000003
0.4503400000000001
0.47156000000000015
0.4563800000000001
0.46908000000000016
0.45769999999999983
0.47130000000000016
0.4563000000000001
0.46717999999999976
0.4625199999999998
0.46380000000000005
0.46285999999999994
0.4633400000000002
0.46671999999999997
0.4636
0.46305999999999997
0.46414000000000016
0.4611599999999999
0.4644200000000002
0.4605200000000002
0.46424
0.45999999999999985
0.46409999999999996
0.46141999999999994
0.46342000000000005
0.4637999999999999
0.46236
0.4670600000000001
0.46135999999999994
0.4596600000000002
0.4617600000000002
0.46685999999999994
0.4614999999999997
0.46644000000000024
0.46234000000000003
0.46474000000000015
0.46131999999999995
0.46790000000000004
0.46004000000000006
0.463
0.46414
0.4635400000000001
0.46362000000000003
0.4620600000000002
0.4663999999999999
0.46389999999999987
0.4655200000000002
0.4617199999999999
0.46594
0.46604
0.46308000000000016
0.46465999999999996
0.4623800000000003
0.46868000000000015
0.4568000000000002
0.46738
0.4568599999999999
0.4687000000000003
0.4587599999999999
0.47162
0.4546799999999999
0.4718599999999997
0.4544000000000002
0.4718200000000002
0.45798000000000044
0.4681599999999999
0.4563800000000001
0.46642000000000017
0.46119999999999983
0.46917999999999993
0.45900000000000013
0.46948
0.4583200000000003
0.4648199999999999
0.46272000000000013
0.46727999999999986
0.46049999999999996
0.46411999999999987
0.46222000000000024
0.46284
0.4620200000000002
0.46430000000000005
0.46208
0.46546000000000015
0.46270000000000017
0.4632200000000001
0.46386000000000005
0.4605
0.4646200000000002
0.4635
0.46361999999999987
0.4620400000000003
0.46434000000000003
0.46094
0.46316
0.46053999999999995
0.46696000000000004
0.46141999999999994
0.46736000000000005
0.4608200000000002
0.4643200000000002
0.46182
0.46355999999999997
0.4626799999999998
0.46653999999999984
0.46332000000000007
0.46466000000000035
0.46134000000000003
0.46296
0.46234000000000003
0.4631399999999999
0.4665199999999999
0.46338
0.46568000000000026
0.46130000000000004
0.46476
0.4591200000000002
0.46675999999999995
0.45837999999999995
0.46730000000000005
0.4601200000000002
0.46716000000000024
0.46064000000000016
0.46692
0.46174000000000004
0.46728000000000014
0.46102000000000004
0.46521999999999997
0.46062000000000014
0.46576
0.46082000000000006
0.46238
0.4632200000000002
0.4664200000000002
0.4625800000000001
0.4652399999999999
0.46064000000000016
0.46524000000000015
0.46203999999999995
0.46539999999999987
0.45726
0.4659599999999999
0.4630800000000004
0.4607200000000001
0.46403999999999995
0.46515999999999985
0.46449999999999997
0.46320000000000006
0.4638799999999999
0.4614800000000002
0.4668800000000001
0.45876
0.47066
0.45860000000000006
0.47096000000000005
0.4592000000000003
0.4653999999999999
0.4601200000000001
0.4663200000000002
0.4607
0.4663800000000002
0.45898000000000017
0.4638400000000003
0.46355999999999986
0.46559999999999996
0.46134000000000003
0.46531999999999984
0.46278000000000025
0.46465999999999985
0.46276000000000006
0.4649800000000001
0.46188
0.46926000000000023
0.45752000000000004
0.46723999999999977
0.46112000000000003
0.46562000000000014
0.46404
0.46474000000000015
0.4603800000000001
0.4648200000000001
0.4605200000000002
0.4652200000000001
0.46298000000000017
0.4626000000000002
0.4638400000000002
0.46062000000000003
0.46599999999999975
0.4672200000000001
0.45964
0.4658400000000003
0.46478
0.4621400000000001
0.46365999999999974
0.46231999999999973
0.46332000000000007
0.46422000000000013
0.46540000000000026
0.4637399999999999
0.4629000000000001
0.4626800000000001
0.4616799999999999
0.46628000000000003
0.46140000000000014
0.4664000000000001
0.4598000000000002
0.46384000000000014
0.4627199999999999
0.4663799999999999
0.46168
0.4610600000000003
0.4650200000000001
0.46606000000000003
0.46224000000000004
0.4653600000000001
0.46088000000000023
0.46392000000000017
0.46302000000000004
0.4632399999999998
0.45944
0.46214
0.4639800000000002
0.4613200000000003
0.4659000000000002
0.46106000000000014
0.46505999999999986
0.4590600000000002
0.46876000000000007
0.46214
0.462
0.4635199999999999
0.46399999999999997
0.46398000000000017
0.45739999999999986
0.46746000000000015
0.46275999999999995
0.4654800000000001
0.4593199999999999
0.46887999999999985
0.45837999999999984
0.4652999999999998
0.46052000000000004
0.4662000000000001
0.46041999999999983
0.4657000000000003
0.4627600000000001
0.46354000000000006
0.46128000000000013
0.4620600000000001
0.46233999999999986
0.4634200000000002
0.46422
0.4631000000000002
0.46272000000000013
0.4630199999999999
0.4615599999999999
0.46804000000000007
0.46052000000000004
0.46557999999999977
0.4623000000000001
0.46488000000000007
0.45962000000000025
0.4632599999999997
0.46290000000000014
0.4660400000000003
0.4602400000000001
0.4642000000000003
0.46094000000000024
0.4640400000000002
0.46164000000000016
0.46340000000000026
0.46049999999999996
0.4669600000000002
0.45994000000000024
0.46610000000000007
0.45776000000000006
0.4645400000000002
0.4591400000000001
0.46778
0.4595800000000001
0.4689800000000002
0.46228000000000014
0.46404000000000023
0.4639
0.4575199999999999
0.4674400000000001
0.46346
0.46416000000000013
0.46132000000000006
0.4615600000000002
0.46252000000000026
0.46412
0.46238000000000007
0.46326000000000006
0.46031999999999984
0.46538
0.4587399999999999
0.4670400000000001
0.45926
0.4621800000000002
0.46591999999999983
0.4613400000000001
0.46566
0.46210000000000007
0.4636399999999998
0.46086
0.46804000000000007
0.46014000000000005
0.46771999999999997
0.46102000000000004
0.4619999999999999
0.4623600000000001
0.46370000000000006
0.4653799999999999
0.46324
0.4628600000000002
0.4615999999999999
0.4626000000000001
0.4643999999999999
0.4604800000000001
0.46342
0.46331999999999995
0.4616999999999998
0.46490000000000026
0.46334000000000003
0.46359999999999973
0.46065999999999996
0.46314000000000016
0.4622399999999998
0.4620200000000002
0.4644600000000002
0.46381999999999995
0.46063999999999994
0.46523999999999993
0.46473999999999976
0.46040000000000025
0.46406000000000014
0.46304
0.46114
0.46186000000000016
0.46614000000000005
0.46021999999999996
0.46332000000000023
0.46262000000000014
0.4617200000000002
0.4637
0.4625799999999998
0.46600000000000014
0.4581600000000001
0.46869999999999995
0.45978
0.4677800000000001
0.4612999999999998
0.46803999999999996
0.45848000000000005
0.46512
0.4640799999999998
0.4645000000000002
0.46444
0.46000000000000013
0.46583999999999975
0.4625000000000002
0.4643199999999998
0.46039999999999975
0.4636
0.4614000000000001
0.46326
0.4625600000000003
0.46338000000000035
0.46142000000000005
0.46616000000000013
0.45982000000000006
0.46480000000000027
0.4634600000000002
0.46277999999999986
0.46637999999999985
0.4620600000000001
0.4635
0.46457999999999994
0.46596000000000015
0.4621799999999998
0.4623400000000001
0.4641999999999998
0.46436000000000005
0.46096000000000004
0.46236
0.4630399999999999
0.4627600000000002
0.46148000000000006
0.4613800000000002
0.4656800000000002
0.45968000000000026
0.4648400000000001
0.46230000000000004
0.4600399999999998
0.46536
0.4601600000000001
0.46832000000000035
0.4612200000000001
0.46443999999999996
0.46114000000000005
0.4667199999999998
0.45978000000000024
0.46216
0.46209999999999996
0.46360000000000023
0.4611000000000003
0.46488000000000007
0.46064000000000005
0.46658
0.45355999999999985
0.4702599999999999
0.4557200000000002
0.47152000000000016
0.4602200000000001
0.4693999999999998
0.45636000000000004
0.46974000000000005
0.45778000000000013
0.46808000000000005
0.45986
0.4684200000000002
0.4585999999999999
0.46612000000000015
0.4615599999999997
0.46573999999999993
0.45818000000000014
0.4675799999999999
0.45899999999999985
0.4690200000000002
0.4582000000000002
0.4682600000000003
0.46159999999999995
0.4662199999999999
0.4599800000000001
0.46710000000000007
0.46174000000000015
0.46436000000000005
0.46082000000000006
0.46421999999999985
0.4622000000000002
0.4635999999999999
0.4652800000000001
0.46318
0.4628999999999999
0.46469999999999984
0.46426
0.46300000000000013
0.4617599999999999
0.46556000000000003
0.4580599999999999
0.46571999999999997
0.46270000000000017
0.46337999999999985
0.46227999999999997
0.46241999999999983
0.4635999999999999
0.4640400000000002
0.46440000000000026
0.46274
0.46042
0.46566
0.46268
0.4643200000000002
0.4602999999999999
0.4648600000000001
0.46074000000000015
0.4637400000000001
0.4654200000000001
0.4627200000000001
0.46314
0.4609200000000001
0.4647600000000001
0.4616200000000001
0.46399999999999997
0.46602
0.46098000000000033
0.46487999999999985
0.4607799999999999
0.46486000000000005
0.4638400000000001
0.46058
0.4637800000000001
0.46281999999999995
0.4633600000000001
0.46270000000000017
0.46002000000000004
0.4644999999999998
0.4622600000000001
0.46266000000000007
0.46318000000000015
0.4621600000000001
0.4622600000000001
0.4641999999999999
0.46418
0.4632400000000001
0.4617000000000002
0.46636000000000005
0.4593799999999999
0.4670000000000001
0.46094000000000007
0.4635200000000001
0.4625000000000001
0.46269999999999994
0.4589799999999999
0.46316
0.46132000000000006
0.46406000000000014
0.46226000000000006
0.4642400000000002
0.4646
0.46380000000000016
0.46240000000000026
0.46397999999999984
0.46367999999999987
0.46144000000000013
0.46264000000000005
0.4629000000000002
0.4655200000000002
0.4603800000000002
0.4653400000000002
0.45836000000000005
0.46576
0.4630400000000002
0.46116
0.4628800000000001
0.4614000000000001
0.46264000000000005
0.46214
0.46686
0.4592599999999998
0.46678000000000003
0.45852
0.46529999999999994
0.4588599999999999
0.46519999999999995
0.46126000000000017
0.4656999999999998
0.4607999999999998
0.46302000000000026
0.46345999999999987
0.46575999999999995
0.46252000000000026
0.46636000000000016
0.46455999999999975
0.46308000000000005
0.46478
0.46251999999999993
0.4601800000000003
0.4652199999999999
0.4608400000000002
0.4663200000000002
0.46033999999999986
0.46682000000000023
0.45792
0.4686799999999998
0.4579200000000002
0.4675200000000001
0.45840000000000025
0.4695600000000001
0.46031999999999984
0.4681200000000002
0.4589399999999998
0.4663199999999996
0.46181999999999995
0.4660999999999999
0.46134000000000003
0.4665399999999999
0.45948000000000017
0.46514000000000016
0.46158
0.46546
0.46202000000000004
0.4647000000000001
0.46082
0.46550000000000025
0.4634000000000001
0.46177999999999997
0.4623599999999999
0.46471999999999986
0.46397999999999995
0.4612999999999999
0.46630000000000005
0.4647200000000001
0.4625599999999998
0.4647000000000001
0.46236
0.46358
0.46508000000000005
0.4647000000000001
0.4620200000000001
0.46594000000000013
0.46236000000000005
0.4647799999999998
0.4633600000000001
0.46408000000000016
0.46037999999999996
0.4693399999999998
0.4567400000000002
0.4689200000000002
0.4590000000000001
0.4679200000000001
0.4586200000000001
0.46844
0.46114000000000027
0.4676800000000001
0.45564000000000027
0.47056
0.45686000000000027
0.46964
0.46046
0.46820000000000017
0.4545
0.4699999999999999
0.45818
0.4684199999999999
0.46046
0.4678600000000001
0.4598200000000001
0.46526
0.4616400000000002
0.46203999999999995
0.4628399999999999
0.46440000000000015
0.46184000000000003
0.46678000000000003
0.4614400000000002
0.4632800000000002
0.4655199999999999
0.4626199999999999
0.46164
0.4647000000000002
0.4647800000000001
0.4601600000000001
0.46580000000000005
0.4640399999999999
0.4656600000000002
0.46012000000000014
0.4672399999999999
0.4588799999999999
0.46821999999999986
0.4594799999999999
0.4639199999999997
0.4623
0.46639999999999987
0.45880000000000015
0.46836
0.45517999999999986
0.4735200000000001
0.4571000000000002
0.47042000000000006
0.45824
0.46782000000000035
0.4557400000000003
0.46740000000000015
0.4628200000000004
0.46182
0.4616600000000001
0.46644000000000013
0.46172000000000013
0.46292000000000016
0.4604200000000001
0.46387999999999996
0.4621800000000001
0.46620000000000034
0.4615200000000001
0.4614199999999997
0.46462000000000026
0.46196000000000015
0.46198000000000006
0.46524000000000015
0.46232
0.46185999999999994
0.4671000000000001
0.4591600000000002
0.4688800000000001
0.456
0.46548
0.4619400000000002
0.4684200000000003
0.46173999999999976
0.46714000000000006
0.45803999999999995
0.4647200000000001
0.46271999999999985
0.46417999999999965
0.4629800000000003
0.46527999999999997
0.4631399999999999
0.46406
0.46294
0.4654199999999998
0.4609600000000001
0.46747999999999984
0.46053999999999995
0.46448000000000006
0.45918000000000014
0.4673400000000003
0.4600200000000001
0.4676199999999997
0.4612200000000003
0.4637400000000001
0.4611999999999999
0.4670400000000001
0.4599399999999999
0.4679200000000001
0.45800000000000035
0.46687999999999996
0.4590199999999999
0.4667000000000002
0.46002000000000015
0.4657800000000001
0.46588000000000024
0.46320000000000017
0.45940000000000003
0.4671999999999999
0.46110000000000007
0.46292000000000016
0.46242
0.46786
0.46112000000000003
0.46492
0.46122000000000013
0.4623199999999996
0.4621200000000003
0.4626000000000001
0.46012000000000014
0.4680599999999998
0.4579
0.46832
0.45866000000000007
0.46312000000000014
0.4625799999999999
0.4638800000000002
0.4615399999999999
0.46346
0.4631199999999999
0.4618200000000001
0.46415999999999996
0.4634599999999998
0.46654
0.46345999999999987
0.46362000000000014
0.46316000000000007
0.46566
0.46276000000000017
0.46293999999999996
0.46436
0.4621399999999997
0.46222000000000046
0.46436000000000005
0.4646
0.46112000000000014
0.46346
0.46431999999999995
0.4655600000000002
0.4621800000000002
0.4627200000000002
0.46355999999999986
0.46082000000000006
0.46285999999999994
0.46338000000000007
0.46611999999999965
0.4602800000000001
0.4643
0.4624000000000001
0.46484000000000014
0.4640399999999999
0.4616600000000001
0.4629200000000002
0.4650799999999999
0.46330000000000005
0.46139999999999987
0.4614000000000001
0.46314
0.4623200000000001
0.4634200000000003
0.46255999999999986
0.46488000000000007
0.46418000000000004
0.46441999999999994
0.46336
0.4621200000000001
0.4605399999999999
0.4632200000000002
0.46240000000000026
0.4606200000000002
0.4643999999999999
0.46422
0.46434000000000003
0.46442000000000005
0.4623599999999998
0.46263999999999994
0.46437999999999996
0.46451999999999977
0.4609600000000001
0.46467999999999987
0.46035999999999994
0.46560000000000024
0.46265999999999996
0.46375999999999984
0.46176
0.4686599999999999
0.45780000000000015
0.4692199999999999
0.4554000000000001
0.4703799999999999
0.45641999999999994
0.46929999999999994
0.45663999999999993
0.46940000000000004
0.4575199999999998
0.46624000000000015
0.45969999999999983
0.4658800000000001
0.46219999999999983
0.4624600000000001
0.4633799999999998
0.4672600000000001
0.46434000000000003
0.46308000000000016
0.46057999999999993
0.46606000000000003
0.4617599999999999
0.4707200000000002
0.4582799999999999
0.46757999999999966
0.4585000000000001
0.4675399999999999
0.45878
0.46592
0.4636
0.46515999999999996
0.46105999999999997
0.4669
0.46228
0.46430000000000005
0.46130000000000015
0.4651000000000001
0.46318000000000026
0.46179999999999993
0.46297999999999967
0.4632800000000002
0.46391999999999994
0.4629000000000001
0.4629600000000002
0.4654400000000002
0.4636400000000001
0.46452000000000004
0.4631200000000002
0.46482
0.4616000000000002
0.4656000000000002
0.45974
0.46696
0.46018000000000014
0.46592
0.46264000000000016
0.4634600000000001
0.4623799999999998
0.4640000000000001
0.46333999999999986
0.4661199999999999
0.46198000000000033
0.46105999999999997
0.4665799999999999
0.4585799999999998
0.4695800000000001
0.45942000000000016
0.46799999999999997
0.46234
0.46319999999999995
0.46037999999999973
0.46478
0.4616800000000002
0.4664000000000001
0.4616400000000003
0.4641200000000001
0.46184000000000003
0.46414000000000016
0.4623199999999999
0.4648399999999999
0.46314000000000005
0.4657000000000002
0.4605600000000002
0.4691
0.4625600000000001
0.46458000000000005
0.46028000000000013
0.46594
0.46364
0.46502000000000004
0.46152
0.4628
0.4635000000000001
0.46726000000000006
0.46064000000000005
0.4650599999999999
0.4626400000000001
0.4650000000000001
0.4607800000000002
0.46771999999999986
0.45794000000000024
0.4639999999999999
0.4628400000000001
0.46579999999999994
0.46172
0.4654000000000002
0.46043999999999985
0.46518
0.46232000000000006
0.46387999999999996
0.4613800000000001
0.46329999999999993
0.46794
0.4622599999999999
0.4668
0.4579
0.46545999999999993
0.4606999999999999
0.46776
0.46154000000000006
0.4636199999999999
0.46709999999999985
0.4610999999999999
0.46304
0.462
0.4649599999999999
0.46124000000000026
0.4642
0.4624199999999999
0.46343999999999996
0.4629000000000001
0.46041999999999994
0.46614000000000017
0.46074000000000015
0.4676800000000002
0.4618599999999999
0.46521999999999997
0.46131999999999995
0.46446
0.46368000000000004
0.46298
0.4634799999999999
0.46438
0.4638400000000001
0.4643999999999999
0.4605000000000002
0.4645200000000002
0.4621800000000001
0.46230000000000027
0.46798
0.4604400000000002
0.46350000000000036
0.45998000000000006
0.4682
0.45596
0.4667000000000001
0.45990000000000014
0.4681200000000001
0.45555999999999996
0.4685199999999999
0.45836000000000005
0.46820000000000006
0.45859999999999984
0.46792
0.4581400000000002
0.46746000000000015
0.4575600000000002
0.46844
0.45841999999999994
0.4673
0.4577800000000001
0.46662000000000015
0.45942
0.4653000000000001
0.45926000000000017
0.4663399999999999
