0.19999999999999962
0.11530000000000001
0.13212000000000002
0.11712
0.13022000000000003
0.11652000000000001
0.12597999999999995
0.12262
0.12855999999999995
0.12232000000000004
0.12723999999999996
0.12008000000000005
0.12438000000000002
0.11947999999999999
0.12517999999999999
0.12091999999999992
0.12634
0.12125999999999997
0.12913999999999995
0.12138000000000003
0.12778000000000003
0.12382
0.12288000000000002
0.1204
0.12314000000000001
0.11905999999999996
0.12074000000000001
0.12082000000000004
0.12393999999999997
0.11991999999999998
0.12373999999999995
0.12193999999999998
0.12236000000000002
0.11954000000000004
0.11920000000000003
0.12098
0.12329999999999995
0.12182000000000004
0.12411999999999997
0.12292
0.12256000000000002
0.12006
0.12459999999999997
0.12140000000000002
0.12416000000000002
0.12073999999999994
0.12387999999999998
0.12186
0.12676000000000004
0.12393999999999998
0.12553999999999998
0.1216
0.12200000000000005
0.12084000000000002
0.12301999999999995
0.11876000000000003
0.12496
0.11825999999999992
0.12400000000000005
0.11994000000000003
0.11986
0.12027999999999997
0.12177999999999999
0.11955999999999994
0.12140000000000002
0.11999999999999998
0.12003999999999998
0.11886000000000001
0.12124000000000003
0.11770000000000003
0.12018000000000001
0.12150000000000004
0.12130000000000005
0.11988000000000001
0.12224000000000002
0.11866000000000004
0.12254000000000001
0.12160000000000001
0.12149999999999998
0.12304
0.12430000000000005
0.12072000000000005
0.12260000000000003
0.11955999999999997
0.12407999999999998
0.11796000000000002
0.1233
0.12118000000000001
0.12637999999999996
0.1193
0.12182
0.12100000000000004
0.12388
0.12143999999999998
0.12317999999999993
0.1213
0.11866000000000002
0.12093999999999999
0.12064000000000004
0.12114000000000007
0.1198
0.1229
0.1204
0.11856000000000001
0.11884000000000004
0.12028
0.12197999999999992
0.12128
0.12028000000000003
0.12289999999999994
0.12052
0.12012
0.12189999999999998
0.11946000000000001
0.12089999999999998
0.12003999999999998
0.12208000000000001
0.12022000000000008
0.12567999999999996
0.12032
0.12382000000000001
0.12032000000000002
0.12592000000000003
0.11901999999999997
0.12088000000000002
0.11827999999999998
0.12081999999999997
0.11926
0.12348000000000006
0.12216000000000006
0.12207999999999998
0.12373999999999998
0.12134000000000006
0.12142
0.12228000000000001
0.12300000000000004
0.12222
0.1243
0.12132000000000007
0.12576
0.12164000000000003
0.12259999999999996
0.12323999999999997
0.12175999999999998
0.11972
0.11984
0.12138000000000002
0.12021999999999998
0.12131999999999998
0.11972
0.11973999999999993
0.12048
0.12004
0.12004000000000001
0.12342
0.12226000000000002
0.12217999999999994
0.11849999999999998
0.12166000000000007
0.11738000000000001
0.12105999999999999
0.11771999999999999
0.12214000000000003
0.11955999999999997
0.12398000000000002
0.11789999999999995
0.12177999999999996
0.11846
0.12235999999999998
0.12211999999999999
0.12208000000000002
0.12100000000000004
0.12141999999999997
0.12131999999999998
0.12363999999999999
0.12149999999999996
0.12207999999999991
0.12096000000000001
0.12162000000000005
0.12000000000000002
0.12434000000000003
0.12358000000000001
0.12138000000000003
0.12278000000000004
0.12035999999999993
0.12262000000000002
0.12322000000000001
0.1205
0.12054000000000002
0.12139999999999995
0.12285999999999998
0.12438
0.12464000000000003
0.12226000000000005
0.12322000000000002
0.12262000000000002
0.12166
0.12062
0.11967999999999997
0.1202
0.12193999999999998
0.12192000000000006
0.12156000000000003
0.11998000000000002
0.12097999999999998
0.12154
0.12229999999999996
0.11965999999999997
0.12420000000000002
0.12273999999999999
0.12188000000000003
0.12439999999999996
0.12228000000000001
0.1234
0.12377999999999993
0.12364000000000004
0.12277999999999997
0.12230000000000002
0.12100000000000005
0.11868000000000001
0.12359999999999992
0.12328000000000003
0.12246000000000004
0.12306000000000009
0.12318000000000001
0.12522000000000003
0.11997999999999998
0.12171999999999997
0.12272
0.12405999999999999
0.12494000000000005
0.12495999999999995
0.12386000000000003
0.12387999999999998
0.12269999999999999
0.12283999999999999
0.11918000000000008
0.12432000000000006
0.12112000000000006
0.12331999999999996
0.12102
0.12292
0.12173999999999997
0.12159999999999997
0.12455999999999999
0.12307999999999997
0.12078000000000001
0.12147999999999999
0.12034000000000003
0.11943999999999999
0.12303999999999997
0.12136000000000008
0.12195999999999999
0.12329999999999998
0.12412
0.12674000000000002
0.12574
0.12697999999999998
0.12616000000000002
0.12049999999999995
0.12418
0.12379999999999997
0.12211999999999998
0.12134000000000002
0.12244
0.12546000000000002
0.12301999999999999
0.12337999999999998
0.12466000000000005
0.12424000000000003
0.12481999999999997
0.12470000000000005
0.12372000000000001
0.12290000000000001
0.12414
0.12282
0.12128000000000005
0.12249999999999994
0.12129999999999995
0.12284000000000006
0.12356000000000003
0.12110000000000001
0.1193
0.12399999999999997
0.12179999999999998
0.1219
0.12371999999999993
0.12391999999999995
0.12246
0.12418000000000004
0.12465999999999998
0.12440000000000002
0.11874000000000005
0.11918
0.12108000000000003
0.12289999999999995
0.12267999999999998
0.12381999999999993
0.12062000000000006
0.12342
0.12047999999999998
0.12095999999999998
0.12086000000000001
0.12466000000000008
0.12090000000000002
0.12008000000000002
0.12011999999999996
0.12184000000000003
0.12378
0.12400000000000004
0.12381999999999994
0.12272000000000002
0.12418000000000001
0.12782
0.12568
0.12364000000000001
0.12113999999999997
0.12473999999999995
0.12081999999999998
0.12297999999999996
0.12166
0.12234000000000002
0.12122000000000005
0.12382000000000006
0.12277999999999999
0.12388
0.12132000000000005
0.12138000000000002
0.12017999999999994
0.12151999999999996
0.11896
0.12218000000000007
0.11980000000000002
0.12206
0.12117999999999998
0.12358000000000004
0.12144000000000002
0.12644000000000002
0.12314000000000004
0.12720000000000004
0.12031999999999997
0.12636000000000003
0.11886
0.12517999999999996
0.12262000000000002
0.12594000000000002
0.12166
0.12036
0.12052000000000002
0.12034
0.11908000000000003
0.11873999999999998
0.12041999999999993
0.12010000000000007
0.12058000000000008
0.12027999999999996
0.11797999999999995
0.12372000000000004
0.12115999999999999
0.12076000000000006
0.11847999999999997
0.12044000000000002
0.12135999999999997
0.12416000000000003
0.12244000000000002
0.12043999999999999
0.12010000000000001
0.12199999999999997
0.12316000000000002
0.12264000000000003
0.12400000000000003
0.12431999999999999
0.12422000000000008
0.12400000000000003
0.12357999999999997
0.12476000000000001
0.12412
0.12594000000000002
0.12484
0.12452
0.12452000000000002
0.12311999999999995
0.12214
0.12106000000000003
0.12205999999999997
0.12101999999999996
0.12123999999999993
0.12059999999999996
0.12162000000000005
0.1232
0.12364000000000001
0.12514
0.12458
0.12282000000000001
0.12525999999999995
0.12165999999999999
0.12346000000000006
0.12052
0.11979999999999999
0.11972000000000003
0.11938000000000003
0.12067999999999998
0.1215000000000001
0.12113999999999998
0.12315999999999999
0.12510000000000007
0.1215
0.12073999999999996
0.12239999999999998
0.11978
0.12139999999999997
0.11875999999999999
0.12127999999999997
0.12027999999999997
0.12318000000000003
0.11947999999999999
0.12332000000000001
0.12213999999999996
0.12555999999999995
0.12261999999999995
0.12502000000000002
0.12149999999999993
0.12452000000000003
0.12452000000000003
0.12408000000000001
0.1214
0.12372000000000004
0.12013999999999997
0.12337999999999998
0.12104
0.12192000000000001
0.12229999999999999
0.12069999999999997
0.12206
0.12191999999999999
0.12351999999999995
0.11965999999999999
0.12200000000000003
0.12480000000000001
0.1241
0.12871999999999997
0.12383999999999996
0.12487999999999998
0.11881999999999994
0.12082000000000001
0.12232
0.12152000000000003
0.12045999999999997
0.11927999999999997
0.12097999999999998
0.12261999999999999
0.12026000000000003
0.12060000000000003
0.11886000000000002
0.12275999999999997
0.11821999999999999
0.12100000000000004
0.12136
0.12684000000000006
0.12362000000000002
0.12240000000000008
0.11934000000000003
0.12307999999999997
0.12257999999999997
0.12240000000000004
0.12048000000000003
0.12446000000000007
0.12032000000000004
0.1237200000000001
0.12114000000000004
0.12249999999999994
0.11745999999999997
0.12206000000000002
0.12243999999999998
0.12095999999999998
0.12164
0.12191999999999997
0.11894
0.12231999999999996
0.12107999999999995
0.12152000000000009
0.12029999999999996
0.1191
0.12072
0.12479999999999995
0.12317999999999998
0.12378000000000002
0.1234200000000001
0.12228000000000001
0.12140000000000002
0.12337999999999999
0.12012000000000002
0.12226000000000001
0.12179999999999999
0.12483999999999998
0.12478000000000003
0.12364000000000006
0.11918
0.12344000000000005
0.12454000000000004
0.12328000000000001
0.12459999999999996
0.11983999999999999
0.12345999999999994
0.12082000000000002
0.12036000000000005
0.12203999999999994
0.12175999999999995
0.12252000000000002
0.12478000000000003
0.12323999999999997
0.12674000000000007
0.12282000000000001
0.12115999999999998
0.11932000000000002
0.12193999999999995
0.11915999999999999
0.12362000000000004
0.12048000000000002
0.12335999999999998
0.11908000000000005
0.12373999999999995
0.12219999999999999
0.12275999999999998
0.11924000000000001
0.12025999999999998
0.12291999999999995
0.12279999999999999
0.12234
0.12341999999999999
0.12259999999999999
0.12324000000000003
0.12258000000000005
0.12435999999999998
0.12101999999999999
0.12193999999999994
0.12116000000000003
0.12109999999999996
0.12104
0.122
0.12220000000000003
0.12102000000000006
0.12239999999999997
0.12365999999999998
0.12181999999999997
0.12180000000000002
0.12273999999999996
0.12278
0.12253999999999998
0.12654000000000004
0.12277999999999999
0.12408
0.12402000000000003
0.12321999999999994
0.12023999999999994
0.11835999999999997
0.11795999999999995
0.11893999999999996
0.12147999999999998
0.11793999999999999
0.12144000000000005
0.11762000000000002
0.12219999999999995
0.12189999999999998
0.12250000000000001
0.12295999999999997
0.12338000000000003
0.12217999999999993
0.12360000000000003
0.12185999999999998
0.12476000000000004
0.12470000000000005
0.12397999999999998
0.12014000000000001
0.11889999999999995
0.12133999999999995
0.12029999999999998
0.12041999999999996
0.11720000000000004
0.12100000000000004
0.12193999999999998
0.12071999999999998
0.12294000000000001
0.12548
0.12541999999999995
0.1262400000000001
0.12333999999999999
0.12284000000000005
0.12187999999999997
0.12442
0.12252000000000002
0.1223
0.12198
0.12273999999999997
0.12172000000000001
0.12082000000000001
0.12297999999999992
0.12124000000000004
0.12278000000000003
0.11942000000000003
0.12324000000000003
0.11823999999999996
0.12496000000000002
0.11720000000000001
0.12261999999999995
0.1201
0.12201999999999998
0.11948000000000004
0.12005999999999999
0.11838000000000001
0.11950000000000001
0.11903999999999995
0.12328000000000003
0.12266
0.12298000000000003
0.12169999999999996
0.12098000000000003
0.12108000000000002
0.12118000000000001
0.12458000000000005
0.12407999999999993
0.12328000000000004
0.11897999999999997
0.12064000000000002
0.1219
0.12144
0.12387999999999995
0.12136
0.12198000000000002
0.1231
0.12298000000000003
0.12383999999999999
0.12134000000000002
0.12283999999999994
0.11806
0.12226
0.12164
0.12297999999999996
0.11952000000000007
0.12114000000000003
0.11902000000000003
0.12142000000000001
0.12235999999999991
0.12258000000000002
0.12401999999999998
0.12277999999999997
0.12380000000000002
0.12567999999999996
0.12427999999999996
0.12344000000000001
0.12239999999999995
0.12242000000000001
0.12264000000000001
0.12279999999999999
0.12014
0.12147999999999996
0.11942
0.12256000000000002
0.12248
0.12076000000000002
0.12125999999999999
0.12045999999999996
0.12021999999999998
0.12258000000000002
0.12154000000000002
0.12362000000000004
0.12174000000000004
0.12448000000000004
0.12296000000000003
0.12492
0.12114000000000003
0.12408000000000001
0.12018000000000001
0.12442
0.12146000000000001
0.12144000000000003
0.11997999999999993
0.12249999999999998
0.12088000000000006
0.12237999999999997
0.12163999999999996
0.12256000000000004
0.12356000000000006
0.12264000000000004
0.12156000000000004
0.12441999999999999
0.12302000000000002
0.12088000000000003
0.11985999999999995
0.12319999999999993
0.12051999999999996
0.12084000000000004
0.11982
0.12299999999999991
0.12096000000000001
0.12218000000000004
0.12232
0.12246
0.12461999999999998
0.12262000000000003
0.12516
0.12258000000000001
0.12232000000000001
0.12396000000000001
0.12256000000000004
0.12393999999999998
0.12109999999999997
0.1235
0.12282000000000001
0.12241999999999999
0.12217999999999997
0.12115999999999999
0.12099999999999998
0.12314
0.12564000000000006
0.12178000000000003
0.12399999999999999
0.11870000000000003
0.11979999999999995
0.12092000000000003
0.12207999999999998
0.12004000000000001
0.12001999999999997
0.12203999999999998
0.12178000000000003
0.12094
0.12225999999999994
0.11986000000000004
0.11988
0.11932000000000002
0.11999999999999994
0.12008000000000002
0.12309999999999999
0.12448000000000001
0.12291999999999997
0.12259999999999999
0.12067999999999998
0.12348
0.11958000000000002
0.12362000000000001
0.12045999999999996
0.12340000000000001
0.12049999999999997
0.12488000000000005
0.11950000000000002
0.12547999999999995
0.12051999999999997
0.12170000000000003
0.1214
0.12480000000000008
0.12322000000000001
0.12186
0.12482000000000004
0.12182000000000004
0.12155999999999993
0.12018
0.12200000000000003
0.12157999999999992
0.12214
0.11984000000000006
0.12133999999999999
0.11951999999999999
0.1214
0.12157999999999998
0.12277999999999997
0.12228
0.12368000000000003
0.1225
0.12643999999999997
0.12263999999999996
0.12721999999999997
0.12538
0.12361999999999998
0.12302000000000003
0.11993999999999998
0.11991999999999998
0.12083999999999995
0.11806000000000003
0.12072
0.1225
0.12133999999999999
0.12058000000000002
0.11901999999999999
0.12162000000000002
0.12270000000000007
0.12406
0.11918000000000001
0.12108000000000002
0.11997999999999998
0.12016
0.11816
0.11972000000000003
0.11986000000000004
0.11957999999999998
0.12023999999999999
0.12137999999999995
0.12158000000000001
0.12157999999999998
0.12147999999999996
0.1235
0.1208
0.12344000000000004
0.11973999999999992
0.12221999999999995
0.11940000000000003
0.12332000000000005
0.12044000000000005
0.12089999999999997
0.11706000000000003
0.12393999999999998
0.12142
0.12362000000000001
0.12262000000000003
0.12028000000000004
0.12076000000000003
0.12285999999999996
0.12196
0.12362000000000001
0.12178000000000001
0.12153999999999997
0.1185
0.12123999999999997
0.11804
0.12084000000000002
0.12127999999999999
0.12065999999999995
0.12242000000000001
0.12301999999999998
0.12562
0.12457999999999997
0.1258600000000001
0.11949999999999998
0.12289999999999995
0.11776000000000003
0.12063999999999997
0.12
0.12336000000000003
0.12344000000000005
0.12484000000000002
0.12125999999999998
0.12528000000000006
0.12370000000000003
0.1225
0.11924000000000001
0.1252
0.12403999999999993
0.12437999999999995
0.12388
0.12326000000000004
0.12397999999999999
0.12328000000000003
0.12499999999999996
0.12295999999999997
0.12134000000000002
0.1217
0.1215200000000001
0.12256000000000004
0.12168
0.12188
0.12301999999999999
0.12335999999999997
0.12117999999999998
0.1214
0.11829999999999999
0.12132
0.12168000000000001
0.12132000000000001
0.12275999999999994
0.11975999999999999
0.12295999999999994
0.12288000000000002
0.12243999999999998
0.12133999999999999
0.12261999999999994
0.12078
0.12208000000000004
0.12256000000000004
0.12410000000000004
0.12038000000000001
0.12158000000000005
0.12064000000000002
0.12276000000000006
0.12144
0.12294000000000001
0.12167999999999994
0.12278000000000004
0.11812000000000003
0.12192
0.12116000000000007
0.12254000000000004
0.12216000000000005
0.12106000000000006
0.12147999999999998
0.12036000000000001
0.11849999999999998
0.12344000000000004
0.12140000000000004
0.12115999999999999
0.12119999999999996
0.11958000000000006
0.12409999999999999
0.12352000000000003
0.12207999999999991
0.12259999999999996
0.12101999999999999
0.12031999999999994
0.12247999999999999
0.11969999999999999
0.12347999999999999
0.12072
0.12242000000000008
0.1225
0.12229999999999996
0.12036
0.12134000000000002
0.12132
0.11986000000000004
0.12423999999999999
0.12002000000000003
0.12317999999999998
0.11960000000000008
0.12296
0.11886000000000001
0.12444000000000001
0.11821999999999992
0.12194000000000005
0.12106000000000007
0.12599999999999997
0.12175999999999997
0.12632000000000002
0.12149999999999997
0.1235
0.12044000000000002
0.12421999999999998
0.12552000000000002
0.12289999999999995
0.12305999999999999
0.12532
0.12212000000000003
0.11986000000000001
0.11991999999999998
0.12447999999999998
0.12158
0.12224000000000004
0.122
0.12329999999999991
0.12149999999999996
0.12482000000000003
0.12092000000000004
0.12156000000000004
0.12235999999999997
0.12408000000000002
0.12307999999999997
0.12404
0.1235
0.12369999999999994
0.12212000000000005
0.12054000000000005
0.11995999999999997
0.12128000000000004
0.12159999999999999
0.12086000000000002
0.12364000000000001
0.11985999999999995
0.12084000000000002
0.12332000000000004
0.12324000000000003
0.12093999999999998
0.1193
0.12346
0.12142000000000001
0.12075999999999996
0.11898000000000004
0.12072000000000001
0.11946
0.12148000000000003
0.12094000000000003
0.12252000000000002
0.11992000000000003
0.12375999999999995
0.12298
0.12556000000000003
0.12253999999999998
0.1218799999999999
0.12168
0.12187999999999999
0.12074
0.12342
0.12492
0.12256
0.12145999999999994
0.12293999999999997
0.12056000000000001
0.12356000000000006
0.11998000000000002
0.12594000000000002
0.12232000000000003
0.12291999999999997
0.12258000000000005
0.12433999999999998
