0.19999999999999962
0.23998000000000005
0.38547999999999993
0.34835999999999984
0.4010799999999999
0.3570799999999999
0.39612
0.36082000000000014
0.39722
0.36532
0.3917600000000002
0.3679599999999999
0.3863400000000001
0.37117999999999995
0.3895400000000002
0.3767399999999999
0.38101999999999997
0.37354000000000015
0.3864999999999998
0.3757600000000001
0.3838600000000001
0.37781999999999977
0.3817799999999999
0.37347999999999987
0.38523999999999986
0.3743799999999999
0.38282000000000005
0.3742200000000001
0.38247999999999993
0.3769199999999999
0.38024
0.3786
0.3782000000000001
0.38148000000000004
0.3812400000000002
0.37892
0.37865999999999994
0.38048000000000004
0.37837999999999994
0.37870000000000004
0.38112000000000007
0.37942
0.37896000000000013
0.3758200000000001
0.3778199999999999
0.3784799999999999
0.3775000000000002
0.37714000000000003
0.3816800000000001
0.37829999999999986
0.37620000000000003
0.37822
0.3789999999999999
0.37723999999999996
0.3788000000000002
0.37764
0.3789199999999998
0.37949999999999995
0.3769199999999998
0.38070000000000015
0.38022000000000006
0.3772399999999999
0.37746
0.3791
0.3789800000000001
0.3793000000000001
0.3747999999999998
0.37729999999999997
0.37793999999999994
0.38195999999999997
0.37876000000000004
0.37973999999999997
0.38198
0.37868000000000007
0.38128000000000006
0.3752400000000001
0.38344000000000006
0.3749199999999998
0.3808800000000001
0.37230000000000013
0.38188000000000016
0.37736000000000003
0.3783800000000001
0.37987999999999983
0.38132
0.3808200000000001
0.37712
0.3795000000000001
0.3791200000000001
0.37798000000000004
0.37888
0.3810599999999999
0.3797
0.3757599999999999
0.37959999999999994
0.3794600000000001
0.38134000000000007
0.3773399999999999
0.3817400000000001
0.3791199999999998
0.37858
0.37974
0.38091999999999987
0.37772000000000006
0.37588
0.37726000000000015
0.3786399999999998
0.37720000000000015
0.37982000000000005
0.37654
0.38154000000000005
0.3792199999999999
0.37994
0.37814
0.37727999999999995
0.3803600000000001
0.37623999999999996
0.3790800000000001
0.37939999999999996
0.3790200000000001
0.3786999999999999
0.37828
0.37765999999999983
0.38362000000000007
0.37604
0.38088
0.3792000000000001
0.38128
0.3805799999999999
0.38328
0.3793800000000001
0.3792200000000001
0.37944000000000017
0.3792200000000001
0.37972
0.3780600000000003
0.3784
0.37878000000000006
0.37654000000000004
0.37319999999999987
0.3788799999999999
0.38001999999999997
0.3831599999999999
0.3767799999999999
0.38258
0.37819999999999987
0.38262
0.37891999999999987
0.3777199999999999
0.3789600000000001
0.38001999999999975
0.38064
0.3775400000000001
0.3816999999999999
0.3789200000000001
0.37904000000000015
0.3770199999999999
0.37925999999999993
0.37803999999999993
0.38121999999999995
0.3809599999999999
0.37849999999999995
0.37983999999999996
0.37538
0.38106
0.37976000000000015
0.3789800000000001
0.3781600000000001
0.3793600000000001
0.3806800000000001
0.37794000000000005
0.38160000000000005
0.37579999999999997
0.37960000000000016
0.376
0.37951999999999986
0.3791800000000002
0.37784
0.3806399999999999
0.38190000000000013
0.37382000000000004
0.3788000000000001
0.37924
0.38037999999999983
0.3786600000000002
0.37962
0.37854000000000004
0.37892000000000015
0.37718
0.38104000000000005
0.3771999999999999
0.3810199999999998
0.37549999999999994
0.37851999999999997
0.38142
0.37842
0.37853999999999993
0.3796000000000002
0.37568000000000007
0.38259999999999983
0.37582
0.37739999999999996
0.38
0.37871999999999995
0.38034
0.3787000000000002
0.37616
0.37756
0.37943999999999994
0.37954000000000016
0.37984
0.3792799999999999
0.3781799999999999
0.3791999999999999
0.37824000000000013
0.37682000000000004
0.3772200000000001
0.37615999999999983
0.37964
0.3818600000000001
0.3783799999999999
0.37829999999999997
0.37990000000000024
0.3807600000000001
0.37712
0.3809599999999997
0.37608
0.3816200000000001
0.3808
0.38236
0.37986000000000003
0.38506
0.38084
0.3787600000000002
0.37697999999999987
0.3783400000000002
0.37627999999999995
0.37976000000000015
0.38102
0.3762400000000001
0.3790800000000001
0.37664000000000003
0.3816600000000001
0.37767999999999996
0.37589999999999996
0.3778
0.37837999999999994
0.37824000000000013
0.37915999999999994
0.37522
0.37997999999999993
0.37568000000000007
0.37864
0.3817800000000002
0.3777199999999999
0.3780200000000002
0.3820000000000002
0.37938000000000005
0.3829
0.37732
0.3818800000000001
0.3752800000000002
0.3781599999999999
0.37538000000000005
0.3818
0.37484000000000006
0.37884
0.37811999999999996
0.37448000000000015
0.38033999999999984
0.37586000000000014
0.3784599999999999
0.38128000000000006
0.38078
0.38174000000000013
0.37682000000000004
0.3793199999999999
0.37856
0.37737999999999994
0.38136
0.37631999999999993
0.38421999999999995
0.3781599999999999
0.38262
0.37934000000000007
0.37998000000000004
0.37682000000000004
0.3790200000000001
0.37604000000000004
0.38048000000000004
0.3778
0.37882
0.3779000000000002
0.3835199999999999
0.3780800000000001
0.38207999999999986
0.37678000000000006
0.38095999999999997
0.3799199999999998
0.38121999999999984
0.37806000000000006
0.38078
0.3744000000000002
0.38104000000000016
0.37711999999999996
0.37951999999999986
0.3805799999999999
0.3744400000000001
0.3820399999999999
0.37594
0.38104
0.3756200000000003
0.3825400000000001
0.37965999999999994
0.3808800000000001
0.37774
0.37772
0.37798000000000004
0.3794600000000001
0.38143999999999983
0.37915999999999994
0.3782400000000001
0.3829
0.3788200000000001
0.3773400000000002
0.3758799999999997
0.38001999999999997
0.3797400000000002
0.37855999999999995
0.37387999999999977
0.3803399999999998
0.37598
0.3807
0.37786000000000003
0.37908000000000014
0.37810000000000016
0.38002
0.3813000000000002
0.3809000000000002
0.37807999999999997
0.3777600000000001
0.3777999999999999
0.3808999999999999
0.37654000000000004
0.3796799999999998
0.37979999999999997
0.38131999999999977
0.3774200000000001
0.37926000000000004
0.3788
0.37883999999999984
0.3812400000000001
0.3766599999999999
0.37871999999999983
0.3795
0.3809600000000002
0.3822399999999999
0.3779600000000003
0.38148000000000026
0.38092000000000004
0.37898000000000004
0.3784600000000003
0.37743999999999994
0.37623999999999996
0.38198
0.37456
0.3831600000000001
0.37705999999999995
0.38514000000000015
0.3764000000000001
0.38422000000000006
0.37796
0.37436
0.37866000000000005
0.3766600000000001
0.3796000000000001
0.37859999999999994
0.37690000000000007
0.3775800000000001
0.37658000000000025
0.37784
0.3790399999999998
0.3783199999999999
0.3808400000000001
0.37748
0.38266000000000006
0.37548000000000004
0.3798399999999999
0.3765000000000001
0.38224
0.37728
0.3762399999999998
0.38319999999999993
0.37538000000000005
0.3799999999999997
0.37376
0.37839999999999996
0.3782
0.3811600000000002
0.37900000000000006
0.37804000000000004
0.38046
0.37802
0.3806000000000001
0.37631999999999993
0.37806000000000006
0.3776400000000001
0.3793200000000001
0.3799200000000001
0.3802800000000002
0.37714
0.3782200000000001
0.3793999999999999
0.37550000000000017
0.3826200000000001
0.37751999999999997
0.37624
0.3759400000000001
0.37822000000000017
0.37850000000000006
0.37939999999999985
0.37837999999999977
0.37604000000000004
0.3814
0.3771
0.38101999999999997
0.3762399999999998
0.37988
0.37608
0.38142000000000026
0.3768400000000001
0.3772399999999999
0.37698
0.37888
0.38024000000000013
0.38061999999999996
0.37876000000000004
0.3782600000000001
0.3783800000000001
0.37766000000000005
0.3790200000000001
0.37873999999999997
0.3777599999999999
0.37797999999999987
0.37957999999999986
0.3784
0.38013999999999987
0.3820400000000001
0.37642000000000003
0.38262
0.37361999999999995
0.38369999999999993
0.3764400000000001
0.38042000000000004
0.3774799999999999
0.37761999999999984
0.37915999999999983
0.37859999999999994
0.38094000000000017
0.3778599999999999
0.3768600000000001
0.3780399999999998
0.37855999999999995
0.37534000000000006
0.3779800000000001
0.37961999999999996
0.3812599999999998
0.3779199999999999
0.37582
0.3776
0.38123999999999986
0.38083999999999996
0.38036000000000014
0.38094
0.38178000000000006
0.37896
0.37965999999999994
0.3813600000000001
0.37755999999999984
0.38212
0.37870000000000004
0.3799600000000001
0.37867999999999996
0.38164000000000003
0.37891999999999987
0.3836
0.37579999999999997
0.37887999999999983
0.37714
0.3812200000000001
0.37528
0.37938000000000005
0.3785799999999999
0.3827
0.37512
0.37982000000000005
0.37745999999999996
0.37916000000000016
0.3829400000000003
0.3783199999999999
0.38027999999999984
0.379
0.38245999999999997
0.3777600000000001
0.38102000000000014
0.37740000000000007
0.3807399999999999
0.37809999999999994
0.3813200000000002
0.37711999999999996
0.3799600000000001
0.3798200000000002
0.38037999999999994
0.3783000000000002
0.38211999999999996
0.3785
0.3804399999999999
0.3775200000000001
0.3757800000000001
0.3749800000000002
0.38270000000000004
0.37807999999999997
0.38204000000000016
0.3761
0.3828399999999999
0.37877999999999984
0.37882
0.3789
0.3823000000000001
0.3787400000000001
0.38135999999999987
0.38128000000000023
0.38058000000000014
0.3807000000000002
0.37966
0.37942000000000015
0.37756000000000006
0.3771000000000001
0.37994000000000006
0.37918000000000013
0.37782000000000004
0.3783399999999999
0.3795400000000001
0.37964
0.37643999999999983
0.38072
0.3793599999999999
0.37778000000000006
0.37939999999999985
0.38076
0.3791599999999999
0.3818999999999999
0.3755800000000001
0.37985999999999975
0.3796399999999999
0.38034000000000007
0.37884
0.37857999999999997
0.3767800000000001
0.3789399999999999
0.37572000000000016
0.38008000000000003
0.3799599999999998
0.3812200000000001
0.37671999999999983
0.3810600000000002
0.3744599999999999
0.38190000000000013
0.3777799999999999
0.38238000000000005
0.37612
0.3798400000000003
0.37813999999999987
0.37838000000000027
0.3798
0.38096
0.37877999999999995
0.3778200000000001
0.37928000000000006
0.3814399999999999
0.37714000000000003
0.3766799999999999
0.38017999999999985
0.3776
0.38300000000000006
0.3777600000000001
0.3789999999999999
0.3758600000000001
0.38317999999999997
0.37755999999999995
0.3801200000000001
0.37518
0.38148000000000004
0.37823999999999997
0.3788799999999999
0.38092000000000004
0.3775
0.37886000000000003
0.38244
0.37890000000000007
0.37865999999999994
0.38145999999999985
0.37634
0.37874000000000024
0.3766999999999999
0.37893999999999983
0.37899999999999984
0.3792400000000001
0.3753999999999999
0.3793800000000001
0.3771400000000002
0.3779600000000002
0.37787999999999977
0.3793800000000001
0.3804000000000003
0.37576
0.3794599999999999
0.37785999999999986
0.3779800000000001
0.37871999999999983
0.3757200000000001
0.37936
0.37836
0.38206
0.3750200000000001
0.38132
0.3781199999999999
0.3786000000000002
0.37834
0.37895999999999996
0.37879999999999997
0.3756599999999999
0.3791800000000001
0.37596
0.37767999999999985
0.377
0.38176000000000004
0.37720000000000004
0.3788200000000001
0.3770400000000001
0.37994
0.3728600000000001
0.38032000000000005
0.37942
0.38060000000000005
0.37614000000000025
0.38086000000000014
0.3814599999999999
0.3770599999999999
0.3818000000000002
0.38100000000000017
0.38067999999999996
0.3772399999999999
0.3801
0.37633999999999984
0.37876000000000004
0.37429999999999986
0.38431999999999994
0.37628000000000017
0.3833
0.3754200000000001
0.38186000000000014
0.37606
0.3815799999999999
0.37455999999999995
0.38292000000000004
0.37668000000000007
0.3816999999999998
0.37666
0.37772
0.37920000000000004
0.37768000000000007
0.37886000000000003
0.37690000000000007
0.37607999999999997
0.37627999999999995
0.3803600000000001
0.37922000000000006
0.3815600000000001
0.3759599999999999
0.3752800000000001
0.37988000000000016
0.37857999999999975
0.37855999999999995
0.37582
0.3808799999999998
0.38014000000000014
0.38099999999999995
0.37890000000000007
0.38122
0.37846
0.3795
0.3787800000000001
0.38592
0.37484
0.38183999999999996
0.37456000000000017
0.3799200000000001
0.3729799999999999
0.38386000000000003
0.37688000000000016
0.3837599999999998
0.37632
0.38262
0.37808000000000014
0.38008
0.37675999999999993
0.38083999999999996
0.3744200000000001
0.38414000000000004
0.37751999999999986
0.38182000000000005
0.37892
0.3805400000000001
0.37892000000000003
0.37908000000000014
0.37773999999999996
0.37630000000000025
0.3801000000000001
0.37846
0.37656
0.37686000000000014
0.38055999999999995
0.3783399999999999
0.37738
0.37889999999999996
0.3768399999999999
0.37943999999999994
0.37965999999999994
0.3761
0.38026
0.37692
0.38311999999999985
0.37916000000000016
0.3826600000000002
0.37460000000000016
0.3790199999999999
0.3766400000000001
0.3810199999999998
0.3775
0.3807399999999999
0.37802000000000013
0.38042000000000015
0.3794200000000001
0.3814200000000001
0.37754000000000004
0.38323999999999997
0.37389999999999995
0.38174000000000013
0.377
0.3805000000000001
0.37704
0.37892
0.37738000000000005
0.38222000000000017
0.37666000000000005
0.3760799999999999
0.37643999999999983
0.37938000000000016
0.3780200000000003
0.37682000000000004
0.37800000000000006
0.37901999999999986
0.37736000000000003
0.37776
0.37825999999999993
0.38126
0.37999999999999984
0.37797999999999987
0.3788600000000001
0.38059999999999994
0.37615999999999994
0.3807599999999999
0.37861999999999996
0.38343999999999995
0.37604000000000015
0.3802200000000002
0.37680000000000013
0.3800999999999999
0.3772000000000002
0.38193999999999995
0.37648000000000015
0.38023999999999986
0.3766399999999999
0.38176000000000004
0.3766800000000001
0.3807800000000001
0.3775999999999998
0.3807400000000001
0.3780199999999999
0.38234
0.3786399999999999
0.37849999999999995
0.3791799999999999
0.37740000000000007
0.37958
0.38095999999999997
0.3795400000000001
0.37987999999999994
0.37437999999999994
0.3778600000000001
0.3774000000000002
0.37892000000000015
0.3771
0.38177999999999995
0.37968000000000013
0.3792800000000001
0.38168000000000013
0.37724
0.38353999999999977
0.37764000000000003
0.3783200000000001
0.37544000000000016
0.3780000000000001
0.37904
0.3807599999999999
0.37428000000000006
0.3848200000000002
0.37800000000000017
0.3813800000000003
0.3765799999999999
0.37807999999999986
0.37554000000000015
0.37696000000000013
0.3777999999999999
0.3786399999999999
0.3767600000000001
0.3841599999999999
0.3769800000000001
0.38141999999999965
0.37633999999999995
0.3804399999999999
0.3804200000000001
0.37932000000000005
0.38086
0.3819199999999998
0.3783200000000001
0.37943999999999994
0.38170000000000004
0.37801999999999986
0.3775800000000002
0.38216
0.37938000000000016
0.38032
0.37890000000000007
0.3804999999999999
0.37881999999999993
0.38117999999999974
0.37860000000000005
0.3790799999999999
0.37495999999999996
0.37953999999999993
0.3773199999999999
0.37898000000000004
0.3746
0.3820600000000002
0.37414000000000003
0.3825200000000001
0.37501999999999996
0.381
0.3793999999999999
0.38208000000000003
0.3706600000000001
0.3855599999999999
0.3745999999999999
0.3825200000000001
0.37728000000000006
0.38017999999999996
0.37714
0.3807600000000001
0.38102
0.3797599999999999
0.38056000000000006
0.3782400000000001
0.38362000000000007
0.3765200000000001
0.38012000000000007
0.3807999999999999
0.37961999999999996
0.38124
0.38073999999999997
0.37976
0.37192000000000003
0.38441999999999993
0.37485999999999997
0.37749999999999995
0.3806400000000001
0.38286000000000003
0.3751799999999998
0.38138
0.3759000000000001
0.37888
0.37412
0.37836000000000003
0.38065999999999994
0.37899999999999984
0.3752199999999999
0.3802799999999999
0.37910000000000005
0.37739999999999996
0.37803999999999993
0.38299999999999995
0.3791199999999999
0.37635999999999986
0.37907999999999986
0.37910000000000005
0.3824
0.3731199999999999
0.37677999999999995
0.37728
0.37774000000000013
0.3832800000000002
0.38110000000000016
0.37648000000000004
0.3766599999999999
0.3792399999999999
0.37699999999999995
0.3802799999999998
0.3744200000000001
0.37951999999999997
0.3766999999999999
0.3814400000000001
0.37691999999999987
0.3827800000000001
0.37394000000000005
0.37906
0.3816400000000001
0.3803600000000001
0.38148
0.37778
0.38050000000000006
0.37741999999999976
0.38110000000000005
0.37837999999999994
0.37677999999999995
0.37752
0.38014
0.37854000000000015
0.38108000000000003
0.38124000000000025
0.3765
0.3848800000000001
0.3758800000000001
0.37998
0.37839999999999985
0.37798000000000004
0.37866000000000005
0.37975999999999993
0.3763599999999998
0.37916000000000005
0.37644
0.3772399999999998
0.3797
0.37693999999999994
0.3792800000000001
0.37872
0.37668000000000007
0.3807000000000001
0.3789
0.37668
0.37564
0.3798999999999999
0.3754800000000001
0.3805599999999999
0.3756000000000001
0.37796
0.37809999999999994
0.38008000000000003
0.37652
0.37976
0.37933999999999996
0.3797799999999999
0.3801999999999998
0.37615999999999983
0.3793000000000001
0.37854
0.38146
0.37870000000000004
0.38217999999999996
0.37618000000000007
0.38038000000000016
0.37734
0.3808200000000001
0.3766400000000001
0.38195999999999997
0.37776000000000004
0.38339999999999996
0.37720000000000004
0.38134000000000007
0.3768
0.37839999999999996
0.3783399999999999
0.37714000000000014
0.3803600000000001
0.3782199999999999
0.3816399999999999
0.3760600000000002
0.379
0.37727999999999995
0.37771999999999983
