0.19999999999999962
0.09249999999999999
0.08381999999999999
0.06453999999999999
0.06435999999999997
0.05585999999999998
0.059679999999999976
0.05493999999999999
0.05749999999999999
0.056919999999999964
0.05597999999999996
0.05259999999999996
0.054739999999999955
0.05239999999999994
0.05663999999999998
0.05257999999999997
0.05061999999999998
0.05145999999999998
0.054359999999999985
0.05191999999999996
0.055039999999999985
0.052559999999999975
0.052399999999999974
0.05211999999999998
0.05019999999999999
0.051379999999999974
0.05371999999999997
0.05131999999999996
0.050719999999999967
0.05143999999999996
0.05115999999999997
0.04933999999999998
0.052739999999999974
0.05261999999999996
0.05085999999999997
0.04999999999999996
0.05009999999999998
0.050120000000000005
0.05091999999999995
0.04843999999999998
0.05283999999999996
0.05021999999999996
0.053139999999999986
0.05165999999999998
0.04985999999999996
0.05117999999999998
0.04991999999999999
0.05147999999999997
0.051880000000000016
0.04963999999999996
0.05101999999999998
0.05147999999999997
0.05119999999999998
0.051259999999999965
0.050859999999999975
0.05187999999999997
0.05073999999999997
0.05019999999999998
0.049999999999999975
0.05201999999999999
0.05155999999999998
0.052039999999999954
0.04961999999999997
0.050819999999999955
0.05213999999999994
0.05111999999999997
0.05135999999999998
0.04995999999999997
0.05011999999999996
0.050799999999999956
0.050959999999999984
0.051359999999999975
0.05003999999999998
0.04839999999999997
0.048939999999999984
0.04792
0.04633999999999998
0.04768
0.04687999999999998
0.04687999999999997
0.04625999999999999
0.047079999999999955
0.04899999999999999
0.04932
0.04841999999999997
0.04691999999999995
0.046119999999999974
0.045779999999999973
0.04631999999999997
0.045239999999999975
0.04543999999999998
0.046959999999999974
0.04623999999999999
0.046559999999999976
0.04961999999999998
0.04825999999999996
0.04981999999999998
0.04857999999999998
0.04861999999999998
0.047819999999999974
0.04903999999999997
0.047299999999999995
0.04935999999999998
0.04765999999999998
0.046979999999999966
0.04599999999999996
0.04653999999999997
0.04583999999999998
0.04912
0.04697999999999996
0.04943999999999996
0.04677999999999995
0.04861999999999999
0.05093999999999998
0.049559999999999965
0.04799999999999996
0.04833999999999998
0.04829999999999997
0.04793999999999997
0.04847999999999996
0.04951999999999998
0.04881999999999999
0.04857999999999998
0.04743999999999998
0.04825999999999999
0.045159999999999985
0.04605999999999997
0.04507999999999998
0.047879999999999964
0.04723999999999998
0.048779999999999976
0.04861999999999999
0.050059999999999966
0.04869999999999997
0.05071999999999997
0.04799999999999997
0.04838
0.04759999999999998
0.04703999999999998
0.046559999999999976
0.046099999999999974
0.04751999999999998
0.04925999999999996
0.049479999999999975
0.051139999999999984
0.047559999999999956
0.04934
0.047299999999999995
0.047939999999999997
0.04923999999999996
0.04655999999999997
0.04799999999999997
0.04733999999999997
0.04703999999999997
0.048759999999999984
0.04591999999999999
0.04603999999999999
0.04693999999999999
0.04753999999999997
0.04789999999999997
0.04851999999999999
0.04905999999999997
0.047599999999999996
0.047819999999999994
0.04711999999999999
0.047099999999999975
0.04619999999999996
0.04697999999999999
0.04841999999999999
0.046419999999999975
0.048939999999999984
0.048979999999999954
0.04963999999999999
0.048099999999999976
0.04593999999999999
0.04709999999999996
0.044719999999999996
0.045439999999999967
0.043599999999999965
0.04368
0.04597999999999997
0.045479999999999965
0.04517999999999997
0.044399999999999995
0.04445999999999997
0.044179999999999976
0.04285999999999998
0.04329999999999998
0.042159999999999996
0.04179999999999997
0.043499999999999976
0.04329999999999998
0.04373999999999998
0.043439999999999986
0.044
0.04419999999999996
0.04227999999999997
0.04365999999999999
0.042399999999999986
0.04319999999999999
0.04217999999999999
0.04367999999999998
0.042299999999999977
0.04549999999999998
0.042979999999999983
0.043019999999999996
0.04414
0.04485999999999999
0.04337999999999998
0.04336
0.04265999999999999
0.04186
0.04338
0.040919999999999984
0.043019999999999975
0.04071999999999999
0.04079999999999998
0.04149999999999999
0.04056
0.04433999999999999
0.04185999999999998
0.04181999999999999
0.04173999999999999
0.04463999999999998
0.04274
0.04218
0.04077999999999998
0.04247999999999998
0.04325999999999997
0.04501999999999998
0.044099999999999986
0.04543999999999999
0.04212
0.04305999999999998
0.03991999999999998
0.04121999999999998
0.04137999999999997
0.042719999999999994
0.04285999999999998
0.04409999999999997
0.042919999999999986
0.04353999999999998
0.043379999999999995
0.04565999999999998
0.043359999999999996
0.043619999999999985
0.04363999999999999
0.04283999999999999
0.04093999999999998
0.042399999999999986
0.040459999999999975
0.04177999999999999
0.03923999999999999
0.03823999999999998
0.03754
0.03869999999999999
0.039659999999999994
0.04009999999999998
0.03967999999999999
0.03929999999999999
0.03969999999999998
0.039719999999999984
0.03997999999999999
0.04119999999999997
0.04159999999999999
0.04079999999999999
0.04017999999999999
0.039739999999999984
0.04167999999999998
0.040399999999999985
0.04127999999999999
0.04067999999999998
0.04051999999999998
0.038339999999999985
0.038819999999999986
0.039979999999999995
0.03827999999999999
0.0394
0.03907999999999998
0.04031999999999998
0.03976
0.037979999999999986
0.038779999999999995
0.040220000000000006
0.04131999999999999
0.03851999999999998
0.03979999999999999
0.04033999999999998
0.04041999999999999
0.041439999999999984
0.042199999999999974
0.03977999999999998
0.04257999999999999
0.03991999999999998
0.041400000000000006
0.04043999999999999
0.04079999999999999
0.04007999999999999
0.04081999999999999
0.04003999999999999
0.03913999999999999
0.04001999999999998
0.040319999999999995
0.03875999999999999
0.04135999999999997
0.03957999999999999
0.04071999999999999
0.03829999999999998
0.04103999999999997
0.03887999999999999
0.03931999999999998
0.03961999999999997
0.03947999999999997
0.038459999999999994
0.03897999999999999
0.039999999999999994
0.040119999999999996
0.04072
0.03857999999999999
0.04017999999999999
0.036879999999999996
0.037479999999999986
0.03843999999999999
0.03655999999999998
0.03619999999999999
0.03788
0.03983999999999998
0.03972
0.0409
0.03977999999999998
0.03859999999999999
0.037079999999999995
0.036159999999999984
0.03577999999999999
0.03609999999999997
0.036959999999999986
0.036479999999999985
0.03683999999999999
0.03755999999999999
0.03787999999999999
0.03713999999999999
0.03626
0.039099999999999996
0.03921999999999999
0.03993999999999999
0.038179999999999985
0.03971999999999997
0.037819999999999986
0.040199999999999986
0.03854
0.03841999999999999
0.037079999999999995
0.03807999999999998
0.03795999999999999
0.039180000000000006
0.03774
0.03895999999999999
0.036759999999999994
0.040699999999999986
0.038239999999999996
0.040939999999999976
0.03783999999999999
0.03939999999999999
0.03903999999999999
0.03831999999999998
0.03795999999999999
0.03703999999999999
0.03941999999999999
0.03856
0.0387
0.03931999999999998
0.0381
0.03949999999999998
0.03867999999999999
0.036719999999999996
0.03895999999999998
0.03857999999999999
0.038299999999999994
0.03663999999999998
0.036759999999999994
0.03623999999999999
0.038259999999999995
0.038319999999999986
0.03773999999999999
0.037979999999999986
0.03831999999999999
0.03824
0.03897999999999999
0.03730000000000001
0.036399999999999995
0.036419999999999994
0.03691999999999999
0.036
0.03579999999999998
0.03637999999999999
0.03742
0.03641999999999999
0.03842
0.03737999999999999
0.03875999999999998
0.0365
0.037559999999999996
0.03683999999999998
0.037559999999999996
0.035819999999999984
0.03781999999999999
0.037079999999999974
0.037479999999999986
0.03771999999999998
0.03745999999999999
0.037459999999999986
0.03681999999999999
0.038439999999999995
0.03641999999999998
0.03748
0.037279999999999994
0.03738
0.03731999999999999
0.03763999999999998
0.036379999999999996
0.03722
0.03895999999999999
0.03768
0.03862000000000001
0.03663999999999999
0.03757999999999999
0.03635999999999999
0.035439999999999985
0.03575999999999999
0.03497999999999999
0.03633999999999998
0.03525999999999998
0.036019999999999996
0.03511999999999997
0.03477999999999999
0.03545999999999998
0.03431999999999999
0.03627999999999999
0.035479999999999984
0.03699999999999999
0.036599999999999994
0.036559999999999995
0.03469999999999999
0.035639999999999984
0.03455999999999998
0.03617999999999999
0.03635999999999999
0.03585999999999999
0.03535999999999998
0.03327999999999998
0.032799999999999996
0.034619999999999984
0.03396
0.03541999999999999
0.03626
0.037659999999999985
0.0385
0.03787999999999998
0.03789999999999999
0.03603999999999999
0.03833999999999999
0.03567999999999999
0.03725999999999999
0.03446
0.03545999999999999
0.03346
0.035379999999999995
0.03539999999999999
0.03315999999999999
0.03426
0.03551999999999999
0.037239999999999995
0.036119999999999985
0.03837999999999999
0.03568
0.03409999999999999
0.03511999999999999
0.034019999999999995
0.03575999999999999
0.03669999999999999
0.03643999999999999
0.035239999999999994
0.035879999999999995
0.03603999999999999
0.037359999999999983
0.03463999999999998
0.036099999999999986
0.03482
0.036159999999999984
0.03489999999999999
0.03424000000000001
0.03459999999999999
0.034
0.03369999999999999
0.03392
0.03521999999999999
0.03519999999999999
0.03583999999999999
0.03403999999999999
0.03573999999999999
0.03383999999999999
0.03529999999999999
0.03401999999999999
0.033339999999999995
0.03258
0.03257999999999999
0.03164
0.033199999999999986
0.033699999999999994
0.031839999999999986
0.03201999999999999
0.034379999999999994
0.03439999999999999
0.03509999999999999
0.03584
0.03459999999999999
0.035419999999999986
0.03475999999999998
0.035980000000000005
0.036399999999999995
0.03641999999999999
0.03542
0.03592
0.03519999999999999
0.035759999999999986
0.03601999999999998
0.03617999999999999
0.03366
0.035899999999999994
0.03337999999999999
0.03335999999999999
0.033239999999999985
0.033639999999999996
0.032499999999999994
0.034719999999999994
0.03352
0.03333999999999998
0.03403999999999999
0.034179999999999995
0.03369999999999998
0.03407999999999999
0.03548000000000001
0.034039999999999994
0.03499999999999999
0.03417999999999999
0.034579999999999986
0.03385999999999998
0.03422
0.034759999999999985
0.03262
0.03293999999999999
0.032499999999999994
0.03557999999999999
0.03581999999999999
0.03565999999999998
0.03558
0.03502
0.03394
0.03358
0.03232
0.03294
0.03185999999999999
0.03377999999999999
0.0343
0.035519999999999996
0.03336
0.03431999999999999
0.03287999999999999
0.03507999999999999
0.03318
0.033539999999999986
0.032560000000000006
0.033859999999999994
0.03346
0.03317999999999999
0.0331
0.032639999999999995
0.03146
0.031599999999999996
0.031059999999999997
0.03311999999999998
0.03153999999999999
0.030560000000000004
0.032499999999999994
0.03232
0.03269999999999999
0.032639999999999995
0.03155999999999999
0.031179999999999996
0.03096
0.02966
0.03139999999999999
0.03241999999999999
0.03173999999999999
0.03068
0.030939999999999995
0.031880000000000006
0.03403999999999999
0.03345999999999999
0.03371999999999999
0.03172
0.032059999999999984
0.03271999999999999
0.033
0.03332000000000001
0.031959999999999995
0.034759999999999985
0.03206
0.03452
0.03095999999999999
0.03336
0.031740000000000004
0.03203999999999999
0.031219999999999994
0.03335999999999999
0.03384
0.031119999999999988
0.027880000000000002
0.031459999999999995
0.029219999999999993
0.03168
0.029859999999999984
0.031639999999999995
0.02946
0.03082
0.030860000000000002
0.0315
0.03066
0.031219999999999998
0.029259999999999998
0.031039999999999998
0.030239999999999986
0.030439999999999988
0.029979999999999996
0.029020000000000004
0.030060000000000003
0.02996
0.031019999999999995
0.03132
0.03188000000000001
0.03178
0.03275999999999999
0.032279999999999996
0.03201999999999999
0.03196
0.030679999999999995
0.03248
0.030640000000000004
0.030579999999999993
0.030500000000000003
0.030780000000000002
0.029660000000000002
0.02874
0.03028
0.028900000000000016
0.03092
0.02988
0.031200000000000002
0.029220000000000003
0.031619999999999995
0.02869999999999999
0.03067999999999999
0.030080000000000006
0.03004
0.027960000000000006
0.02748
0.02704
0.02749999999999999
0.028040000000000002
0.029180000000000005
0.029980000000000007
0.029179999999999994
0.030139999999999997
0.029919999999999995
0.03198
0.03235999999999999
0.031459999999999995
0.02992
0.031700000000000006
0.02886
0.030479999999999997
0.028579999999999998
0.027920000000000004
0.027459999999999995
0.029699999999999994
0.029419999999999998
0.028480000000000002
0.030019999999999995
0.028980000000000002
0.030859999999999988
0.028399999999999995
0.0286
0.028679999999999997
0.029220000000000003
0.02832
0.028900000000000002
0.029259999999999987
0.029759999999999998
0.03134
0.02975999999999999
0.03142000000000001
0.03128
0.031120000000000005
0.029500000000000002
0.029699999999999997
0.02848
0.02942
0.028020000000000003
0.030000000000000006
0.02878
0.02946
0.03078
0.029200000000000004
0.028880000000000006
0.028280000000000007
0.02966
0.0291
0.03074000000000001
0.029439999999999994
0.029299999999999996
0.028980000000000006
0.028520000000000004
0.028679999999999997
0.02752
0.027800000000000002
0.02556000000000001
0.026060000000000003
0.025540000000000004
0.027280000000000002
0.028359999999999986
0.028280000000000003
0.029379999999999993
0.02946
0.03
0.031079999999999997
0.028999999999999995
0.029399999999999996
0.02942
0.028200000000000006
0.029340000000000005
0.027079999999999996
0.029139999999999996
0.02772000000000001
0.029359999999999994
0.026959999999999998
0.028979999999999995
0.02924
0.030179999999999995
0.029559999999999996
0.028900000000000002
0.028619999999999993
0.02858
0.02848
0.027960000000000006
0.026260000000000002
0.02628000000000001
0.026759999999999992
0.028460000000000006
0.028000000000000004
0.028520000000000004
0.02806
0.030939999999999995
0.030379999999999997
0.030060000000000003
0.02851999999999999
0.028979999999999995
0.027519999999999992
0.027800000000000002
0.029060000000000006
0.028800000000000003
0.02908000000000001
0.029200000000000004
0.029159999999999995
0.02632
0.027180000000000003
0.02724000000000001
0.027879999999999988
0.027980000000000005
0.02798
0.027700000000000006
0.027200000000000002
0.026300000000000007
0.026659999999999986
0.026220000000000004
0.02488
0.02604
0.025779999999999994
0.02686
0.027340000000000003
0.02804
0.028120000000000003
0.026120000000000004
0.028340000000000004
0.027260000000000003
0.028079999999999997
0.028280000000000003
0.029000000000000005
0.027220000000000005
0.02718000000000001
0.02754
0.026060000000000003
0.024580000000000005
0.0271
0.025920000000000002
0.027080000000000003
0.026640000000000007
0.02894
0.028319999999999994
0.027940000000000006
0.02866
0.02726
0.027499999999999997
0.025980000000000003
0.02572
0.02518
0.02628
0.026800000000000004
0.02782
0.026179999999999995
0.02694
0.026280000000000005
0.026840000000000017
0.02534
0.025700000000000008
0.024520000000000007
0.023840000000000014
0.024860000000000007
0.02610000000000001
0.024020000000000007
0.025840000000000005
0.025879999999999997
0.026480000000000007
0.025360000000000008
0.025980000000000007
0.0248
0.02534000000000001
0.02548000000000001
0.025840000000000002
0.024600000000000004
0.024760000000000004
0.023020000000000013
0.024500000000000008
0.024240000000000005
0.025559999999999996
0.026380000000000004
0.025400000000000006
0.02502
0.023320000000000007
0.025740000000000006
0.02398
0.023180000000000006
0.022820000000000003
0.02434
0.022860000000000005
0.023460000000000005
0.024720000000000006
0.02496000000000001
0.023900000000000005
0.024959999999999996
0.025020000000000008
0.024960000000000003
0.027300000000000005
0.02398
0.02512
0.02576
0.0261
0.02556000000000001
0.02306000000000001
0.02266000000000001
0.02502
0.02148000000000001
0.024539999999999996
0.022840000000000006
0.024160000000000008
0.022480000000000007
0.02300000000000001
0.022220000000000014
0.022960000000000008
0.021780000000000008
0.02388
0.02326000000000001
0.025060000000000002
0.02258
0.025860000000000008
0.024100000000000007
0.024360000000000003
0.022820000000000003
0.02378000000000001
0.026180000000000002
0.024260000000000007
0.02504000000000001
0.023440000000000003
0.02398
0.022480000000000007
0.02294000000000001
0.022580000000000003
0.02202000000000001
0.02356000000000001
0.024980000000000006
0.024920000000000005
0.024019999999999996
0.024080000000000004
0.024560000000000005
0.025840000000000005
0.02384
0.02298000000000001
0.0235
0.02448000000000001
0.026019999999999998
0.025320000000000006
0.025900000000000003
0.024680000000000004
0.02572000000000001
0.024820000000000002
0.026299999999999994
0.0269
0.025820000000000006
0.024320000000000012
0.02410000000000001
0.022000000000000006
0.02448000000000001
0.02322
0.024080000000000004
0.024140000000000005
0.02302000000000001
0.024260000000000007
0.022460000000000008
0.023720000000000005
0.021620000000000014
0.023440000000000006
0.022220000000000004
0.02356000000000001
0.022520000000000002
0.021860000000000008
0.02216000000000001
0.022080000000000006
0.022780000000000012
0.02104000000000001
0.021120000000000007
0.02210000000000001
0.023160000000000004
0.023920000000000004
0.023260000000000006
0.023300000000000005
0.02272000000000001
0.022360000000000005
0.02324000000000001
0.022960000000000008
0.023440000000000003
0.02428000000000001
0.022360000000000012
0.02224000000000001
0.021860000000000008
0.022080000000000006
0.021840000000000012
0.02226000000000001
0.021920000000000005
0.020700000000000007
0.021480000000000013
0.020320000000000015
0.020160000000000008
0.02034000000000001
0.02078000000000001
0.01990000000000001
0.020780000000000007
0.020760000000000004
0.022320000000000007
0.021460000000000007
0.021740000000000002
0.021800000000000007
0.022080000000000006
0.022140000000000007
0.020860000000000007
0.02228000000000001
0.021300000000000013
0.02304000000000001
0.02270000000000001
0.02234000000000001
0.02304000000000001
0.02294000000000001
0.021760000000000005
0.02112000000000001
0.02212000000000001
0.021220000000000006
0.020860000000000007
0.02020000000000001
0.02198000000000001
0.021460000000000014
0.022000000000000006
0.022160000000000006
0.021800000000000007
0.02142000000000001
0.022320000000000007
0.02166000000000001
0.02048000000000001
0.02104000000000001
0.02210000000000001
0.02028000000000001
0.02166000000000001
0.020620000000000013
