0.19999999999999962
0.13226
0.16262000000000007
0.14570000000000005
0.16344000000000006
0.15306
0.16720000000000002
0.15724
0.16576000000000005
0.15758
0.16506000000000007
0.158
0.16150000000000003
0.15836000000000003
0.1638
0.15783999999999995
0.16126
0.16072000000000009
0.15882000000000004
0.15804000000000004
0.16018000000000002
0.16142
0.15956000000000004
0.15982000000000002
0.15946000000000002
0.15792
0.1634
0.15993999999999997
0.16087999999999997
0.15986
0.15968
0.16020000000000004
0.16193999999999992
0.16218
0.15688000000000002
0.15840000000000004
0.15696000000000004
0.16333999999999999
0.16018000000000002
0.16508000000000003
0.15827999999999995
0.15806000000000003
0.15918
0.16408000000000006
0.16150000000000006
0.15932000000000007
0.16284000000000007
0.15886
0.15802000000000002
0.15899999999999992
0.16072000000000003
0.15801999999999997
0.15812000000000004
0.16010000000000005
0.15858000000000003
0.15852000000000002
0.16066000000000003
0.16002000000000005
0.16238
0.16168000000000002
0.1621400000000001
0.15936000000000014
0.15644000000000005
0.15792000000000006
0.15894000000000003
0.15777999999999998
0.15900000000000003
0.15884
0.15991999999999998
0.15894000000000008
0.15794000000000008
0.1581200000000001
0.15988000000000002
0.15930000000000005
0.15866
0.15785999999999997
0.16072000000000009
0.1563
0.16072
0.1627200000000001
0.16224000000000005
0.16322
0.16008000000000003
0.1611
0.16169999999999998
0.1632600000000001
0.16316000000000003
0.16095999999999996
0.15732000000000004
0.16116
0.16129999999999994
0.15792
0.1581200000000001
0.16102000000000005
0.15791999999999998
0.16126000000000007
0.15900000000000003
0.16143999999999997
0.1632600000000001
0.15916000000000005
0.15994000000000005
0.15974000000000005
0.16069999999999995
0.15856000000000006
0.16100000000000006
0.16069999999999995
0.16036000000000009
0.16178000000000003
0.16094000000000006
0.15932
0.16000000000000003
0.16240000000000002
0.15828000000000006
0.16218000000000007
0.15813999999999998
0.1605
0.15936000000000006
0.15884000000000004
0.16142000000000004
0.16132
0.16160000000000005
0.15968000000000002
0.16140000000000004
0.15888
0.16264000000000006
0.15681999999999996
0.16070000000000007
0.15856000000000006
0.16352000000000003
0.15852000000000002
0.16166
0.1595600000000001
0.16138000000000002
0.16226000000000007
0.16364000000000004
0.16194
0.16312000000000004
0.16102000000000005
0.15858000000000008
0.16126
0.15904
0.16206000000000004
0.15807999999999997
0.15912000000000004
0.15730000000000005
0.16102
0.15674000000000005
0.1575
0.15726000000000012
0.15690000000000004
0.15738
0.15946000000000005
0.16096000000000005
0.15974000000000005
0.16282000000000005
0.16046000000000007
0.15986000000000009
0.15832000000000007
0.15739999999999996
0.15982000000000002
0.15798000000000004
0.15904000000000001
0.15664000000000006
0.15940000000000001
0.15656
0.16214000000000003
0.15994000000000005
0.16507999999999995
0.15946000000000005
0.15948
0.1579800000000001
0.16246000000000002
0.16148000000000007
0.16171999999999997
0.16240000000000004
0.1616400000000001
0.16176000000000001
0.1578800000000001
0.15842000000000003
0.15786000000000006
0.1601
0.1604
0.16144000000000003
0.15942
0.16246000000000002
0.15815999999999997
0.16212
0.15877999999999998
0.16562000000000002
0.15872
0.16070000000000004
0.15739999999999996
0.1615800000000001
0.15902000000000002
0.16106
0.15460000000000013
0.16322000000000003
0.15880000000000002
0.16216000000000005
0.15777999999999998
0.15946000000000002
0.15732000000000004
0.16114000000000012
0.15839999999999999
0.16046
0.15919999999999998
0.16166
0.15992000000000006
0.16380000000000006
0.16388000000000005
0.16154000000000004
0.16151999999999997
0.16105999999999995
0.15928000000000003
0.15722000000000003
0.15884000000000006
0.15836000000000003
0.16168000000000002
0.15832000000000002
0.15882000000000002
0.15854000000000001
0.16052000000000002
0.15774000000000002
0.15868000000000002
0.15808000000000008
0.15852000000000005
0.15918
0.16172000000000009
0.15964000000000003
0.15920000000000006
0.15640000000000007
0.15675999999999998
0.15921999999999997
0.15837999999999997
0.1602
0.15466
0.15896000000000005
0.15766000000000002
0.16036000000000009
0.15550000000000003
0.15861999999999996
0.16113999999999998
0.16074000000000002
0.15990000000000004
0.1597800000000001
0.15866
0.1610200000000001
0.1611200000000001
0.16239999999999996
0.16022000000000006
0.15930000000000002
0.1616
0.15966000000000005
0.15921999999999994
0.15788000000000005
0.15782000000000004
0.1576
0.16148000000000004
0.15905999999999998
0.16183999999999998
0.15807999999999997
0.16018000000000004
0.15864000000000003
0.16114
0.15882000000000007
0.16298000000000004
0.15910000000000005
0.16154
0.15796000000000004
0.16440000000000007
0.16098000000000007
0.16410000000000002
0.15776
0.16140000000000002
0.15608000000000008
0.16083999999999998
0.15886
0.16076000000000004
0.16122
0.16194
0.16102000000000005
0.16264000000000003
0.15918000000000004
0.16302
0.15878000000000003
0.15894000000000003
0.15790000000000004
0.15856000000000003
0.1576
0.16002
0.15534000000000003
0.15883999999999998
0.15567999999999999
0.15878000000000003
0.15703999999999999
0.16380000000000003
0.15802000000000002
0.16023999999999997
0.1603400000000001
0.1637
0.15971999999999997
0.16050000000000003
0.15804
0.15956
0.15764
0.15872
0.15974000000000005
0.16020000000000004
0.16002000000000005
0.16036000000000009
0.16130000000000003
0.16088000000000005
0.16036
0.15930000000000008
0.16022000000000003
0.16076000000000001
0.16126000000000001
0.15980000000000005
0.15856000000000006
0.16330000000000003
0.15903999999999996
0.1617800000000001
0.15911999999999998
0.1607
0.15894000000000003
0.16240000000000002
0.16348000000000001
0.1617
0.16094
0.16337999999999994
0.16178000000000003
0.15955999999999998
0.15957999999999997
0.15922000000000003
0.16200000000000003
0.15916
0.15948
0.15858
0.16318000000000002
0.1638600000000001
0.16467999999999997
0.16216
0.16009999999999994
0.16172000000000014
0.16198000000000007
0.16096000000000005
0.16174000000000002
0.16152000000000005
0.16394000000000003
0.16268000000000007
0.16180000000000005
0.15596000000000002
0.16126000000000001
0.15704000000000004
0.15922
0.16024000000000005
0.15967999999999996
0.1609
0.16186000000000011
0.15756
0.16299999999999998
0.15896000000000007
0.16010000000000002
0.15658000000000002
0.16112
0.15658000000000002
0.15956
0.16083999999999998
0.16076000000000007
0.15938000000000005
0.15783999999999998
0.1586800000000001
0.15877999999999998
0.15880000000000005
0.15878000000000003
0.15912
0.15780000000000008
0.16020000000000004
0.15792
0.15980000000000005
0.16091999999999998
0.1606200000000001
0.16079999999999997
0.15972
0.15714
0.15968
0.15633999999999998
0.15646000000000002
0.15676000000000007
0.15866
0.15758
0.16264000000000006
0.15834000000000004
0.16190000000000002
0.15825999999999996
0.16203999999999996
0.16052000000000002
0.16235999999999998
0.15948000000000007
0.16182
0.16232000000000002
0.15728000000000006
0.16222
0.1565600000000001
0.15990000000000001
0.16196000000000008
0.16320000000000004
0.16078000000000003
0.1609
0.16058000000000003
0.16012
0.16114000000000003
0.15972000000000006
0.16045999999999996
0.16072000000000003
0.16010000000000002
0.16114000000000003
0.15868000000000004
0.1623400000000001
0.15793999999999994
0.16248
0.15790000000000007
0.16238
0.15696000000000004
0.16052000000000002
0.1584000000000001
0.16370000000000007
0.16130000000000005
0.16238000000000008
0.15536000000000003
0.16506000000000007
0.15902000000000002
0.16247999999999999
0.15900000000000003
0.16034000000000004
0.16076000000000001
0.16144000000000008
0.16276000000000007
0.15894000000000003
0.15856
0.15730000000000002
0.15592000000000003
0.15684000000000003
0.16022000000000003
0.16000000000000006
0.1609
0.16327999999999998
0.16007999999999994
0.16252000000000003
0.16036000000000006
0.16198000000000007
0.15800000000000003
0.1614200000000001
0.15794000000000005
0.16158
0.15875999999999998
0.16017999999999996
0.16016000000000002
0.16064
0.16142000000000006
0.16112000000000004
0.15988000000000002
0.15850000000000006
0.16020000000000004
0.16014000000000006
0.15962000000000004
0.15896
0.15856
0.15850000000000006
0.15986000000000003
0.16245999999999994
0.16290000000000002
0.16108000000000003
0.16136000000000003
0.16226000000000007
0.16146000000000002
0.1587399999999999
0.15726
0.15828
0.15856000000000003
0.16004000000000002
0.16168000000000007
0.16010000000000002
0.15956
0.15982000000000002
0.16200000000000003
0.16152000000000005
0.16456000000000004
0.16064
0.15976
0.15816000000000005
0.16372000000000003
0.1617800000000001
0.16410000000000008
0.15989999999999996
0.1617
0.16134
0.15969999999999998
0.16024000000000005
0.15792
0.15772000000000008
0.1622
0.15914
0.16024000000000005
0.15812000000000007
0.16016000000000002
0.1603
0.16144000000000006
0.1603
0.15838000000000005
0.15988000000000005
0.15852
0.15998
0.1602
0.1608600000000001
0.15914000000000006
0.16080000000000008
0.16318000000000007
0.15889999999999996
0.1622
0.15930000000000002
0.15879999999999994
0.16097999999999998
0.15737999999999996
0.15816000000000002
0.16276000000000007
0.16194
0.15906
0.1594
0.15952000000000002
0.15744000000000008
0.15914000000000006
0.15938000000000005
0.15752000000000005
0.16024000000000002
0.15773999999999996
0.15877999999999998
0.16024000000000002
0.15954000000000007
0.16104
0.16060000000000005
0.1617
0.16082000000000005
0.15787999999999996
0.16092000000000006
0.15725999999999998
0.15936000000000003
0.15847999999999998
0.16048
0.16158
0.15938000000000002
0.16153999999999996
0.15844000000000003
0.16156000000000006
0.15810000000000005
0.16062000000000004
0.15784000000000006
0.15866000000000002
0.15832
0.15964000000000006
0.15768000000000001
0.16052000000000002
0.15785999999999997
0.1620400000000001
0.15845999999999996
0.15948
0.16090000000000007
0.15938000000000002
0.16286
0.16014000000000003
0.15834000000000004
0.16228
0.16046
0.15632000000000004
0.15972
0.15946
0.15918000000000004
0.15749999999999997
0.16142000000000004
0.15647999999999995
0.16380000000000006
0.15799999999999995
0.16180000000000005
0.15932000000000002
0.16004
0.15854
0.15967999999999996
0.1605600000000001
0.1593199999999999
0.16076000000000001
0.16554000000000002
0.16032
0.16111999999999999
0.16342
0.16098
0.16235999999999995
0.15988000000000002
0.15928000000000003
0.15635999999999997
0.1584600000000001
0.15298000000000003
0.1601
0.15863999999999998
0.15664000000000006
0.15868000000000002
0.16032000000000005
0.16066
0.15998000000000004
0.15948000000000007
0.16006000000000004
0.16010000000000002
0.16210000000000005
0.16098
0.16034000000000004
0.16170000000000007
0.16212000000000007
0.15990000000000004
0.16172000000000003
0.15988000000000005
0.16218000000000005
0.15716
0.15893999999999997
0.15924000000000002
0.16355999999999998
0.16062
0.16140000000000004
0.15947999999999998
0.16188
0.15996000000000005
0.16258000000000003
0.16020000000000006
0.15942
0.15917999999999993
0.15922
0.15874
0.15990000000000001
0.15892
0.16016000000000005
0.15918000000000002
0.1616
0.15859999999999994
0.1599000000000001
0.16188000000000005
0.16358000000000003
0.16212
0.15938
0.16028000000000003
0.16294000000000003
0.15634000000000003
0.15972
0.1572000000000001
0.15877999999999998
0.15540000000000007
0.16224
0.15779999999999994
0.16178
0.16024000000000002
0.16458000000000006
0.16055999999999993
0.16062000000000004
0.16088000000000008
0.16096000000000008
0.15907999999999997
0.16068000000000002
0.15938000000000005
0.16155999999999998
0.16264000000000006
0.16028000000000003
0.15844000000000003
0.1599600000000001
0.16038000000000008
0.16348000000000007
0.16192000000000004
0.16186000000000006
0.15728000000000006
0.15940000000000001
0.15782
0.15778000000000006
0.16229999999999997
0.15974
0.15738000000000002
0.15968000000000004
0.15854
0.16177999999999998
0.15918000000000002
0.16043999999999997
0.15828
0.15838000000000005
0.1555400000000001
0.15596000000000004
0.15869999999999998
0.16054000000000004
0.16270000000000007
0.16310000000000005
0.16482000000000008
0.16238
0.15972000000000006
0.16212
0.16170000000000007
0.15972000000000006
0.16312000000000004
0.16104
0.15938000000000005
0.15810000000000005
0.15684000000000003
0.16002
0.15958000000000003
0.1617
0.16302000000000003
0.16110000000000002
0.16172000000000009
0.1624000000000001
0.16000000000000003
0.16145999999999996
0.1591
0.15822000000000003
0.15636000000000005
0.16044
0.16012000000000004
0.16094
0.16062000000000004
0.15916000000000005
0.15904000000000004
0.15903999999999996
0.16066000000000003
0.16102000000000005
0.16186000000000003
0.15869999999999998
0.16004000000000002
0.15946000000000002
0.1612
0.16132000000000002
0.15842000000000006
0.16040000000000007
0.1609600000000001
0.16148000000000004
0.1573800000000001
0.15710000000000005
0.15925999999999998
0.16236
0.16066000000000003
0.15832000000000004
0.1594800000000001
0.15984
0.15856
0.15926000000000007
0.16151999999999994
0.16207999999999997
0.16128000000000003
0.16557999999999995
0.16118000000000002
0.16340000000000007
0.1588
0.1622
0.15798
0.16178
0.15842000000000006
0.15898000000000004
0.15718
0.15978
0.15746000000000007
0.15939999999999993
0.16108
0.16184
0.16541999999999998
0.16274
0.16052
0.16186000000000003
0.16288000000000008
0.16123999999999994
0.16118000000000002
0.16028000000000003
0.15834000000000004
0.15756000000000003
0.15852
0.15933999999999995
0.15870000000000004
0.15998
0.15752000000000002
0.15972000000000006
0.15888000000000002
0.16090000000000004
0.15926
0.15795999999999996
0.15972000000000003
0.15999999999999998
0.15930000000000002
0.16172000000000009
0.15768000000000001
0.16256000000000007
0.1597
0.15984000000000004
0.16072000000000003
0.15968000000000002
0.15965999999999997
0.15748000000000004
0.15866000000000008
0.16021999999999997
0.1608800000000001
0.15916000000000005
0.15889999999999996
0.16190000000000002
0.16120000000000004
0.1613
0.15832000000000002
0.16107999999999995
0.15838000000000002
0.16010000000000013
0.15904000000000004
0.15982000000000002
0.15766000000000005
0.16325999999999996
0.15272000000000005
0.15952
0.15487999999999996
0.16023999999999997
0.15765999999999997
0.15918000000000002
0.16030000000000005
0.16055999999999998
0.15872000000000003
0.15840000000000007
0.16074
0.1600200000000001
0.16100000000000006
0.15942
0.16216
0.15826
0.16270000000000004
0.16306000000000004
0.15894000000000008
0.16010000000000008
0.16042
0.16122000000000006
0.16054000000000004
0.16208000000000006
0.16264
0.16124000000000005
0.15970000000000004
0.15888000000000002
0.15906000000000003
0.15878000000000003
0.15810000000000005
0.15626000000000007
0.15676000000000012
0.15874000000000002
0.15733999999999995
0.15992
0.15722000000000003
0.15914
0.1613
0.15904000000000004
0.15913999999999995
0.15944
0.15877999999999998
0.16036000000000009
0.16166000000000003
0.16438000000000008
0.15905999999999998
0.15828
0.16132
0.15974
0.16154000000000007
0.15887999999999994
0.16216
0.16003999999999993
0.16008
0.16076000000000007
0.16202000000000005
0.15906000000000006
0.16094000000000006
0.15712000000000004
0.15925999999999998
0.16499999999999995
0.16202000000000003
0.16158
0.15786000000000006
0.15830000000000002
0.1584000000000001
0.15990000000000001
0.15890000000000007
0.1622
0.16371999999999998
0.1629200000000001
0.1612000000000001
0.16492
0.16116000000000003
0.16116
0.15983999999999995
0.15870000000000004
0.15725999999999996
0.15946000000000005
0.15869999999999998
0.16048000000000007
0.15924000000000002
0.15940000000000007
0.15928000000000006
0.1576
0.15754000000000004
0.16022000000000003
0.15910000000000005
0.1602
0.15976
0.15955999999999995
0.15866000000000002
0.15920000000000006
0.15736000000000006
0.16122000000000003
0.16196000000000002
0.15988000000000008
0.15904000000000004
0.15996000000000005
0.15538
0.15832000000000002
0.16168000000000002
0.1611
0.16064000000000003
0.1604600000000001
0.16174000000000008
0.15858000000000003
0.15925999999999996
0.16056
0.15744000000000002
0.15830000000000005
0.15930000000000002
0.16147999999999998
0.15839999999999999
0.16027999999999995
0.15936000000000008
0.16043999999999997
0.16002
0.16072000000000006
0.16257999999999992
0.16262000000000007
0.15988000000000002
0.1586800000000001
0.15906000000000003
0.16054000000000004
0.15834
0.16090000000000007
0.15962
0.16041999999999998
0.16678000000000007
0.16032
0.16374000000000002
0.1591
0.16543999999999998
0.15731999999999993
0.1603
0.16020000000000004
0.16351999999999997
0.16047999999999996
0.15938000000000005
0.15875999999999998
0.15998
0.16132
0.16029999999999997
0.16030000000000005
0.15704000000000007
0.15916000000000002
0.15948000000000004
0.1631
0.16056000000000004
0.16146000000000005
0.15949999999999995
0.16018000000000002
0.15687999999999996
0.15762000000000004
0.15728000000000003
0.15756000000000003
0.15880000000000005
0.16018000000000004
0.1594400000000001
0.15828000000000003
0.1574
0.16024000000000002
0.1631
0.15986000000000003
0.16160000000000005
0.15934000000000006
0.15952000000000005
0.15952000000000008
0.15904
0.16163999999999998
0.15978000000000003
0.16152000000000005
0.1605
0.16040000000000001
0.16260000000000005
0.16174
0.1614600000000001
0.15962000000000004
0.16097999999999996
0.16190000000000007
0.16122000000000006
0.16209999999999997
0.15966000000000002
0.16108000000000003
0.16074000000000008
0.16267999999999996
