0.19999999999999962
0.4706000000000001
0.6663999999999999
0.6725999999999998
0.6715999999999999
0.6886000000000004
0.6738000000000001
0.6694
0.6671999999999997
0.6880000000000002
0.6816000000000001
0.6763999999999999
0.6796000000000001
0.6728000000000002
0.6671999999999997
0.6666000000000001
0.6709999999999999
0.6812
0.6804000000000002
0.6769999999999999
0.6775999999999999
0.6777999999999998
0.6809999999999999
0.6643999999999999
0.6734
0.6587999999999997
0.6675999999999997
0.6715999999999996
0.6716000000000001
0.6696
0.6657999999999997
0.6735999999999995
0.6819999999999999
0.6822000000000001
0.6873999999999998
0.6725999999999999
0.6662
0.6726000000000001
0.6623999999999998
0.6711999999999999
0.6813999999999996
0.6709999999999998
0.6814
0.6701999999999998
0.6775999999999999
0.6733999999999998
0.6755999999999996
0.6809999999999996
0.6792000000000001
0.6781999999999999
0.6675999999999997
0.6751999999999999
0.6693999999999996
0.6775999999999999
0.6714
0.6774
0.6729999999999999
0.6683999999999997
0.6681999999999998
0.6734
0.6728000000000001
0.6796000000000001
0.6658000000000002
0.6818000000000001
0.6701999999999996
0.6808
0.6733999999999999
0.6829999999999998
0.6753999999999998
0.6805999999999998
0.6816
0.6763999999999996
0.6707999999999997
0.6736000000000001
0.6749999999999998
0.6664
0.6788000000000001
0.6645999999999997
0.6792
0.6768000000000001
0.6724
0.6697999999999996
0.6801999999999997
0.6757999999999998
0.6759999999999998
0.6639999999999996
0.6631999999999997
0.6755999999999998
0.6806
0.6801999999999996
0.677
0.6675999999999997
0.6785999999999995
0.6774
0.6729999999999999
0.6739999999999999
0.6795999999999998
0.6681999999999999
0.6659999999999999
0.6746
0.6737999999999996
0.6711999999999999
0.6859999999999999
0.6779999999999997
0.6669999999999999
0.679
0.6759999999999998
0.6812
0.6649999999999997
0.6679999999999999
0.6719999999999996
0.6547999999999999
0.6669999999999997
0.674
0.6688000000000001
0.6846000000000001
0.6617999999999995
0.6759999999999999
0.6776000000000001
0.6784
0.6829999999999998
0.6727999999999998
0.6693999999999999
0.6736
0.6829999999999998
0.6738
0.6767999999999996
0.6741999999999999
0.6687999999999998
0.6670000000000001
0.6693999999999999
0.6765999999999996
0.681
0.6799999999999998
0.6858
0.6720000000000002
0.6711999999999999
0.6824000000000001
0.6826000000000002
0.6792000000000001
0.6774
0.6709999999999999
0.6736
0.6869999999999998
0.6690000000000002
0.6775999999999999
0.6607999999999998
0.6653999999999998
0.6757999999999998
0.6785999999999998
0.6865999999999999
0.6818000000000001
0.6741999999999997
0.6745999999999998
0.6784000000000002
0.6749999999999997
0.6745999999999995
0.6771999999999997
0.6766
0.6745999999999998
0.6651999999999997
0.665
0.6749999999999998
0.6697999999999996
0.6659999999999999
0.6709999999999999
0.6664000000000001
0.6765999999999996
0.6761999999999999
0.6745999999999998
0.6805999999999999
0.6649999999999997
0.6642
0.6708000000000003
0.6796000000000001
0.6688000000000001
0.6763999999999999
0.6802000000000001
0.6669999999999997
0.6789999999999998
0.6833999999999998
0.6877999999999999
0.6735999999999999
0.6770000000000002
0.6776000000000001
0.6633999999999999
0.6764000000000001
0.6653999999999997
0.6615999999999996
0.6693999999999997
0.6823999999999999
0.6693999999999999
0.6765999999999996
0.6777999999999998
0.6727999999999998
0.6795999999999996
0.6688
0.6729999999999998
0.6753999999999999
0.6651999999999997
0.6852000000000001
0.6759999999999999
0.6888000000000001
0.6706
0.6739999999999998
0.6618
0.6759999999999997
0.6673999999999997
0.6691999999999997
0.6779999999999998
0.6787999999999995
0.6636
0.6699999999999998
0.6684
0.6685999999999999
0.6847999999999997
0.6731999999999998
0.6886
0.6705999999999999
0.6733999999999998
0.6759999999999999
0.6691999999999999
0.6697999999999997
0.6841999999999997
0.6627999999999994
0.6707999999999998
0.6717999999999997
0.6680000000000001
0.6709999999999998
0.6746
0.6763999999999999
0.6825999999999999
0.6753999999999998
0.6865999999999997
0.6738000000000001
0.6719999999999997
0.6817999999999997
0.6654000000000001
0.6793999999999997
0.6693999999999999
0.6766000000000001
0.6613999999999999
0.6673999999999998
0.6705999999999999
0.6887999999999999
0.6713999999999996
0.6701999999999997
0.6638
0.677
0.6732
0.6775999999999999
0.6652
0.6861999999999998
0.6766
0.6839999999999999
0.6765999999999999
0.6719999999999997
0.6715999999999999
0.6765999999999999
0.6707999999999997
0.6699999999999997
0.6844000000000001
0.6739999999999998
0.6781999999999998
0.6593999999999999
0.6833999999999998
0.6748000000000002
0.6825999999999998
0.6859999999999996
0.6766
0.6782
0.6665999999999999
0.6679999999999998
0.6734
0.679
0.6779999999999999
0.6733999999999996
0.6794
0.6696
0.6719999999999996
0.6858
0.6672
0.6724
0.6759999999999998
0.6677999999999997
0.6665999999999999
0.6746
0.6609999999999997
0.6764
0.6661999999999998
0.6789999999999999
0.6661999999999998
0.6515999999999997
0.674
0.6756
0.6781999999999999
0.6759999999999997
0.6702000000000001
0.6693999999999999
0.6793999999999996
0.681
0.6773999999999998
0.674
0.6804000000000001
0.6785999999999995
0.6768
0.6761999999999998
0.6868000000000001
0.6762
0.6779999999999999
0.6649999999999997
0.6811999999999999
0.6637999999999998
0.6854000000000002
0.6755999999999999
0.6767999999999997
0.6693999999999997
0.675
0.6733999999999999
0.6759999999999998
0.6833999999999998
0.6695999999999998
0.6718
0.6712000000000002
0.6701999999999998
0.6778000000000002
0.6648
0.6816
0.6742000000000001
0.6732000000000005
0.6851999999999997
0.6646000000000001
0.6734000000000002
0.6813999999999999
0.6758
0.6832
0.6666
0.6794000000000001
0.67
0.6705999999999999
0.6707999999999998
0.6743999999999997
0.682
0.6809999999999998
0.6695999999999998
0.6678000000000002
0.6706
0.6705999999999999
0.6797999999999998
0.6677999999999996
0.6783999999999998
0.6646000000000002
0.6713999999999999
0.6770000000000002
0.6793999999999997
0.6698000000000001
0.6701999999999999
0.6757999999999998
0.6759999999999998
0.6846000000000001
0.6778000000000002
0.6725999999999999
0.6753999999999997
0.6687999999999996
0.6657999999999998
0.6886000000000001
0.6615999999999996
0.6932
0.6555999999999997
0.6771999999999998
0.6744
0.6692000000000004
0.6831999999999997
0.6786000000000001
0.6783999999999999
0.6855999999999995
0.6727999999999997
0.6724000000000001
0.6667999999999998
0.6771999999999997
0.6731999999999998
0.6717999999999997
0.6783999999999998
0.6778000000000002
0.6743999999999997
0.6791999999999999
0.6737999999999996
0.6767999999999997
0.6777999999999997
0.6797999999999997
0.685
0.6715999999999999
0.6818
0.6759999999999999
0.6708
0.6707999999999998
0.6751999999999999
0.6675999999999999
0.679
0.6826000000000002
0.6703999999999997
0.6703999999999999
0.6742
0.6710000000000003
0.6753999999999999
0.6716
0.672
0.6573999999999998
0.6741999999999999
0.6734
0.6779999999999997
0.6727999999999998
0.6727999999999997
0.679
0.6675999999999999
0.6717999999999995
0.6751999999999997
0.6729999999999998
0.6671999999999998
0.6777999999999997
0.6729999999999999
0.6789999999999996
0.6758
0.6701999999999997
0.6839999999999999
0.6735999999999999
0.6753999999999999
0.6706
0.6796
0.6695999999999996
0.6738000000000001
0.6678000000000001
0.679
0.6752000000000001
0.6818
0.6722
0.6754000000000002
0.6737999999999996
0.6657999999999998
0.6805999999999999
0.6674
0.6900000000000002
0.6695999999999996
0.6854
0.6738
0.6757999999999997
0.6753999999999999
0.6732
0.674
0.6723999999999997
0.6880000000000003
0.6698000000000001
0.6817999999999997
0.6678000000000003
0.6757999999999998
0.6772000000000001
0.6695999999999998
0.6698
0.6804000000000001
0.6635999999999999
0.6809999999999996
0.6692
0.6774000000000001
0.6759999999999998
0.6701999999999999
0.6752000000000001
0.6684
0.6775999999999998
0.6729999999999998
0.6806
0.6797999999999997
0.6633999999999999
0.6727999999999998
0.6706
0.6765999999999996
0.6787999999999996
0.6639999999999998
0.6739999999999998
0.6757999999999998
0.6727999999999998
0.6675999999999997
0.6766
0.6719999999999997
0.6729999999999999
0.6670000000000001
0.6873999999999998
0.6656
0.6785999999999999
0.6698
0.6818000000000001
0.6693999999999999
0.6721999999999998
0.6732000000000002
0.6708
0.6753999999999997
0.6743999999999999
0.6659999999999999
0.6631999999999998
0.6683999999999999
0.6750000000000003
0.6794
0.6655999999999999
0.6813999999999999
0.6748000000000001
0.6786000000000001
0.6680000000000001
0.6730000000000004
0.6742
0.6683999999999999
0.6839999999999996
0.6888000000000001
0.6808
0.6619999999999999
0.6748000000000002
0.6736
0.6780000000000002
0.6769999999999997
0.6633999999999999
0.6768000000000001
0.6729999999999997
0.6849999999999998
0.6609999999999998
0.6684
0.6784
0.6716
0.6759999999999997
0.6711999999999999
0.6770000000000002
0.6750000000000002
0.6703999999999998
0.6737999999999996
0.6725999999999998
0.679
0.6707999999999997
0.6805999999999998
0.6759999999999999
0.6652000000000001
0.6745999999999998
0.6890000000000002
0.6789999999999996
0.6569999999999999
0.6788
0.6773999999999998
0.6794000000000001
0.6666000000000003
0.6634000000000002
0.6792
0.6731999999999998
0.6723999999999997
0.6831999999999999
0.6697999999999997
0.6847999999999999
0.6769999999999999
0.6818000000000001
0.6717999999999996
0.6795999999999998
0.6667999999999996
0.6779999999999998
0.6808
0.6784000000000002
0.674
0.6763999999999999
0.6733999999999999
0.6833999999999998
0.6667999999999998
0.6753999999999998
0.6670000000000001
0.6778
0.6896000000000001
0.6713999999999998
0.6778000000000002
0.6757999999999997
0.6685999999999999
0.6731999999999999
0.6788000000000004
0.6636
0.6734000000000002
0.6615999999999999
0.6703999999999998
0.6718
0.6798000000000003
0.6773999999999998
0.6769999999999996
0.6749999999999998
0.6779999999999995
0.67
0.6729999999999998
0.6637999999999997
0.6681999999999998
0.6822000000000003
0.6777999999999994
0.6709999999999997
0.6675999999999999
0.6632000000000003
0.6764
0.6708
0.6727999999999998
0.6757999999999998
0.6794
0.6682000000000001
0.6723999999999998
0.6761999999999998
0.6796000000000001
0.6694000000000002
0.675
0.6753999999999999
0.6691999999999999
0.6765999999999999
0.6838
0.6741999999999996
0.6771999999999997
0.6755999999999999
0.6804000000000001
0.6733999999999999
0.6719999999999999
0.6885999999999999
0.6818
0.6745999999999996
0.6745999999999996
0.6684
0.6733999999999994
0.6655999999999999
0.6743999999999999
0.6778
0.6754000000000003
0.6559999999999998
0.6782
0.6683999999999999
0.6717999999999997
0.6724
0.6875999999999999
0.6638
0.6736000000000001
0.669
0.6682000000000001
0.6736
0.6848000000000001
0.6807999999999998
0.6617999999999998
0.6823999999999998
0.6706
0.6819999999999999
0.6763999999999997
0.6779999999999997
0.6671999999999998
0.6835999999999995
0.6802000000000001
0.6707999999999998
0.6787999999999998
0.6671999999999996
0.6807999999999997
0.6723999999999997
0.6735999999999999
0.6824000000000001
0.6851999999999997
0.6597999999999999
0.6840000000000002
0.6724
0.6742
0.6641999999999996
0.6711999999999998
0.6733999999999999
0.6717999999999997
0.6842000000000001
0.6581999999999999
0.6717999999999997
0.6638
0.6791999999999999
0.6767999999999997
0.6777999999999996
0.6731999999999999
0.6762000000000001
0.6706000000000002
0.6775999999999999
0.6771999999999998
0.6609999999999998
0.6718
0.6809999999999996
0.6648
0.6853999999999995
0.6641999999999996
0.6678000000000002
0.6811999999999999
0.6764000000000003
0.6786
0.6698
0.6680000000000001
0.6665999999999996
0.6744
0.6757999999999998
0.6702000000000001
0.6783999999999994
0.6717999999999997
0.6782
0.6684
0.6673999999999998
0.6693999999999999
0.6747999999999998
0.6764
0.6741999999999999
0.6647999999999997
0.6785999999999998
0.6780000000000002
0.6682000000000002
0.6680000000000001
0.6611999999999998
0.6701999999999998
0.6723999999999998
0.6768
0.6791999999999999
0.6685999999999998
0.6697999999999996
0.6821999999999998
0.6712
0.6749999999999998
0.6774
0.6847999999999997
0.6821999999999995
0.6808
0.6814
0.6663999999999998
0.6796
0.6769999999999997
0.6662
0.6888000000000001
0.6789999999999998
0.6675999999999997
0.6794
0.6694000000000001
0.6677999999999996
0.6689999999999995
0.6868000000000001
0.6689999999999999
0.6681999999999997
0.6688
0.6739999999999998
0.6885999999999999
0.6749999999999997
0.6829999999999995
0.6847999999999999
0.6709999999999999
0.6757999999999998
0.6666000000000005
0.6791999999999997
0.6701999999999999
0.6843999999999998
0.6653999999999999
0.6621999999999999
0.6655999999999996
0.6823999999999998
0.6847999999999999
0.6647999999999996
0.6842
0.6691999999999999
0.675
0.6707999999999998
0.6742
0.6677999999999998
0.6704000000000001
0.6692000000000001
0.6655999999999999
0.687
0.6856000000000002
0.672
0.6798000000000002
0.6857999999999997
0.6788000000000003
0.6711999999999995
0.6793999999999997
0.6698000000000002
0.6701999999999998
0.6741999999999996
0.6697999999999997
0.6779999999999997
0.6858
0.6699999999999996
0.6679999999999996
0.6726000000000002
0.6808
0.6753999999999997
0.6660000000000003
0.6729999999999999
0.6882
0.6785999999999999
0.6841999999999999
0.6759999999999998
0.6747999999999997
0.6768
0.6741999999999999
0.6688000000000001
0.6833999999999999
0.6677999999999996
0.6699999999999996
0.6639999999999998
0.6829999999999998
0.6639999999999999
0.6687999999999998
0.6669999999999996
0.6764
0.6730000000000002
0.6825999999999997
0.6696
0.6662
0.6718
0.6724
0.6659999999999998
0.6735999999999999
0.6749999999999998
0.6733999999999998
0.6749999999999997
0.6774
0.6768
0.6837999999999999
0.6606000000000002
0.6763999999999997
0.6828000000000002
0.6686000000000001
0.6766000000000001
0.6768000000000001
0.6811999999999999
0.6782
0.6599999999999998
0.6706
0.6828
0.6687999999999998
0.6733999999999996
0.6761999999999998
0.6595999999999996
0.6737999999999998
0.6738000000000001
0.6808000000000003
0.6657999999999997
0.6831999999999999
0.6630000000000001
0.6749999999999997
0.6768000000000001
0.6685999999999998
0.6771999999999997
0.676
0.6796
0.6855999999999999
0.6651999999999998
0.6746000000000001
0.6759999999999994
0.6711999999999999
0.6888000000000002
0.6742000000000001
0.6685999999999995
0.6694
0.6629999999999999
0.6740000000000002
0.6748000000000001
0.6807999999999998
0.6708
0.6781999999999997
0.6797999999999998
0.6851999999999999
0.6815999999999999
0.6758000000000002
0.6739999999999999
0.6759999999999999
0.6713999999999998
0.6844
0.6751999999999999
0.6677999999999997
0.6711999999999998
0.6749999999999998
0.667
0.6788000000000001
0.6746000000000001
0.677
0.6742
0.6765999999999996
0.6737999999999996
0.6621999999999999
0.6737999999999996
0.6704000000000001
0.6668
0.6659999999999999
0.6718
0.6713999999999999
0.6711999999999998
0.6696
0.6565999999999999
0.6823999999999997
0.6693999999999999
0.6697999999999997
0.6679999999999997
0.6765999999999999
0.6835999999999999
0.6648
0.6691999999999997
0.6755999999999999
0.6603999999999998
0.6844
0.6731999999999999
0.6800000000000002
0.6729999999999997
0.6742
0.6737999999999995
0.6744
0.6703999999999999
0.6799999999999998
0.6807999999999998
0.6665999999999996
0.6761999999999999
0.6689999999999996
0.6671999999999998
0.6737999999999995
0.6880000000000004
0.6729999999999998
0.6754000000000002
0.6727999999999998
0.6681999999999999
0.6653999999999999
0.6828
0.6859999999999998
0.6699999999999997
0.6796
0.6749999999999998
0.6721999999999997
0.6778000000000003
0.6811999999999998
0.6711999999999999
0.6803999999999998
0.6685999999999999
0.6738000000000003
0.6725999999999999
0.6733999999999996
0.6726000000000001
0.6741999999999997
0.6779999999999995
0.6679999999999999
0.6729999999999996
0.6786000000000001
0.6672000000000001
0.6834000000000002
0.6727999999999998
0.6668000000000004
0.6837999999999999
0.676
0.6731999999999998
0.6725999999999999
0.6806000000000003
0.6698000000000002
0.6725999999999998
0.6773999999999997
0.6747999999999996
0.666
0.6829999999999999
0.6683999999999998
0.67
0.6609999999999999
0.6733999999999998
0.665
0.6770000000000003
0.6757999999999997
0.6881999999999997
0.6761999999999999
0.6670000000000001
0.6688000000000001
0.6703999999999998
0.6688000000000001
0.6646
0.6733999999999999
0.6765999999999999
0.6649999999999998
0.6873999999999998
0.674
0.6749999999999997
0.6663999999999995
0.6715999999999999
0.6738000000000001
0.6733999999999999
0.6711999999999999
0.6778
0.6767999999999997
0.6663999999999998
0.6721999999999995
0.6771999999999998
0.6733999999999999
0.6675999999999999
0.6719999999999996
0.6715999999999996
0.6694
0.6845999999999998
0.6708
0.6731999999999998
0.6649999999999998
0.6861999999999999
0.6694000000000001
0.6806
0.672
0.6731999999999999
0.677
0.6713999999999996
0.6745999999999998
0.6748000000000002
0.6728000000000001
0.6675999999999996
