0.19999999999999962
0.6639999999999998
0.7301999999999998
0.7046000000000002
0.7185999999999996
0.7082000000000002
0.7217999999999998
0.7158
0.6987999999999999
0.7212000000000001
0.7106000000000005
0.7207999999999999
0.7026000000000002
0.7091999999999998
0.7148000000000002
0.7131999999999998
0.7092
0.7117999999999997
0.715
0.7109999999999999
0.7288
0.7045999999999998
0.7123999999999998
0.7178000000000001
0.7014000000000006
0.7216000000000001
0.7047999999999994
0.715
0.7199999999999995
0.7036000000000002
0.7112000000000002
0.7084
0.7016000000000002
0.7093999999999997
0.7185999999999997
0.7132
0.7064
0.7132
0.7057999999999999
0.7071999999999999
0.7152
0.7097999999999999
0.7080000000000001
0.7051999999999998
0.7143999999999999
0.7076000000000003
0.7223999999999998
0.6973999999999997
0.723
0.7103999999999996
0.7164000000000001
0.7089999999999996
0.7082000000000002
0.7037999999999998
0.7106000000000001
0.7117999999999999
0.7024000000000002
0.7202000000000004
0.7089999999999997
0.7078
0.7074000000000001
0.7074000000000001
0.7178
0.7038000000000001
0.7208
0.7134
0.706
0.7174000000000004
0.7004
0.7088000000000001
0.7110000000000001
0.7061999999999999
0.7155999999999999
0.7129999999999999
0.7153999999999999
0.711
0.7068000000000001
0.7121999999999994
0.7105999999999998
0.7000000000000002
0.7125999999999997
0.7140000000000002
0.7112
0.7180000000000001
0.701
0.7134
0.7184000000000001
0.6986000000000004
0.7059999999999996
0.7073999999999997
0.7115999999999998
0.7161999999999997
0.7038
0.7108
0.7136000000000002
0.7025999999999999
0.7193999999999997
0.7129999999999999
0.7097999999999997
0.7095999999999998
0.7031999999999996
0.7154000000000003
0.7047999999999996
0.7100000000000002
0.7170000000000002
0.7099999999999997
0.7087999999999997
0.7174
0.7182
0.7061999999999999
0.7122000000000003
0.6981999999999999
0.715
0.7116000000000002
0.7101999999999999
0.703
0.7089999999999996
0.7195999999999999
0.7044
0.7169999999999997
0.7035999999999997
0.7047999999999996
0.7124000000000003
0.7081999999999999
0.7038
0.7123999999999998
0.7067999999999999
0.7163999999999997
0.6978
0.7243999999999998
0.7033999999999998
0.7106000000000001
0.7123999999999999
0.7186000000000001
0.7128000000000001
0.7178
0.7165999999999998
0.7062
0.7122000000000003
0.7094
0.715
0.7189999999999999
0.7047999999999999
0.7147999999999998
0.7067999999999998
0.7107999999999999
0.7027999999999995
0.7063999999999999
0.7101999999999999
0.7064
0.7121999999999997
0.7071999999999998
0.7143999999999999
0.7180000000000001
0.7115999999999998
0.7038
0.7111999999999997
0.7207999999999997
0.7001999999999999
0.7246000000000002
0.7024000000000002
0.7208
0.7132
0.7070000000000003
0.7193999999999998
0.7028
0.7132
0.7092
0.7190000000000003
0.7062000000000002
0.7154
0.7113999999999998
0.7030000000000003
0.7005999999999999
0.7035999999999997
0.7079999999999999
0.7113999999999998
0.7089999999999997
0.7229999999999999
0.72
0.7149999999999997
0.7175999999999999
0.7128
0.7147999999999999
0.7079999999999995
0.7169999999999999
0.7055999999999999
0.7248000000000002
0.7075999999999999
0.7162000000000001
0.7037999999999995
0.7102000000000003
0.6979999999999997
0.7128
0.7063999999999997
0.7186000000000005
0.7118000000000002
0.7048000000000001
0.7041999999999997
0.7193999999999998
0.7041999999999998
0.7152000000000003
0.7127999999999999
0.7100000000000003
0.7131999999999998
0.709
0.7102
0.7046000000000001
0.7044
0.7155999999999998
0.7112
0.7071999999999998
0.7122000000000002
0.7138000000000001
0.7134000000000001
0.7025999999999999
0.7219999999999998
0.7156000000000001
0.7128
0.7126
0.7255999999999999
0.722
0.7088000000000001
0.7024000000000004
0.7288000000000006
0.7108
0.7109999999999999
0.7137999999999998
0.7183999999999997
0.7069999999999997
0.7125999999999998
0.7116000000000001
0.7106
0.7005999999999998
0.7126
0.7061999999999997
0.7075999999999999
0.7046000000000001
0.7041999999999998
0.7215999999999998
0.7101999999999998
0.7035999999999996
0.7176000000000002
0.7039999999999995
0.7149999999999999
0.7093999999999998
0.6976
0.7172
0.7131999999999998
0.7041999999999998
0.7118000000000003
0.7093999999999997
0.7058000000000004
0.7153999999999999
0.7040000000000002
0.7164
0.7006000000000001
0.7056000000000003
0.7235999999999998
0.7103999999999999
0.7073999999999997
0.7146000000000002
0.7041999999999998
0.7144000000000003
0.7059999999999998
0.711
0.7021999999999996
0.7229999999999999
0.7008000000000001
0.7172000000000002
0.7049999999999997
0.7152000000000001
0.7061999999999996
0.7052000000000004
0.7256000000000004
0.7077999999999999
0.7200000000000003
0.7073999999999999
0.7125999999999998
0.7137999999999998
0.7029999999999998
0.7110000000000004
0.7024000000000004
0.7195999999999999
0.7145999999999998
0.7172000000000003
0.7066
0.7234
0.7066000000000001
0.7140000000000001
0.7101999999999999
0.7099999999999999
0.715
0.7108
0.7107999999999999
0.7152000000000004
0.7046000000000006
0.7113999999999998
0.7163999999999996
0.7120000000000001
0.7066000000000001
0.7074000000000001
0.6947999999999996
0.7150000000000003
0.7110000000000001
0.7069999999999997
0.7129999999999999
0.715
0.7123999999999999
0.7156000000000003
0.7190000000000001
0.7021999999999998
0.7085999999999999
0.7162000000000001
0.7125999999999998
0.6961999999999999
0.7215999999999998
0.7115999999999998
0.718
0.7118000000000001
0.7144000000000003
0.7101999999999995
0.7140000000000001
0.7082000000000002
0.7121999999999999
0.7065999999999998
0.7193999999999999
0.7064
0.7067999999999999
0.7103999999999999
0.705
0.7132000000000001
0.7131999999999998
0.7129999999999996
0.7121999999999999
0.7333999999999999
0.6959999999999996
0.7105999999999999
0.7112000000000002
0.7127999999999999
0.7181999999999996
0.7095999999999998
0.7094000000000001
0.7166000000000001
0.6978000000000003
0.7126000000000002
0.7116
0.7122000000000003
0.7053999999999999
0.7079999999999999
0.6980000000000001
0.7140000000000003
0.7078000000000002
0.7143999999999998
0.7075999999999999
0.7193999999999999
0.6999999999999998
0.7121999999999998
0.7136
0.7212000000000002
0.7086000000000002
0.7074000000000001
0.7238
0.7025999999999998
0.7125999999999999
0.7105999999999999
0.7136
0.7100000000000003
0.7138000000000001
0.7167999999999998
0.7040000000000001
0.7133999999999999
0.7125999999999999
0.6978000000000002
0.7188
0.7031999999999998
0.7103999999999998
0.7094000000000003
0.7080000000000001
0.7002000000000002
0.7105999999999999
0.7021999999999996
0.7092000000000003
0.7107999999999999
0.7025999999999998
0.7071999999999998
0.6993999999999998
0.7110000000000001
0.7177999999999998
0.7179999999999999
0.7049999999999997
0.7120000000000002
0.6936
0.7154
0.7175999999999999
0.7151999999999997
0.7128
0.7192000000000002
0.6993999999999997
0.7156000000000001
0.7111999999999999
0.7143999999999997
0.7143999999999999
0.7126000000000003
0.7106
0.7158000000000001
0.7136000000000001
0.7021999999999998
0.7150000000000002
0.7007999999999999
0.7113999999999996
0.7146000000000001
0.7078
0.7060000000000002
0.7160000000000002
0.7062
0.7082000000000002
0.7070000000000001
0.7196000000000001
0.7162
0.7095999999999998
0.7225999999999999
0.7079999999999999
0.7067999999999999
0.7081999999999999
0.7209999999999998
0.7117999999999999
0.7186
0.714
0.7010000000000002
0.7106000000000001
0.7118000000000002
0.7158
0.7127999999999999
0.7168000000000003
0.7050000000000003
0.7036000000000001
0.7011999999999996
0.7202
0.6908000000000003
0.7228
0.7098
0.7154000000000004
0.701
0.7145999999999998
0.7064000000000001
0.7106000000000001
0.7208
0.698
0.7151999999999998
0.7044000000000002
0.7170000000000002
0.7109999999999996
0.7110000000000002
0.7090000000000001
0.7117999999999999
0.7101999999999999
0.6999999999999996
0.7092
0.7151999999999995
0.7134000000000001
0.7038000000000001
0.7113999999999998
0.7060000000000001
0.7075999999999999
0.7121999999999999
0.7190000000000003
0.7067999999999997
0.7054
0.7185999999999997
0.7073999999999999
0.7163999999999997
0.7038000000000001
0.7242000000000001
0.7101999999999998
0.7123999999999999
0.7213999999999997
0.7099999999999999
0.7062
0.7101999999999998
0.7192000000000003
0.7139999999999996
0.7094000000000001
0.7119999999999999
0.7071999999999997
0.7185999999999996
0.7055999999999994
0.7066
0.7197999999999997
0.7116000000000001
0.7188
0.7016000000000001
0.7131999999999998
0.714
0.7112000000000002
0.7003999999999998
0.7212000000000001
0.7003999999999998
0.7130000000000001
0.7114000000000001
0.7004000000000002
0.716
0.7052
0.7106
0.7068000000000002
0.7081999999999999
0.7068000000000002
0.7153999999999999
0.7203999999999999
0.7023999999999998
0.7132000000000001
0.7112
0.7048000000000002
0.7167999999999999
0.7179999999999999
0.7128
0.7068000000000001
0.7182
0.6992000000000002
0.7090000000000001
0.7116
0.7048000000000002
0.7021999999999999
0.7084
0.7132
0.7099999999999997
0.7125999999999998
0.7146000000000001
0.7147999999999998
0.7080000000000001
0.7168000000000001
0.7024000000000001
0.7081999999999998
0.715
0.7119999999999999
0.7056
0.7087999999999997
0.7262000000000001
0.7038
0.7221999999999998
0.7001999999999998
0.7193999999999999
0.7081999999999998
0.713
0.7057999999999996
0.7089999999999996
0.7035999999999999
0.7207999999999996
0.7020000000000002
0.7193999999999997
0.708
0.7098000000000003
0.7203999999999999
0.7144000000000003
0.7149999999999999
0.7123999999999998
0.7077999999999999
0.7123999999999995
0.7188000000000001
0.7068000000000002
0.7104
0.7125999999999998
0.7168000000000002
0.7204
0.7150000000000002
0.7141999999999998
0.7020000000000002
0.708
0.7228
0.6998000000000002
0.7103999999999998
0.7044
0.7153999999999996
0.7158
0.7083999999999999
0.7207999999999999
0.7150000000000002
0.7039999999999997
0.7137999999999997
0.7091999999999998
0.7206
0.7058000000000003
0.7190000000000001
0.6956000000000002
0.7079999999999999
0.7124000000000003
0.7001999999999999
0.7097999999999999
0.7137999999999997
0.7071999999999999
0.7070000000000001
0.7123999999999997
0.7166
0.7077999999999999
0.7092
0.7075999999999998
0.7206
0.7163999999999998
0.7016
0.7086000000000001
0.7157999999999999
0.7051999999999999
0.7047999999999998
0.7116
0.7086
0.711
0.7067999999999998
0.7099999999999999
0.7073999999999998
0.7113999999999998
0.7099999999999995
0.7099999999999995
0.7073999999999999
0.7117999999999999
0.6981999999999999
0.7245999999999999
0.7075999999999999
0.7135999999999996
0.7089999999999997
0.7092
0.7082000000000004
0.7118000000000001
0.7067999999999997
0.7143999999999998
0.703
0.7155999999999999
0.7066
0.7247999999999998
0.7071999999999997
0.7033999999999996
0.7201999999999998
0.7169999999999997
0.7126
0.7020000000000001
0.7258000000000001
0.7059999999999996
0.7156
0.7003999999999999
0.7216000000000001
0.709
0.7125999999999998
0.7075999999999999
0.7092
0.711
0.7034000000000001
0.7226
0.7099999999999999
0.7113999999999995
0.7153999999999998
0.7162000000000002
0.7160000000000001
0.7070000000000001
0.7098000000000002
0.7067999999999998
0.7068000000000001
0.7015999999999998
0.7203999999999999
0.7141999999999998
0.7049999999999998
0.7162000000000001
0.7129999999999999
0.7168000000000001
0.7128000000000003
0.7085999999999999
0.7054000000000002
0.7087999999999998
0.7122000000000002
0.7043999999999998
0.7231999999999998
0.7126000000000003
0.7188000000000002
0.7069999999999999
0.6980000000000001
0.7126
0.7120000000000003
0.7058
0.7166
0.7129999999999999
0.7155999999999998
0.716
0.7110000000000001
0.7174000000000004
0.7117999999999998
0.7118000000000002
0.7091999999999998
0.7076
0.71
0.7164000000000001
0.7132000000000002
0.7019999999999998
0.7234000000000003
0.6987999999999999
0.7176
0.7175999999999998
0.7094000000000001
0.7145999999999999
0.7180000000000001
0.7076
0.7138
0.699
0.7115999999999998
0.7095999999999998
0.7013999999999997
0.7095999999999999
0.7075999999999999
0.7105999999999999
0.7117999999999999
0.7147999999999999
0.7060000000000001
0.695
0.7241999999999997
0.6975999999999998
0.7204
0.7185999999999995
0.7178
0.7143999999999997
0.7128
0.7081999999999996
0.7179999999999999
0.7051999999999997
0.7079999999999999
0.7227999999999999
0.7066000000000001
0.7093999999999998
0.7076
0.7217999999999996
0.713
0.7200000000000003
0.7129999999999999
0.7162000000000001
0.704
0.7110000000000002
0.7141999999999996
0.7149999999999997
0.7111999999999997
0.7090000000000001
0.7093999999999998
0.7065999999999997
0.7178
0.7028
0.7095999999999998
0.7076
0.7127999999999998
0.7145999999999999
0.7210000000000001
0.7162000000000001
0.7036
0.7083999999999999
0.6996000000000001
0.7053999999999998
0.7192000000000003
0.6930000000000003
0.7196000000000002
0.7030000000000001
0.7094000000000001
0.7132
0.7127999999999999
0.7185999999999999
0.701
0.7064
0.7102
0.7150000000000002
0.7260000000000001
0.7062000000000002
0.7112
0.7065999999999996
0.7162
0.7097999999999998
0.7128000000000001
0.7198000000000002
0.714
0.7126
0.7008
0.7195999999999999
0.6989999999999997
0.7234000000000002
0.7032000000000003
0.7063999999999997
0.7155999999999999
0.7057999999999999
0.7176000000000005
0.7085999999999999
0.7210000000000001
0.7074000000000001
0.7078
0.7103999999999995
0.7222000000000003
0.7090000000000002
0.7142000000000003
0.7133999999999999
0.7127999999999999
0.7101999999999997
0.7218000000000001
0.7176000000000003
0.7198
0.7021999999999998
0.7118000000000003
0.7219999999999999
0.7037999999999995
0.7069999999999996
0.7108000000000001
0.7233999999999999
0.6998000000000001
0.7142000000000002
0.7135999999999999
0.7054
0.7132000000000001
0.7061999999999999
0.7077999999999998
0.7042
0.7105999999999999
0.7121999999999996
0.7125999999999999
0.7081999999999998
0.7061999999999999
0.7006000000000001
0.7160000000000004
0.7183999999999999
0.7133999999999997
0.7108000000000004
0.7167999999999999
0.7040000000000003
0.7126000000000002
0.7131999999999998
0.7162
0.7068000000000001
0.7177999999999998
0.7138000000000001
0.7121999999999998
0.7034
0.7077999999999999
0.7168000000000003
0.7036000000000006
0.7212000000000001
0.7209999999999998
0.7103999999999999
0.7086
0.711
0.7121999999999999
0.711
0.7081999999999999
0.7208
0.7095999999999999
0.7079999999999999
0.7156000000000001
0.7031999999999996
0.7147999999999998
0.7167999999999999
0.7084
0.7089999999999996
0.7085999999999999
0.7216
0.7016000000000001
0.7060000000000002
0.7137999999999997
0.7117999999999999
0.7141999999999998
0.7054
0.7243999999999998
0.7005999999999999
0.7133999999999999
0.7000000000000002
0.7089999999999997
0.72
0.6933999999999996
0.7098
0.7183999999999999
0.706
0.7028000000000002
0.7078
0.7125999999999998
0.7031999999999999
0.7127999999999999
0.7135999999999997
0.6994
0.7216000000000001
0.7088000000000001
0.7105999999999999
0.7013999999999997
0.7143999999999999
0.6977999999999999
0.709
0.7198000000000002
0.7068000000000001
0.722
0.7087999999999997
0.7074000000000001
0.7083999999999999
0.7083999999999997
0.7041999999999998
0.7201999999999998
0.7007999999999995
0.7144000000000006
0.7175999999999999
0.7094000000000001
0.7087999999999997
0.7044000000000001
0.7013999999999999
0.7104
0.7053999999999999
0.7049999999999998
0.72
0.6961999999999995
0.7134
0.701
0.7217999999999999
0.7046000000000001
0.7100000000000002
0.7046000000000002
0.7129999999999999
0.7091999999999998
0.7018000000000002
0.7110000000000001
0.7142000000000001
0.714
0.7078
0.7057999999999996
0.7205999999999999
0.7101999999999998
0.7163999999999997
0.7195999999999999
0.6986
0.7148000000000003
0.7093999999999997
0.7080000000000003
0.7271999999999997
0.7066000000000001
0.7025999999999998
0.7163999999999998
0.7048000000000001
0.7130000000000001
0.7028000000000002
0.7163999999999998
0.7055999999999996
0.7084
0.7188
0.6963999999999996
0.7075999999999999
0.7222000000000003
0.7088000000000001
0.7174
0.7082000000000002
0.7028000000000002
0.7066000000000001
0.7128
0.7210000000000001
0.696
0.7138000000000002
0.7134000000000001
0.7017999999999996
0.7177999999999999
0.7079999999999999
0.7076
0.7176000000000002
0.7098
0.7098000000000002
0.7138
0.7108
0.7134
0.7161999999999997
0.7162000000000002
0.7058000000000001
0.7205999999999999
0.7039999999999996
0.7132000000000002
0.7030000000000001
0.7153999999999999
0.6990000000000001
0.7222
0.704
0.7186
0.7126000000000002
0.7148
0.7060000000000001
0.7170000000000001
0.7097999999999999
0.7188
0.7076
0.7134
0.711
0.7068000000000003
0.7079999999999999
0.718
0.7085999999999999
0.7153999999999999
0.7085999999999999
0.7021999999999999
0.7133999999999997
0.7013999999999999
0.7212000000000001
0.7116
0.7132000000000001
0.7104
0.703
0.7155999999999998
0.7083999999999999
0.7167999999999997
0.7099999999999999
0.7134000000000001
0.7113999999999998
