0.19999999999999962
0.17653
0.2596699999999999
0.23876999999999998
0.27364
0.24978999999999996
0.27387999999999996
0.2540899999999999
0.27188
0.25536000000000003
0.2721200000000002
0.25929
0.27002
0.2594600000000001
0.26994
0.26164000000000004
0.26765
0.26236
0.26696000000000014
0.26357
0.26573
0.26380999999999993
0.26576000000000005
0.26483000000000007
0.26454000000000016
0.26554000000000016
0.2645599999999999
0.2663399999999999
0.2653199999999999
0.2666899999999999
0.26370000000000005
0.2641800000000001
0.2605800000000001
0.26413999999999993
0.26699
0.26459
0.2658999999999999
0.26636
0.26327
0.2632099999999999
0.26553000000000004
0.26813
0.26337000000000005
0.26200000000000007
0.26549999999999996
0.26409000000000005
0.2643199999999999
0.26486
0.26557000000000003
0.26713
0.2636800000000001
0.26339999999999997
0.2649700000000001
0.26498999999999995
0.26532000000000006
0.26481999999999994
0.2641500000000001
0.2654000000000001
0.2630499999999999
0.2644000000000001
0.265
0.26737999999999995
0.26226000000000005
0.26520000000000005
0.26459000000000005
0.26404000000000005
0.26459999999999995
0.26310000000000006
0.26354999999999995
0.26183
0.26356999999999997
0.26419999999999993
0.26511
0.26610999999999996
0.2641
0.2647299999999999
0.26515000000000005
0.26727999999999996
0.26566999999999996
0.26292999999999983
0.2660599999999999
0.26483999999999985
0.26615
0.262
0.2619
0.2618900000000001
0.2642199999999999
0.26352
0.2646200000000001
0.2617900000000001
0.2624399999999999
0.26505
0.26530999999999993
0.2626600000000001
0.26388
0.2641799999999999
0.2663
0.2630300000000001
0.26524999999999993
0.26278
0.26543000000000005
0.26432
0.267
0.2642000000000001
0.26824999999999993
0.26458000000000004
0.2655799999999999
0.26213
0.26647999999999994
0.26433999999999985
0.26910000000000006
0.2649000000000002
0.26525000000000004
0.26253
0.26632
0.2625799999999998
0.26588999999999996
0.2649899999999999
0.26499
0.26114999999999994
0.26467
0.26222
0.26478000000000007
0.2643200000000001
0.26727000000000006
0.2625100000000001
0.2666200000000001
0.26427
0.26885999999999993
0.26673000000000013
0.26609999999999995
0.26603000000000004
0.26621000000000006
0.26632
0.26507
0.2659100000000001
0.2640300000000001
0.26355999999999985
0.26119999999999993
0.26552000000000003
0.26338000000000006
0.2679100000000001
0.26346
0.26701000000000014
0.26275
0.26827
0.26155999999999996
0.26741000000000004
0.26249
0.26663
0.2639099999999999
0.26573
0.2630100000000001
0.2645000000000001
0.2617300000000001
0.2658999999999999
0.2614300000000001
0.26611000000000007
0.26213
0.26384
0.2625
0.2661599999999999
0.26311000000000007
0.2647899999999999
0.26244
0.26326000000000005
0.26344000000000006
0.26346
0.26099999999999995
0.2627599999999999
0.2617299999999999
0.2642400000000001
0.26092000000000015
0.26811
0.26263000000000003
0.26638999999999996
0.26448
0.2643100000000001
0.26457
0.26579
0.26668
0.26326000000000005
0.264
0.2654899999999999
0.26526
0.26325000000000004
0.26731
0.26519000000000004
0.2651799999999998
0.2626300000000001
0.2686900000000001
0.26297
0.26839999999999997
0.26343999999999995
0.2684000000000001
0.26161000000000006
0.26498
0.2640599999999999
0.26575999999999994
0.2649400000000001
0.26379
0.26547999999999994
0.26465999999999995
0.26563
0.2639199999999999
0.26682000000000006
0.2637999999999999
0.26708000000000015
0.2657400000000001
0.26592000000000005
0.26239000000000007
0.2665600000000001
0.26302
0.26611999999999997
0.2636999999999999
0.26598999999999995
0.2631599999999999
0.2662600000000001
0.26281000000000004
0.26511
0.26474
0.26669000000000004
0.2616900000000001
0.26759
0.26361999999999997
0.26434
0.26122
0.26541
0.26228
0.2649600000000001
0.2618800000000001
0.2641499999999999
0.26540999999999987
0.2642999999999999
0.26561
0.2651500000000001
0.2643100000000001
0.26531
0.2639
0.26562999999999987
0.2623599999999999
0.26558000000000004
0.26286999999999994
0.26435000000000014
0.2630599999999999
0.2669999999999999
0.26509
0.2642199999999999
0.26428999999999997
0.26409000000000005
0.26513999999999993
0.2656099999999999
0.26488
0.26452000000000003
0.26672999999999997
0.26425
0.2665899999999998
0.26375
0.26437999999999995
0.2636200000000001
0.2654099999999999
0.26264999999999994
0.26257000000000014
0.26442999999999994
0.26530000000000015
0.26482000000000006
0.265
0.2622399999999999
0.26228999999999997
0.26456
0.26425999999999994
0.26305999999999996
0.26522999999999997
0.26278000000000007
0.26503
0.2630900000000001
0.26572
0.2643399999999999
0.26542999999999994
0.2622500000000001
0.2654
0.2650199999999999
0.26600999999999997
0.26431
0.26503000000000004
0.26528000000000007
0.2653099999999998
0.26531999999999983
0.26334
0.26286999999999994
0.26743000000000006
0.2646699999999999
0.26443
0.26646999999999993
0.26596000000000003
0.26488
0.26529
0.26453000000000004
0.26441999999999993
0.26299999999999996
0.26729999999999987
0.26404
0.26894000000000007
0.26515000000000016
0.26522
0.26083
0.26818
0.26381
0.2682
0.26231000000000004
0.26832999999999996
0.26372999999999996
0.2642299999999999
0.26336000000000004
0.2669000000000001
0.26452000000000003
0.26468
0.26444
0.26428000000000007
0.2634099999999999
0.26610999999999996
0.2652300000000001
0.26380000000000003
0.2613600000000001
0.2676
0.2643199999999999
0.26649000000000006
0.26448999999999995
0.2662
0.2641999999999998
0.26464000000000004
0.2636199999999999
0.2647900000000001
0.26166999999999985
0.2627000000000001
0.26364
0.26492
0.26379000000000014
0.2679899999999998
0.26570000000000005
0.26626
0.26303000000000004
0.26503999999999994
0.26344999999999996
0.26233000000000006
0.26305999999999996
0.26632
0.26281000000000015
0.2643500000000001
0.2641300000000001
0.2653400000000001
0.26259
0.26487
0.26417999999999997
0.26498
0.26588
0.26391000000000003
0.26471999999999996
0.26469000000000004
0.26565999999999995
0.26416
0.26263000000000003
0.262
0.2659300000000001
0.26619
0.2662099999999999
0.26482000000000006
0.26367000000000007
0.26488999999999996
0.26484
0.26553
0.26598
0.26394
0.26356999999999986
0.26364000000000004
0.26617
0.26501
0.2673500000000001
0.2612
0.2644
0.26247999999999994
0.26698
0.26316
0.26466999999999996
0.26496000000000003
0.2646899999999999
0.26398000000000005
0.26177000000000006
0.2652600000000001
0.26341999999999993
0.26429
0.2650699999999999
0.2651800000000001
0.2634
0.26405000000000006
0.26402999999999993
0.26391000000000003
0.26622999999999997
0.26321
0.2629200000000001
0.26599
0.26526999999999995
0.26699999999999996
0.26462
0.2653200000000001
0.2625499999999999
0.26668
0.26214
0.26422999999999985
0.26242
0.26364000000000004
0.26321999999999995
0.2634999999999999
0.26466000000000006
0.26538
0.26665999999999995
0.26369
0.265
0.26511
0.26329
0.2665999999999999
0.26342
0.2660500000000001
0.26463
0.26706
0.26512999999999987
0.26494999999999996
0.2669400000000001
0.26519000000000004
0.26821000000000006
0.26419000000000004
0.2644799999999999
0.2645600000000001
0.26568
0.26521000000000006
0.26473
0.2642
0.26314
0.2625699999999999
0.26389
0.26283999999999996
0.2648599999999999
0.26419
0.2659499999999999
0.2657299999999999
0.26404000000000005
0.2658700000000001
0.26422999999999985
0.2639200000000001
0.26199000000000006
0.2645199999999999
0.26508
0.26360000000000006
0.26495
0.26266999999999996
0.26327
0.26514000000000015
0.26759000000000005
0.2661700000000001
0.2651
0.26581
0.2653300000000001
0.26647000000000004
0.26204000000000005
0.26439
0.26363999999999993
0.26435000000000003
0.2634
0.2663499999999999
0.26686
0.26353000000000004
0.26699999999999996
0.2641
0.26415000000000005
0.26622999999999997
0.2643600000000001
0.26520999999999995
0.26394999999999996
0.2655100000000001
0.26259000000000016
0.26488000000000006
0.26461000000000007
0.26593999999999995
0.26326
0.2651599999999999
0.2637900000000001
0.26402000000000003
0.26492
0.2626299999999999
0.26550000000000007
0.26414999999999994
0.26443
0.26250999999999997
0.2641400000000001
0.26217999999999997
0.2655900000000001
0.26643000000000006
0.26625000000000004
0.26335000000000003
0.26605999999999996
0.26231999999999994
0.26326000000000005
0.2617799999999999
0.26624000000000003
0.26298
0.26447000000000015
0.26068
0.26515999999999995
0.2615
0.2651799999999999
0.26658000000000004
0.2602900000000001
0.26450999999999997
0.26598999999999995
0.2675000000000001
0.26415
0.26532999999999995
0.26274
0.26763999999999993
0.26610999999999996
0.2671900000000001
0.26616000000000006
0.2642499999999999
0.26382
0.26500999999999997
0.26251
0.26432999999999995
0.26309
0.26343999999999995
0.26369000000000015
0.26164999999999994
0.2637399999999999
0.26364
0.2681999999999999
0.26613000000000014
0.2654400000000001
0.26167
0.2662899999999999
0.26121000000000016
0.2676300000000001
0.26341999999999993
0.26723000000000013
0.26184
0.26783999999999986
0.26204
0.26661999999999997
0.2656
0.26603
0.2632099999999999
0.26420999999999994
0.26211000000000007
0.26364
0.2649799999999998
0.26402000000000003
0.26328
0.26810999999999996
0.2641800000000001
0.2669299999999999
0.26688
0.26706000000000013
0.26483999999999985
0.26526000000000005
0.26397999999999994
0.2651599999999999
0.26751
0.2622
0.26601
0.26169000000000003
0.26559000000000005
0.26436
0.26610999999999996
0.26357
0.26763000000000003
0.26535000000000003
0.26684999999999987
0.26416999999999996
0.26435999999999993
0.26459999999999995
0.26378
0.2660600000000001
0.26502000000000003
0.26555000000000006
0.26093000000000016
0.26634
0.26137000000000005
0.26464000000000004
0.2644099999999999
0.2668
0.26406
0.26544999999999996
0.2624500000000001
0.2668900000000001
0.26213000000000003
0.26610000000000006
0.26209999999999994
0.26616
0.26262000000000013
0.2661899999999999
0.26329
0.26531000000000005
0.26339000000000007
0.26252000000000014
0.26366999999999996
0.26532999999999995
0.26501
0.26414000000000004
0.26638000000000006
0.2623800000000001
0.26588999999999996
0.26127999999999996
0.2630300000000001
0.26310000000000006
0.26518
0.26194999999999996
0.26740999999999987
0.26508000000000004
0.26436000000000004
0.2686
0.26476000000000005
0.2661700000000001
0.26523
0.26381999999999994
0.26464999999999994
0.26211
0.26351
0.26477999999999996
0.2643900000000001
0.26201
0.2662
0.26253
0.26548
0.2637599999999999
0.26660000000000006
0.26405
0.26563999999999993
0.26702000000000004
0.26554
0.26663000000000003
0.26554
0.26410000000000006
0.26496999999999993
0.26515
0.2686699999999999
0.26448000000000005
0.26746
0.26537
0.26742
0.26486000000000004
0.2672900000000001
0.26224000000000003
0.26452
0.26320000000000005
0.26688
0.26286999999999994
0.2651500000000001
0.26334000000000013
0.26686
0.26249999999999996
0.26463
0.26269999999999993
0.26649999999999996
0.26411
0.26762000000000014
0.26151000000000013
0.26621
0.26091000000000014
0.26630999999999994
0.26368
0.26128000000000007
0.2634399999999999
0.26299999999999996
0.26581999999999995
0.26387000000000005
0.26506000000000013
0.26319
0.26347
0.26286000000000004
0.2655700000000001
0.26613000000000003
0.26647000000000004
0.26478000000000007
0.2682399999999999
0.26689000000000007
0.26730000000000004
0.26497
0.2640799999999999
0.26371
0.26499
0.2633300000000002
0.26447000000000004
0.26525000000000004
0.2662699999999999
0.2671700000000001
0.26273
0.26672999999999997
0.26204
0.26782000000000006
0.2624799999999999
0.2697699999999999
0.26287999999999995
0.2649
0.26344
0.26487000000000005
0.26219999999999993
0.26461999999999997
0.2641799999999999
0.26367000000000007
0.26354999999999995
0.26465999999999984
0.26653999999999994
0.26608000000000015
0.26253000000000004
0.26695
0.2632399999999999
0.26577
0.26393
0.26191
0.26626
0.26063
0.26413
0.26137000000000005
0.2660100000000002
0.26244999999999996
0.26452000000000003
0.26301
0.26519000000000004
0.2649900000000001
0.2672299999999999
0.26414999999999994
0.26578
0.26408999999999994
0.26265
0.26365
0.2676799999999999
0.2646299999999999
0.26713000000000003
0.26318
0.26498
0.26341999999999993
0.26355000000000006
0.26522999999999997
0.26327
0.26575
0.2642999999999999
0.2662000000000002
0.26292999999999994
0.26591999999999993
0.2613899999999999
0.26434
0.26383
0.26448
0.26212000000000013
0.26846
0.26592999999999994
0.2675200000000001
0.26415000000000005
0.26733999999999997
0.26338000000000006
0.2690300000000001
0.2641100000000001
0.26479
0.26161
0.26668999999999987
0.26364
0.2649100000000001
0.26333000000000006
0.26570000000000005
0.2646799999999999
0.2671700000000002
0.2637
0.26704000000000006
0.26436999999999994
0.26521999999999996
0.26253
0.26589
0.26397000000000004
0.26606
0.26155000000000006
0.26345000000000013
0.2636600000000001
0.26461000000000007
0.2620999999999999
0.26371999999999995
0.26564000000000004
0.26526999999999995
0.26392
0.26432
0.2643
0.2657300000000001
0.26586
0.26386000000000004
0.2656200000000002
0.2661900000000001
0.2637000000000002
0.26678000000000013
0.26298999999999995
0.26903999999999995
0.26444999999999996
0.2683399999999999
0.26253
0.26598999999999995
0.2652599999999999
0.2659399999999999
0.2647499999999998
0.26351
0.26167999999999997
0.2645499999999999
0.26336000000000015
0.26426
0.2642500000000001
0.26500000000000007
0.26437
0.26420999999999994
0.26492
0.26464000000000004
0.2657299999999999
0.2650000000000001
0.2655399999999999
0.26226999999999995
0.2637300000000001
0.26268999999999987
0.2664000000000001
0.26458
0.26399999999999996
0.26374999999999993
0.26454000000000005
0.2636800000000001
0.26539000000000007
0.26477
0.2663500000000002
0.26530000000000004
0.2627399999999999
0.26286000000000004
0.26694
0.2653099999999999
0.26665000000000005
0.26433
0.26432999999999995
0.26352999999999993
0.26671
0.26469
0.26311
0.26467000000000007
0.26516000000000006
0.26539000000000007
0.26247
0.26748999999999995
0.2608600000000001
0.2644399999999999
0.26081999999999994
0.26456
0.26312
0.2657399999999999
0.26569000000000004
0.26324000000000003
0.26587000000000005
0.26608
0.26274999999999993
0.2659599999999999
0.26437
0.26637999999999995
0.26601
0.26441000000000003
0.2631
0.26415
0.26443
0.26668999999999987
0.26520999999999995
0.26774
0.26623
0.2675200000000001
0.26474
0.26800000000000007
0.2665600000000002
0.26510000000000006
0.26647000000000004
0.26239999999999997
0.2644499999999999
0.26436
0.26473
0.2646099999999999
0.26438999999999985
0.26476999999999984
0.26610999999999996
0.26136000000000004
0.2635900000000001
0.26022
0.2660600000000001
0.26106999999999997
0.26596
0.26117
0.2650999999999999
0.2625400000000001
0.26599999999999996
0.26409000000000005
0.26518
0.26394
0.26333
0.2651
0.26177000000000006
0.26680999999999994
0.26477000000000006
0.26769
0.2644499999999999
0.26427999999999996
0.2674500000000001
0.26424000000000003
0.26428999999999997
0.26369
0.26514
0.26515
0.26446
0.26698000000000016
0.2629500000000001
0.26481999999999994
0.26490000000000014
0.26352
0.26471000000000006
0.26403
0.26517
0.26349000000000006
0.26622999999999997
0.26441000000000014
0.26106999999999997
0.2667899999999999
0.2622
0.26718000000000003
0.26615999999999995
0.2650300000000001
0.26437000000000005
0.2636500000000001
0.26598000000000005
0.26414999999999994
0.2643700000000001
0.26172999999999996
0.2646899999999999
0.2642099999999999
0.26445
0.26287
0.2673500000000001
0.2619200000000001
0.26531
0.26158000000000003
0.26582999999999996
0.26256
0.2639500000000001
0.26383999999999996
0.26575000000000004
0.26477
0.26603999999999994
0.26211
0.2653700000000001
0.2626600000000001
0.26415
0.26483000000000007
0.2682299999999999
0.26417999999999997
0.26286000000000004
0.2641100000000002
0.2638100000000001
0.26459000000000016
0.2662399999999999
0.26702
0.26550999999999997
0.2645799999999999
0.26308
0.2646800000000001
0.2644499999999999
0.2653500000000001
0.26587
0.26527999999999996
0.26491
0.2623
0.2643300000000001
0.26247999999999994
0.26208000000000004
0.2634800000000002
0.26455000000000006
0.26271
0.26558
0.26060000000000016
0.26631000000000005
0.26344
0.26615
0.26378
0.26812
0.26450999999999997
0.2656600000000001
0.2697000000000001
0.26180000000000003
0.26432999999999995
0.26607
0.2625800000000001
0.26541
0.26608
0.26485
0.26420999999999994
0.26696000000000003
0.26485
0.2652500000000001
