0.19999999999999962
0.09046000000000001
0.08852000000000004
0.07014
0.07317
0.06441000000000001
0.06766000000000001
0.06444999999999998
0.06628
0.06304999999999998
0.06437999999999997
0.061659999999999965
0.06337000000000001
0.06148999999999998
0.06370000000000002
0.06119999999999999
0.06256
0.06137000000000001
0.06292
0.06215000000000002
0.06171
0.06004999999999999
0.06192000000000001
0.06309
0.06420999999999999
0.062429999999999986
0.062009999999999996
0.06238000000000002
0.06391000000000002
0.06363999999999999
0.06316999999999999
0.06395
0.062280000000000044
0.061200000000000004
0.06265000000000001
0.06135999999999999
0.06144000000000002
0.06168999999999998
0.062449999999999985
0.06046999999999999
0.06238
0.06110999999999999
0.062020000000000006
0.060620000000000014
0.06072
0.060969999999999976
0.061739999999999996
0.060370000000000014
0.06284000000000002
0.06108999999999999
0.06339000000000002
0.06253
0.06377000000000003
0.062490000000000004
0.06338000000000002
0.06258999999999998
0.06348000000000001
0.06303000000000002
0.061919999999999996
0.06267999999999999
0.06179000000000003
0.06219000000000003
0.06252999999999999
0.06336
0.06336000000000001
0.06404000000000003
0.06294
0.06446999999999999
0.062110000000000005
0.06235
0.06157999999999997
0.06147999999999995
0.06250999999999998
0.06223999999999998
0.06126999999999999
0.06205
0.06112000000000001
0.06164999999999999
0.06121999999999999
0.06286
0.06278000000000002
0.06102999999999999
0.06245
0.062220000000000004
0.06248999999999997
0.061460000000000035
0.06040999999999998
0.061259999999999974
0.06060999999999999
0.06341999999999998
0.06207000000000001
0.06437000000000001
0.06256
0.06298999999999999
0.06176000000000001
0.06324999999999999
0.06258999999999998
0.06402000000000001
0.06074000000000004
0.06056000000000001
0.059989999999999995
0.06095000000000002
0.06033999999999999
0.06042000000000001
0.06042000000000001
0.061829999999999996
0.061409999999999965
0.06252
0.06304999999999998
0.06293000000000001
0.06178000000000001
0.060479999999999985
0.06081999999999997
0.061539999999999984
0.06271999999999997
0.061100000000000015
0.06355999999999999
0.06291000000000004
0.06243999999999999
0.06250000000000001
0.06292
0.06213
0.06352999999999999
0.06158999999999998
0.0637
0.06305000000000001
0.06377
0.06224000000000002
0.06334
0.06278999999999997
0.06255
0.060360000000000004
0.06152999999999999
0.060999999999999985
0.06189000000000001
0.06308000000000001
0.06322999999999998
0.06284000000000001
0.06443
0.062310000000000004
0.06381000000000003
0.06286
0.06372999999999998
0.06367999999999999
0.06417999999999999
0.06287999999999999
0.06305000000000001
0.06171999999999999
0.06431000000000002
0.06391
0.06396
0.06171000000000002
0.06299999999999997
0.06204
0.06205
0.05987000000000002
0.06324000000000002
0.06157999999999999
0.062269999999999985
0.061259999999999995
0.06251000000000001
0.06273999999999998
0.06216999999999999
0.06203000000000001
0.06302
0.06440000000000001
0.06251999999999999
0.06249999999999999
0.06129999999999999
0.060929999999999984
0.06132
0.06155999999999999
0.06180999999999999
0.06231000000000002
0.06369000000000001
0.06174000000000001
0.06288000000000003
0.06130999999999998
0.062329999999999976
0.06132999999999999
0.06375000000000001
0.06302000000000002
0.06346000000000002
0.06111
0.0617
0.06216999999999997
0.06153000000000002
0.06227000000000001
0.06109999999999999
0.06272999999999997
0.062040000000000005
0.06282000000000001
0.06359999999999996
0.060360000000000004
0.06420000000000001
0.06177999999999997
0.06228000000000001
0.06164999999999999
0.06127999999999998
0.061519999999999984
0.06385999999999999
0.06093000000000002
0.06116999999999998
0.06184
0.059540000000000017
0.060989999999999996
0.06234
0.06293
0.06275
0.06193999999999995
0.06165000000000002
0.062040000000000005
0.062329999999999976
0.06223999999999997
0.06285000000000002
0.06295
0.06262000000000001
0.06221
0.061929999999999985
0.06358999999999998
0.06461
0.06292999999999999
0.06181999999999999
0.06427000000000001
0.06338
0.06316999999999999
0.0625
0.06489
0.06346000000000002
0.06124999999999999
0.062299999999999967
0.06401000000000001
0.06332000000000003
0.06312000000000002
0.06296
0.06331999999999997
0.06382
0.062060000000000004
0.06082
0.05932999999999997
0.061550000000000014
0.061719999999999976
0.06197000000000002
0.06168000000000002
0.0614
0.06065
0.061190000000000015
0.06251999999999999
0.06341000000000001
0.06247
0.06092000000000003
0.05977000000000001
0.059980000000000006
0.06070999999999998
0.06194999999999998
0.062400000000000004
0.06205000000000002
0.061
0.062089999999999985
0.061350000000000016
0.06277
0.06247999999999997
0.061309999999999996
0.06191
0.06222
0.060329999999999995
0.06157
0.06055999999999999
0.06153999999999999
0.060709999999999986
0.06280000000000001
0.06207999999999998
0.06213
0.06077000000000001
0.06137999999999997
0.06045
0.061740000000000024
0.06152000000000004
0.06154000000000001
0.06215000000000001
0.061940000000000016
0.06243000000000002
0.06149
0.06111
0.0594
0.06223000000000001
0.06261000000000001
0.06214
0.06149000000000004
0.06267
0.06446000000000002
0.06372000000000001
0.06297999999999997
0.06161999999999999
0.06353
0.061259999999999995
0.06286999999999997
0.06229
0.06251999999999998
0.06084999999999998
0.060580000000000016
0.06203000000000002
0.06201999999999999
0.06331999999999999
0.06282000000000001
0.06332000000000003
0.06265999999999998
0.06359000000000002
0.06381
0.06164999999999999
0.05983000000000001
0.06079000000000002
0.06209999999999999
0.061019999999999984
0.06194000000000004
0.06205000000000001
0.06449
0.062440000000000016
0.061590000000000006
0.06313
0.06392000000000002
0.06395
0.06367999999999999
0.06253
0.062449999999999985
0.06132000000000001
0.06169999999999996
0.06025999999999997
0.061350000000000016
0.06185
0.061170000000000016
0.06156999999999999
0.06118999999999999
0.06074000000000001
0.05849999999999999
0.06001
0.061330000000000016
0.06095000000000002
0.06034000000000002
0.06258
0.06037999999999997
0.06360999999999999
0.06291000000000002
0.06348999999999999
0.06348
0.061500000000000006
0.06132000000000001
0.060009999999999994
0.0625
0.05944
0.059690000000000014
0.061040000000000004
0.06364
0.061889999999999994
0.06267000000000002
0.05976999999999998
0.061000000000000006
0.06180000000000001
0.06218999999999999
0.062240000000000004
0.061590000000000006
0.06345000000000002
0.06218999999999997
0.06296999999999998
0.062390000000000036
0.06264000000000002
0.06176000000000003
0.061270000000000005
0.062110000000000026
0.06136
0.06227999999999999
0.06187999999999997
0.06244000000000001
0.06054000000000001
0.06235000000000001
0.06252000000000003
0.06302000000000002
0.06211000000000001
0.061509999999999995
0.06215
0.062049999999999994
0.062159999999999986
0.06497000000000003
0.06305000000000002
0.06391
0.06166999999999996
0.06279999999999998
0.06025000000000002
0.061409999999999985
0.059250000000000004
0.06157999999999999
0.06091
0.06010999999999999
0.05866999999999997
0.060469999999999996
0.06065999999999999
0.06224000000000001
0.06223
0.06180000000000001
0.062160000000000014
0.061430000000000026
0.06226000000000002
0.06225999999999999
0.06124999999999997
0.05964
0.06227999999999998
0.06294000000000004
0.06357
0.06028000000000005
0.0622
0.060020000000000004
0.06201000000000002
0.06050999999999998
0.06346999999999998
0.061620000000000015
0.06198999999999996
0.05985
0.060640000000000006
0.05922000000000001
0.06219999999999999
0.05989999999999998
0.06193
0.05986999999999999
0.06014000000000001
0.05991000000000001
0.06085
0.06153
0.06332000000000002
0.06339999999999998
0.06353
0.06352000000000002
0.06264000000000002
0.061
0.06212999999999999
0.060399999999999975
0.062169999999999975
0.06101
0.06083000000000002
0.06177999999999998
0.06326999999999999
0.06196999999999999
0.06139999999999997
0.05986
0.06180000000000001
0.06061
0.06309999999999998
0.060739999999999995
0.06416000000000002
0.06192
0.06338
0.06346000000000002
0.06195000000000002
0.06071999999999999
0.06415999999999998
0.06083999999999998
0.06379
0.061529999999999994
0.06311000000000001
0.06299999999999999
0.06234000000000003
0.06372999999999998
0.06210999999999999
0.06336999999999997
0.06159000000000001
0.06266000000000002
0.06220999999999997
0.06210000000000001
0.06233
0.0641
0.06317999999999999
0.06171999999999997
0.06323999999999999
0.06321
0.06209000000000001
0.060829999999999974
0.06120999999999999
0.06209999999999999
0.06324
0.06182999999999999
0.06217000000000004
0.061039999999999976
0.06306000000000003
0.06326
0.06292999999999999
0.06228999999999999
0.060829999999999995
0.061919999999999996
0.061709999999999994
0.061409999999999985
0.0619
0.06254
0.06256
0.06259
0.06252000000000002
0.06278
0.06327999999999999
0.06276000000000001
0.0623
0.06312000000000001
0.06401000000000001
0.06301000000000001
0.06420000000000002
0.06412999999999998
0.06402999999999998
0.06350999999999997
0.06323000000000004
0.06182999999999998
0.06382000000000003
0.06151999999999999
0.06316999999999999
0.06250999999999998
0.06336999999999998
0.06282
0.06287000000000001
0.06158999999999999
0.06275000000000001
0.061710000000000015
0.06439
0.061739999999999975
0.062249999999999986
0.06195999999999998
0.06334000000000001
0.06262000000000002
0.0626
0.06336999999999997
0.06302999999999997
0.06223
0.062160000000000014
0.062049999999999994
0.06223999999999999
0.061279999999999994
0.06006
0.06015999999999999
0.060090000000000005
0.059250000000000004
0.05901000000000001
0.06115000000000003
0.06201999999999999
0.061810000000000004
0.06226999999999999
0.06074000000000001
0.062169999999999996
0.06141000000000002
0.06256
0.06189
0.06208000000000001
0.060309999999999996
0.060270000000000004
0.06040999999999999
0.059980000000000006
0.05945999999999998
0.06253999999999998
0.06319
0.06248
0.06105000000000001
0.060580000000000016
0.06126999999999999
0.06203999999999999
0.06075000000000001
0.06282
0.06194
0.062179999999999985
0.06168000000000001
0.06266000000000001
0.06010000000000001
0.062049999999999994
0.05890999999999998
0.06215999999999999
0.06026
0.06305999999999999
0.06276000000000001
0.06268000000000001
0.062189999999999995
0.06139999999999998
0.06234999999999999
0.06340999999999998
0.06409999999999999
0.06284999999999996
0.06266
0.06261999999999998
0.06384999999999999
0.061199999999999984
0.06274
0.06329000000000001
0.06116999999999999
0.0622
0.0629
0.062179999999999985
0.06126999999999998
0.060680000000000026
0.061700000000000026
0.06185
0.06109999999999999
0.062430000000000006
0.062439999999999996
0.06273000000000001
0.06154
0.06166999999999996
0.06189000000000003
0.06307
0.06189000000000001
0.06192000000000002
0.06252999999999997
0.06189000000000001
0.06315
0.06298999999999998
0.06221999999999997
0.060970000000000024
0.061270000000000005
0.059390000000000026
0.059699999999999996
0.06123999999999999
0.06090000000000001
0.060360000000000004
0.06081999999999998
0.06076000000000001
0.06283000000000004
0.06225999999999999
0.06271999999999998
0.06273000000000002
0.06485999999999997
0.06349999999999996
0.06345
0.06148999999999999
0.06118000000000003
0.06177999999999999
0.06255
0.062429999999999986
0.06248999999999999
0.06251000000000002
0.06098999999999997
0.06123000000000003
0.06387000000000001
0.06194999999999999
0.06291000000000001
0.06099000000000001
0.062329999999999997
0.06168999999999999
0.06329000000000001
0.06324000000000002
0.06229000000000001
0.06213999999999999
0.06297000000000001
0.06287000000000001
0.06347999999999997
0.06340000000000003
0.06436000000000003
0.06063000000000002
0.06204
0.06116
0.062329999999999997
0.06221999999999998
0.06157999999999997
0.0626
0.0642
0.062399999999999976
0.06430999999999998
0.06297000000000003
0.06392000000000002
0.061829999999999954
0.06531000000000002
0.061579999999999996
0.06412
0.06237000000000001
0.06281999999999997
0.06276999999999999
0.06528
0.06436000000000003
0.06280999999999998
0.061060000000000045
0.061239999999999996
0.06194
0.06252999999999999
0.06232000000000002
0.06173000000000001
0.06089000000000002
0.06227999999999999
0.06171000000000002
0.06124000000000002
0.06293999999999997
0.06376000000000002
0.06176
0.06301999999999999
0.06304999999999995
0.06300999999999998
0.06427999999999996
0.06512000000000001
0.06479000000000001
0.06317000000000002
0.06386
0.06309
0.06334
0.06274000000000002
0.06292
0.06126000000000001
0.06337000000000001
0.06133999999999998
0.062289999999999984
0.06121999999999999
0.06330999999999999
0.061690000000000016
0.06221000000000001
0.06407999999999998
0.062439999999999996
0.06314
0.06219000000000001
0.06429
0.06209999999999999
0.06228999999999999
0.06303000000000002
0.06322999999999998
0.06325999999999997
0.06249000000000002
0.06443999999999997
0.06254
0.0629
0.06425
0.06368
0.06293000000000001
0.062019999999999985
0.06258999999999998
0.062069999999999965
0.06287
0.06340999999999998
0.06252999999999999
0.06343000000000001
0.06439000000000003
0.06288
0.06422000000000003
0.06273999999999998
0.06534000000000001
0.0627
0.06463999999999999
0.06545999999999999
0.06334999999999996
0.06391
0.06317999999999999
0.06257
0.06176999999999997
0.06049999999999999
0.060940000000000015
0.06113999999999999
0.06315000000000003
0.06260999999999999
0.06188
0.06103000000000001
0.06228000000000002
0.0632
0.06293000000000001
0.06177999999999999
0.06294000000000001
0.062079999999999996
0.06440000000000001
0.06193999999999998
0.06415
0.06318000000000003
0.062299999999999994
0.061149999999999996
0.06078999999999998
0.06154
0.06174999999999999
0.06102999999999999
0.0613
0.05999999999999997
0.06035999999999999
0.059459999999999985
0.06127000000000002
0.06188000000000002
0.06078
0.06166000000000001
0.06084999999999998
0.060409999999999985
0.06013999999999999
0.061659999999999986
0.06157000000000001
0.06279000000000001
0.06271999999999997
0.06304999999999997
0.06420999999999999
0.06172999999999998
0.06131
0.06010000000000002
0.06095
0.06088999999999999
0.061979999999999986
0.061620000000000015
0.06287000000000002
0.06172999999999999
0.06211000000000001
0.06136000000000002
0.06199000000000002
0.061600000000000016
0.0619
0.06054
0.061200000000000004
0.060550000000000034
0.0622
0.061880000000000004
0.06226000000000002
0.06399000000000003
0.06386
0.06215000000000001
0.06203000000000002
0.06045
0.06142000000000002
0.06164000000000001
0.06201000000000003
0.06344999999999999
0.06227999999999998
0.06023999999999998
0.060710000000000014
0.06284000000000002
0.06199999999999999
0.06202999999999999
0.06340999999999997
0.060969999999999996
0.06209000000000001
0.06128000000000001
0.06358999999999998
0.06334000000000004
0.06391999999999999
0.06292
0.06354000000000001
0.06473000000000001
0.06418999999999997
0.06102999999999999
0.06238000000000002
0.06070000000000001
0.06115000000000001
0.060790000000000004
0.06151000000000001
0.06176
0.06238000000000002
0.06180000000000001
0.06389999999999998
0.06075999999999998
0.061399999999999996
0.05998999999999997
0.06316999999999998
0.06158999999999998
0.06284000000000002
0.06014999999999999
0.062319999999999987
0.06047999999999997
0.06221
0.06198000000000001
0.06301
0.06280999999999998
0.06322999999999998
0.06162000000000001
0.06291000000000001
0.06319000000000001
0.06290000000000001
0.061470000000000004
0.05976999999999998
0.059519999999999976
0.05974
0.06027999999999999
0.06171999999999996
0.06280000000000001
0.06265
0.06201999999999999
0.060950000000000004
0.062090000000000006
0.06148999999999999
0.06176000000000001
0.06032000000000002
0.06153000000000003
0.058839999999999996
0.059830000000000015
0.06061000000000001
0.06233
0.061339999999999985
0.06176000000000001
0.06135000000000001
0.06241000000000002
0.06152
0.06307999999999998
0.06027999999999999
0.06267000000000002
0.061639999999999986
0.06309999999999999
0.06114
0.06266999999999999
0.06218999999999999
0.06142999999999997
0.06247
0.06385000000000002
0.0627
0.061759999999999995
0.060180000000000004
0.06159999999999998
0.062130000000000025
0.06239
0.062240000000000004
0.06414
0.06222999999999999
0.06242000000000002
0.060680000000000005
0.060260000000000015
0.05915999999999998
0.060440000000000015
0.06023
0.06229000000000001
0.06204
0.06121999999999998
0.05993999999999997
0.06090999999999999
0.05984
0.061389999999999965
0.061950000000000005
0.06159999999999998
0.06261000000000001
0.06314000000000002
0.06206000000000004
0.06299999999999999
0.06330000000000002
0.06303
0.06277999999999997
0.06432000000000002
0.06263999999999999
0.06339
0.06215000000000002
0.06189000000000001
0.06253
0.06284
0.06251999999999998
0.06368999999999998
0.06405999999999999
0.06393
0.06271
0.06327
0.06222
0.06258
0.05955000000000002
0.06134000000000002
0.06050000000000003
0.06017999999999999
0.05943
0.058949999999999975
0.060120000000000014
0.06156
0.06107000000000002
0.06122000000000001
0.061389999999999986
0.06108999999999999
0.06012999999999998
0.06140000000000002
0.061320000000000006
0.06213999999999998
0.06291000000000001
0.06150000000000001
0.062029999999999995
0.06072999999999998
0.06206000000000001
0.06048000000000003
0.0619
0.06115
0.06444
0.06300000000000001
0.06335
0.06078000000000003
0.06355000000000004
0.06112000000000001
0.06322000000000004
0.061480000000000014
0.06432999999999998
0.06126000000000001
0.06369
0.06009999999999997
0.06292
0.06069999999999998
0.061339999999999985
0.062060000000000004
0.061350000000000016
0.06127
0.06145999999999995
0.060590000000000005
0.06280000000000001
0.06135000000000002
0.06367000000000005
0.06121999999999996
0.06256
0.05881999999999999
0.06309000000000001
0.05914000000000003
0.06204
0.06054000000000004
0.06193
0.061960000000000015
0.06060999999999999
0.06142
0.060420000000000015
0.05947000000000001
0.06015999999999999
0.06128000000000001
0.061059999999999996
0.06163000000000003
0.06209000000000002
0.06309000000000001
