0.19999999999999962
0.32963000000000003
0.5754100000000001
0.4481900000000001
0.5515900000000001
0.4502099999999999
0.5430900000000001
0.4595799999999998
0.5362199999999999
0.4655799999999999
0.5286400000000001
0.47385999999999984
0.5219799999999999
0.47785000000000005
0.5200400000000001
0.4811000000000002
0.5166799999999999
0.48460000000000003
0.51138
0.4889599999999998
0.5084999999999998
0.48972000000000016
0.5073900000000002
0.49236999999999986
0.5069400000000003
0.49192000000000013
0.5066300000000001
0.49482
0.50269
0.49561
0.5045499999999999
0.49477000000000027
0.50302
0.49663999999999986
0.5017900000000004
0.49707999999999974
0.5029099999999999
0.49666
0.50138
0.49783999999999984
0.5012400000000004
0.49787999999999977
0.49961
0.5007800000000001
0.49933
0.50091
0.4985299999999998
0.50153
0.49677000000000004
0.5023500000000002
0.4960699999999999
0.5041000000000001
0.49544
0.5038600000000001
0.49768999999999997
0.50289
0.49852999999999964
0.4995600000000001
0.49843000000000015
0.49978999999999985
0.5015200000000002
0.4989800000000002
0.5006100000000002
0.49716999999999983
0.50133
0.49760000000000004
0.5019899999999999
0.49826
0.50094
0.49824999999999986
0.50177
0.5000399999999998
0.4977399999999998
0.5001000000000001
0.49887000000000015
0.5029
0.49693
0.4997899999999999
0.49939000000000006
0.5005800000000002
0.49925
0.4995200000000001
0.4987100000000001
0.49842000000000025
0.50075
0.4992999999999999
0.49849
0.4998800000000002
0.4984499999999999
0.49993999999999983
0.49927000000000016
0.4993800000000003
0.5006500000000002
0.49711000000000005
0.5014000000000001
0.4992999999999999
0.50032
0.5005600000000001
0.49837000000000004
0.49797
0.5022299999999998
0.49774000000000024
0.49976000000000015
0.4986300000000001
0.49973999999999996
0.49915000000000004
0.5028100000000002
0.49617
0.50287
0.49705000000000027
0.50023
0.4996000000000001
0.5001299999999997
0.49915
0.50031
0.49851000000000023
0.49974000000000013
0.4985000000000001
0.50259
0.49771
0.5000500000000001
0.49835
0.49989999999999996
0.5003599999999996
0.49967999999999974
0.5001500000000001
0.5014600000000002
0.49587000000000003
0.5011100000000002
0.49764
0.4991400000000003
0.5018300000000001
0.4968199999999999
0.50048
0.4997200000000001
0.49864999999999987
0.4989700000000002
0.4995800000000001
0.49891000000000035
0.49962
0.50075
0.49824999999999986
0.5017800000000001
0.49811999999999984
0.49829999999999997
0.5014900000000001
0.4980200000000001
0.5018499999999999
0.49651999999999985
0.5007699999999999
0.49855
0.49947999999999987
0.50064
0.49966000000000016
0.4986500000000001
0.49959999999999993
0.4996300000000001
0.5001199999999999
0.49683999999999984
0.50123
0.4991799999999999
0.5013799999999998
0.4977299999999996
0.5012500000000002
0.49679999999999985
0.5014400000000001
0.4979000000000005
0.4986700000000001
0.4993799999999997
0.5006600000000002
0.4990000000000001
0.49910000000000004
0.50104
0.4975
0.5015599999999999
0.49972999999999984
0.4983200000000003
0.50127
0.4980700000000002
0.5005700000000001
0.49876
0.49976
0.4976600000000001
0.50139
0.5004799999999999
0.49942000000000014
0.49733999999999995
0.5045100000000002
0.4942199999999999
0.5042300000000001
0.4961100000000001
0.5034800000000001
0.49634000000000006
0.5036099999999999
0.49666
0.50141
0.4974599999999998
0.5009600000000001
0.49607
0.5008600000000001
0.49965
0.5003
0.49902000000000024
0.4994100000000002
0.49803
0.5010799999999999
0.49768999999999997
0.50016
0.4978199999999999
0.5018600000000003
0.49844000000000027
0.49939000000000006
0.4989499999999999
0.49922
0.5009700000000002
0.49939000000000017
0.49955999999999984
0.5010000000000001
0.49710999999999983
0.5005899999999999
0.49953
0.4990499999999999
0.5013200000000001
0.4994800000000002
0.4982199999999999
0.5019600000000001
0.49868999999999986
0.4990800000000001
0.4993100000000002
0.49996000000000007
0.5000699999999999
0.4989400000000001
0.5003400000000001
0.49823000000000023
0.50104
0.49945999999999985
0.49800999999999995
0.49891000000000013
0.5011800000000001
0.49958000000000036
0.4986199999999998
0.5008100000000002
0.4989999999999999
0.49970000000000014
0.49957999999999997
0.5009800000000002
0.4983699999999998
0.5002000000000002
0.49866000000000016
0.50008
0.49916
0.49983999999999995
0.49959000000000026
0.50084
0.49920000000000025
0.4976100000000002
0.50167
0.4977000000000001
0.5019100000000001
0.49666
0.4999400000000002
0.49775999999999987
0.50255
0.4975800000000002
0.5004
0.4991099999999998
0.5010199999999999
0.4959800000000001
0.50171
0.4971300000000001
0.50204
0.49808
0.49952999999999986
0.49728
0.50382
0.4953099999999999
0.5021800000000001
0.4974
0.5029499999999999
0.49661
0.5011100000000002
0.49947
0.4990700000000002
0.4987499999999999
0.5017699999999999
0.49832000000000015
0.5019200000000001
0.4974
0.4992000000000001
0.5003800000000002
0.4984100000000003
0.50117
0.4983200000000001
0.5011300000000001
0.49823
0.50015
0.5007199999999997
0.4981900000000001
0.4993499999999999
0.49957999999999997
0.50135
0.4980900000000002
0.49954000000000015
0.50012
0.5021700000000003
0.49762
0.49982000000000004
0.49877000000000005
0.50055
0.49762
0.5000000000000001
0.4985799999999999
0.4988100000000002
0.5009100000000001
0.49944000000000005
0.5001399999999999
0.49997
0.4993999999999997
0.5015699999999998
0.49731000000000003
0.5009499999999999
0.49775000000000014
0.5006900000000002
0.49706999999999985
0.5038000000000001
0.4968200000000001
0.5003199999999999
0.4994099999999998
0.50034
0.4966600000000001
0.50204
0.49796999999999997
0.5024399999999999
0.49800999999999995
0.5023400000000002
0.49797
0.50044
0.4971000000000001
0.50006
0.49869999999999975
0.5013800000000003
0.4966999999999999
0.5028700000000002
0.49576
0.4993100000000002
0.50077
0.49896
0.4997900000000001
0.49965000000000015
0.49995000000000006
0.4996199999999999
0.5004699999999999
0.4993800000000001
0.49882000000000004
0.5001600000000002
0.4985200000000002
0.5002099999999998
0.5016499999999998
0.49923999999999985
0.49821000000000004
0.5003200000000003
0.49916
0.50172
0.4965
0.50358
0.49499000000000015
0.5015700000000001
0.49873999999999996
0.5031300000000001
0.49667
0.5019600000000001
0.49768999999999985
0.50234
0.4978999999999998
0.4983600000000001
0.49973
0.5021999999999998
0.4963399999999998
0.50182
0.49956999999999985
0.4988800000000002
0.5001599999999998
0.49977999999999995
0.49964
0.49797999999999976
0.5008700000000001
0.50014
0.4989699999999999
0.50081
0.49769000000000013
0.5005200000000001
0.4988100000000002
0.4997500000000001
0.49995999999999996
0.5000699999999999
0.49848
0.5001899999999999
0.49782999999999994
0.5015099999999999
0.4957400000000002
0.5024000000000001
0.49584000000000006
0.50395
0.4951299999999999
0.5056700000000001
0.4936899999999998
0.5016200000000002
0.4975300000000001
0.50187
0.49792999999999993
0.50054
0.50105
0.4995700000000001
0.4975500000000001
0.49995999999999996
0.49862000000000023
0.5017100000000001
0.49809000000000003
0.50107
0.4977100000000001
0.4995300000000002
0.5013900000000001
0.4988700000000001
0.4990600000000001
0.49957000000000007
0.49829000000000007
0.5012499999999998
0.4979399999999998
0.50299
0.4971400000000001
0.5005399999999999
0.49945999999999996
0.49862000000000006
0.5014200000000003
0.4957600000000001
0.49941000000000024
0.5034200000000001
0.49746000000000024
0.5001100000000002
0.4998600000000002
0.4978099999999999
0.49863000000000013
0.5010699999999999
0.4993200000000001
0.4994800000000002
0.49800000000000005
0.4991599999999998
0.5017500000000001
0.4988800000000001
0.5002900000000001
0.4992100000000002
0.4962799999999997
0.50345
0.4956200000000001
0.5027099999999998
0.4981500000000001
0.5006500000000002
0.49868
0.5014499999999998
0.4968599999999999
0.49994
0.49884000000000006
0.5026499999999999
0.49826
0.4996900000000001
0.4983300000000001
0.5027600000000002
0.4970900000000002
0.5007099999999999
0.4986599999999999
0.4998499999999999
0.50035
0.4971700000000001
0.5017200000000003
0.49777000000000027
0.5005700000000001
0.4991000000000001
0.4997499999999998
0.49910000000000004
0.5003000000000002
0.4982500000000001
0.4985800000000002
0.50246
0.4999
0.4999199999999999
0.49919
0.49918
0.5000399999999999
0.4999900000000004
0.49638
0.5007000000000003
0.5006000000000003
0.49878000000000006
0.50029
0.49864
0.49991000000000013
0.49829000000000007
0.4997900000000001
0.49788999999999994
0.5000399999999999
0.5011500000000001
0.49953999999999993
0.4989699999999999
0.5002600000000001
0.4974000000000002
0.5005399999999999
0.4997199999999998
0.4995700000000001
0.49817999999999985
0.5017899999999998
0.4966300000000001
0.50104
0.5003100000000001
0.4974
0.50119
0.49926999999999994
0.49861000000000005
0.5013000000000001
0.49901999999999985
0.49937000000000004
0.4992599999999999
0.50067
0.4989999999999999
0.4992900000000002
0.49922999999999995
0.4999400000000003
0.5005799999999999
0.4988900000000001
0.49915
0.50072
0.49741000000000013
0.5007999999999998
0.4998700000000001
0.5009200000000001
0.49824000000000024
0.5004999999999998
0.49677
0.5031100000000001
0.4941099999999998
0.5046500000000003
0.4943399999999999
0.5035799999999999
0.49601999999999985
0.5029999999999998
0.4947100000000001
0.5057500000000001
0.49591999999999986
0.50385
0.4945300000000001
0.5037700000000002
0.49592999999999987
0.50415
0.4949299999999999
0.5023000000000001
0.49750999999999995
0.5015000000000002
0.49820999999999993
0.5007899999999998
0.49740000000000006
0.5022499999999999
0.49640000000000006
0.5018299999999997
0.49785
0.5021000000000001
0.49924999999999997
0.5016700000000001
0.49616
0.5022999999999997
0.4989400000000001
0.50013
0.4984999999999999
0.5002700000000002
0.4970000000000002
0.5010900000000001
0.49774
0.5009000000000001
0.49776000000000026
0.5013899999999998
0.49677
0.5021800000000002
0.4961
0.5014800000000001
0.49675000000000014
0.5029799999999999
0.49836000000000014
0.5016499999999999
0.49652999999999975
0.50212
0.4978899999999998
0.5016499999999999
0.4990600000000001
0.5034200000000001
0.4946900000000001
0.5033800000000002
0.49647000000000013
0.5011300000000001
0.4999699999999998
0.4996100000000002
0.4993500000000002
0.4999899999999998
0.49975
0.49938000000000016
0.5015099999999999
0.49883999999999973
0.49827000000000005
0.50062
0.49858000000000013
0.49867999999999996
0.50109
0.4975300000000002
0.49994999999999995
0.49698999999999993
0.5040999999999998
0.4939699999999998
0.50428
0.4942400000000003
0.50204
0.5003899999999998
0.49895999999999996
0.49971000000000027
0.4979699999999998
0.50009
0.49984000000000023
0.4998300000000001
0.4993199999999999
0.5002199999999999
0.5007100000000001
0.49900000000000005
0.49794999999999995
0.5000999999999999
0.5000999999999999
0.49711999999999973
0.50273
0.49674999999999997
0.5018699999999998
0.4981299999999996
0.50095
0.49674999999999997
0.5012700000000002
0.49876999999999994
0.49926000000000004
0.49947
0.49962999999999996
0.4960099999999999
0.5031400000000001
0.49575
0.50352
0.49681
0.5013000000000001
0.49725
0.5018899999999997
0.4997100000000001
0.49957999999999997
0.49694999999999984
0.5030600000000001
0.49713
0.5008699999999999
0.49926000000000004
0.49923000000000006
0.50007
0.5016399999999999
0.4972800000000001
0.5010800000000001
0.49761000000000005
0.5026100000000001
0.49468999999999996
0.5051300000000001
0.49660000000000004
0.5026499999999998
0.4972
0.4997299999999999
0.4988500000000002
0.5013500000000001
0.4981899999999998
0.4976899999999999
0.5011199999999998
0.4994300000000001
0.4996500000000001
0.49872000000000005
0.5003099999999998
0.50025
0.49918000000000007
0.49814000000000014
0.50107
0.49778000000000006
0.5005699999999998
0.49879999999999997
0.5041100000000001
0.4979800000000001
0.49983000000000005
0.49756000000000017
0.5001399999999999
0.49905
0.5013399999999999
0.49487000000000014
0.5035700000000002
0.4967099999999999
0.5019200000000003
0.4979800000000001
0.5002600000000001
0.49982000000000015
0.49927999999999984
0.49925000000000014
0.5003900000000002
0.49781000000000014
0.5000999999999999
0.49921000000000015
0.5010099999999998
0.49792000000000003
0.5018400000000002
0.49870999999999993
0.50004
0.4978399999999999
0.5003000000000002
0.4997799999999999
0.5001200000000001
0.49874
0.5006699999999997
0.49937000000000004
0.5000199999999999
0.4975099999999999
0.5032999999999999
0.4944799999999997
0.50302
0.49627000000000004
0.5039700000000001
0.4964700000000001
0.50253
0.4959799999999999
0.5049100000000002
0.49588999999999983
0.5016599999999999
0.49794000000000005
0.50063
0.5001800000000001
0.4952500000000001
0.50336
0.49731000000000003
0.5020500000000001
0.49799000000000027
0.49940000000000007
0.5031300000000003
0.49686
0.5010500000000001
0.49550999999999973
0.50284
0.49651
0.50059
0.4997
0.4997099999999998
0.49927
0.49911
0.49943
0.4981200000000004
0.50204
0.49556
0.5034800000000004
0.49633000000000005
0.5009
0.49865000000000026
0.49965000000000004
0.4990999999999998
0.50038
0.5001499999999998
0.49757000000000007
0.50137
0.49942
0.49810999999999994
0.49986
0.4997300000000001
0.4988099999999998
0.4994100000000002
0.49913000000000013
0.50206
0.4985099999999999
0.5007100000000002
0.49922999999999995
0.49989999999999996
0.49971
0.4986799999999999
0.49907999999999997
0.5009199999999998
0.49806999999999996
0.50034
0.49988999999999995
0.5000600000000001
0.49802000000000013
0.49957
0.49846999999999997
0.4992000000000001
0.5001700000000001
0.49791
0.5013799999999999
0.4983100000000002
0.5008800000000001
0.49903000000000014
0.4985100000000003
0.4991699999999999
0.4990300000000001
0.5017
0.49755999999999995
0.50057
0.4993199999999999
0.49904000000000015
0.4999700000000001
0.49854000000000026
0.4993999999999999
0.4988500000000001
0.5003500000000003
0.4997599999999999
0.4969200000000001
0.50237
0.49601999999999985
0.5034299999999999
0.49707999999999997
0.5015899999999999
0.5002599999999998
0.49932000000000004
0.4986099999999999
0.50088
0.4993400000000001
0.5005399999999999
0.49888000000000005
0.50071
0.49748000000000014
0.50138
0.4967100000000004
0.5023799999999999
0.49756000000000017
0.5004500000000001
0.4974100000000001
0.50148
0.4978900000000002
0.5014400000000001
0.4986299999999999
0.49961000000000005
0.49593000000000004
0.5033799999999998
0.49756999999999985
0.5003399999999999
0.49973999999999996
0.49916999999999995
0.49658000000000013
0.5029100000000001
0.4958699999999996
0.50503
0.4955899999999998
0.50337
0.49462999999999985
0.50273
0.49687000000000003
0.5034100000000002
0.49495000000000017
0.5023000000000001
0.49705
0.5036099999999999
0.49748
0.50219
0.49900000000000005
0.50033
0.4989699999999999
0.5009799999999999
0.4981499999999998
0.5018800000000002
0.49805000000000005
0.5025200000000001
0.496
0.5031200000000002
0.4976099999999999
0.5011899999999999
0.4988800000000001
0.5005099999999998
0.4966199999999999
0.50221
0.49855000000000016
0.50151
0.49790000000000006
0.4996199999999999
0.49994000000000005
0.49968999999999986
0.5002700000000001
0.49966000000000016
0.49765
0.5016100000000001
0.4989999999999999
0.49798000000000026
0.5008100000000002
0.49961999999999995
0.50082
0.4981599999999999
0.4987699999999998
0.49999000000000005
0.4991600000000001
0.5017800000000002
0.49654000000000026
0.5016499999999997
0.49896999999999975
0.5003
0.5013299999999999
0.4991799999999999
0.5005399999999999
0.49841000000000013
0.5010699999999999
0.4985099999999999
0.5016300000000004
0.49794999999999995
0.50204
0.4972799999999997
0.5020799999999999
0.49712000000000034
0.50175
0.4991799999999999
0.49898999999999993
0.49864000000000025
0.5002200000000001
0.49792999999999993
0.50017
0.50184
0.49851000000000023
0.5008699999999998
0.49908999999999987
0.4969000000000001
0.5022700000000001
0.49603
0.5018000000000002
0.4970500000000001
0.50261
0.49676999999999993
0.5038900000000001
0.49482000000000037
0.50438
0.49552000000000007
0.5031800000000001
0.4981900000000001
0.5024400000000001
0.49652999999999997
0.5005199999999999
0.5000399999999999
0.4997399999999999
0.49909000000000014
0.5006200000000001
0.5000999999999999
0.49803000000000025
0.5004200000000002
0.5000699999999999
0.4991199999999998
0.49829000000000007
0.5032199999999998
0.49824999999999997
0.50216
0.49824999999999986
0.49731999999999993
0.50027
0.50099
0.49899999999999983
0.4991600000000001
0.4988299999999999
0.49938000000000005
0.49895999999999996
0.5019600000000001
0.4973900000000003
0.50033
0.5014800000000001
0.4982500000000001
0.5003900000000001
0.4978499999999999
0.4988700000000001
0.5011300000000002
0.5001000000000001
0.5002000000000001
0.49927000000000005
0.4987900000000002
0.4984299999999999
0.5026700000000002
0.49707
0.50119
0.4975899999999999
0.49930000000000013
0.50013
0.5003400000000002
0.49695999999999985
0.5012499999999998
0.4975199999999998
0.5016999999999999
0.4969799999999998
0.5033899999999999
0.49552000000000007
0.5037699999999997
0.4956999999999999
0.5014799999999997
0.4971500000000002
0.5014799999999997
0.4977599999999998
0.5012599999999998
0.4990600000000002
0.49898000000000003
0.50168
0.4974799999999999
0.50043
0.5003
