0.19999999999999962
0.30868999999999996
0.54246
0.43116000000000004
0.53032
0.43642000000000003
0.5196200000000001
0.4442299999999998
0.5128200000000003
0.4508700000000001
0.5038
0.4599600000000001
0.49882999999999994
0.46135
0.4992699999999999
0.4665200000000001
0.49283999999999983
0.4690199999999997
0.4922599999999997
0.4688499999999998
0.4904600000000001
0.47013999999999984
0.48652000000000006
0.47412999999999983
0.48731
0.47532999999999986
0.48449000000000014
0.4767499999999999
0.4822199999999999
0.4774700000000002
0.4834599999999999
0.4746400000000001
0.48630999999999985
0.4748099999999999
0.48372
0.4784899999999997
0.48389000000000004
0.47618999999999995
0.48299
0.4779999999999999
0.48072000000000004
0.47952
0.4815900000000001
0.4788800000000002
0.48093
0.4800000000000001
0.4841499999999999
0.47786
0.48016
0.4801499999999999
0.48052999999999974
0.48006999999999983
0.47947
0.4792700000000001
0.4811500000000001
0.47980999999999996
0.48153
0.47660999999999987
0.4823799999999999
0.4780300000000002
0.4815100000000001
0.48001999999999995
0.4796999999999998
0.48135000000000006
0.48141
0.48158999999999996
0.47906000000000015
0.48138
0.47961
0.47965
0.4784199999999999
0.48165000000000013
0.47955999999999976
0.48099999999999987
0.48058000000000006
0.4813400000000001
0.47982000000000014
0.47779000000000005
0.48166
0.47834000000000004
0.48282
0.47937000000000013
0.4824499999999999
0.47908
0.47980000000000006
0.4796399999999999
0.4818999999999999
0.47919999999999996
0.4803100000000001
0.48040999999999995
0.4800699999999998
0.47912999999999983
0.48064999999999986
0.47801999999999983
0.48049
0.4817699999999999
0.47970000000000007
0.47935000000000016
0.48153000000000007
0.47780000000000017
0.4825
0.4791700000000001
0.4811000000000001
0.47944999999999977
0.47809000000000024
0.48149999999999993
0.4795100000000001
0.48064000000000023
0.48103
0.47952
0.48067999999999983
0.48090999999999995
0.47994000000000014
0.48223999999999995
0.4793499999999999
0.4807400000000001
0.4811800000000001
0.4820100000000002
0.48036000000000023
0.47804
0.4799400000000002
0.48208
0.4780700000000001
0.4829900000000001
0.4796299999999999
0.48153000000000007
0.4774799999999999
0.4842299999999999
0.47858999999999985
0.4801199999999999
0.4806099999999999
0.4824000000000002
0.47822000000000014
0.4828099999999999
0.47811999999999977
0.48138000000000014
0.47985
0.4830000000000002
0.47960000000000025
0.47832999999999976
0.48314999999999997
0.47898
0.48259999999999975
0.4781200000000001
0.48163999999999996
0.47743
0.48151000000000005
0.4787999999999999
0.48113000000000006
0.4801400000000001
0.47840000000000016
0.48057999999999995
0.47914
0.48346999999999996
0.47695
0.48322999999999994
0.4767600000000002
0.48305
0.48019
0.4786099999999999
0.4806999999999999
0.48138000000000003
0.47725
0.48282999999999987
0.47838
0.4800900000000001
0.47859000000000024
0.48080000000000006
0.4787300000000001
0.48108999999999996
0.48093999999999987
0.48101999999999984
0.4796299999999999
0.4792700000000001
0.47935
0.48111
0.48152999999999985
0.48017999999999994
0.4795499999999999
0.48103000000000024
0.47784999999999994
0.48035999999999995
0.4794
0.4792600000000001
0.4787199999999999
0.48169000000000006
0.47967999999999994
0.48127999999999993
0.4803699999999999
0.48009
0.4808100000000001
0.47987
0.48107999999999984
0.47796
0.48283000000000004
0.47842
0.48197
0.4789
0.47996999999999984
0.4802
0.48109
0.48185999999999984
0.48217999999999994
0.47785000000000016
0.48168999999999995
0.4793300000000001
0.48253999999999997
0.4759599999999999
0.48429999999999984
0.4770800000000003
0.482
0.47696
0.4852
0.4759599999999999
0.48152000000000006
0.47980999999999996
0.48111999999999994
0.4813400000000002
0.4801200000000001
0.4789
0.48188
0.48068
0.48106999999999983
0.4769399999999998
0.48493
0.47667999999999977
0.48303000000000007
0.4779499999999999
0.4834200000000001
0.48022000000000004
0.48188000000000003
0.47950000000000015
0.4796000000000001
0.48074
0.47977
0.4801200000000002
0.4783099999999999
0.48349000000000003
0.47877000000000014
0.48223000000000005
0.4767099999999999
0.4833699999999999
0.47524
0.48490999999999995
0.47426
0.48429
0.47668000000000005
0.48305
0.4774999999999998
0.48349
0.47906999999999994
0.48214999999999997
0.47851999999999995
0.48300000000000026
0.4771299999999999
0.48153
0.4796099999999999
0.4804700000000001
0.47710999999999976
0.48319999999999985
0.4774199999999999
0.4830499999999999
0.4761600000000001
0.4841600000000002
0.47746999999999984
0.4825800000000002
0.47771000000000013
0.48229999999999973
0.47847000000000006
0.48179
0.4791999999999998
0.4831799999999998
0.48001999999999967
0.4805500000000001
0.4815299999999998
0.47861999999999993
0.48047999999999996
0.48225999999999986
0.4778799999999997
0.4821299999999998
0.47837
0.4828199999999998
0.4751000000000001
0.4837299999999999
0.4776699999999998
0.4831799999999999
0.47759999999999964
0.48430999999999996
0.47737000000000007
0.48176999999999987
0.4800999999999999
0.48059999999999997
0.47974000000000017
0.48297999999999985
0.47882
0.48170999999999997
0.47859000000000024
0.48201000000000005
0.4787200000000002
0.4819799999999999
0.47696999999999984
0.4821399999999999
0.47841000000000006
0.4831300000000002
0.4764400000000002
0.48484999999999995
0.47517000000000015
0.4851399999999999
0.4761300000000002
0.4853499999999997
0.47845999999999994
0.4792899999999999
0.47986000000000006
0.48107
0.47914999999999985
0.48382999999999987
0.4778800000000001
0.4837800000000001
0.47717000000000004
0.48272
0.4769000000000001
0.48266
0.47910000000000025
0.48122000000000015
0.47764
0.48245
0.47615999999999986
0.48339000000000004
0.48032999999999987
0.47973999999999994
0.4798900000000001
0.4835499999999998
0.4779499999999999
0.48187000000000013
0.4805000000000001
0.4791000000000003
0.4827199999999999
0.4785300000000002
0.47887000000000035
0.48117999999999994
0.48088000000000003
0.47851
0.48114999999999997
0.48065
0.47981999999999986
0.4800100000000002
0.4789599999999999
0.4790400000000002
0.48297999999999985
0.47910999999999987
0.4803999999999997
0.4801100000000001
0.48270999999999986
0.47867000000000004
0.4811399999999999
0.4809499999999998
0.4793099999999999
0.4816300000000002
0.47752999999999995
0.48179
0.47795000000000004
0.4804899999999998
0.48025
0.4797500000000002
0.4805999999999998
0.47917999999999994
0.4803799999999998
0.47836000000000006
0.48090000000000005
0.4812599999999999
0.47972999999999977
0.4811200000000001
0.48122
0.48063999999999973
0.47952999999999996
0.48140000000000016
0.4774500000000002
0.48107000000000005
0.48119999999999985
0.4803700000000001
0.4792800000000001
0.47979999999999967
0.4807899999999999
0.47798000000000007
0.4829900000000001
0.47922000000000026
0.48054999999999987
0.48046000000000005
0.47931999999999997
0.4792299999999998
0.48081
0.4784999999999999
0.48241999999999996
0.47892
0.48022
0.48078999999999994
0.48275
0.47592
0.48074
0.47798999999999986
0.48173999999999995
0.47928
0.4799200000000002
0.4823500000000002
0.4783599999999998
0.48176
0.47906999999999983
0.47973000000000043
0.48221
0.47967999999999983
0.4799799999999999
0.47964999999999997
0.47924
0.48158999999999985
0.4775799999999999
0.48109999999999997
0.47798999999999986
0.48292999999999986
0.47792999999999997
0.48167999999999994
0.47942000000000007
0.4796600000000001
0.47846000000000005
0.48257
0.47972000000000004
0.48200000000000004
0.47895
0.4830699999999997
0.47925000000000023
0.4823800000000002
0.47760999999999987
0.48181999999999997
0.48040000000000005
0.47948999999999975
0.48112999999999995
0.47977000000000025
0.48006000000000015
0.47931999999999997
0.48157000000000005
0.47981999999999986
0.4794000000000001
0.48180000000000006
0.4783499999999999
0.4831700000000004
0.4794699999999999
0.4824300000000001
0.47840999999999995
0.48169999999999996
0.4789899999999998
0.48233
0.4784099999999999
0.48163000000000006
0.47930000000000006
0.47901000000000016
0.48345
0.4785700000000003
0.4840899999999997
0.47603
0.48296
0.47594000000000003
0.4822599999999999
0.48018000000000016
0.4815700000000003
0.4799300000000002
0.4815099999999999
0.4806399999999998
0.4817900000000002
0.47972999999999993
0.4789699999999999
0.47905999999999993
0.48252
0.4777199999999997
0.48053999999999986
0.47973999999999983
0.48212999999999995
0.48002999999999985
0.48132999999999987
0.47904000000000013
0.4821599999999997
0.47695000000000043
0.4826699999999999
0.47956000000000004
0.4803800000000001
0.47984000000000004
0.4812699999999998
0.4800700000000002
0.4801300000000001
0.48056
0.4798700000000002
0.4822199999999999
0.47846000000000005
0.47984999999999983
0.48048999999999986
0.4819400000000001
0.4795000000000001
0.48162999999999995
0.4783000000000001
0.4796299999999998
0.48086
0.48058000000000006
0.4798599999999999
0.48240999999999995
0.4805600000000001
0.4800999999999999
0.48093999999999987
0.47838999999999976
0.4790899999999999
0.48313
0.4781199999999999
0.4806999999999999
0.48121
0.48046
0.48160000000000003
0.48028999999999994
0.48109999999999997
0.48046000000000005
0.47811
0.48344000000000004
0.4774499999999998
0.48058
0.4794700000000002
0.48200999999999977
0.47679999999999984
0.48371000000000003
0.47613
0.4814099999999998
0.47925999999999974
0.48189999999999983
0.47833000000000003
0.48166999999999993
0.48019000000000006
0.47993000000000025
0.48102000000000006
0.48016000000000014
0.48099000000000025
0.4811699999999999
0.48017999999999994
0.48071
0.47802999999999995
0.48184999999999995
0.48059000000000013
0.48044000000000003
0.4813999999999999
0.4809600000000001
0.47841
0.48040000000000005
0.4803599999999998
0.4779799999999998
0.48150000000000004
0.4829500000000002
0.47792
0.4795200000000001
0.48282
0.47842999999999997
0.48037999999999975
0.4783099999999998
0.48175999999999986
0.47869999999999974
0.48292
0.4766399999999999
0.4843499999999999
0.4773800000000002
0.4832699999999999
0.47831
0.4841599999999999
0.47646000000000016
0.4833999999999999
0.47494000000000014
0.4827599999999997
0.48056
0.48128
0.47815999999999986
0.48089000000000015
0.47965
0.48183000000000015
0.4786800000000001
0.4828099999999999
0.4788500000000001
0.48148999999999986
0.4749700000000001
0.4857600000000003
0.47632999999999986
0.4812100000000001
0.4802899999999998
0.4826399999999999
0.4758100000000004
0.4829500000000001
0.47853
0.48063
0.4776900000000004
0.48478000000000016
0.47753999999999996
0.48328000000000015
0.47937000000000035
0.48005000000000003
0.4813899999999998
0.47759
0.4827300000000001
0.47986999999999996
0.4796600000000001
0.47828999999999994
0.48187
0.48071999999999987
0.47886999999999985
0.4805099999999997
0.48030000000000006
0.48230999999999996
0.47848000000000007
0.4805499999999999
0.4812699999999996
0.4794000000000002
0.4793299999999998
0.4794599999999997
0.4817000000000001
0.4814099999999999
0.48113000000000006
0.4784200000000001
0.4816800000000002
0.4794500000000001
0.4806100000000001
0.47978999999999994
0.48385000000000006
0.47944
0.4794700000000001
0.4792099999999999
0.4802699999999999
0.48163000000000006
0.4799600000000002
0.4810200000000001
0.4783199999999998
0.48235999999999996
0.47742000000000007
0.48105
0.4780200000000002
0.4811200000000001
0.4803899999999998
0.4804499999999997
0.47992999999999997
0.48134999999999983
0.4801199999999997
0.47930000000000006
0.48085000000000006
0.4804499999999998
0.4818999999999999
0.47943000000000013
0.4795399999999999
0.4812799999999997
0.47956
0.48359000000000046
0.4778499999999999
0.4815499999999999
0.47924999999999995
0.48196999999999995
0.4795100000000004
0.47930999999999974
0.4792800000000001
0.4796700000000002
0.48044
0.4805099999999999
0.4812299999999999
0.48195
0.47736999999999985
0.48369999999999974
0.47780000000000017
0.47970999999999975
0.47909999999999997
0.4795
0.4814300000000001
0.4824900000000001
0.47819000000000017
0.48101000000000016
0.47945
0.4822200000000002
0.4791100000000001
0.48166999999999993
0.4804699999999999
0.4794500000000001
0.4798099999999998
0.48167000000000004
0.4772099999999999
0.48202
0.4789499999999999
0.48229
0.4794699999999999
0.48062999999999995
0.4807100000000002
0.48016000000000003
0.48273000000000027
0.4788599999999999
0.48189
0.47773000000000015
0.48112999999999995
0.47847999999999985
0.48467999999999994
0.47357000000000016
0.4841000000000001
0.4764799999999999
0.4851499999999998
0.4758299999999999
0.48548000000000013
0.4779900000000002
0.48395000000000005
0.47596999999999995
0.48458000000000007
0.47806
0.4813300000000001
0.47972999999999977
0.48158000000000034
0.48083
0.4800599999999999
0.47927999999999993
0.4793100000000001
0.4795800000000002
0.48040000000000005
0.4781800000000002
0.4801499999999999
0.48043999999999976
0.48141000000000017
0.47948999999999964
0.4781700000000001
0.48446999999999996
0.47569999999999996
0.4855
0.4763000000000001
0.4825000000000002
0.4779999999999999
0.48337999999999987
0.47922999999999993
0.48184999999999995
0.47853999999999997
0.47935
0.48051
0.47893
0.48061
0.48052000000000006
0.48156000000000015
0.48050999999999994
0.48073
0.4779399999999997
0.48347000000000023
0.47796
0.48435
0.4748899999999999
0.4852599999999999
0.4728000000000002
0.48676
0.47655000000000003
0.48458999999999997
0.47677000000000014
0.48400999999999983
0.4774899999999998
0.48361999999999983
0.47744
0.4842200000000001
0.4766200000000002
0.4819799999999999
0.47935
0.48072999999999994
0.47930999999999996
0.4821499999999999
0.47803999999999985
0.47982000000000014
0.4811800000000001
0.47967000000000004
0.47863
0.4800999999999999
0.47979999999999984
0.4816700000000001
0.4773200000000003
0.48299000000000014
0.47783000000000003
0.48056000000000004
0.4780199999999998
0.48275
0.47635
0.4841000000000002
0.4788499999999998
0.4826999999999999
0.47743
0.4811199999999998
0.47776000000000013
0.48400000000000015
0.47783999999999976
0.48297999999999985
0.47852999999999996
0.4822799999999997
0.4785099999999998
0.47936
0.47964999999999997
0.4792500000000001
0.4827699999999999
0.4796799999999998
0.47937999999999986
0.48003
0.4803500000000003
0.47906999999999983
0.48097999999999985
0.48192999999999997
0.47869999999999996
0.48161000000000004
0.4795900000000001
0.48043000000000013
0.4800999999999997
0.48044999999999993
0.48052999999999996
0.4808799999999999
0.48123000000000005
0.4771999999999998
0.4809799999999998
0.48030000000000017
0.48202999999999996
0.4793
0.48152000000000017
0.4781199999999999
0.4814900000000001
0.47853999999999997
0.4815300000000001
0.4786700000000001
0.4840999999999999
0.47717000000000004
0.48317999999999983
0.47745
0.4831399999999999
0.47772
0.4822299999999998
0.47655999999999993
0.48145999999999994
0.47958000000000006
0.4817699999999999
0.47972999999999993
0.47898
0.47879000000000005
0.47949
0.4837299999999999
0.47814000000000006
0.48173
0.4772399999999999
0.4836900000000001
0.47897000000000006
0.4807899999999997
0.4780799999999998
0.4796
0.4819499999999999
0.47969000000000006
0.48107999999999995
0.4817900000000001
0.47974000000000017
0.48063000000000017
0.47562
0.4822999999999999
0.47970000000000007
0.4826499999999998
0.47689
0.4830100000000001
0.47808000000000006
0.48467000000000005
0.4797199999999999
0.4806799999999999
0.4797199999999999
0.47974000000000017
0.48102000000000006
0.48009999999999997
0.48138999999999976
0.48120999999999997
0.47808
0.48110000000000014
0.4791000000000001
0.4823500000000001
0.4775300000000001
0.4815099999999998
0.4800500000000001
0.47949000000000025
0.4814299999999999
0.4778599999999999
0.48274999999999985
0.47739
0.4817100000000001
0.47906000000000015
0.4817000000000002
0.4797799999999999
0.48090000000000005
0.47865000000000024
0.48347000000000007
0.47855000000000003
0.48163999999999957
0.47956
0.48102000000000017
0.47845999999999983
0.4815399999999999
0.4798399999999999
0.4807999999999999
0.48070999999999997
0.48243000000000014
0.47971
0.48027999999999976
0.47933
0.4806499999999999
0.4818499999999999
0.4781200000000001
0.48175999999999997
0.4817200000000001
0.47928999999999994
0.47964000000000007
0.47973999999999983
0.47988
0.48166999999999993
0.4789699999999998
0.4827199999999999
0.47811
0.48262
0.4773800000000001
0.4830899999999999
0.47679000000000005
0.48540999999999995
0.4758199999999998
0.4843999999999999
0.47638
0.48432000000000003
0.47660000000000013
0.4848899999999999
0.47679000000000005
0.4823800000000002
0.47823
0.48187
0.48003
0.4800700000000001
0.4804800000000001
0.4787299999999999
0.47834000000000004
0.48187999999999986
0.47974999999999995
0.47903
0.48078000000000004
0.47998000000000013
0.4826499999999998
0.47705000000000025
0.47962000000000005
0.48114999999999997
0.4783200000000001
0.48280000000000006
0.48033000000000003
0.48078
0.48150000000000015
0.4796900000000003
0.48013000000000017
0.48045000000000015
0.47902000000000006
0.48144000000000003
0.47904999999999986
0.4814700000000001
0.4791099999999999
0.48038999999999993
0.47907000000000005
0.48130000000000017
0.48030000000000006
0.47923999999999983
0.4818499999999999
0.48008
0.47803999999999985
0.4818999999999996
0.4795900000000001
0.48164
0.4803199999999999
0.48058999999999996
0.47880999999999974
0.4805499999999999
0.4824199999999999
0.47641999999999995
0.48406999999999994
0.47614999999999996
0.48246999999999995
0.48064000000000007
0.48054
0.47858999999999996
0.48155000000000014
0.4798900000000001
0.48140000000000005
0.47787999999999997
0.4813999999999999
0.47816000000000003
0.48249
0.47837999999999975
0.4822300000000002
0.4778700000000001
0.48014
0.48113999999999985
0.47989000000000026
0.47967999999999983
0.4824299999999998
0.47867999999999994
0.47796999999999984
0.4816
0.4805499999999999
0.47919999999999985
0.48200000000000004
0.4784899999999998
0.4764299999999999
0.48439000000000015
0.4794899999999997
0.48071999999999976
