0.19999999999999962
0.38540000000000013
0.5350000000000001
0.5759999999999996
0.5990000000000001
0.5892000000000001
0.5981999999999998
0.5894000000000003
0.5925999999999998
0.5866
0.5913999999999998
0.5909999999999999
0.5963999999999998
0.6080000000000002
0.5962
0.6007999999999999
0.5818000000000002
0.5787999999999998
0.5965999999999998
0.5967999999999997
0.5925999999999999
0.5963999999999998
0.5903999999999998
0.5779999999999998
0.5971999999999997
0.5966000000000001
0.5863999999999998
0.5896000000000001
0.5883999999999999
0.5977999999999997
0.5935999999999998
0.5939999999999998
0.5969999999999999
0.5933999999999999
0.5942000000000001
0.5992000000000001
0.5920000000000001
0.5922000000000001
0.5881999999999998
0.5896
0.5877999999999997
0.5911999999999998
0.5963999999999999
0.5923999999999998
0.5821999999999999
0.5983999999999997
0.5883999999999996
0.5915999999999998
0.5992000000000001
0.5903999999999999
0.6004
0.5991999999999998
0.5938000000000001
0.5891999999999998
0.5883999999999999
0.5922
0.5903999999999999
0.5925999999999999
0.5765999999999998
0.5966
0.5839999999999999
0.5851999999999997
0.5832
0.5945999999999998
0.5879999999999999
0.606
0.5884000000000001
0.5963999999999996
0.5936
0.5864
0.5744000000000002
0.5979999999999998
0.5864
0.5922000000000001
0.6001999999999998
0.5883999999999999
0.5897999999999999
0.5985999999999995
0.5945999999999999
0.5955999999999999
0.5974
0.6015999999999997
0.5885999999999997
0.5895999999999999
0.5925999999999998
0.602
0.5959999999999998
0.5871999999999999
0.5871999999999998
0.5909999999999999
0.5936000000000001
0.5714000000000001
0.5937999999999998
0.5913999999999998
0.612
0.5861999999999999
0.5859999999999996
0.5974
0.5851999999999999
0.5910000000000001
0.5917999999999995
0.5925999999999998
0.5905999999999999
0.5816
0.5939999999999999
0.5882000000000001
0.5805999999999998
0.5965999999999998
0.5886
0.5885999999999999
0.6057999999999995
0.5949999999999995
0.5855999999999998
0.5896
0.5807999999999999
0.5766
0.5895999999999999
0.5903999999999998
0.5855999999999998
0.5897999999999999
0.5927999999999999
0.5794
0.5939999999999998
0.5892000000000002
0.5838
0.5845999999999999
0.5955999999999999
0.5979999999999999
0.6024
0.5984
0.5943999999999999
0.5934
0.5919999999999999
0.59
0.5800000000000001
0.5859999999999996
0.6004
0.5955999999999996
0.5902000000000001
0.5973999999999997
0.5795999999999999
0.5913999999999997
0.6039999999999999
0.5908000000000002
0.589
0.5841999999999998
0.6005999999999999
0.6061999999999999
0.5985999999999999
0.5946000000000001
0.5893999999999999
0.5932
0.5877999999999997
0.589
0.5831999999999999
0.6081999999999994
0.5939999999999999
0.6015999999999996
0.6085999999999998
0.5886
0.5988000000000001
0.5875999999999997
0.5947999999999997
0.5960000000000002
0.5877999999999997
0.5875999999999999
0.5952000000000002
0.5901999999999997
0.6066
0.5943999999999999
0.5963999999999998
0.5891999999999997
0.5901999999999998
0.5916
0.5962000000000001
0.5984000000000005
0.5880000000000001
0.5939999999999999
0.5927999999999997
0.5979999999999999
0.5852
0.5942
0.5999999999999998
0.6012000000000001
0.5953999999999999
0.5971999999999998
0.5873999999999998
0.5994000000000002
0.6065999999999998
0.5943999999999998
0.5978000000000001
0.595
0.5961999999999998
0.5938
0.5906000000000001
0.5797999999999999
0.5947999999999997
0.5905999999999999
0.5943999999999998
0.5782
0.5975999999999998
0.5899999999999997
0.5875999999999998
0.5907999999999999
0.5989999999999999
0.5778
0.5795999999999999
0.5818000000000001
0.5952
0.5996
0.5829999999999999
0.5896000000000001
0.5995999999999999
0.5906000000000001
0.5962
0.5796000000000001
0.5955999999999996
0.5819999999999999
0.591
0.5824000000000001
0.5878
0.5977999999999999
0.5965999999999999
0.5982
0.5936
0.5903999999999999
0.5983999999999997
0.5947999999999997
0.5882
0.5956
0.5865999999999999
0.58
0.5875999999999997
0.5861999999999998
0.5871999999999999
0.6104
0.5900000000000002
0.5950000000000002
0.5941999999999998
0.5893999999999997
0.5935999999999999
0.6074
0.5919999999999997
0.5989999999999999
0.5892000000000001
0.5855999999999997
0.5947999999999997
0.5895999999999999
0.5768
0.6055999999999997
0.5919999999999997
0.5952000000000001
0.6008
0.5859999999999999
0.5861999999999999
0.5945999999999999
0.5870000000000002
0.5998
0.5925999999999998
0.5982
0.5985999999999997
0.5857999999999999
0.5916
0.5944
0.5823999999999999
0.5975999999999998
0.5879999999999999
0.5976
0.5837999999999998
0.6029999999999999
0.5873999999999998
0.5881999999999998
0.5963999999999998
0.6029999999999998
0.5891999999999997
0.6093999999999999
0.5909999999999999
0.5919999999999999
0.5874
0.6017999999999999
0.5982
0.6035999999999995
0.6005999999999997
0.6007999999999998
0.6073999999999999
0.6077999999999999
0.5946000000000002
0.5993999999999999
0.5862000000000002
0.5915999999999997
0.5981999999999997
0.5941999999999996
0.5951999999999998
0.6018
0.5909999999999996
0.5954000000000003
0.6085999999999999
0.5971999999999998
0.5962
0.5892000000000001
0.5901999999999997
0.5998000000000002
0.607
0.5981999999999998
0.5922
0.5927999999999999
0.599
0.585
0.5911999999999997
0.5979999999999998
0.5847999999999999
0.5974
0.5928
0.5926000000000001
0.6011999999999997
0.5829999999999997
0.5785999999999999
0.5919999999999999
0.5793999999999998
0.5827999999999999
0.5961999999999997
0.596
0.5892000000000001
0.5975999999999999
0.5942000000000001
0.5837999999999999
0.5889999999999999
0.5937999999999998
0.6
0.5807999999999996
0.5839999999999997
0.5895999999999997
0.5809999999999998
0.5912
0.5946000000000001
0.5866000000000002
0.6042000000000001
0.5976
0.6072
0.6113999999999996
0.5936
0.5907999999999997
0.5858
0.5933999999999999
0.5893999999999998
0.5939999999999998
0.598
0.5975999999999997
0.5807999999999999
0.586
0.6027999999999999
0.5895999999999998
0.5820000000000001
0.5947999999999998
0.5889999999999999
0.5817999999999998
0.5935999999999999
0.5819999999999995
0.5833999999999998
0.5925999999999997
0.5916
0.5849999999999997
0.6083999999999997
0.5956000000000001
0.5839999999999999
0.5971999999999997
0.5928000000000001
0.5908
0.5931999999999997
0.5973999999999999
0.5829999999999999
0.5935999999999997
0.5867999999999999
0.6073999999999999
0.5897999999999999
0.5977999999999998
0.5907999999999999
0.5958000000000001
0.5883999999999997
0.5851999999999998
0.5863999999999999
0.5953999999999998
0.5912
0.6036
0.5977999999999998
0.5821999999999998
0.5929999999999999
0.5939999999999998
0.5847999999999999
0.5836
0.593
0.5897999999999998
0.5950000000000003
0.5943999999999998
0.5790000000000001
0.5875999999999998
0.5923999999999999
0.5905999999999999
0.6004
0.5877999999999999
0.5871999999999997
0.5941999999999998
0.5999999999999999
0.5904
0.5941999999999996
0.5878
0.5871999999999997
0.5973999999999997
0.5929999999999997
0.5929999999999999
0.5896000000000001
0.5967999999999998
0.5876000000000002
0.5943999999999999
0.5921999999999997
0.5845999999999999
0.5948
0.5849999999999997
0.5883999999999997
0.5965999999999998
0.5853999999999998
0.5783999999999998
0.5741999999999997
0.5997999999999998
0.5874000000000003
0.5985999999999999
0.5927999999999998
0.5927999999999998
0.5857999999999999
0.5988
0.5875999999999998
0.5983999999999999
0.5927999999999999
0.592
0.5831999999999999
0.5977999999999994
0.5974000000000002
0.5985999999999998
0.5947999999999999
0.5883999999999999
0.5873999999999998
0.5803999999999998
0.5834000000000001
0.588
0.588
0.5843999999999999
0.5975999999999998
0.5851999999999997
0.6005999999999997
0.5933999999999997
0.6001999999999998
0.5905999999999998
0.5913999999999998
0.5919999999999997
0.5905999999999998
0.5895999999999997
0.5961999999999997
0.5938000000000002
0.5975999999999996
0.5997999999999998
0.6081999999999999
0.5988000000000001
0.5916000000000001
0.6002000000000001
0.5975999999999998
0.5971999999999998
0.5954
0.5954
0.5803999999999998
0.5888
0.6001999999999998
0.5980000000000002
0.6107999999999998
0.5853999999999998
0.5875999999999999
0.595
0.59
0.5871999999999999
0.5821999999999998
0.5837999999999998
0.5919999999999999
0.5892
0.5923999999999998
0.5907999999999999
0.5819999999999996
0.5856000000000002
0.5885999999999999
0.5884000000000001
0.5881999999999998
0.6045999999999998
0.5912
0.5922
0.5819999999999999
0.5965999999999999
0.5897999999999999
0.5895999999999997
0.5989999999999998
0.5814000000000001
0.5912
0.5941999999999997
0.5851999999999999
0.5907999999999998
0.5779999999999995
0.6001999999999998
0.5897999999999999
0.5955999999999997
0.5962000000000001
0.5955999999999999
0.591
0.5997999999999999
0.5875999999999998
0.5882
0.5939999999999999
0.5993999999999999
0.5932
0.5968000000000001
0.5817999999999999
0.5956000000000002
0.5831999999999999
0.5861999999999997
0.5955999999999999
0.5773999999999999
0.5825999999999997
0.6023999999999996
0.5927999999999998
0.6006000000000001
0.5903999999999998
0.5991999999999998
0.5943999999999999
0.5894
0.5893999999999998
0.5801999999999999
0.5813999999999998
0.5844000000000001
0.5883999999999999
0.5912
0.5802
0.5867999999999998
0.5926
0.5905999999999998
0.5966
0.5834
0.5976
0.6001999999999998
0.5891999999999998
0.5966
0.586
0.5972
0.5949999999999999
0.5978000000000001
0.5991999999999998
0.5923999999999999
0.5827999999999999
0.5901999999999998
0.5917999999999998
0.5827999999999998
0.5821999999999997
0.6011999999999995
0.5825999999999998
0.5975999999999995
0.5866
0.5994
0.6012
0.5897999999999999
0.5943999999999998
0.6001999999999998
0.6
0.5953999999999998
0.6141999999999999
0.5969999999999998
0.5932
0.5997999999999998
0.5924
0.5841999999999998
0.5808
0.5892000000000002
0.5886
0.5925999999999999
0.5958
0.5943999999999998
0.5821999999999999
0.5893999999999998
0.5892
0.5975999999999998
0.5947999999999998
0.5923999999999998
0.5803999999999998
0.5889999999999997
0.6007999999999997
0.5959999999999999
0.5953999999999998
0.5975999999999998
0.5967999999999999
0.5910000000000001
0.5999999999999998
0.5953999999999998
0.5959999999999999
0.5822000000000002
0.5951999999999998
0.5976
0.5856
0.5937999999999998
0.5979999999999998
0.6055999999999997
0.6057999999999997
0.5957999999999996
0.5964000000000003
0.6007999999999998
0.585
0.5938
0.592
0.5995999999999997
0.584
0.5954
0.5845999999999999
0.5846000000000001
0.5967999999999999
0.6025999999999998
0.5900000000000002
0.5941999999999996
0.5923999999999999
0.5981999999999998
0.5899999999999995
0.6095999999999999
0.5795999999999998
0.5892
0.5861999999999998
0.5955999999999998
0.5928
0.6084
0.5941999999999998
0.5874000000000001
0.5892000000000001
0.5829999999999997
0.5925999999999998
0.5911999999999997
0.5837999999999998
0.5904
0.5912
0.5855999999999999
0.5972000000000001
0.5925999999999998
0.59
0.5999999999999998
0.5883999999999998
0.5908
0.6119999999999998
0.5799999999999997
0.5862
0.5912
0.5954
0.5986000000000001
0.5841999999999998
0.5897999999999998
0.59
0.5918
0.5893999999999997
0.5893999999999998
0.5847999999999995
0.6016
0.5964000000000002
0.5877999999999998
0.5857999999999998
0.5926
0.5954000000000002
0.5916
0.5981999999999998
0.6008000000000001
0.5949999999999999
0.5951999999999998
0.5971999999999998
0.6
0.5967999999999999
0.5971999999999997
0.5907999999999999
0.6045999999999997
0.6032
0.5930000000000002
0.5993999999999996
0.5902000000000001
0.6043999999999999
0.6084
0.5991999999999998
0.5889999999999995
0.5925999999999998
0.5976
0.6017999999999998
0.5941999999999996
0.5844
0.5894
0.6003999999999996
0.5919999999999997
0.5755999999999997
0.5847999999999998
0.5874000000000001
0.5831999999999998
0.5912
0.5923999999999997
0.5977999999999997
0.6043999999999997
0.5847999999999999
0.5975999999999998
0.5843999999999998
0.5942
0.5968
0.5865999999999998
0.5955999999999999
0.5983999999999998
0.6019999999999999
0.5913999999999998
0.5929999999999999
0.5769999999999998
0.5953999999999999
0.5941999999999997
0.6009999999999996
0.5976
0.5938
0.6050000000000001
0.5893999999999998
0.5985999999999998
0.5914
0.5977999999999999
0.5987999999999998
0.5878000000000001
0.5892000000000001
0.5937999999999999
0.5853999999999999
0.6030000000000002
0.5967999999999999
0.5934
0.5965999999999998
0.5882000000000002
0.5972
0.6069999999999998
0.5972000000000002
0.5891999999999998
0.5871999999999998
0.6066000000000001
0.6073999999999998
0.5904
0.5849999999999997
0.5819999999999997
0.595
0.5776
0.5871999999999996
0.6025999999999999
0.5893999999999998
0.5855999999999997
0.6014
0.5946
0.5953999999999997
0.5871999999999999
0.5889999999999997
0.6025999999999998
0.5957999999999998
0.5829999999999997
0.5951999999999998
0.5946
0.5987999999999997
0.6025999999999999
0.5896
0.6
0.5892000000000001
0.6055999999999996
0.5966
0.5863999999999998
0.5983999999999998
0.5899999999999997
0.596
0.6031999999999997
0.5945999999999997
0.5895999999999997
0.5993999999999997
0.5942
0.5980000000000001
0.5866
0.5937999999999998
0.5937999999999997
0.5839999999999999
0.595
0.5975999999999997
0.6035999999999997
0.5944000000000002
0.5903999999999998
0.5941999999999998
0.5995999999999999
0.5832
0.5955999999999998
0.5961999999999997
0.5927999999999999
0.5970000000000002
0.5878
0.5922
0.5939999999999999
0.5878
0.5985999999999997
0.5844
0.5887999999999998
0.5832
0.5913999999999999
0.5891999999999998
0.5878
0.5945999999999997
0.591
0.5981999999999998
0.5932
0.5945999999999996
0.6045999999999999
0.5921999999999997
0.5892
0.5852
0.5973999999999999
0.5849999999999996
0.5918
0.5874000000000001
0.5920000000000001
0.5985999999999999
0.5903999999999998
0.5908
0.6062000000000001
0.5853999999999999
0.5891999999999997
0.5895999999999997
0.6017999999999997
0.5873999999999998
0.5965999999999999
0.5985999999999998
0.5892
0.5943999999999999
0.596
0.591
0.5855999999999998
0.5878000000000001
0.5836
0.6049999999999995
0.5913999999999997
0.5995999999999998
0.5992000000000001
0.5916000000000003
0.5857999999999999
0.5881999999999998
0.6013999999999999
0.5971999999999997
0.5933999999999999
0.578
0.5991999999999998
0.5908000000000002
0.5979999999999999
0.5973999999999999
0.5760000000000001
0.6004000000000002
0.5884
0.5851999999999999
0.5877999999999998
0.5991999999999998
0.6057999999999998
0.5934
0.5907999999999999
0.5897999999999998
0.5942000000000001
0.5948000000000001
0.5889999999999997
0.5881999999999998
0.5897999999999998
0.5997999999999997
0.5905999999999998
0.6014
0.5912
0.5976
0.5913999999999997
0.6025999999999999
0.5929999999999997
0.5905999999999998
0.6007999999999997
0.5833999999999998
0.5885999999999996
0.5967999999999996
0.5997999999999998
0.5857999999999999
0.5873999999999998
0.5907999999999995
0.5875999999999997
0.5959999999999999
0.5992
0.5879999999999999
0.5861999999999999
0.5956000000000001
0.5879999999999999
0.5997999999999999
0.6003999999999999
0.6007999999999999
0.5983999999999997
0.5910000000000002
0.5932
0.587
0.5834000000000001
0.5922000000000001
0.6019999999999999
0.5823999999999998
0.5847999999999997
0.6
0.6005999999999997
0.5959999999999998
0.5883999999999998
0.5894
0.6038
0.5965999999999999
0.5895999999999999
0.5851999999999999
0.5949999999999998
0.6012000000000001
0.5999999999999999
0.5791999999999999
0.5913999999999999
0.5865999999999998
0.5868000000000001
0.5885999999999999
0.6024
0.6015999999999999
0.6017999999999999
0.5907999999999999
0.5932000000000002
0.5947999999999997
0.588
0.5824
0.5945999999999999
0.5932
0.6035999999999998
0.5891999999999997
0.5871999999999996
0.5898
0.5988
0.6035999999999999
0.5893999999999999
0.6057999999999999
0.5892
0.5920000000000001
0.5833999999999999
0.5884000000000001
0.5917999999999999
0.5881999999999998
0.5957999999999997
0.5942000000000002
0.6017999999999998
0.5866
0.5873999999999999
0.587
0.5983999999999999
0.5860000000000002
0.6005999999999999
0.5893999999999998
0.5966
0.5925999999999999
0.5969999999999998
0.5817999999999998
0.5818000000000001
0.5998
0.5787999999999996
0.5941999999999998
0.5905999999999998
0.5951999999999998
0.6061999999999999
0.5953999999999999
0.5848
0.5925999999999998
0.5912000000000002
0.5837999999999999
0.5799999999999998
0.5963999999999999
0.5889999999999997
0.5899999999999999
0.5925999999999997
0.5949999999999999
0.6001999999999998
0.5945999999999999
0.5969999999999999
0.5923999999999999
0.5829999999999999
0.5988
0.5793999999999997
0.5857999999999998
0.5949999999999996
0.5944
0.5968000000000001
0.5889999999999996
0.5870000000000001
0.5848
0.5960000000000003
0.5847999999999999
0.6021999999999997
0.5867999999999999
0.6013999999999998
0.5830000000000002
0.5875999999999998
0.5894000000000001
0.5907999999999999
0.5954
0.5911999999999998
0.6003999999999997
0.5922
