0.19999999999999962
0.5394000000000001
0.6693999999999999
0.6419999999999999
0.6497999999999996
0.6489999999999999
0.6574000000000001
0.6459999999999997
0.6493999999999999
0.654
0.6489999999999998
0.6521999999999997
0.6469999999999999
0.6491999999999999
0.6557999999999998
0.6513999999999998
0.6550000000000001
0.6459999999999997
0.6615999999999996
0.65
0.6485999999999997
0.6543999999999995
0.6496
0.6549999999999996
0.6531999999999997
0.6471999999999999
0.6637999999999998
0.6499999999999999
0.6435999999999996
0.6479999999999997
0.6419999999999998
0.6487999999999999
0.6568
0.6487999999999998
0.6479999999999998
0.6619999999999996
0.6503999999999998
0.6483999999999998
0.6571999999999995
0.6398000000000001
0.6565999999999996
0.6518
0.6491999999999999
0.6585999999999995
0.6417999999999999
0.6511999999999999
0.6444
0.6548
0.6467999999999998
0.6446
0.6461999999999998
0.6555999999999998
0.6515999999999997
0.6508000000000002
0.6557999999999997
0.6496000000000001
0.6571999999999999
0.6515999999999997
0.6529999999999996
0.643
0.6452
0.6568
0.6693999999999997
0.649
0.6591999999999998
0.6502
0.652
0.6435999999999998
0.6544
0.6537999999999997
0.6519999999999999
0.6521999999999997
0.6509999999999998
0.6541999999999999
0.6446
0.6615999999999995
0.6427999999999997
0.6563999999999999
0.6467999999999999
0.6499999999999997
0.6498000000000004
0.6439999999999998
0.6621999999999996
0.6473999999999998
0.6489999999999996
0.6525999999999997
0.6416
0.6683999999999998
0.6455999999999997
0.6439999999999995
0.6616
0.6416
0.6603999999999999
0.6381999999999998
0.6531999999999999
0.6576
0.6468
0.6505999999999998
0.6441999999999998
0.6587999999999995
0.6443999999999999
0.6479999999999998
0.6633999999999999
0.6564
0.6471999999999999
0.6520000000000001
0.6573999999999998
0.6512
0.6534
0.6524
0.6421999999999999
0.6485999999999998
0.6417999999999998
0.6518
0.6556000000000002
0.6557999999999997
0.6541999999999999
0.6469999999999999
0.6531999999999999
0.6635999999999995
0.6551999999999998
0.6375999999999997
0.6625999999999997
0.6541999999999999
0.652
0.6483999999999999
0.6427999999999996
0.6609999999999999
0.6425999999999997
0.6459999999999999
0.6528
0.6511999999999999
0.6605999999999999
0.6543999999999995
0.6459999999999998
0.6589999999999999
0.6345999999999996
0.6574
0.6476
0.6559999999999995
0.6496000000000001
0.6551999999999998
0.6525999999999996
0.6397999999999997
0.6543999999999999
0.6501999999999997
0.6505999999999996
0.6481999999999999
0.6595999999999996
0.6588
0.6503999999999999
0.6574
0.6393999999999997
0.6433999999999996
0.6510000000000002
0.6595999999999997
0.6474
0.6557999999999998
0.6525999999999996
0.6678000000000002
0.6432000000000001
0.6622
0.6297999999999998
0.6543999999999996
0.6415999999999995
0.6561999999999999
0.6535999999999998
0.6446
0.6489999999999998
0.6447999999999999
0.6407999999999998
0.6552000000000001
0.6442
0.6573999999999998
0.6491999999999999
0.6565999999999996
0.6443999999999999
0.6602
0.6393999999999997
0.6529999999999997
0.6439999999999997
0.6603999999999998
0.642
0.6565999999999999
0.6519999999999999
0.6617999999999996
0.6511999999999999
0.652
0.6543999999999999
0.6527999999999998
0.6451999999999997
0.6529999999999997
0.6443999999999999
0.6493999999999999
0.6417999999999999
0.654
0.6555999999999997
0.6526
0.6505999999999997
0.6493999999999999
0.6551999999999998
0.6393999999999996
0.6536000000000002
0.6505999999999998
0.6487999999999997
0.6449999999999996
0.6582000000000002
0.6524
0.6573999999999998
0.6551999999999998
0.6623999999999998
0.6335999999999997
0.6507999999999996
0.6519999999999997
0.6486
0.6562
0.6451999999999997
0.6615999999999996
0.6509999999999998
0.6429999999999997
0.6546
0.6495999999999998
0.6581999999999999
0.6425999999999997
0.6477999999999998
0.6697999999999996
0.6457999999999996
0.6524
0.6503999999999999
0.6511999999999994
0.6552000000000001
0.6331999999999998
0.6527999999999998
0.6553999999999998
0.6530000000000001
0.657
0.6524
0.6447999999999995
0.6496000000000001
0.6501999999999996
0.6359999999999997
0.6543999999999999
0.6547999999999999
0.6522000000000001
0.6587999999999999
0.6415999999999998
0.6389999999999998
0.6467999999999999
0.6487999999999999
0.6577999999999997
0.6507999999999998
0.6476000000000003
0.6537999999999997
0.6415999999999998
0.6493999999999996
0.6513999999999998
0.6526000000000001
0.6391999999999998
0.6596000000000001
0.6449999999999999
0.6373999999999999
0.6546
0.6393999999999997
0.6449999999999999
0.6574000000000001
0.6532000000000001
0.6557999999999997
0.6507999999999998
0.6522
0.6551999999999998
0.6401999999999998
0.6585999999999999
0.6483999999999999
0.6487999999999999
0.6551999999999997
0.6441999999999999
0.6489999999999998
0.6573999999999997
0.6513999999999999
0.6502000000000001
0.6463999999999998
0.6574000000000001
0.6509999999999997
0.6592
0.6433999999999997
0.6585999999999999
0.6460000000000001
0.6593999999999999
0.6539999999999999
0.6531999999999999
0.6511999999999997
0.6413999999999995
0.6565999999999996
0.6427999999999997
0.6440000000000002
0.6481999999999999
0.6543999999999999
0.6515999999999997
0.6363999999999997
0.6643999999999997
0.6509999999999998
0.6457999999999999
0.6465999999999994
0.6554000000000001
0.6628000000000001
0.6393999999999999
0.6581999999999997
0.6503999999999998
0.6353999999999997
0.657
0.6517999999999999
0.6389999999999998
0.6457999999999998
0.6584
0.6479999999999997
0.6525999999999997
0.6385999999999998
0.6535999999999998
0.65
0.6471999999999999
0.6643999999999997
0.6389999999999998
0.6677999999999997
0.6459999999999997
0.6592
0.6496
0.6483999999999996
0.6471999999999999
0.6481999999999997
0.6533999999999996
0.6455999999999997
0.6475999999999997
0.6507999999999998
0.6515999999999995
0.6535999999999997
0.6539999999999999
0.6483999999999996
0.6523999999999998
0.6546000000000001
0.6518000000000002
0.6433999999999999
0.6552
0.6546
0.6431999999999998
0.6483999999999999
0.6511999999999999
0.6503999999999999
0.6457999999999996
0.6567999999999999
0.654
0.6489999999999998
0.6583999999999999
0.6644000000000004
0.6463999999999998
0.6467999999999999
0.649
0.6407999999999998
0.6569999999999997
0.6449999999999999
0.6564
0.6429999999999998
0.6526
0.6504000000000002
0.6485999999999998
0.6581999999999999
0.6492
0.6531999999999998
0.6571999999999999
0.6519999999999999
0.6571999999999999
0.6616
0.6505999999999996
0.6589999999999996
0.6552000000000001
0.6431999999999998
0.6499999999999999
0.6481999999999998
0.6411999999999998
0.6501999999999994
0.6499999999999999
0.6483999999999996
0.6577999999999997
0.6503999999999998
0.6681999999999997
0.6389999999999999
0.6603999999999998
0.6505999999999997
0.6497999999999997
0.6543999999999996
0.6513999999999995
0.6592
0.6497999999999999
0.6479999999999998
0.6523999999999998
0.6553999999999999
0.6550000000000001
0.6521999999999999
0.6530000000000001
0.6551999999999997
0.6509999999999997
0.6561999999999999
0.6495999999999998
0.6683999999999998
0.6333999999999997
0.6567999999999999
0.6505999999999997
0.6424000000000001
0.6559999999999997
0.6444000000000001
0.6583999999999998
0.652
0.6456000000000001
0.6515999999999998
0.6419999999999996
0.6565999999999996
0.6454
0.6515999999999997
0.6567999999999998
0.6549999999999997
0.6527999999999998
0.6515999999999997
0.6521999999999997
0.6393999999999999
0.6563999999999998
0.6455999999999996
0.653
0.6476
0.6517999999999998
0.6515999999999995
0.6548
0.6477999999999997
0.6533999999999999
0.6620000000000001
0.6465999999999998
0.6546
0.6510000000000001
0.6559999999999999
0.6526000000000001
0.6561999999999999
0.6519999999999999
0.6539999999999999
0.6566
0.6587999999999999
0.6477999999999996
0.6509999999999999
0.6581999999999999
0.6483999999999998
0.6563999999999998
0.6623999999999997
0.6468
0.6480000000000001
0.6471999999999997
0.6603999999999998
0.6449999999999996
0.6453999999999996
0.6537999999999997
0.6379999999999998
0.649
0.6516
0.6401999999999998
0.6469999999999998
0.6631999999999998
0.6472000000000001
0.65
0.6499999999999999
0.6409999999999998
0.6547999999999997
0.6481999999999997
0.6501999999999997
0.6411999999999998
0.6582000000000001
0.6427999999999998
0.6476
0.6446000000000001
0.6459999999999998
0.6539999999999999
0.6467999999999999
0.6441999999999998
0.6552
0.6527999999999997
0.6525999999999996
0.6439999999999995
0.6575999999999997
0.6561999999999999
0.6437999999999998
0.6467999999999998
0.6475999999999997
0.6463999999999999
0.6463999999999999
0.6503999999999996
0.6514
0.6453999999999998
0.6507999999999997
0.6544
0.6499999999999999
0.659
0.648
0.6449999999999999
0.6557999999999997
0.6429999999999998
0.6471999999999999
0.6487999999999997
0.6523999999999998
0.6489999999999999
0.6487999999999997
0.6607999999999997
0.6513999999999998
0.6559999999999999
0.6595999999999997
0.6485999999999997
0.6609999999999998
0.6419999999999996
0.6509999999999997
0.6433999999999999
0.6539999999999999
0.6441999999999998
0.6575999999999997
0.6472
0.6587999999999998
0.6537999999999997
0.6613999999999999
0.6451999999999996
0.6498
0.6537999999999999
0.6485999999999996
0.6571999999999997
0.6546
0.6556000000000001
0.6469999999999998
0.6515999999999998
0.6491999999999998
0.6596
0.6445999999999998
0.6527999999999998
0.6609999999999997
0.6469999999999999
0.6581999999999999
0.6472000000000001
0.6596000000000001
0.6367999999999997
0.6501999999999998
0.6509999999999998
0.6597999999999999
0.6507999999999998
0.6539999999999999
0.6577999999999998
0.6447999999999997
0.6463999999999999
0.6589999999999998
0.6451999999999998
0.6581999999999999
0.6527999999999997
0.6612
0.6552
0.6487999999999999
0.6519999999999997
0.6573999999999997
0.6642
0.6472000000000001
0.6597999999999997
0.6505999999999997
0.6439999999999999
0.6467999999999998
0.665
0.6441999999999998
0.6507999999999996
0.6521999999999997
0.6489999999999996
0.6534000000000002
0.6535999999999998
0.6491999999999999
0.6522
0.6527999999999996
0.6439999999999999
0.6565999999999999
0.6443999999999999
0.6563999999999999
0.6449999999999999
0.6544000000000001
0.6655999999999997
0.6397999999999996
0.6666000000000001
0.6536000000000002
0.6447999999999996
0.6539999999999999
0.6467999999999998
0.6507999999999999
0.6409999999999999
0.6461999999999998
0.6539999999999998
0.6489999999999999
0.6505999999999998
0.6569999999999999
0.6483999999999998
0.6499999999999997
0.6545999999999998
0.6471999999999997
0.6495999999999998
0.6548
0.6427999999999998
0.6575999999999997
0.6499999999999999
0.6580000000000001
0.6479999999999998
0.6586
0.6527999999999997
0.6474
0.6531999999999999
0.6519999999999997
0.6517999999999998
0.6552
0.6565999999999996
0.6478000000000002
0.6528
0.6494000000000001
0.6605999999999999
0.6433999999999997
0.6581999999999999
0.6481999999999999
0.6595999999999997
0.6451999999999994
0.6499999999999996
0.6410000000000001
0.6502
0.6459999999999997
0.6587999999999999
0.6463999999999998
0.6429999999999997
0.6609999999999999
0.6469999999999998
0.6530000000000001
0.6565999999999999
0.6321999999999999
0.6545999999999998
0.6437999999999999
0.6541999999999996
0.6451999999999996
0.6565999999999999
0.6519999999999996
0.66
0.6544000000000001
0.6441999999999998
0.6477999999999997
0.6524
0.6524000000000001
0.6525999999999996
0.6474
0.6481999999999997
0.6521999999999999
0.6574
0.6465999999999998
0.6505999999999998
0.6553999999999998
0.6455999999999996
0.6617999999999999
0.6487999999999999
0.6451999999999998
0.6515999999999997
0.6487999999999998
0.6511999999999999
0.659
0.6454
0.6523999999999995
0.6559999999999999
0.6544000000000001
0.6503999999999998
0.6545999999999998
0.6337999999999997
0.6557999999999997
0.6429999999999997
0.6533999999999999
0.6591999999999999
0.634
0.6525999999999997
0.6453999999999998
0.6523999999999998
0.6509999999999998
0.6589999999999994
0.6502
0.6507999999999998
0.6444000000000001
0.6509999999999995
0.6503999999999995
0.6481999999999997
0.6497999999999999
0.6493999999999996
0.6525999999999997
0.6565999999999996
0.6511999999999999
0.6582000000000002
0.6571999999999999
0.6367999999999999
0.6525999999999996
0.6507999999999997
0.6466000000000001
0.642
0.6549999999999998
0.6474
0.6389999999999997
0.6497999999999997
0.6519999999999996
0.6505999999999997
0.6462
0.6529999999999997
0.6541999999999998
0.6438000000000001
0.6555999999999997
0.647
0.6381999999999995
0.6583999999999998
0.6439999999999998
0.6503999999999999
0.6471999999999999
0.6559999999999995
0.6429999999999997
0.6623999999999998
0.6428
0.6491999999999998
0.6435999999999998
0.6513999999999998
0.6512000000000002
0.6539999999999998
0.6567999999999998
0.6451999999999998
0.6493999999999996
0.6513999999999998
0.6371999999999999
0.6607999999999998
0.6381999999999999
0.6553999999999999
0.6527999999999996
0.6519999999999997
0.6481999999999998
0.6431999999999999
0.6559999999999997
0.6398000000000003
0.6602000000000001
0.648
0.6446000000000001
0.6509999999999997
0.6546
0.6481999999999999
0.6609999999999998
0.6535999999999995
0.6475999999999997
0.6559999999999997
0.6488
0.6467999999999999
0.6547999999999997
0.6531999999999998
0.6509999999999997
0.6455999999999997
0.6511999999999999
0.6621999999999997
0.6422
0.6539999999999999
0.6486000000000003
0.6446000000000001
0.6567999999999996
0.6427999999999997
0.6663999999999999
0.637
0.6613999999999999
0.6537999999999997
0.65
0.6565999999999999
0.6477999999999997
0.6578000000000002
0.6462
0.6607999999999997
0.6472
0.6571999999999997
0.6526
0.6549999999999998
0.6470000000000001
0.6481999999999997
0.6506000000000002
0.655
0.6532000000000002
0.6497999999999997
0.6537999999999999
0.6441999999999998
0.6469999999999995
0.6578
0.6556000000000001
0.6589999999999999
0.6605999999999999
0.6511999999999997
0.6578000000000002
0.6497999999999997
0.6507999999999998
0.6519999999999999
0.6571999999999997
0.6486
0.6495999999999998
0.6421999999999999
0.6485999999999998
0.6469999999999998
0.6519999999999997
0.6461999999999998
0.6545999999999998
0.6429999999999998
0.6547999999999997
0.6597999999999996
0.6429999999999998
0.6529999999999998
0.6462
0.6454
0.6531999999999997
0.6461999999999999
0.6695999999999998
0.6461999999999998
0.6497999999999999
0.6592
0.6481999999999999
0.6492
0.6507999999999999
0.6531999999999998
0.6553999999999996
0.6521999999999999
0.6571999999999997
0.6645999999999995
0.6459999999999998
0.6601999999999998
0.6489999999999998
0.6559999999999999
0.6552
0.6587999999999997
0.6441999999999999
0.6454
0.6544
0.6399999999999996
0.6485999999999998
0.6503999999999999
0.6509999999999997
0.6475999999999997
0.6539999999999999
0.6603999999999998
0.6561999999999999
0.6466
0.6549999999999997
0.6617999999999999
0.6437999999999995
0.6576
0.6533999999999998
0.6482000000000001
0.6559999999999999
0.6524
0.6427999999999997
0.6583999999999999
0.6585999999999995
0.6487999999999998
0.6581999999999997
0.6456000000000001
0.6606000000000001
0.6481999999999997
0.6513999999999999
0.6499999999999999
0.6447999999999997
0.6533999999999998
0.6527999999999997
0.6595999999999997
0.6515999999999997
0.6571999999999999
0.6525999999999997
0.6408
0.6536
0.6511999999999998
0.6523999999999998
0.6495999999999998
0.6367999999999999
0.6629999999999998
0.6531999999999998
0.6546
0.6385999999999994
0.6609999999999999
0.6461999999999997
0.6545999999999996
0.655
0.6537999999999997
0.6467999999999995
0.6596
0.6446
0.6493999999999996
0.6516000000000001
0.6496
0.6589999999999999
0.6484000000000001
0.6537999999999997
0.6525999999999996
0.6545999999999996
0.6563999999999995
0.6517999999999999
0.6557999999999997
0.6425999999999997
0.6553999999999998
0.6497999999999999
0.6541999999999998
0.6441999999999999
0.6627999999999998
0.6551999999999997
0.6621999999999997
0.6476
0.6561999999999998
0.6492
0.6561999999999997
0.6485999999999998
0.6544
0.6461999999999998
0.6507999999999998
0.6467999999999999
0.6437999999999998
0.6444
0.6587999999999998
0.6497999999999996
0.6515999999999997
0.6601999999999998
0.6449999999999997
0.6593999999999999
0.6511999999999998
0.6534
0.6481999999999999
0.6509999999999997
0.6466
0.6466
0.6533999999999999
0.6433999999999996
0.6555999999999998
0.6507999999999997
0.6517999999999999
0.6537999999999999
0.6451999999999997
0.6518
0.6557999999999996
0.6505999999999997
0.6577999999999998
0.6594
0.6457999999999998
0.6489999999999996
0.6559999999999999
0.6579999999999998
0.643
0.6563999999999999
0.6513999999999999
0.6595999999999997
0.6368
0.6655999999999999
0.6365999999999997
0.6611999999999998
0.6401999999999998
0.6573999999999995
0.6475999999999996
0.6606000000000001
0.6465999999999997
0.6452
0.6473999999999998
0.6459999999999997
0.6510000000000001
0.6579999999999998
0.6491999999999998
0.6569999999999997
0.6487999999999999
0.6567999999999998
0.6446
0.6571999999999997
0.6555999999999998
0.6519999999999997
0.6455999999999998
0.6568
0.6557999999999999
0.6439999999999998
0.6499999999999999
0.6505999999999998
0.6499999999999999
0.6447999999999997
0.6533999999999998
0.6537999999999998
0.6467999999999996
0.6517999999999999
0.6493999999999999
0.664
0.6464000000000002
0.6499999999999997
0.6403999999999997
0.6494
0.6509999999999998
0.6510000000000001
0.6417999999999996
0.6499999999999999
0.6497999999999996
0.6415999999999998
0.6605999999999999
0.6503999999999999
0.6457999999999999
0.6473999999999998
0.6553999999999999
0.6509999999999998
0.6415999999999998
0.6499999999999997
0.6550000000000001
