0.19999999999999962
0.25719999999999993
0.31920000000000004
0.3596000000000001
0.40319999999999995
0.4200000000000001
0.4342000000000001
0.43600000000000017
0.42719999999999986
0.4270000000000001
0.43259999999999993
0.4285999999999999
0.42560000000000014
0.41700000000000015
0.4202
0.43960000000000016
0.4267999999999999
0.41960000000000014
0.4150000000000001
0.4269999999999999
0.44660000000000005
0.44300000000000017
0.4294000000000003
0.4394000000000001
0.4320000000000001
0.4414000000000001
0.42979999999999996
0.4275999999999999
0.4173999999999998
0.4278
0.4288000000000002
0.4346
0.43100000000000016
0.43360000000000043
0.4331999999999999
0.43060000000000004
0.42940000000000006
0.4226
0.4353999999999999
0.4258000000000003
0.4346000000000002
0.43360000000000004
0.4250000000000002
0.44220000000000026
0.43580000000000013
0.44220000000000004
0.43940000000000007
0.4238000000000002
0.4368000000000001
0.44020000000000004
0.44020000000000015
0.43280000000000013
0.4305999999999999
0.4382000000000002
0.4324000000000001
0.4252
0.4314000000000002
0.4299999999999999
0.43739999999999996
0.441
0.4396000000000001
0.4216000000000001
0.4378000000000003
0.4356000000000001
0.4434000000000002
0.44520000000000004
0.4362000000000002
0.4336000000000002
0.4403999999999999
0.4324000000000001
0.43320000000000003
0.43680000000000013
0.4334000000000001
0.42540000000000006
0.43720000000000014
0.435
0.43420000000000014
0.4330000000000001
0.4302000000000001
0.43440000000000006
0.42379999999999995
0.43560000000000015
0.41760000000000014
0.4302
0.41780000000000006
0.4210000000000002
0.4306000000000003
0.4374000000000004
0.42580000000000007
0.42500000000000004
0.43580000000000013
0.42700000000000027
0.4218000000000001
0.4228
0.4318000000000001
0.4270000000000001
0.425
0.4242
0.43280000000000024
0.4251999999999999
0.4278000000000002
0.4264000000000005
0.4344000000000001
0.4442000000000001
0.44160000000000027
0.4458000000000002
0.4454000000000001
0.43080000000000007
0.4434000000000002
0.4364000000000001
0.4380000000000001
0.4306000000000001
0.43120000000000014
0.4200000000000002
0.4138000000000001
0.4259999999999999
0.43220000000000014
0.43400000000000005
0.4348000000000002
0.42300000000000004
0.42860000000000015
0.43439999999999984
0.4294000000000001
0.41819999999999985
0.4334000000000001
0.4214
0.43820000000000014
0.4427999999999999
0.4269999999999999
0.4332000000000003
0.43339999999999995
0.4338000000000001
0.43559999999999993
0.44460000000000016
0.4430000000000003
0.4384
0.441
0.4350000000000003
0.4434000000000003
0.4540000000000002
0.4442000000000001
0.4346000000000001
0.4405999999999999
0.44720000000000043
0.43740000000000023
0.43120000000000025
0.4386
0.4356000000000001
0.43800000000000006
0.4174000000000001
0.43980000000000014
0.429
0.4304000000000001
0.42020000000000013
0.41940000000000005
0.4244000000000001
0.42880000000000024
0.4314
0.44720000000000015
0.4483999999999998
0.43620000000000014
0.4402
0.4329999999999999
0.4370000000000001
0.43239999999999995
0.42879999999999996
0.4364000000000001
0.42960000000000015
0.43200000000000005
0.43260000000000004
0.4374
0.4338000000000002
0.43420000000000003
0.44680000000000014
0.4395999999999999
0.42700000000000005
0.43520000000000003
0.4294000000000001
0.4336
0.43700000000000017
0.4284000000000001
0.43320000000000014
0.4242
0.4328000000000001
0.4282
0.41820000000000007
0.42840000000000017
0.4322000000000002
0.44060000000000005
0.4344000000000001
0.44180000000000014
0.4348
0.4242000000000001
0.4470000000000001
0.44180000000000014
0.43140000000000006
0.43060000000000026
0.4294000000000003
0.42960000000000015
0.41380000000000017
0.4172
0.42479999999999973
0.42399999999999993
0.426
0.43500000000000005
0.4348
0.4348
0.4398
0.4328000000000001
0.42780000000000007
0.4444000000000001
0.4254
0.43940000000000023
0.42860000000000015
0.42480000000000007
0.42699999999999994
0.43660000000000004
0.4329999999999999
0.4354000000000001
0.4358000000000001
0.42400000000000004
0.4368000000000005
0.42680000000000007
0.4264
0.43120000000000014
0.42540000000000006
0.4297999999999999
0.4214000000000002
0.4180000000000002
0.4224000000000002
0.42820000000000014
0.4204000000000001
0.42500000000000004
0.4326000000000003
0.4342000000000001
0.4336000000000002
0.43099999999999994
0.4312000000000002
0.4298000000000001
0.4400000000000003
0.43420000000000003
0.4480000000000002
0.44140000000000007
0.4334000000000002
0.42720000000000025
0.43140000000000006
0.41880000000000017
0.4286
0.43760000000000027
0.42119999999999996
0.42099999999999993
0.4318000000000002
0.4295999999999999
0.43580000000000013
0.425
0.44280000000000036
0.45
0.45120000000000005
0.44200000000000034
0.4338
0.43540000000000023
0.43800000000000017
0.43799999999999994
0.4362000000000002
0.4286
0.43020000000000025
0.4416000000000001
0.4324
0.43400000000000005
0.43339999999999995
0.43620000000000003
0.4304000000000001
0.431
0.4304
0.4308000000000003
0.43160000000000026
0.4272000000000002
0.4329999999999999
0.42920000000000047
0.43320000000000014
0.4288
0.4357999999999999
0.41900000000000015
0.4252
0.4296000000000001
0.42619999999999997
0.4248000000000001
0.4366000000000003
0.43239999999999995
0.43100000000000016
0.4278000000000002
0.43640000000000034
0.4260000000000002
0.4336000000000002
0.42480000000000007
0.4320000000000002
0.4330000000000001
0.4402000000000003
0.43879999999999986
0.4370000000000001
0.44060000000000005
0.43220000000000025
0.4390000000000003
0.4378000000000001
0.4402000000000001
0.42999999999999994
0.4310000000000001
0.4156000000000001
0.41360000000000013
0.4186000000000001
0.426
0.4211999999999999
0.4287999999999999
0.4274000000000001
0.4298
0.4357999999999999
0.4414000000000003
0.4412
0.4296000000000003
0.42920000000000014
0.4374000000000003
0.43939999999999996
0.4330000000000001
0.42160000000000025
0.43000000000000005
0.43780000000000013
0.44100000000000017
0.4361999999999999
0.4364
0.42560000000000003
0.43560000000000004
0.4366
0.4352000000000002
0.43660000000000015
0.43060000000000037
0.4294
0.4318000000000001
0.43560000000000004
0.4222000000000001
0.43400000000000005
0.4404000000000001
0.43140000000000017
0.42840000000000006
0.42560000000000014
0.43500000000000016
0.4347999999999999
0.4318
0.44300000000000006
0.4478000000000001
0.44240000000000007
0.4382000000000002
0.43320000000000003
0.4166000000000001
0.4254000000000002
0.42719999999999997
0.4192000000000002
0.4290000000000001
0.44099999999999995
0.43239999999999995
0.42780000000000024
0.41859999999999997
0.4242000000000001
0.42500000000000016
0.4234000000000001
0.4166000000000001
0.4206000000000001
0.41460000000000014
0.42700000000000016
0.4316000000000002
0.42280000000000034
0.4304000000000001
0.43280000000000013
0.4232000000000003
0.43360000000000015
0.4420000000000001
0.44220000000000015
0.4428
0.43339999999999995
0.4484000000000004
0.4413999999999998
0.42779999999999985
0.4368000000000002
0.43260000000000026
0.41640000000000016
0.4334000000000002
0.43060000000000004
0.43480000000000013
0.42779999999999985
0.4290000000000001
0.43399999999999983
0.4328000000000001
0.4324
0.4286
0.4308000000000004
0.43820000000000014
0.42620000000000013
0.4200000000000001
0.44160000000000016
0.4348
0.43719999999999976
0.4292000000000001
0.4254000000000002
0.4338000000000002
0.42340000000000005
0.4318000000000003
0.4278
0.43079999999999996
0.4332000000000002
0.4384000000000001
0.43979999999999997
0.43760000000000027
0.4292000000000001
0.43740000000000023
0.4366000000000001
0.4254000000000002
0.4382000000000002
0.43220000000000014
0.4402
0.4331999999999999
0.42659999999999987
0.4257999999999999
0.42160000000000025
0.428
0.4214
0.4216000000000003
0.4332000000000002
0.4211999999999999
0.4366000000000001
0.4328000000000001
0.4204000000000002
0.42139999999999994
0.44120000000000004
0.4350000000000003
0.43720000000000026
0.4332000000000003
0.4340000000000002
0.43000000000000005
0.4358000000000001
0.42780000000000007
0.4292
0.43300000000000005
0.4323999999999999
0.4274000000000001
0.42579999999999996
0.43580000000000024
0.43760000000000027
0.4330000000000001
0.41440000000000027
0.4174000000000001
0.42199999999999993
0.43460000000000015
0.43020000000000025
0.4286000000000001
0.4318
0.42940000000000006
0.4314
0.4258000000000003
0.4406000000000001
0.43500000000000016
0.42560000000000014
0.4272000000000002
0.4308000000000002
0.44720000000000004
0.44199999999999995
0.4322000000000002
0.43660000000000015
0.4464000000000001
0.43079999999999996
0.4232000000000001
0.4270000000000001
0.43140000000000006
0.41979999999999995
0.42300000000000004
0.4300000000000002
0.42140000000000016
0.4206000000000001
0.41960000000000003
0.41679999999999995
0.40900000000000003
0.4141999999999999
0.43000000000000016
0.4192000000000002
0.4338000000000002
0.4366000000000001
0.42479999999999996
0.4194000000000001
0.42840000000000006
0.43599999999999994
0.4404000000000001
0.4298000000000002
0.4326000000000003
0.43200000000000016
0.43500000000000005
0.4380000000000003
0.4352000000000001
0.4398000000000002
0.4340000000000002
0.43759999999999993
0.43459999999999993
0.4366000000000001
0.42900000000000005
0.4334000000000001
0.4304000000000001
0.4384000000000001
0.43779999999999986
0.45080000000000003
0.45020000000000027
0.4344000000000001
0.4270000000000001
0.42140000000000005
0.42040000000000033
0.42660000000000026
0.4208000000000002
0.42040000000000005
0.4267999999999999
0.4384
0.43920000000000015
0.43820000000000014
0.428
0.4352000000000001
0.42779999999999996
0.42680000000000023
0.4210000000000002
0.4186000000000001
0.41980000000000006
0.4282000000000001
0.4314000000000002
0.43280000000000024
0.4362000000000002
0.44199999999999995
0.4326
0.4330000000000001
0.4348000000000002
0.4216000000000002
0.4316000000000001
0.43520000000000025
0.44120000000000004
0.4370000000000001
0.4434000000000003
0.43700000000000033
0.44220000000000026
0.4418000000000001
0.43940000000000023
0.43340000000000034
0.43220000000000014
0.43140000000000017
0.42720000000000014
0.4260000000000001
0.43660000000000027
0.42960000000000037
0.43519999999999986
0.42820000000000014
0.4268
0.43480000000000013
0.4308000000000002
0.4428000000000001
0.4367999999999999
0.4296000000000001
0.4244000000000001
0.4254
0.4226000000000002
0.42800000000000005
0.4318000000000004
0.42560000000000014
0.43420000000000025
0.4385999999999999
0.43780000000000013
0.4352
0.43460000000000015
0.43960000000000027
0.43279999999999985
0.42940000000000017
0.4380000000000001
0.44260000000000027
0.43620000000000025
0.429
0.43120000000000025
0.4414
0.42920000000000014
0.43360000000000015
0.4064
0.40460000000000024
0.4152000000000001
0.4241999999999998
0.42540000000000006
0.43460000000000015
0.446
0.4440000000000002
0.4310000000000001
0.42460000000000014
0.43359999999999993
0.4266
0.43220000000000025
0.4316
0.439
0.43860000000000005
0.42680000000000023
0.41759999999999997
0.41540000000000016
0.42500000000000016
0.43280000000000035
0.42340000000000005
0.43200000000000005
0.4300000000000004
0.4282
0.4428000000000001
0.4286000000000001
0.42479999999999996
0.42699999999999994
0.42020000000000013
0.42160000000000025
0.4216000000000002
0.43660000000000004
0.4230000000000002
0.43540000000000006
0.4236000000000001
0.4278000000000003
0.41800000000000004
0.4222000000000002
0.43040000000000006
0.43
0.42840000000000006
0.41800000000000026
0.4210000000000002
0.4180000000000002
0.42300000000000004
0.423
0.42220000000000013
0.43160000000000004
0.4298000000000001
0.4330000000000001
0.44020000000000015
0.4330000000000003
0.4230000000000001
0.42399999999999993
0.42920000000000025
0.4298000000000002
0.4324000000000001
0.42020000000000013
0.4289999999999998
0.4378000000000003
0.4254000000000002
0.44139999999999996
0.42900000000000005
0.4318000000000002
0.4352000000000002
0.44080000000000014
0.4360000000000001
0.4244
0.4302000000000002
0.43700000000000006
0.4232000000000003
0.43160000000000004
0.439
0.4272000000000002
0.4255999999999998
0.42379999999999995
0.42560000000000003
0.43300000000000005
0.4366
0.4204000000000001
0.4334000000000001
0.4308000000000003
0.4382000000000001
0.43820000000000014
0.4338000000000001
0.4436000000000002
0.43139999999999995
0.4188000000000003
0.42040000000000005
0.42680000000000035
0.4337999999999999
0.42640000000000017
0.42660000000000003
0.42280000000000023
0.43440000000000006
0.4306000000000001
0.42860000000000015
0.42720000000000014
0.4275999999999999
0.42800000000000005
0.4320000000000001
0.4364000000000001
0.42860000000000015
0.4160000000000001
0.424
0.4266000000000001
0.43440000000000006
0.4338000000000002
0.4268000000000001
0.4300000000000002
0.4348000000000002
0.44319999999999987
0.4283999999999999
0.43320000000000014
0.41820000000000007
0.4301999999999999
0.4244000000000001
0.4226
0.43220000000000014
0.42800000000000027
0.4236
0.42479999999999996
0.42920000000000014
0.4219999999999999
0.4294000000000001
0.42800000000000016
0.4236000000000001
0.4282000000000002
0.43460000000000015
0.43199999999999983
0.42219999999999985
0.42859999999999987
0.41420000000000023
0.4286
0.42120000000000035
0.4334000000000001
0.4286
0.43360000000000004
0.4350000000000003
0.43420000000000025
0.4262000000000002
0.4406000000000004
0.4486000000000001
0.4340000000000001
0.4088000000000004
0.42040000000000005
0.42319999999999985
0.42060000000000014
0.41639999999999994
0.4204000000000001
0.41760000000000014
0.42440000000000005
0.4358000000000001
0.43720000000000014
0.434
0.4218
0.4088000000000002
0.41840000000000027
0.42120000000000013
0.42060000000000014
0.4368
0.43140000000000006
0.4334
0.4372
0.4311999999999999
0.4374000000000002
0.4440000000000001
0.45819999999999994
0.44079999999999997
0.4326000000000001
0.4356000000000001
0.4314000000000003
0.42040000000000005
0.42400000000000027
0.4152000000000001
0.4218000000000001
0.4178
0.4316000000000001
0.42979999999999985
0.4183999999999999
0.42560000000000003
0.4302000000000001
0.41080000000000005
0.4236000000000002
0.42100000000000015
0.43
0.4346000000000001
0.4304000000000002
0.43199999999999994
0.42700000000000027
0.4232
0.42960000000000015
0.42320000000000013
0.4156000000000001
0.4213999999999999
0.4348
0.41780000000000006
0.42840000000000017
0.4404000000000001
0.43319999999999986
0.4304000000000002
0.4283999999999997
0.43380000000000024
0.4238000000000002
0.4204000000000002
0.4252000000000001
0.43279999999999985
0.42920000000000014
0.4368000000000001
0.4222000000000001
0.4230000000000004
0.42599999999999993
0.4172000000000002
0.42160000000000003
0.41580000000000017
0.4170000000000003
0.43560000000000015
0.43419999999999986
0.42460000000000014
0.43000000000000005
0.4210000000000002
0.4388
0.4369999999999999
0.43180000000000035
0.4310000000000001
0.42279999999999995
0.4360000000000002
0.4345999999999998
0.4438
0.44420000000000004
0.4397999999999998
0.4360000000000003
0.4407999999999999
0.43980000000000014
0.4316
0.41900000000000004
0.4192
0.4268000000000001
0.41700000000000004
0.41700000000000015
0.4162000000000002
0.40820000000000023
0.4148000000000003
0.4274
0.4284000000000001
0.42320000000000013
0.4342000000000003
0.43860000000000027
0.4300000000000002
0.4266000000000001
0.42560000000000026
0.4402000000000001
0.43439999999999995
0.42940000000000017
0.42419999999999997
0.42060000000000003
0.43360000000000015
0.4404000000000003
0.44560000000000016
0.4494
0.45000000000000007
0.44840000000000024
0.4456000000000001
0.447
0.4412
0.43300000000000016
0.43499999999999994
0.44200000000000045
0.4332000000000001
0.43839999999999973
0.4284000000000001
0.42399999999999993
0.4334000000000001
0.43420000000000014
0.4318000000000001
0.4148000000000001
0.4281999999999999
0.42700000000000005
0.43280000000000024
0.42660000000000003
0.42120000000000024
0.43200000000000005
0.4352
0.4376
0.4424
0.4293999999999999
0.4272000000000001
0.42760000000000015
0.4378
0.4412
0.4348
0.431
0.43580000000000013
0.43660000000000004
0.4330000000000001
0.42860000000000026
0.4272000000000001
0.4387999999999998
0.42560000000000026
0.4220000000000001
0.442
0.4332000000000002
0.43620000000000003
0.4419999999999999
0.43319999999999986
0.43520000000000003
0.44859999999999983
0.43420000000000025
0.4360000000000004
0.4246000000000003
0.44440000000000013
0.4442000000000002
0.4548000000000002
0.4366000000000003
0.44840000000000024
0.4334000000000001
0.43720000000000003
0.4260000000000001
0.4314000000000003
0.4340000000000002
0.44200000000000034
0.44160000000000016
0.42640000000000006
0.43200000000000033
0.4206000000000001
0.4252000000000001
0.42560000000000014
0.4344000000000001
0.42480000000000034
0.43220000000000014
0.42939999999999984
0.42100000000000004
0.42380000000000023
0.4266000000000002
0.43700000000000017
0.44260000000000005
0.4204000000000001
0.4382000000000001
0.4418000000000001
0.4292
0.4310000000000001
0.4238000000000001
0.4176
0.4144000000000001
0.4166000000000001
0.4188
0.4234000000000001
0.42579999999999996
0.4294
0.4196000000000001
0.4128
0.4337999999999999
0.4444000000000001
0.4396000000000002
0.43720000000000003
0.4356000000000002
0.4294000000000001
0.42480000000000023
0.4212
0.42340000000000017
0.43180000000000013
0.4262
0.42619999999999997
0.4248000000000002
0.43100000000000016
0.4326000000000001
0.44020000000000015
0.4290000000000002
0.4162000000000002
0.4099999999999999
0.4140000000000002
0.4206000000000001
0.43320000000000014
0.4394000000000002
0.42860000000000015
0.4384
0.4336000000000002
0.4354
0.42560000000000003
0.4258000000000001
0.43120000000000014
0.43200000000000016
0.43620000000000014
0.4290000000000002
0.42239999999999994
0.43500000000000005
0.4342000000000001
0.43280000000000013
0.444
0.4286000000000001
0.43320000000000014
0.42979999999999996
0.44040000000000007
0.4302
0.43319999999999986
0.4318
0.4212
0.43200000000000016
0.4234000000000001
0.42160000000000003
0.4204000000000003
0.4362000000000003
0.4333999999999999
0.4242000000000001
0.43359999999999993
0.43740000000000007
0.43860000000000016
0.42760000000000004
0.43320000000000003
0.4298000000000001
0.4384000000000001
0.4274000000000001
0.43660000000000027
0.4350000000000002
0.4230000000000002
0.43500000000000016
0.4304
0.4292000000000001
0.4282000000000001
