0.19999999999999962
0.2517600000000001
0.3423699999999999
0.3863500000000002
0.40778
0.4149600000000001
0.42194000000000004
0.42526
0.42393999999999993
0.4254999999999998
0.42508999999999986
0.42524999999999985
0.42333999999999994
0.42432000000000003
0.4244199999999999
0.42388
0.4253099999999999
0.4250900000000002
0.42489
0.42417
0.42392
0.4253299999999998
0.42553000000000013
0.4269400000000001
0.42773999999999984
0.42508999999999963
0.42335000000000006
0.4231299999999998
0.42539999999999994
0.42372999999999983
0.42415000000000014
0.42597999999999986
0.4252599999999998
0.42407999999999996
0.42494
0.4246699999999998
0.42434
0.42318999999999973
0.42067999999999983
0.4240100000000001
0.42442999999999986
0.4223899999999999
0.42706999999999984
0.4244100000000001
0.42562000000000005
0.42357999999999996
0.42127
0.42536999999999986
0.42412999999999984
0.42267999999999994
0.42463000000000006
0.4231599999999998
0.4225100000000001
0.42546999999999985
0.4227599999999999
0.4224400000000001
0.4238
0.4262699999999999
0.42666999999999994
0.42433999999999983
0.42378999999999983
0.42413999999999974
0.42628
0.42751000000000006
0.42469
0.42508999999999986
0.4256900000000001
0.42230999999999996
0.42369
0.42557
0.42603
0.42246
0.42448000000000013
0.42553
0.4242199999999999
0.42277999999999993
0.42459999999999987
0.42680999999999986
0.4234499999999998
0.4245199999999997
0.42462999999999995
0.42304999999999976
0.4234499999999997
0.4237499999999999
0.4253199999999999
0.42208999999999997
0.42412999999999973
0.42232999999999976
0.42298999999999987
0.4234299999999998
0.42279000000000005
0.42240999999999984
0.42419999999999997
0.4229100000000001
0.42333999999999994
0.42516
0.42338999999999993
0.4241399999999998
0.42312
0.42440999999999995
0.42345999999999967
0.42347999999999986
0.4264300000000001
0.4252099999999999
0.42333000000000004
0.4238599999999999
0.42486999999999997
0.42658999999999997
0.42534000000000005
0.4269899999999999
0.42746
0.4275299999999999
0.4259799999999997
0.42475999999999986
0.42340999999999973
0.4239899999999999
0.42571
0.42461
0.42722999999999994
0.42643000000000003
0.42765000000000003
0.4261099999999998
0.42464999999999997
0.42363
0.42385
0.42080999999999974
0.42346999999999996
0.42379
0.42541999999999996
0.42560000000000003
0.42505000000000004
0.42004
0.42396
0.4240700000000001
0.4243799999999996
0.42461999999999983
0.4245199999999998
0.42413999999999996
0.4253700000000001
0.42401999999999984
0.42364999999999997
0.4259199999999998
0.42462000000000005
0.42480999999999985
0.42319000000000023
0.4225700000000001
0.42338999999999993
0.41823
0.42206999999999995
0.42424999999999985
0.4250199999999999
0.42229
0.42340000000000005
0.4216
0.42372999999999983
0.42418999999999973
0.4267899999999999
0.42440000000000005
0.4245299999999999
0.42632000000000014
0.42443000000000014
0.4243599999999999
0.42457999999999985
0.4247099999999998
0.42240999999999995
0.42164999999999986
0.42201
0.42461999999999994
0.4251099999999999
0.42774
0.42598999999999987
0.42624
0.42344000000000004
0.42557999999999985
0.42668999999999996
0.42229000000000005
0.42058000000000006
0.42452
0.42475000000000007
0.42730999999999997
0.4258599999999999
0.42422000000000004
0.4234799999999999
0.4232199999999999
0.42564
0.42207000000000017
0.42425999999999997
0.42670000000000013
0.4246999999999999
0.42460999999999977
0.4254399999999999
0.4269899999999998
0.4247599999999999
0.42549000000000015
0.4243399999999998
0.4240499999999998
0.4263900000000001
0.4274100000000001
0.42632999999999993
0.42412999999999995
0.426
0.42470000000000013
0.4244799999999999
0.42467999999999995
0.4252699999999998
0.42552
0.42370999999999986
0.42362
0.4243599999999999
0.42445
0.42345
0.42618
0.42564999999999986
0.42479999999999984
0.42453999999999986
0.42393000000000003
0.4249999999999999
0.42350999999999994
0.42274999999999985
0.4241700000000001
0.4215099999999999
0.42268999999999984
0.42052000000000006
0.4196400000000002
0.42242
0.4227599999999999
0.42534999999999984
0.42371
0.4269700000000002
0.4299500000000001
0.42673999999999984
0.4261600000000001
0.42428999999999994
0.42562999999999995
0.4257199999999999
0.4233200000000001
0.4240699999999999
0.4234999999999998
0.42526
0.4249099999999998
0.42390999999999984
0.42598999999999987
0.42455999999999994
0.42395000000000005
0.4254200000000001
0.42516
0.4236699999999999
0.4222600000000001
0.42241
0.4267300000000001
0.42527999999999977
0.4276499999999998
0.42602000000000007
0.4251799999999997
0.4274000000000001
0.4253100000000001
0.4269200000000002
0.42479000000000006
0.42360000000000014
0.42383999999999994
0.42487000000000014
0.42377
0.42392999999999986
0.42446
0.4253199999999998
0.42419999999999997
0.4259600000000001
0.42551
0.42395999999999995
0.4245099999999998
0.42382
0.41922999999999994
0.42249
0.42640999999999996
0.4258999999999999
0.42507999999999996
0.4236800000000001
0.4223199999999999
0.42156000000000005
0.4215100000000001
0.4215399999999999
0.4266
0.4250900000000002
0.4238600000000002
0.42614999999999986
0.42522000000000004
0.4250099999999999
0.4249000000000001
0.4246099999999998
0.42510000000000003
0.42384000000000005
0.4250599999999999
0.4242
0.42370000000000013
0.42796999999999985
0.4252700000000001
0.42218999999999995
0.4253499999999999
0.42548999999999965
0.42455
0.42142999999999986
0.4235599999999999
0.42492999999999986
0.42344000000000004
0.42384000000000016
0.4234299999999998
0.42351000000000005
0.42283000000000004
0.4236300000000001
0.42513
0.42476999999999987
0.4244899999999998
0.42293999999999987
0.4246400000000002
0.42314
0.42267999999999994
0.42229
0.4242999999999999
0.4246999999999998
0.42333999999999994
0.4252499999999999
0.42328000000000005
0.42202999999999996
0.42384
0.42472
0.4220399999999998
0.42280999999999985
0.42218000000000006
0.42303000000000013
0.42330999999999996
0.4223800000000001
0.4216999999999998
0.42558999999999986
0.42592000000000013
0.42421
0.42171999999999976
0.4256299999999999
0.4229899999999999
0.4223999999999999
0.42665
0.42430999999999996
0.4260499999999999
0.42713999999999996
0.4240499999999999
0.42582000000000014
0.42442000000000024
0.42347000000000007
0.4251899999999998
0.42595000000000005
0.4233099999999999
0.4238899999999999
0.4235799999999999
0.4238899999999998
0.4239899999999996
0.4229299999999999
0.4246399999999998
0.42625999999999975
0.42233999999999994
0.4233199999999999
0.42411
0.4245799999999999
0.42700000000000027
0.42681000000000013
0.42597000000000007
0.42492
0.42603999999999986
0.4217999999999998
0.4221499999999996
0.42274
0.4257500000000001
0.4297000000000001
0.4287799999999998
0.42689000000000005
0.42412
0.42379
0.42505000000000026
0.4261500000000001
0.42559999999999987
0.42765999999999993
0.42607
0.42585999999999996
0.4238199999999999
0.42521000000000003
0.4237699999999998
0.4268299999999999
0.4250700000000001
0.42579
0.42362999999999995
0.42296
0.4232599999999999
0.4226
0.42323
0.42424999999999996
0.4246300000000002
0.4222999999999999
0.4238399999999999
0.42331999999999986
0.42497999999999997
0.42655
0.4245499999999999
0.42109999999999986
0.4247599999999998
0.4239099999999999
0.42638
0.42334999999999995
0.4250799999999998
0.4240199999999998
0.4245099999999999
0.42314999999999997
0.42282
0.4238999999999999
0.4243
0.4241099999999999
0.4234399999999998
0.42697000000000007
0.4242499999999996
0.4234799999999999
0.42392999999999964
0.4232699999999998
0.4247899999999998
0.42745
0.42497
0.42595999999999995
0.4243999999999999
0.4224499999999999
0.42299
0.42391999999999996
0.42565
0.42475999999999997
0.42680999999999975
0.42552
0.4257299999999999
0.42131999999999975
0.4207799999999999
0.4208499999999999
0.42330000000000007
0.4240399999999998
0.42346000000000006
0.4270599999999999
0.42585999999999985
0.42502
0.42208999999999974
0.42480000000000007
0.42585
0.4256899999999997
0.42111
0.4251099999999999
0.42773999999999984
0.4271999999999998
0.42595999999999995
0.42535000000000006
0.4249800000000002
0.4251199999999999
0.4248599999999999
0.42148
0.42244000000000015
0.42474999999999996
0.4232999999999997
0.42602999999999996
0.42091999999999996
0.42347
0.4240399999999999
0.42787
0.42400999999999983
0.4233999999999998
0.4260099999999998
0.42784999999999973
0.42501000000000005
0.4246599999999998
0.42289999999999983
0.42241
0.4250400000000002
0.4236099999999999
0.4220099999999999
0.4232400000000003
0.42484
0.4291599999999998
0.42839
0.42798
0.42435999999999985
0.42163999999999985
0.4232499999999999
0.42216999999999993
0.4231099999999997
0.4250999999999999
0.4269
0.42279999999999984
0.42289000000000015
0.4220099999999999
0.4245800000000002
0.42544999999999994
0.42529999999999996
0.42583999999999983
0.42485999999999985
0.4234199999999999
0.42394000000000004
0.42079
0.42255
0.4228799999999999
0.42447
0.42386999999999986
0.4228699999999999
0.42271999999999993
0.4250900000000001
0.4245799999999999
0.42372
0.42297999999999997
0.4240399999999999
0.42465
0.4271700000000001
0.42515000000000014
0.42503
0.4235699999999998
0.42479
0.42628000000000005
0.42347000000000024
0.42237999999999987
0.4242100000000001
0.42641999999999997
0.4231399999999998
0.42307999999999985
0.4238199999999999
0.4266399999999998
0.42865
0.42733
0.4243599999999999
0.4239200000000001
0.42253999999999986
0.4233700000000001
0.4256899999999999
0.4202199999999998
0.42402
0.42263
0.42159999999999975
0.4266500000000001
0.42499999999999993
0.4258699999999999
0.4246899999999998
0.42358999999999986
0.4224499999999999
0.42318000000000006
0.42447
0.4249000000000001
0.42221999999999965
0.42568
0.42369
0.42502
0.42356999999999995
0.42436999999999997
0.4263799999999999
0.42682999999999977
0.42391
0.4246299999999998
0.42282999999999993
0.4269399999999999
0.42584999999999995
0.4254499999999999
0.42353999999999997
0.4231599999999998
0.42554999999999993
0.42529999999999984
0.4271000000000001
0.42619
0.42530999999999985
0.4235399999999999
0.4241700000000001
0.42662
0.4267699999999999
0.42886999999999986
0.4294
0.4236600000000001
0.42534
0.42250999999999983
0.4241199999999998
0.4218500000000001
0.42594999999999983
0.42356
0.42704999999999993
0.42806999999999995
0.42667999999999984
0.4263299999999999
0.42704999999999993
0.42746
0.42687
0.4263300000000001
0.42593000000000003
0.42421
0.42420999999999975
0.4240999999999998
0.42774999999999996
0.42628
0.4254999999999999
0.4260799999999999
0.4247600000000001
0.4267099999999999
0.4249999999999997
0.4228199999999998
0.42444000000000004
0.4255099999999999
0.4248800000000001
0.42522
0.4263199999999999
0.4244099999999999
0.42451
0.42510999999999993
0.4262399999999999
0.4254399999999999
0.4274899999999998
0.42438999999999993
0.42239000000000004
0.42403000000000013
0.42486999999999997
0.42433
0.4239299999999999
0.42408000000000007
0.42445000000000027
0.42486999999999997
0.4266300000000001
0.42554999999999993
0.4244099999999998
0.42195999999999984
0.42316000000000015
0.4250099999999999
0.42235
0.42233000000000004
0.42594
0.4262999999999999
0.42561000000000027
0.4257499999999999
0.42385000000000017
0.4241000000000001
0.4249399999999999
0.4249499999999998
0.42475999999999997
0.4223799999999999
0.42391999999999974
0.4282099999999999
0.42640999999999984
0.4242700000000002
0.42201999999999984
0.42386999999999975
0.42383000000000004
0.42518000000000017
0.42473999999999995
0.42405999999999994
0.4240999999999999
0.42333000000000004
0.4242499999999999
0.4271299999999998
0.4250100000000001
0.42199000000000003
0.42339000000000016
0.42347
0.42575999999999986
0.42461000000000026
0.42661000000000016
0.42721000000000026
0.4245999999999999
0.42527000000000004
0.42491999999999996
0.42688000000000004
0.4257999999999999
0.4226199999999999
0.42459999999999987
0.4255899999999999
0.4271599999999999
0.42575
0.42700000000000005
0.4251899999999999
0.42486999999999975
0.42711
0.42745000000000005
0.4251299999999999
0.4265999999999998
0.42754000000000014
0.42823000000000006
0.4267999999999998
0.4250900000000002
0.4257899999999998
0.42629999999999973
0.42357999999999996
0.4238299999999998
0.42453
0.42283999999999994
0.4226999999999998
0.42272999999999983
0.42430999999999985
0.4265200000000002
0.42484
0.4221599999999999
0.42232999999999987
0.4255699999999999
0.42734999999999984
0.4261899999999999
0.4250999999999999
0.4252199999999998
0.42744999999999983
0.42713
0.42488
0.42314
0.42392
0.42424
0.4226799999999998
0.42286999999999997
0.42546
0.4251999999999999
0.4250999999999999
0.42339999999999994
0.42488
0.4238599999999999
0.4240299999999999
0.4274999999999999
0.4282699999999998
0.42233000000000004
0.42617999999999995
0.4244699999999999
0.42572000000000004
0.42914999999999975
0.42579
0.42319999999999985
0.4243199999999998
0.42373999999999973
0.42329999999999984
0.4248900000000001
0.4272900000000001
0.42585999999999996
0.42478999999999995
0.42359000000000024
0.42439
0.42293999999999987
0.42336999999999975
0.42643999999999976
0.42362999999999984
0.4219999999999999
0.42198
0.42499000000000015
0.4232199999999998
0.42400999999999994
0.4260199999999999
0.42573
0.42503
0.4234400000000001
0.42534
0.4243300000000001
0.4223299999999998
0.4223200000000001
0.4230700000000001
0.42599999999999993
0.4241500000000001
0.42423999999999995
0.4236899999999999
0.42395000000000005
0.4267199999999998
0.42614999999999986
0.42468999999999985
0.42745
0.4266899999999999
0.42713000000000007
0.42665999999999976
0.4243
0.4251300000000001
0.4278599999999998
0.42834999999999973
0.4276099999999998
0.4241399999999998
0.42254999999999987
0.42486999999999975
0.4264199999999999
0.4251299999999999
0.42698
0.4249699999999998
0.42293999999999987
0.4224500000000001
0.42150000000000004
0.42355999999999966
0.4245300000000001
0.4244699999999999
0.4249199999999999
0.42401999999999984
0.4254099999999999
0.4250100000000001
0.42486999999999997
0.4219000000000001
0.4239499999999999
0.4225199999999999
0.4242499999999999
0.4266699999999997
0.42674000000000006
0.4271799999999999
0.42517000000000016
0.4221799999999999
0.4221599999999999
0.42513999999999996
0.42584000000000005
0.4263099999999998
0.42135000000000006
0.42392999999999986
0.42481999999999975
0.42426
0.42522999999999994
0.4233499999999997
0.42535999999999996
0.4273400000000001
0.42674999999999985
0.42263
0.42448
0.42230999999999974
0.4244999999999999
0.42258999999999985
0.42223
0.42455999999999994
0.42400999999999983
0.4267
0.42390999999999984
0.42295999999999995
0.42411
0.42534999999999995
0.42708000000000007
0.4249999999999999
0.4229999999999999
0.42327
0.42091000000000006
0.4236799999999999
0.42133
0.41997999999999996
0.4238
0.4280199999999998
0.42519999999999997
0.42623
0.4237799999999999
0.42171
0.42477000000000004
0.42536999999999997
0.4250500000000001
0.42486999999999986
0.4237299999999996
0.42538999999999993
0.4246099999999998
0.4233599999999996
0.42430999999999985
0.42499999999999977
0.4253999999999997
0.42846000000000006
0.42512
0.42033999999999994
0.42039000000000015
0.42402
0.42400000000000015
0.4247300000000001
0.42595999999999995
0.4251199999999998
0.42530999999999985
0.42400000000000004
0.42487999999999976
0.4261199999999999
0.42503999999999986
0.4236099999999999
0.42533
0.4257000000000001
0.42284000000000005
0.4246199999999999
0.42406000000000005
0.42602999999999974
0.42549
0.42303999999999997
0.4234300000000003
0.4219799999999998
0.42245000000000005
0.42090000000000005
0.4232400000000001
0.42430999999999996
0.42566000000000004
0.4236899999999996
0.42266999999999993
0.42038000000000003
0.42278
0.4234599999999997
0.42338000000000015
0.42433
0.42289000000000015
0.42274
0.4273399999999999
0.4280699999999999
0.4260599999999999
0.4243999999999996
0.42541999999999996
0.42763000000000007
0.4248099999999998
0.4246399999999999
0.42195999999999984
0.42427
0.4243599999999998
0.42253000000000007
0.4243500000000001
0.4245899999999998
0.42362999999999973
0.42285000000000006
0.42396999999999985
0.42300000000000004
0.42441999999999985
0.42373000000000005
0.4232199999999999
0.4234400000000001
0.42311
0.42384
0.42565
0.4244799999999999
0.42558999999999975
0.42575999999999986
0.42439000000000004
0.4233199999999999
0.4212999999999998
0.4243399999999999
0.42412999999999995
0.42452999999999996
0.42717999999999984
0.4241600000000002
0.42552
0.4255000000000001
0.4269
0.42676999999999987
0.4240999999999999
0.4247200000000001
0.42665
0.42387
0.42388999999999993
0.42222999999999977
0.42483000000000004
0.42641999999999997
0.4254699999999999
0.42277999999999993
0.42335000000000006
0.4235999999999999
0.4220300000000002
0.42394999999999994
0.4232999999999997
0.42597000000000007
0.42383000000000004
0.42216000000000004
0.42056999999999994
0.42139999999999994
0.4235499999999998
0.4239199999999997
0.4236600000000001
0.4203299999999998
0.4247099999999996
0.42138
0.4220499999999999
0.42382999999999993
0.42379
0.42318000000000006
0.42717999999999995
0.42516999999999977
0.42228999999999994
0.42347999999999986
0.4266300000000002
0.4260299999999998
0.42514
0.42440999999999995
0.4237499999999996
0.4257499999999999
0.4257099999999999
0.42715000000000003
0.4252999999999997
0.4269400000000001
0.42542999999999986
0.42591999999999997
0.42350999999999983
0.42100999999999983
0.42256999999999983
0.42363999999999996
0.4268599999999998
0.42595
0.4226999999999998
0.42463
0.42649999999999993
0.4257699999999999
0.4258999999999999
0.42732000000000014
0.4241599999999998
0.4231300000000001
0.4224000000000001
0.42505000000000004
0.42533
0.42239000000000004
0.4234900000000001
0.42599999999999993
0.42295999999999995
0.4238799999999998
0.4256299999999999
0.42528999999999983
0.42682000000000003
0.42552999999999974
0.42498999999999987
0.42565
0.4246599999999998
0.42556
0.4237199999999999
0.4234699999999998
0.42651999999999995
