0.19999999999999962
0.28239999999999993
0.4043899999999999
0.4520000000000002
0.47348999999999997
0.47688
0.4792
0.4767199999999998
0.47991999999999996
0.47903
0.48046
0.48174000000000006
0.48241
0.4786300000000001
0.48138
0.47964
0.4799400000000001
0.4794899999999997
0.47880999999999974
0.4788600000000001
0.48313999999999985
0.48003000000000007
0.4804299999999999
0.4791599999999998
0.47839000000000004
0.48203
0.48072999999999994
0.47884999999999983
0.4815399999999999
0.4783800000000001
0.47820000000000007
0.47764999999999985
0.47981999999999986
0.47902999999999984
0.47736000000000006
0.47818
0.4809600000000001
0.47869999999999974
0.4803299999999998
0.4789799999999998
0.47736000000000006
0.47763999999999995
0.4764899999999999
0.4825599999999999
0.47983999999999993
0.47805999999999993
0.47992999999999997
0.4787299999999999
0.4782900000000001
0.4813300000000001
0.47864999999999996
0.48201
0.48034000000000004
0.4806099999999999
0.47923999999999994
0.48090000000000005
0.47883000000000003
0.47824999999999984
0.47908
0.47726999999999975
0.4782999999999999
0.4789299999999998
0.47925000000000006
0.4777999999999998
0.4798100000000002
0.47911999999999993
0.4770499999999997
0.4786100000000001
0.47792999999999985
0.48147
0.47938000000000014
0.47936999999999996
0.4793600000000001
0.48080999999999996
0.4785999999999999
0.47913999999999995
0.48064999999999997
0.4797899999999998
0.48117999999999966
0.4787099999999998
0.48164000000000007
0.48002
0.48223
0.4835599999999998
0.48214000000000007
0.4816500000000001
0.47680999999999996
0.47678000000000004
0.47758000000000017
0.4792099999999999
0.4819199999999998
0.4802599999999997
0.4796200000000003
0.48129999999999995
0.47773999999999994
0.47796000000000005
0.48132000000000014
0.48123
0.4791499999999998
0.48034000000000004
0.47679999999999995
0.4786800000000001
0.47852999999999996
0.4792200000000002
0.4808499999999999
0.4783399999999998
0.47890000000000016
0.4789900000000001
0.4801200000000001
0.48194999999999993
0.4803200000000001
0.4772500000000002
0.4803599999999998
0.4780400000000001
0.47745000000000004
0.47863999999999973
0.4789699999999999
0.4812199999999999
0.47749999999999987
0.47858999999999985
0.4793700000000001
0.4788100000000001
0.4799799999999996
0.4802299999999999
0.4780400000000001
0.47959
0.4788400000000001
0.4802799999999998
0.48044
0.47990999999999984
0.48053999999999997
0.4793200000000001
0.48230999999999996
0.4804900000000001
0.48217000000000004
0.4798400000000001
0.4792899999999999
0.4795300000000002
0.4775000000000001
0.47741999999999984
0.4764300000000001
0.47699
0.47772000000000003
0.47906999999999983
0.48005000000000003
0.4808799999999998
0.4811999999999997
0.48155000000000014
0.47682
0.4801199999999999
0.47949
0.48139000000000015
0.47965000000000013
0.4800999999999999
0.48022000000000004
0.4802299999999999
0.4797499999999999
0.4798399999999999
0.4816500000000001
0.4790900000000002
0.47932
0.48033000000000003
0.4828100000000002
0.48323999999999984
0.48205
0.48118999999999984
0.4810699999999998
0.48106000000000004
0.47748999999999997
0.47938000000000014
0.47992000000000007
0.4817600000000002
0.4815700000000001
0.479
0.47925999999999996
0.4807800000000001
0.4825299999999999
0.4811600000000001
0.47840000000000005
0.4797499999999998
0.47977
0.4787800000000001
0.48132999999999976
0.47936
0.4775700000000002
0.47934
0.4816799999999998
0.4810600000000001
0.4841299999999997
0.48038
0.48142999999999964
0.48010999999999987
0.4781000000000001
0.48187000000000024
0.4811799999999999
0.48051
0.4805999999999998
0.47998000000000013
0.4798399999999999
0.47606999999999994
0.4757
0.47839999999999994
0.47891999999999973
0.47802000000000006
0.4811499999999998
0.4846400000000001
0.4789000000000001
0.47709999999999975
0.4798900000000002
0.4779400000000001
0.4760600000000001
0.4799399999999998
0.4810800000000001
0.47929
0.48056999999999994
0.4806000000000001
0.4773299999999999
0.47937999999999975
0.4774600000000001
0.48009999999999986
0.47850000000000015
0.4785999999999999
0.48019000000000006
0.4836500000000001
0.48204
0.47888000000000003
0.4801899999999998
0.48033000000000015
0.48072
0.47679000000000005
0.4807500000000001
0.4798800000000001
0.4783599999999997
0.47716000000000025
0.47867999999999994
0.4794199999999998
0.48242000000000024
0.47647999999999996
0.47964
0.47844999999999993
0.47672000000000003
0.4805099999999998
0.48169999999999974
0.48294
0.4791500000000002
0.47957000000000016
0.4783
0.4768899999999999
0.47938000000000003
0.48149999999999993
0.4804699999999999
0.4795399999999999
0.47991
0.4807199999999998
0.4806699999999999
0.47677000000000014
0.47626000000000007
0.47680999999999996
0.47957999999999984
0.48111
0.47918999999999967
0.48178999999999994
0.47656000000000004
0.4763999999999999
0.4793200000000001
0.47630999999999984
0.4784999999999998
0.4809999999999997
0.47975999999999985
0.48152
0.47969999999999985
0.4793800000000001
0.48172
0.47853
0.47713000000000017
0.4797700000000001
0.48060999999999987
0.48084999999999994
0.47886999999999985
0.47456
0.47843999999999987
0.47913000000000006
0.4800699999999999
0.48027999999999993
0.47796000000000005
0.4791699999999999
0.47843
0.4796999999999998
0.4811199999999998
0.4788799999999999
0.48081000000000024
0.48183000000000015
0.4807599999999999
0.4781399999999998
0.47797000000000006
0.47906000000000004
0.4794700000000001
0.47897999999999996
0.4788699999999998
0.47919000000000006
0.48089999999999994
0.4791099999999998
0.4780799999999997
0.4810600000000001
0.4817899999999999
0.4811100000000003
0.48091
0.4817499999999999
0.48196000000000006
0.4809000000000001
0.4809999999999998
0.47796
0.48078999999999966
0.4792199999999998
0.4789899999999999
0.48174
0.47966000000000003
0.48113
0.47935
0.48004000000000013
0.48004999999999964
0.4817500000000002
0.4798799999999997
0.4803699999999998
0.48082999999999976
0.47606000000000015
0.47733999999999993
0.47830999999999974
0.4793299999999996
0.4786600000000001
0.4788600000000001
0.47988000000000014
0.4796299999999999
0.48028999999999994
0.48099999999999987
0.48066000000000003
0.48097000000000006
0.4786299999999998
0.48059000000000013
0.47692999999999974
0.4790299999999998
0.47968000000000005
0.47912999999999994
0.47967999999999994
0.4811599999999999
0.47970999999999997
0.47781
0.4784199999999999
0.47834
0.4813400000000001
0.4777500000000002
0.47910000000000025
0.48054999999999987
0.4800000000000002
0.4821299999999998
0.4796600000000002
0.48117999999999994
0.4797699999999997
0.48102999999999985
0.48064999999999947
0.48134
0.48187999999999986
0.47965999999999986
0.4807399999999997
0.4811100000000002
0.4808
0.4822199999999999
0.4829400000000001
0.4821499999999998
0.47955
0.47978000000000004
0.4798799999999999
0.47952999999999996
0.4806999999999998
0.4854299999999999
0.4817899999999999
0.47918
0.47955999999999976
0.47811
0.48052999999999996
0.47863999999999995
0.48056
0.48234999999999983
0.4812399999999999
0.4805600000000001
0.4777599999999999
0.4769400000000001
0.47907999999999973
0.48112000000000016
0.4823899999999998
0.48033999999999993
0.4794099999999999
0.4809699999999998
0.47845999999999994
0.47910999999999987
0.48062
0.48076
0.47914999999999985
0.47840000000000005
0.47837000000000024
0.47995999999999983
0.4799900000000001
0.47947000000000023
0.47723000000000015
0.4781900000000002
0.47748000000000007
0.48112999999999984
0.4784299999999999
0.4770899999999999
0.4770599999999999
0.47843000000000013
0.47771000000000013
0.48118999999999995
0.4794100000000001
0.47998999999999975
0.4803099999999998
0.4802399999999999
0.4811699999999998
0.48051999999999995
0.4808599999999999
0.4805199999999997
0.47838
0.4815300000000001
0.4818699999999999
0.48130999999999974
0.48103000000000007
0.47994
0.4756799999999999
0.4805199999999998
0.48212999999999995
0.47655000000000003
0.4771600000000001
0.4802
0.48364000000000007
0.47867
0.4793899999999996
0.47889000000000004
0.47869999999999985
0.47907999999999995
0.47744000000000014
0.47897999999999996
0.4796899999999997
0.4795300000000001
0.47770999999999986
0.4775600000000002
0.4816600000000001
0.48106000000000004
0.4809799999999998
0.47890999999999984
0.47652999999999984
0.47840000000000005
0.47988
0.48108999999999996
0.4791699999999999
0.4790800000000002
0.48275
0.4819199999999999
0.48446999999999973
0.48200000000000004
0.47991999999999974
0.48197999999999985
0.47946999999999995
0.48200999999999994
0.48121999999999987
0.48003999999999997
0.4780700000000001
0.4797
0.4793099999999999
0.48051999999999995
0.4786700000000001
0.47639999999999993
0.4798700000000001
0.47993
0.48065999999999975
0.48005999999999993
0.47970000000000007
0.47949999999999976
0.47885999999999984
0.48045999999999983
0.4808100000000001
0.47922999999999993
0.48062999999999995
0.4799
0.4813899999999999
0.4813699999999998
0.47814999999999996
0.4789599999999999
0.47762999999999983
0.47733000000000003
0.48019
0.47739
0.47863999999999995
0.4807200000000003
0.47836999999999996
0.4785399999999999
0.48047000000000034
0.4814500000000001
0.48204000000000025
0.4797999999999999
0.47969000000000017
0.4804100000000001
0.4789300000000001
0.4785300000000003
0.48105000000000003
0.4787899999999999
0.4808600000000001
0.47824999999999984
0.47989000000000004
0.4786299999999998
0.48091
0.48298
0.48187999999999964
0.4776499999999998
0.48108000000000006
0.47888999999999987
0.47952000000000006
0.4825000000000001
0.47981
0.48142
0.4802599999999999
0.4773299999999998
0.4754399999999999
0.47658999999999985
0.4834600000000002
0.48114000000000007
0.48137
0.4821499999999998
0.4801499999999999
0.48163999999999974
0.4830099999999997
0.47741
0.48182999999999976
0.4802099999999999
0.4804899999999999
0.47715
0.4809199999999998
0.4803299999999999
0.4792500000000001
0.47865
0.47963999999999984
0.47782000000000013
0.47812
0.48228999999999983
0.4802800000000002
0.4799000000000001
0.48139
0.48030000000000017
0.4778400000000002
0.47845000000000004
0.47917999999999994
0.47870000000000007
0.4810300000000002
0.4799499999999998
0.47901000000000005
0.4789500000000001
0.4778599999999998
0.4803500000000001
0.48087
0.47962999999999995
0.4790499999999998
0.4791500000000002
0.48186
0.48155000000000003
0.47769000000000006
0.4777
0.48011999999999994
0.4754300000000001
0.47685999999999984
0.48245
0.48080999999999996
0.479
0.47565000000000013
0.47771999999999987
0.48096999999999973
0.4806700000000001
0.4833
0.4802900000000001
0.4820099999999999
0.48079
0.48182999999999987
0.4797799999999999
0.4786299999999998
0.4780400000000001
0.4807299999999999
0.48157000000000005
0.47868999999999984
0.47959999999999986
0.48064999999999986
0.48096999999999973
0.4789799999999998
0.47841
0.4781799999999998
0.48052999999999985
0.48157999999999973
0.48200000000000004
0.47955000000000003
0.47870999999999997
0.47978999999999994
0.48233
0.48029000000000016
0.48314999999999986
0.48180999999999996
0.47981999999999997
0.47998999999999975
0.4798300000000001
0.48114999999999997
0.47918000000000005
0.47755
0.47373000000000004
0.4738499999999997
0.48022
0.48179999999999984
0.48251
0.47758999999999996
0.48214
0.48154
0.48025000000000007
0.47991000000000006
0.4826199999999997
0.48153000000000007
0.4807899999999997
0.47981999999999997
0.48236999999999985
0.4814799999999999
0.48072000000000004
0.47946999999999995
0.4777800000000002
0.47999999999999976
0.4768199999999998
0.47874
0.4776199999999999
0.47747
0.48009999999999997
0.47973999999999983
0.48023000000000027
0.48124999999999973
0.48056000000000004
0.4794900000000002
0.47824999999999995
0.4794699999999999
0.4809600000000001
0.48205000000000015
0.4782200000000001
0.47927999999999993
0.4786200000000001
0.4799600000000001
0.47881999999999975
0.48128999999999983
0.48187000000000024
0.48125999999999974
0.4790799999999999
0.48089000000000004
0.47632999999999986
0.4783999999999999
0.47771
0.4796
0.4778599999999998
0.47672999999999993
0.47832
0.47889
0.4797999999999999
0.48042999999999986
0.48019
0.48013000000000006
0.4801599999999999
0.47968000000000005
0.4801399999999999
0.4796499999999998
0.47925999999999985
0.48132
0.4809500000000002
0.4843399999999999
0.48092000000000007
0.47902000000000017
0.47739
0.48058999999999974
0.48274000000000017
0.4795399999999999
0.47816
0.47730999999999996
0.48340999999999973
0.4803499999999999
0.4811800000000002
0.48066000000000003
0.4796599999999998
0.47968000000000005
0.48144999999999993
0.48219000000000006
0.47570999999999997
0.4769899999999999
0.4777999999999999
0.48045999999999967
0.4796800000000003
0.47881999999999997
0.47736999999999985
0.4800099999999998
0.47794999999999993
0.47917000000000015
0.4794799999999999
0.4783899999999997
0.47876000000000013
0.47973999999999994
0.4813799999999999
0.47928000000000004
0.4826499999999999
0.47865
0.4802499999999999
0.4795
0.4808299999999997
0.47684999999999994
0.4811099999999996
0.47816999999999976
0.47975999999999996
0.48116
0.48120999999999975
0.4785099999999998
0.47641
0.4788
0.4789999999999999
0.4802699999999998
0.48118
0.47615999999999997
0.4788299999999998
0.47874999999999995
0.4797499999999998
0.47691999999999984
0.4807
0.47980999999999985
0.47620999999999997
0.48003999999999986
0.4825800000000001
0.4805099999999998
0.47731
0.4800599999999999
0.4784399999999999
0.48084000000000005
0.47724999999999995
0.47924999999999995
0.47867999999999983
0.4808399999999999
0.48008999999999963
0.48013999999999996
0.48089999999999994
0.48135000000000006
0.4789999999999999
0.4780200000000002
0.4754599999999998
0.47807999999999995
0.4794000000000001
0.47902999999999984
0.4788900000000003
0.48078
0.47749999999999987
0.4768199999999998
0.47991000000000006
0.47995999999999994
0.47940999999999995
0.48209
0.4791699999999999
0.4772199999999999
0.47873
0.4810399999999999
0.4777299999999999
0.48316000000000003
0.4820399999999999
0.47931000000000007
0.4810000000000001
0.47741999999999996
0.47977999999999993
0.47899999999999987
0.47701
0.47967000000000004
0.4790300000000001
0.48058999999999985
0.47995
0.4782599999999999
0.47558999999999996
0.4803100000000001
0.47902999999999984
0.47965000000000024
0.4782100000000002
0.48307
0.4812999999999999
0.47952999999999996
0.48017
0.48103000000000007
0.48235999999999973
0.4817499999999997
0.48084000000000016
0.47837
0.48153999999999997
0.4805999999999997
0.48169999999999996
0.4794099999999999
0.4782699999999999
0.47967
0.47946999999999995
0.48088000000000003
0.47901000000000005
0.47967000000000015
0.47769999999999996
0.48025
0.4781400000000001
0.4821500000000001
0.4809199999999999
0.48022
0.47845999999999994
0.47948999999999997
0.4804399999999998
0.48112
0.47838
0.4803599999999999
0.47913999999999995
0.47909
0.4788900000000001
0.47637000000000007
0.48105999999999993
0.48070000000000007
0.4788799999999997
0.47824999999999995
0.4796499999999999
0.48084000000000005
0.47984999999999983
0.47902000000000017
0.4802899999999999
0.48069
0.4805599999999999
0.48156999999999983
0.4806000000000001
0.4790600000000002
0.4821600000000001
0.48015
0.48288999999999993
0.4818200000000001
0.47881
0.47881
0.47856999999999994
0.4799599999999997
0.47852000000000006
0.47996
0.47981999999999986
0.48025000000000007
0.4775400000000001
0.4790099999999999
0.47985000000000005
0.48077000000000014
0.47867999999999994
0.4807999999999999
0.4814100000000003
0.4792899999999999
0.47829
0.47763999999999984
0.4810600000000001
0.48085000000000006
0.48111999999999944
0.4787899999999998
0.4812500000000001
0.48363
0.4804300000000002
0.4797100000000001
0.4803099999999998
0.4821400000000003
0.47967000000000004
0.48069999999999985
0.4811100000000001
0.48076
0.48095
0.4819599999999998
0.47767
0.47868999999999984
0.4803700000000001
0.47848999999999997
0.4784899999999999
0.47737999999999997
0.47864999999999996
0.47943999999999987
0.4810499999999998
0.4819999999999999
0.48313
0.4804799999999998
0.48015000000000013
0.4784899999999998
0.4818299999999999
0.4772199999999999
0.47922
0.48212999999999995
0.4788499999999999
0.47909000000000007
0.47781000000000007
0.4802399999999997
0.4776999999999999
0.47689000000000015
0.47758999999999996
0.47967000000000004
0.48072999999999977
0.4760299999999997
0.48029999999999995
0.47964999999999997
0.48002999999999973
0.47979
0.48113
0.47873999999999994
0.47871
0.4787999999999999
0.48018
0.47839999999999994
0.4765799999999997
0.4802999999999999
0.47960000000000014
0.4783099999999998
0.47797000000000023
0.47696999999999995
0.4813399999999999
0.47955
0.47771000000000025
0.4782799999999998
0.4797199999999997
0.48179000000000016
0.48254
0.47947
0.47997999999999985
0.48246
0.48188000000000003
0.4801299999999996
0.4815399999999999
0.4797299999999998
0.47978999999999977
0.4799000000000001
0.47828999999999977
0.47777999999999987
0.48081999999999986
0.4817700000000002
0.4800300000000001
0.4788199999999999
0.4782200000000001
0.47927999999999993
0.47959999999999975
0.4782599999999999
0.47655000000000025
0.4786499999999996
0.47789999999999994
0.47637000000000007
0.4803600000000002
0.48045999999999983
0.47941999999999985
0.48113
0.4801800000000002
0.4805899999999999
0.47999999999999976
0.47986999999999974
0.48033000000000003
0.4797699999999998
0.48014999999999974
0.47816
0.4770300000000001
0.47839000000000004
0.4799600000000001
0.47882
0.48203999999999964
0.4818
0.4809199999999998
0.4815100000000001
0.4788400000000001
0.48086999999999996
0.4816499999999999
0.4811699999999998
0.48053999999999997
0.4804200000000003
0.48275000000000007
0.47944999999999977
0.47827000000000014
0.48067999999999983
0.4814700000000001
0.47882
0.47894000000000003
0.47822999999999993
0.4783999999999998
0.4769
0.4788899999999998
0.4798999999999998
0.4783199999999999
0.4771599999999999
0.4787799999999999
0.47754999999999986
0.48235999999999996
0.4794299999999999
0.47845000000000004
0.4791699999999999
0.4817000000000001
0.4816
0.4782399999999998
0.4789399999999999
0.48118999999999995
0.4779499999999998
0.47836
0.47873
0.48143
0.4789899999999999
0.4794699999999999
0.4791999999999998
