0.19999999999999962
0.56119
0.6954699999999999
0.6355900000000002
0.65801
0.6501499999999999
0.6527099999999999
0.6536600000000001
0.6508000000000002
0.6517500000000003
0.6524000000000001
0.6534500000000001
0.65439
0.65177
0.6517400000000001
0.6546399999999999
0.6510799999999998
0.65238
0.6531600000000003
0.6536600000000001
0.65393
0.6517999999999998
0.6545299999999998
0.6545599999999999
0.6506600000000003
0.65351
0.6521100000000003
0.6517299999999999
0.65348
0.6536300000000003
0.6488400000000002
0.6529200000000002
0.6529200000000001
0.6540699999999997
0.6551600000000003
0.6535800000000002
0.6529700000000002
0.65387
0.6530899999999998
0.6502700000000003
0.65266
0.6524800000000002
0.65364
0.6502399999999998
0.6509900000000002
0.65283
0.6552800000000002
0.65187
0.6524800000000001
0.6515400000000002
0.6531600000000002
0.6531500000000001
0.6492000000000003
0.6541600000000001
0.6517900000000002
0.6541600000000003
0.6518600000000002
0.6545600000000004
0.6521299999999998
0.6542
0.65121
0.6561199999999999
0.6491900000000003
0.6535600000000001
0.6517299999999999
0.6524700000000001
0.6548
0.6537599999999999
0.6545700000000001
0.6518700000000003
0.65368
0.6497499999999999
0.65319
0.6514899999999999
0.6513700000000001
0.6537099999999999
0.6505700000000003
0.65224
0.6535100000000001
0.65146
0.6524600000000005
0.6520699999999999
0.65184
0.6551
0.65289
0.6546500000000002
0.6515500000000002
0.6535900000000001
0.6504900000000003
0.6548399999999998
0.6503500000000001
0.6564400000000002
0.6510900000000004
0.6541799999999999
0.6523599999999999
0.6509900000000001
0.65567
0.6531399999999998
0.6520900000000002
0.6495400000000002
0.6519000000000001
0.6514200000000001
0.65382
0.65189
0.6523500000000001
0.6531199999999999
0.6489100000000002
0.6542100000000004
0.65364
0.65348
0.6525700000000003
0.65117
0.6516
0.65452
0.65326
0.6505500000000001
0.6518999999999998
0.6539800000000003
0.6557400000000002
0.6495399999999998
0.6529800000000001
0.6537300000000004
0.6543100000000003
0.6514200000000001
0.6536699999999999
0.6498900000000001
0.6545799999999997
0.64898
0.6537200000000002
0.6521700000000002
0.6519100000000003
0.6521500000000003
0.6536000000000002
0.653
0.6509199999999999
0.6531399999999999
0.6491100000000003
0.6546499999999998
0.64899
0.65136
0.65439
0.6511600000000002
0.6512600000000001
0.65413
0.6527700000000003
0.65258
0.6515400000000001
0.65254
0.6525100000000004
0.65385
0.65405
0.6524899999999999
0.65374
0.6506500000000002
0.6528900000000002
0.6551
0.6522599999999998
0.6518600000000001
0.65374
0.6531900000000002
0.6549800000000003
0.6496299999999999
0.6535599999999999
0.6536200000000004
0.6528800000000002
0.65193
0.6523599999999999
0.6530300000000002
0.6494000000000003
0.6531700000000003
0.65185
0.6519399999999999
0.6535900000000001
0.6530800000000001
0.6495400000000002
0.6530500000000004
0.6554000000000002
0.65256
0.65283
0.65187
0.6516500000000001
0.6512800000000004
0.6534599999999999
0.6554500000000002
0.6518200000000001
0.6523500000000003
0.6545099999999998
0.6532300000000005
0.65427
0.6509500000000001
0.6524500000000002
0.65329
0.6523099999999998
0.6534300000000001
0.65122
0.6542699999999998
0.6517500000000002
0.6536300000000003
0.6517400000000002
0.6525000000000002
0.65319
0.6544000000000001
0.6530499999999999
0.65226
0.6529800000000001
0.6532300000000001
0.6521600000000002
0.6538599999999998
0.65307
0.65255
0.6515500000000002
0.6538000000000003
0.6503900000000005
0.6542799999999999
0.65354
0.6511300000000001
0.6539599999999998
0.6514399999999998
0.6515300000000002
0.65535
0.6532600000000002
0.6523400000000001
0.6533100000000002
0.6514700000000002
0.6539000000000001
0.6518600000000001
0.6530900000000002
0.6517800000000002
0.6532199999999997
0.6535100000000001
0.6527200000000001
0.6527400000000001
0.6527000000000001
0.6547200000000002
0.6516500000000001
0.6547200000000002
0.6513300000000002
0.65445
0.6493600000000002
0.6553899999999999
0.6512700000000002
0.6542100000000002
0.6539100000000001
0.6519600000000003
0.65307
0.6544400000000005
0.65288
0.6522100000000002
0.6524200000000002
0.6524800000000005
0.6527700000000002
0.6554400000000001
0.6540900000000002
0.6524899999999999
0.6537000000000002
0.6515000000000001
0.6537599999999999
0.6534700000000002
0.6530600000000001
0.6507199999999999
0.6519300000000001
0.6533599999999998
0.6515799999999998
0.6526300000000002
0.6503899999999999
0.65176
0.65422
0.6517499999999999
0.6544000000000001
0.6523600000000003
0.65386
0.6513
0.6525900000000003
0.6539100000000001
0.6529599999999999
0.6533400000000005
0.65255
0.6534499999999999
0.6510000000000001
0.65405
0.65263
0.65153
0.6530899999999998
0.65148
0.6506600000000001
0.6557599999999998
0.6522299999999999
0.65339
0.65327
0.6516200000000003
0.6554300000000002
0.6528699999999997
0.65325
0.6523899999999999
0.65116
0.65083
0.6523600000000005
0.6546300000000003
0.6507600000000002
0.6525000000000002
0.65293
0.6554000000000002
0.6514100000000004
0.6542599999999998
0.6515099999999998
0.6527800000000004
0.65404
0.6526200000000003
0.6557200000000002
0.6540800000000001
0.6520200000000003
0.6514300000000002
0.6551000000000003
0.6510900000000001
0.6534100000000004
0.6521100000000001
0.65275
0.6553000000000001
0.6527600000000002
0.6526500000000002
0.6526200000000003
0.6524199999999999
0.6542100000000002
0.6524899999999999
0.6548999999999998
0.6545600000000004
0.6509200000000002
0.6540800000000001
0.6516800000000004
0.6522900000000001
0.6517499999999999
0.6522
0.65352
0.6502000000000002
0.6543700000000001
0.6510199999999999
0.6540100000000002
0.6535400000000002
0.6548400000000001
0.6505200000000002
0.6555099999999999
0.6489400000000001
0.6539999999999998
0.6512499999999997
0.6548099999999999
0.6520700000000003
0.6519600000000004
0.6534
0.6524699999999999
0.6529600000000002
0.6541100000000002
0.6512800000000002
0.6524300000000001
0.6521100000000003
0.6524200000000002
0.6523700000000001
0.6500799999999998
0.65378
0.6528600000000003
0.6525100000000001
0.6519000000000001
0.6555799999999998
0.65254
0.6527099999999997
0.65514
0.6516300000000003
0.6545799999999998
0.65443
0.6517600000000003
0.6513199999999998
0.6526800000000003
0.65195
0.6516500000000002
0.6544000000000003
0.6525699999999998
0.6535000000000001
0.6508000000000002
0.6540699999999999
0.6499200000000002
0.6535900000000001
0.6528800000000002
0.6532700000000001
0.6542399999999998
0.6509100000000002
0.6526300000000004
0.6523
0.6506099999999999
0.6531900000000002
0.6532800000000001
0.6519600000000001
0.6535600000000004
0.6528800000000002
0.65183
0.6542100000000004
0.65294
0.6536900000000001
0.6511300000000001
0.65439
0.6544800000000001
0.65171
0.6537799999999998
0.6536200000000004
0.65278
0.6537900000000001
0.6544599999999999
0.6530399999999996
0.6508100000000003
0.6556000000000002
0.65098
0.6516400000000001
0.6544099999999999
0.65066
0.6561400000000005
0.65244
0.6517899999999999
0.6495800000000002
0.6534700000000001
0.65424
0.6512200000000001
0.6545499999999999
0.6520800000000001
0.6522100000000005
0.6527700000000002
0.6512900000000001
0.6571099999999999
0.65067
0.65095
0.6530600000000004
0.6525400000000005
0.6540900000000001
0.6521899999999999
0.6516
0.6534100000000003
0.6534500000000001
0.6505800000000002
0.65546
0.6538799999999999
0.6519599999999999
0.6537400000000004
0.6516200000000002
0.6526300000000002
0.6524400000000001
0.6518300000000002
0.6542700000000002
0.6522699999999999
0.6549299999999998
0.6517400000000001
0.6516100000000001
0.6561800000000002
0.6520600000000004
0.6541100000000003
0.6551900000000002
0.6505400000000003
0.6535500000000002
0.6531600000000002
0.6533100000000002
0.6527200000000001
0.6547799999999999
0.6550300000000001
0.65191
0.6558300000000002
0.6517000000000001
0.6532999999999999
0.6535300000000003
0.65161
0.6537200000000002
0.6511700000000001
0.6515900000000001
0.65463
0.6525
0.6513199999999998
0.6527299999999998
0.6538900000000002
0.6521700000000002
0.65413
0.6517700000000001
0.6536800000000003
0.6493700000000002
0.6525100000000001
0.6522900000000001
0.6537000000000002
0.6517199999999996
0.65646
0.6515000000000002
0.6533299999999999
0.65104
0.6558000000000002
0.65303
0.65219
0.6515100000000005
0.6512700000000002
0.6532900000000003
0.6536700000000002
0.65338
0.65469
0.6500000000000002
0.6523799999999997
0.6520699999999998
0.6519700000000002
0.6547300000000003
0.6529299999999998
0.6512000000000003
0.6523500000000001
0.6557200000000001
0.65334
0.6533200000000001
0.65363
0.6536799999999998
0.6518599999999998
0.6519400000000004
0.6565599999999998
0.6537100000000001
0.6539200000000003
0.6525699999999999
0.6523700000000002
0.6520600000000002
0.6551200000000003
0.6516500000000002
0.65178
0.6524600000000005
0.6519500000000003
0.6539399999999997
0.6507000000000001
0.6516800000000003
0.6538200000000002
0.6522300000000003
0.6528400000000002
0.65318
0.6494400000000001
0.65412
0.6545300000000003
0.6485900000000002
0.6545900000000002
0.6518600000000001
0.6525300000000002
0.65191
0.6522100000000001
0.6521700000000001
0.6529800000000001
0.6502000000000006
0.6543000000000001
0.6539400000000002
0.6495700000000002
0.6525899999999999
0.65322
0.65321
0.6536400000000003
0.6533900000000001
0.6504000000000001
0.6516600000000002
0.6523699999999998
0.6544400000000004
0.6498700000000001
0.6544199999999999
0.65449
0.6531999999999999
0.6548199999999998
0.6520100000000003
0.6542100000000002
0.6551700000000003
0.6505700000000003
0.65397
0.6515500000000002
0.6552300000000001
0.6498500000000001
0.65472
0.6483900000000001
0.6533400000000001
0.6547300000000004
0.6524500000000001
0.6517200000000001
0.6532700000000001
0.6521399999999999
0.6508800000000002
0.6549299999999998
0.6519899999999998
0.65375
0.6536000000000003
0.6536900000000003
0.6521500000000002
0.6509900000000003
0.6543499999999999
0.6511600000000002
0.65382
0.6519900000000003
0.6525600000000001
0.6497800000000004
0.6517800000000001
0.6552199999999999
0.6508300000000001
0.65485
0.6526100000000001
0.6512
0.65318
0.6544
0.6498300000000001
0.6534500000000001
0.65346
0.6531800000000003
0.6513100000000001
0.6540800000000001
0.65291
0.6533600000000002
0.6530400000000002
0.6516600000000002
0.6513300000000001
0.6530600000000001
0.6543700000000002
0.6520899999999998
0.6526200000000002
0.6510900000000001
0.6564399999999999
0.6556399999999999
0.65217
0.6530800000000001
0.65193
0.65425
0.65079
0.6572000000000001
0.65268
0.6534000000000004
0.6546300000000004
0.6514199999999998
0.6548100000000002
0.65083
0.6532399999999998
0.65251
0.6528500000000002
0.6569299999999998
0.65441
0.6517000000000002
0.65266
0.6544000000000001
0.6528800000000003
0.65327
0.6527299999999999
0.6534300000000002
0.65156
0.6526099999999999
0.6533400000000005
0.6527499999999999
0.6532600000000002
0.6517600000000001
0.65301
0.65378
0.6522300000000003
0.6557400000000002
0.6508600000000002
0.6532800000000003
0.65156
0.65275
0.6539799999999998
0.6506200000000001
0.6519999999999999
0.6546500000000001
0.6521000000000003
0.65166
0.6556400000000003
0.6517900000000002
0.65464
0.6529900000000004
0.6529100000000004
0.65385
0.6544500000000001
0.6547799999999998
0.6527000000000003
0.6544700000000003
0.6527600000000003
0.6535800000000005
0.6516000000000003
0.65522
0.6526799999999998
0.6510900000000003
0.6537899999999999
0.6527200000000005
0.6528000000000002
0.6515099999999999
0.6555000000000001
0.6539200000000003
0.6502400000000002
0.6504300000000004
0.6541300000000002
0.6519400000000001
0.6517700000000001
0.6544599999999999
0.6513699999999999
0.6535799999999999
0.65058
0.6557600000000001
0.6502199999999999
0.6520700000000003
0.65473
0.6527300000000001
0.6529
0.6551300000000002
0.6527700000000002
0.6523000000000003
0.6530699999999997
0.65445
0.6527400000000001
0.6530300000000001
0.6521500000000002
0.6513000000000004
0.6546399999999999
0.6511900000000004
0.6526599999999999
0.6535800000000002
0.65677
0.65431
0.6502500000000002
0.6489700000000004
0.6514100000000002
0.65231
0.6520700000000003
0.6538200000000001
0.6522700000000001
0.6523900000000004
0.6547
0.6528500000000004
0.6533700000000003
0.65136
0.6520900000000002
0.6532199999999999
0.6534000000000002
0.65177
0.65199
0.65225
0.6527900000000001
0.6573200000000001
0.65016
0.6540500000000002
0.6503900000000006
0.6529999999999998
0.65306
0.6527100000000003
0.6528
0.6534900000000003
0.6518700000000002
0.6545200000000001
0.6520600000000002
0.6505200000000002
0.6545900000000002
0.6526099999999999
0.6507000000000002
0.6560500000000001
0.65387
0.6508500000000003
0.6539099999999998
0.6530300000000004
0.65242
0.65278
0.6541199999999998
0.6496700000000001
0.6530800000000002
0.65322
0.65307
0.65104
0.6552
0.6536400000000002
0.6505200000000001
0.6564799999999998
0.6514499999999999
0.6516700000000002
0.6539700000000004
0.6533600000000002
0.6519900000000003
0.6547499999999999
0.6505300000000003
0.6528599999999999
0.6542000000000001
0.6506000000000001
0.6548200000000003
0.6515900000000003
0.65265
0.6551000000000003
0.6513199999999999
0.6537399999999997
0.6553600000000003
0.6504699999999999
0.6526000000000003
0.6523900000000001
0.6501400000000003
0.6540699999999999
0.6513899999999998
0.6516900000000001
0.6538299999999999
0.6494200000000002
0.6556399999999999
0.65195
0.6506500000000003
0.6509399999999996
0.6542600000000001
0.6526700000000002
0.6528500000000003
0.6558300000000001
0.6503400000000003
0.65167
0.6514300000000003
0.652
0.6522200000000002
0.6536200000000001
0.6519000000000003
0.65256
0.6523800000000002
0.6519199999999999
0.6521500000000002
0.6532799999999997
0.6540000000000002
0.6523799999999998
0.6524
0.6534600000000002
0.65129
0.6520500000000001
0.6537500000000003
0.6536400000000002
0.6511500000000002
0.6535599999999999
0.6505500000000004
0.6518299999999999
0.6534899999999999
0.6540400000000001
0.6517600000000003
0.6523899999999999
0.6537899999999999
0.6507900000000001
0.6543300000000001
0.6546400000000001
0.6519900000000001
0.6549799999999999
0.6510299999999998
0.65432
0.6506300000000002
0.65433
0.65305
0.6530000000000001
0.6537000000000002
0.65398
0.6537800000000005
0.6507200000000002
0.6503599999999998
0.6534700000000002
0.6534400000000002
0.6533200000000003
0.6532000000000001
0.6539800000000001
0.6529200000000002
0.6513
0.6531200000000001
0.6521799999999998
0.6558500000000003
0.6521000000000001
0.65351
0.6519700000000002
0.6550100000000002
0.6503900000000002
0.6548300000000004
0.6525499999999999
0.6530899999999998
0.6566200000000001
0.6529000000000004
0.6528600000000001
0.6519199999999999
0.65171
0.65506
0.6521900000000004
0.6543700000000001
0.6506899999999999
0.6533900000000002
0.6519700000000003
0.65399
0.6526200000000003
0.6558799999999999
0.6518400000000003
0.6520299999999999
0.6527300000000001
0.65133
0.6528699999999997
0.6528300000000002
0.6546900000000002
0.6538299999999999
0.6532200000000001
0.6516400000000001
0.6531900000000002
0.6544100000000002
0.6522999999999999
0.6526500000000003
0.6555100000000001
0.6526700000000001
0.6503800000000004
0.6539400000000002
0.6521399999999999
0.6549100000000003
0.6499000000000001
0.6544600000000002
0.65289
0.65299
0.6514000000000002
0.6526700000000001
0.6525900000000001
0.6536600000000002
0.65329
0.65402
0.6521100000000003
0.6539299999999997
0.6534599999999999
0.65429
0.6536300000000002
0.6529999999999998
0.6526100000000001
0.6502100000000002
0.6525600000000001
0.6543800000000001
0.6517200000000004
0.6535100000000003
0.6549100000000003
0.6531200000000003
0.6496600000000002
0.65318
0.6529200000000002
0.6508200000000001
0.6528000000000003
0.6524900000000002
0.65317
0.65506
0.6503300000000002
0.6536800000000003
0.6550400000000002
0.6517399999999998
0.6536800000000003
0.6535200000000003
0.6524900000000002
0.6495899999999999
0.6559499999999998
0.6507000000000001
0.6540999999999998
0.65246
0.6533200000000001
0.6535500000000002
0.6527600000000001
0.65124
0.6505600000000002
0.6519000000000001
0.6502900000000003
0.6536700000000002
0.6539100000000003
0.6517200000000003
0.65334
0.65309
0.65294
0.6526700000000001
0.65148
0.6530799999999999
0.65326
0.6511600000000003
0.6547000000000002
0.6516500000000001
0.6539300000000003
0.65208
0.65129
0.6538699999999997
0.65298
0.65321
0.6523200000000001
0.6542100000000004
0.6523400000000001
0.6521199999999999
0.6517800000000004
0.6539900000000003
0.65073
0.6523300000000001
0.6528999999999998
0.6544499999999998
0.6528299999999999
0.65439
0.6519999999999999
0.6524000000000004
0.6531000000000001
0.6519300000000005
0.6522200000000002
0.6556200000000003
0.64975
0.65386
0.65341
0.6536600000000001
0.6513699999999999
0.655
0.6534400000000002
0.65188
0.65577
0.6523500000000001
0.6539399999999997
0.65384
0.6548300000000005
0.6510199999999999
0.6536
0.6523800000000002
0.6533100000000003
0.6507599999999999
0.6529200000000002
0.6546200000000002
