0.19999999999999962
0.18082
0.18448999999999993
0.18935
0.1934500000000001
0.19548000000000004
0.19656999999999988
0.19937000000000002
0.20196000000000006
0.20182
0.2040199999999999
0.20169999999999993
0.20182000000000008
0.20340000000000003
0.20401000000000014
0.20571999999999993
0.20445
0.20554999999999993
0.20467000000000002
0.20469999999999997
0.20081999999999986
0.20082999999999998
0.19962000000000008
0.20087000000000008
0.19947000000000006
0.19950999999999997
0.20248000000000002
0.20074999999999998
0.20060000000000003
0.20034000000000007
0.19839
0.19871
0.20258000000000004
0.20282000000000003
0.19969
0.19923000000000005
0.20230999999999993
0.20397000000000007
0.20408
0.20192999999999992
0.20169
0.20270000000000002
0.20189000000000001
0.20369999999999994
0.20337
0.20390000000000008
0.20496999999999999
0.2042299999999999
0.20319000000000007
0.20095000000000002
0.19979999999999998
0.2026800000000001
0.20476000000000014
0.20288999999999993
0.20298999999999992
0.20158
0.20201999999999998
0.20414999999999994
0.20429999999999993
0.20408999999999997
0.2059
0.20426000000000002
0.20193000000000008
0.20182000000000003
0.2001199999999999
0.19974999999999984
0.19986000000000007
0.20038000000000003
0.20110000000000003
0.20427000000000015
0.2043600000000001
0.20409000000000002
0.20441000000000006
0.20531
0.20308999999999996
0.20299999999999993
0.20394999999999996
0.20431999999999992
0.20346000000000009
0.20177000000000003
0.2021
0.20216999999999996
0.2020699999999999
0.20412
0.2041999999999999
0.2048999999999999
0.20376000000000002
0.20312000000000005
0.20314000000000004
0.20134000000000007
0.20146000000000006
0.20370999999999992
0.2043899999999999
0.2046200000000001
0.20336999999999997
0.20270999999999995
0.20308000000000004
0.20269999999999994
0.20404999999999998
0.20550999999999994
0.20504999999999998
0.20517999999999995
0.20490000000000003
0.20561
0.20489000000000004
0.20384000000000008
0.20376000000000008
0.2055499999999999
0.20562999999999995
0.20589999999999997
0.20288000000000006
0.20252999999999996
0.20166999999999993
0.19973
0.20134
0.19931000000000001
0.20146000000000014
0.2008000000000001
0.20354000000000003
0.20194000000000017
0.20298
0.20471999999999999
0.20461000000000001
0.20470999999999998
0.2039400000000001
0.20345999999999992
0.20228999999999991
0.20194999999999996
0.2008
0.20104000000000014
0.20279000000000003
0.20147999999999988
0.20402000000000003
0.20518999999999998
0.20389
0.20526999999999995
0.20401999999999995
0.2033400000000001
0.20156999999999997
0.20326999999999995
0.20420000000000005
0.20247000000000007
0.20268999999999998
0.20168
0.2014700000000001
0.20246000000000003
0.20309999999999995
0.20260000000000009
0.20311999999999997
0.2028
0.20247
0.2028200000000001
0.2041099999999999
0.20572000000000007
0.20571
0.20371000000000009
0.20285000000000009
0.20351999999999998
0.20601000000000014
0.20621000000000003
0.2070000000000001
0.20628999999999997
0.20551999999999992
0.20575000000000002
0.20457999999999998
0.20547
0.20445000000000021
0.20323999999999995
0.20200000000000004
0.20281000000000002
0.20240000000000014
0.20304000000000005
0.20228999999999991
0.20231000000000002
0.20308999999999996
0.20256000000000005
0.20408
0.20342000000000002
0.20432999999999993
0.20351999999999998
0.2024399999999999
0.20233
0.2035400000000001
0.20276
0.20264000000000004
0.2021399999999999
0.20368000000000006
0.20453
0.20593999999999993
0.20413000000000012
0.2021799999999999
0.20133000000000004
0.20144000000000006
0.19948
0.20132999999999993
0.20356000000000005
0.20596000000000003
0.20616000000000004
0.20537000000000005
0.20512
0.20531000000000016
0.20614000000000002
0.20494999999999994
0.20370000000000008
0.20262000000000008
0.20396000000000003
0.20566000000000006
0.20529000000000014
0.20509
0.20400000000000007
0.20556999999999995
0.20314000000000004
0.20236000000000004
0.20141
0.20033000000000004
0.20203999999999997
0.20176999999999992
0.19914999999999997
0.19927
0.20107000000000003
0.20244000000000006
0.20259000000000005
0.20139000000000004
0.20091999999999996
0.20105
0.20306000000000002
0.20361000000000007
0.20323
0.20431000000000002
0.20257999999999998
0.20427
0.20580000000000007
0.20528000000000005
0.20568999999999996
0.20539999999999994
0.20425000000000001
0.20311
0.20393
0.20428000000000013
0.20216
0.20144000000000006
0.20201000000000005
0.2022
0.20349000000000003
0.20259
0.20257999999999998
0.2039699999999999
0.20472
0.20481
0.20513999999999985
0.20238000000000006
0.20070999999999997
0.20163999999999999
0.2008100000000001
0.20150999999999988
0.20209000000000008
0.20278000000000007
0.20174000000000003
0.20339000000000002
0.2034499999999999
0.20135999999999998
0.2037500000000001
0.20477000000000004
0.20495000000000008
0.20316000000000004
0.20149
0.20168000000000003
0.20411999999999988
0.20449999999999996
0.20400000000000007
0.20438000000000006
0.20449
0.20352000000000003
0.20259000000000005
0.20534999999999998
0.20709000000000008
0.20730999999999988
0.20681999999999998
0.20440999999999995
0.2041100000000001
0.20306999999999997
0.20534999999999998
0.20332999999999996
0.20512000000000005
0.20420000000000013
0.20262
0.20217
0.20346999999999998
0.20334000000000002
0.20314999999999994
0.20251000000000002
0.20047000000000004
0.20029999999999998
0.20017000000000004
0.20066999999999996
0.20108999999999994
0.2001000000000001
0.20149000000000006
0.20041000000000003
0.2019500000000001
0.20143000000000008
0.20203000000000007
0.20257000000000008
0.20553000000000005
0.20442
0.20365999999999992
0.20364000000000002
0.20440999999999998
0.20492000000000007
0.20313999999999996
0.20543
0.20431000000000002
0.20402
0.20323999999999998
0.20239000000000001
0.19976999999999992
0.20098
0.20240000000000014
0.2002200000000001
0.20174000000000003
0.20166999999999993
0.20075999999999997
0.20277
0.20466
0.20548999999999995
0.20547
0.20246000000000006
0.20432000000000003
0.20237999999999995
0.20167999999999997
0.20411999999999997
0.20401999999999998
0.2035300000000001
0.20206000000000002
0.20364000000000002
0.20642999999999997
0.20641999999999996
0.20531000000000005
0.20576999999999998
0.20382
0.20495999999999998
0.20327999999999993
0.20226000000000005
0.20275999999999994
0.2036900000000001
0.20317999999999997
0.20350000000000001
0.20242000000000004
0.2027600000000001
0.2051200000000001
0.2028300000000001
0.20333999999999997
0.2056500000000001
0.2053
0.2037699999999999
0.20348
0.20394999999999994
0.20376000000000002
0.20301000000000002
0.20156000000000007
0.20074999999999993
0.20163
0.20195
0.20253000000000004
0.20115000000000002
0.20241
0.20288
0.20252000000000003
0.2007
0.20024999999999996
0.19976000000000005
0.20033999999999996
0.2016100000000001
0.20028000000000007
0.19853000000000012
0.19975000000000004
0.19997000000000018
0.20060000000000003
0.20120000000000013
0.20259999999999992
0.2024
0.20447999999999986
0.20441000000000017
0.20373999999999998
0.20262999999999998
0.20363999999999996
0.20207999999999993
0.20333000000000007
0.20384
0.20240000000000014
0.20282000000000008
0.20343
0.20491
0.20576000000000014
0.20552999999999993
0.20617000000000008
0.20492000000000002
0.20535
0.20572
0.20727
0.20673000000000002
0.20596000000000006
0.20327999999999996
0.20157
0.20098999999999997
0.20082000000000005
0.20051
0.20254000000000005
0.20129000000000002
0.20252000000000006
0.20353000000000002
0.20468000000000008
0.20443999999999996
0.2051000000000001
0.20410000000000006
0.2025
0.20271999999999998
0.2025200000000001
0.20237000000000002
0.20307000000000003
0.20279000000000003
0.20340000000000008
0.20375000000000004
0.20317
0.20315999999999995
0.2025700000000001
0.20474000000000006
0.20412999999999998
0.20245000000000002
0.20553999999999997
0.20478000000000007
0.20454
0.20423000000000002
0.20564
0.20337000000000002
0.20266000000000012
0.20293
0.2028099999999999
0.20089999999999997
0.20238000000000012
0.20212999999999998
0.20056000000000007
0.19809000000000002
0.19906000000000007
0.20158999999999996
0.20136000000000007
0.20137
0.20326999999999998
0.20342
0.2041399999999999
0.20145999999999986
0.20224000000000011
0.20366
0.20423999999999995
0.20300999999999994
0.2033500000000001
0.20293999999999993
0.20198000000000008
0.20234999999999992
0.20306999999999997
0.20205
0.20129999999999998
0.20217000000000007
0.20364999999999994
0.20186000000000004
0.20252000000000003
0.20248000000000002
0.20354999999999998
0.2031600000000001
0.20296
0.20274
0.20138999999999996
0.20308000000000004
0.20268000000000005
0.20199
0.20042000000000001
0.20244000000000004
0.20151000000000002
0.20258000000000004
0.20425000000000001
0.20315000000000003
0.20167000000000002
0.20090000000000002
0.20282000000000003
0.20404999999999995
0.20307000000000003
0.20435999999999996
0.20517000000000007
0.20456000000000002
0.20390000000000005
0.20349000000000003
0.2048
0.20455999999999996
0.20567999999999997
0.20538
0.20254999999999995
0.2025
0.20453000000000007
0.20348000000000002
0.20185999999999985
0.20085999999999998
0.20180000000000006
0.20134999999999997
0.20312000000000008
0.20482999999999993
0.20263000000000006
0.20110999999999998
0.20183999999999994
0.20153000000000007
0.20166
0.2000300000000001
0.20301000000000002
0.20265000000000005
0.20279999999999998
0.20250999999999994
0.20257999999999995
0.20188000000000003
0.20134000000000007
0.20254999999999992
0.20478999999999992
0.20351000000000002
0.20305000000000004
0.2021299999999999
0.19991000000000003
0.20175
0.20172000000000007
0.2027799999999999
0.20304000000000005
0.20274999999999996
0.20469000000000004
0.20559000000000002
0.20510999999999996
0.20789
0.20476000000000005
0.20343000000000003
0.20267000000000002
0.20195000000000005
0.20014000000000007
0.20254000000000003
0.20181999999999994
0.20424000000000003
0.20318999999999993
0.2026800000000001
0.20316999999999996
0.20268000000000005
0.20326999999999998
0.20301999999999995
0.20367999999999997
0.20296999999999998
0.20398
0.20361999999999988
0.20369
0.20327
0.20067000000000002
0.19958999999999996
0.20114999999999994
0.20406000000000005
0.20440999999999998
0.20226000000000002
0.20247
0.20376000000000002
0.20032999999999998
0.20369000000000007
0.20304999999999995
0.20243000000000005
0.20312000000000002
0.20408
0.20325999999999994
0.20267000000000002
0.20360000000000003
0.20355999999999994
0.20325000000000004
0.20212000000000002
0.2045
0.20737000000000014
0.20541999999999988
0.20342999999999992
0.20342999999999997
0.2035100000000001
0.20262999999999998
0.20329000000000008
0.20301000000000002
0.20305999999999996
0.20237000000000002
0.20298999999999992
0.20219
0.20088999999999996
0.20275999999999997
0.20341000000000004
0.20296000000000006
0.20355
0.20088
0.20231999999999994
0.2019700000000001
0.2016599999999999
0.20184000000000002
0.20410000000000014
0.19996999999999993
0.20022
0.20149
0.20278999999999997
0.20159
0.20209000000000002
0.2020700000000002
0.20078999999999994
0.20203999999999997
0.20125999999999997
0.2019900000000001
0.20274999999999996
0.20295
0.20248999999999995
0.20313999999999993
0.20414000000000004
0.20302000000000006
0.2029
0.2027899999999999
0.2042400000000001
0.20368000000000006
0.20504
0.20329999999999995
0.2036699999999999
0.20264
0.20146999999999995
0.19986000000000018
0.20207000000000008
0.20475
0.20244000000000006
0.20267
0.20335
0.20295000000000002
0.20331000000000007
0.20417000000000005
0.20437000000000002
0.20341000000000004
0.2042099999999999
0.20488000000000003
0.20431000000000016
0.20116000000000003
0.20387999999999992
0.20350999999999997
0.20223
0.20394999999999996
0.20570000000000008
0.20540000000000005
0.2047200000000001
0.20381
0.2027400000000001
0.2032899999999999
0.20206
0.2034999999999999
0.2039300000000002
0.20537999999999992
0.20231000000000005
0.2009499999999999
0.20079000000000005
0.19995000000000004
0.19981999999999991
0.20048000000000002
0.20180000000000006
0.20001000000000008
0.20083
0.20203000000000004
0.20126999999999992
0.20073999999999997
0.20126000000000002
0.20060000000000003
0.20064999999999997
0.20283
0.20448000000000008
0.20312999999999998
0.2035299999999999
0.2027999999999999
0.20278000000000007
0.20264999999999994
0.2021
0.20367999999999994
0.20323
0.20333999999999994
0.20369000000000004
0.20323
0.20142000000000007
0.2014500000000001
0.20093
0.19906999999999997
0.20017000000000004
0.20201999999999995
0.20075000000000007
0.20251000000000005
0.20325000000000004
0.2027
0.2053700000000001
0.20225
0.20218999999999998
0.20352000000000003
0.20458
0.20298000000000002
0.20318999999999993
0.20195999999999997
0.20275999999999997
0.20166
0.20209
0.20487000000000008
0.20500999999999997
0.20444000000000004
0.20450000000000002
0.20442999999999992
0.20358
0.2048
0.20345999999999997
0.20463000000000012
0.2034
0.20446
0.20752000000000007
0.20626999999999995
0.2034799999999999
0.2046700000000001
0.20557999999999996
0.20295
0.2047500000000001
0.20279000000000008
0.20214999999999994
0.20254000000000003
0.20162000000000016
0.20153999999999994
0.20142
0.20213
0.20179999999999992
0.20034
0.20166
0.20018
0.19943999999999995
0.20071000000000003
0.19955
0.19936000000000004
0.19924000000000003
0.20058000000000004
0.20185000000000006
0.19921999999999992
0.19921999999999998
0.19978000000000012
0.20037000000000005
0.20185000000000003
0.20370000000000002
0.20346999999999993
0.20375999999999997
0.20253000000000007
0.20088000000000006
0.20085000000000006
0.20012999999999997
0.20075000000000007
0.20037000000000002
0.19955000000000006
0.19996
0.20213
0.20231000000000005
0.20274000000000003
0.20323999999999998
0.20183999999999996
0.20125999999999988
0.20115999999999992
0.20285000000000009
0.2045200000000001
0.20346000000000009
0.20177
0.20198000000000005
0.20219
0.20081999999999994
0.20018999999999992
0.20512
0.2051
0.20609999999999995
0.20671000000000006
0.20493000000000006
0.20302000000000003
0.20003000000000007
0.20199999999999996
0.20027999999999987
0.2009400000000001
0.20132999999999995
0.2025800000000001
0.20046999999999998
0.20026000000000008
0.20034000000000007
0.20120999999999994
0.19892999999999997
0.20039999999999986
0.20207
0.20272999999999994
0.20419000000000004
0.2058100000000001
0.20317999999999997
0.20226000000000002
0.20370000000000002
0.20387999999999995
0.20242000000000007
0.20231000000000013
0.20484000000000008
0.20525999999999997
0.20330999999999994
0.20389000000000002
0.2016700000000001
0.20406000000000016
0.20546999999999996
0.20365000000000003
0.20406999999999997
0.20459
0.20386000000000007
0.2045300000000001
0.20557000000000009
0.20674000000000006
0.20690000000000006
0.20410999999999999
0.20482999999999993
0.20419999999999994
0.20643
0.20749999999999996
0.2054499999999999
0.20434999999999998
0.20396
0.20409999999999992
0.20591000000000004
0.20541000000000004
0.20427000000000006
0.20173999999999995
0.20258000000000007
0.20192000000000004
0.20156
0.20190999999999998
0.20336000000000007
0.2017
0.2021399999999999
0.20011000000000004
0.2021700000000001
0.20203
0.20442000000000007
0.20534000000000002
0.20368999999999995
0.20452
0.20351000000000005
0.20176
0.20331000000000007
0.20343000000000003
0.20314000000000004
0.20369999999999983
0.20561000000000007
0.20552000000000004
0.20185999999999996
0.20204999999999998
0.2026400000000001
0.2036
0.20292000000000004
0.20099000000000009
0.2007
0.19998000000000005
0.20102000000000012
0.19914
0.19876000000000002
0.20049999999999998
0.20212999999999998
0.20468000000000008
0.2058
0.20291
0.2018399999999999
0.20202000000000006
0.20231000000000002
0.20119000000000004
0.20242000000000004
0.20287000000000005
0.20349000000000006
0.20141999999999988
0.20282999999999995
0.20342999999999997
0.20339000000000002
0.20425000000000001
0.2051400000000001
0.20583999999999997
0.2024700000000001
0.20305999999999996
0.20212000000000002
0.20190999999999995
0.20318000000000008
0.2022499999999999
0.20278000000000002
0.20098999999999997
0.2028400000000001
0.20181000000000002
0.20400000000000013
0.2020800000000001
0.20334000000000002
0.20521
0.20512
0.2035499999999999
0.20107999999999998
0.20013000000000009
0.20156000000000007
0.20030000000000003
0.2031300000000001
0.2016000000000001
0.2007199999999999
0.20164999999999997
0.20268
0.20013999999999998
0.2023099999999999
0.20191999999999996
0.20361
0.20586
0.20522000000000012
0.20276
0.20393999999999984
0.20324
0.2040000000000001
0.20368000000000003
0.20328
0.20337000000000008
0.20342
0.20372999999999997
0.20563000000000003
0.2051
0.20289000000000004
0.2033299999999999
0.20461999999999997
0.20471000000000003
0.20572000000000007
0.20355000000000012
0.20468000000000008
0.20378000000000007
0.20186
0.20060000000000006
0.20263999999999988
0.20304000000000003
0.20295
0.20311999999999994
0.20227000000000012
0.2033
0.20088
0.2019700000000001
0.20394999999999996
0.2039700000000001
0.20299
0.2042399999999999
0.20526000000000008
0.20455000000000007
0.20371000000000003
0.20326
0.20317000000000005
0.20441000000000012
0.20291000000000006
0.20432000000000003
0.20387
0.20218999999999998
0.20426999999999992
0.2037400000000001
0.20354000000000005
0.20406000000000002
0.20171000000000006
0.20183000000000004
0.20174999999999998
0.20492000000000002
0.20363999999999996
0.20022
0.19988000000000003
0.20101
0.2022200000000001
0.20322000000000007
0.20321999999999996
0.20650000000000004
0.20458000000000007
0.20636
0.20266
0.20201000000000008
0.20276000000000002
0.20378
0.20209000000000013
0.2024400000000001
0.20362999999999995
0.20482000000000014
0.20317000000000005
0.20196999999999998
0.20179999999999995
0.20019
0.20184999999999997
0.2026300000000001
0.20360000000000003
0.20238999999999996
0.20088000000000006
0.20209999999999997
0.20262999999999998
0.2007800000000001
0.20266999999999993
0.20381
0.2027799999999999
0.20389
0.20391999999999996
0.20469
0.20501000000000003
0.20234000000000002
0.20199999999999999
0.20162
0.20455
0.20484000000000013
