0.19999999999999962
0.13951000000000002
0.10643000000000004
0.08483000000000004
0.07161999999999999
0.06189000000000002
0.05635999999999999
0.04906
0.04336999999999999
0.03983999999999999
0.03568999999999999
0.033269999999999994
0.03128999999999998
0.02867999999999998
0.026369999999999977
0.025589999999999984
0.02469999999999998
0.023759999999999986
0.02275999999999999
0.021829999999999985
0.021379999999999986
0.02075999999999999
0.01994999999999999
0.01921999999999998
0.01804999999999999
0.017639999999999992
0.017249999999999995
0.016489999999999998
0.015429999999999994
0.014489999999999996
0.013489999999999995
0.013040000000000001
0.013289999999999995
0.013089999999999997
0.012709999999999999
0.012110000000000001
0.011430000000000003
0.010900000000000003
0.010760000000000002
0.010670000000000002
0.010050000000000003
0.009530000000000005
0.009270000000000004
0.009380000000000005
0.009580000000000005
0.009630000000000005
0.009280000000000005
0.009050000000000004
0.008860000000000003
0.007790000000000004
0.007460000000000005
0.007080000000000004
0.006880000000000004
0.006990000000000004
0.007130000000000004
0.006860000000000004
0.006430000000000003
0.006370000000000003
0.005940000000000002
0.005980000000000003
0.005850000000000003
0.005820000000000003
0.005720000000000003
0.005510000000000002
0.0051800000000000014
0.004920000000000001
0.0052200000000000015
0.004720000000000001
0.0047300000000000016
0.004230000000000001
0.004250000000000002
0.0040500000000000015
0.00411
0.0037800000000000012
0.0037400000000000007
0.0037800000000000004
0.003470000000000001
0.003540000000000001
0.003520000000000001
0.0031300000000000004
0.0031300000000000013
0.0032900000000000013
0.0034400000000000008
0.0033500000000000005
0.0032500000000000007
0.002640000000000001
0.00264
0.0025
0.002790000000000001
0.00262
0.00265
0.00245
0.00264
0.0024699999999999995
0.00261
0.0025800000000000003
0.0026
0.00254
0.0024300000000000003
0.0022800000000000003
0.0020900000000000003
0.00218
0.00218
0.0021300000000000004
0.00188
0.0020100000000000005
0.00199
0.0017499999999999998
0.0016799999999999999
0.0016599999999999998
0.00189
0.00212
0.00193
0.0018000000000000002
0.0017900000000000001
0.00185
0.00181
0.0017400000000000002
0.0017200000000000002
0.00158
0.0014399999999999999
0.0014399999999999999
0.0013800000000000002
0.0014000000000000002
0.00125
0.00118
0.0011
0.00106
0.00103
9.9E-4
9.0E-4
9.9E-4
0.001
0.0010600000000000002
0.0011200000000000001
0.00114
0.00115
0.0011
9.9E-4
0.00115
9.000000000000001E-4
8.0E-4
6.999999999999999E-4
6.5E-4
6.1E-4
5.6E-4
5.0E-4
5.5E-4
6.6E-4
7.199999999999999E-4
7.8E-4
7.599999999999999E-4
6.4E-4
5.600000000000001E-4
5.8E-4
4.2E-4
3.7999999999999997E-4
4.5E-4
3.5999999999999997E-4
4.3999999999999996E-4
4.7E-4
5.1E-4
4.3999999999999996E-4
3.6E-4
3.7E-4
3.7000000000000005E-4
3.8999999999999994E-4
4.0E-4
4.3999999999999996E-4
4.3000000000000004E-4
4.1999999999999996E-4
4.2E-4
4.1999999999999996E-4
3.4E-4
3.0E-4
3.1E-4
3.3E-4
3.1E-4
2.5E-4
2.8000000000000003E-4
2.7E-4
2.9E-4
2.9E-4
2.3E-4
2.1999999999999998E-4
2.5E-4
2.9E-4
2.4E-4
1.7E-4
8.999999999999999E-5
7.000000000000001E-5
4.0E-5
2.0E-5
2.0E-5
1.0E-5
3.0E-5
1.0E-5
1.0E-5
2.0E-5
0.0
0.0
0.0
0.0
0.0
0.0
0.0
0.0
0.0
0.0
0.0
0.0
0.0
0.0
0.0
0.0
0.0
0.0
0.0
0.0
0.0
0.0
0.0
0.0
0.0
0.0
0.0
0.0
0.0
0.0
0.0
0.0
0.0
0.0
0.0
0.0
0.0
0.0
0.0
0.0
0.0
0.0
0.0
0.0
0.0
0.0
0.0
0.0
0.0
0.0
0.0
0.0
0.0
0.0
0.0
0.0
0.0
0.0
0.0
0.0
0.0
0.0
0.0
0.0
0.0
0.0
0.0
0.0
0.0
0.0
0.0
0.0
0.0
0.0
0.0
0.0
0.0
0.0
0.0
0.0
0.0
0.0
0.0
0.0
0.0
0.0
0.0
0.0
0.0
0.0
0.0
0.0
0.0
0.0
0.0
0.0
0.0
0.0
0.0
0.0
0.0
0.0
0.0
0.0
0.0
0.0
0.0
0.0
0.0
0.0
0.0
0.0
0.0
0.0
0.0
0.0
0.0
0.0
0.0
0.0
0.0
0.0
0.0
0.0
0.0
0.0
0.0
0.0
0.0
0.0
0.0
0.0
0.0
0.0
0.0
0.0
0.0
0.0
0.0
0.0
0.0
0.0
0.0
0.0
0.0
0.0
0.0
0.0
0.0
0.0
0.0
0.0
0.0
0.0
0.0
0.0
0.0
0.0
0.0
0.0
0.0
0.0
0.0
0.0
0.0
0.0
0.0
0.0
0.0
0.0
0.0
0.0
0.0
0.0
0.0
0.0
0.0
0.0
0.0
0.0
0.0
0.0
0.0
0.0
0.0
0.0
0.0
0.0
0.0
0.0
0.0
0.0
0.0
0.0
0.0
0.0
0.0
0.0
0.0
0.0
0.0
0.0
0.0
0.0
0.0
0.0
0.0
0.0
0.0
0.0
0.0
0.0
0.0
0.0
0.0
0.0
0.0
0.0
0.0
0.0
0.0
0.0
0.0
0.0
0.0
0.0
0.0
0.0
0.0
0.0
0.0
0.0
0.0
0.0
0.0
0.0
0.0
0.0
0.0
0.0
0.0
0.0
0.0
0.0
0.0
0.0
0.0
0.0
0.0
0.0
0.0
0.0
0.0
0.0
0.0
0.0
0.0
0.0
0.0
0.0
0.0
0.0
0.0
0.0
0.0
0.0
0.0
0.0
0.0
0.0
0.0
0.0
0.0
0.0
0.0
0.0
0.0
0.0
0.0
0.0
0.0
0.0
0.0
0.0
0.0
0.0
0.0
0.0
0.0
0.0
0.0
0.0
0.0
0.0
0.0
0.0
0.0
0.0
0.0
0.0
0.0
0.0
0.0
0.0
0.0
0.0
0.0
0.0
0.0
0.0
0.0
0.0
0.0
0.0
0.0
0.0
0.0
0.0
0.0
0.0
0.0
0.0
0.0
0.0
0.0
0.0
0.0
0.0
0.0
0.0
0.0
0.0
0.0
0.0
0.0
0.0
0.0
0.0
0.0
0.0
0.0
0.0
0.0
0.0
0.0
0.0
0.0
0.0
0.0
0.0
0.0
0.0
0.0
0.0
0.0
0.0
0.0
0.0
0.0
0.0
0.0
0.0
0.0
0.0
0.0
0.0
0.0
0.0
0.0
0.0
0.0
0.0
0.0
0.0
0.0
0.0
0.0
0.0
0.0
0.0
0.0
0.0
0.0
0.0
0.0
0.0
0.0
0.0
0.0
0.0
0.0
0.0
0.0
0.0
0.0
0.0
0.0
0.0
0.0
0.0
0.0
0.0
0.0
0.0
0.0
0.0
0.0
0.0
0.0
0.0
0.0
0.0
0.0
0.0
0.0
0.0
0.0
0.0
0.0
0.0
0.0
0.0
0.0
0.0
0.0
0.0
0.0
0.0
0.0
0.0
0.0
0.0
0.0
0.0
0.0
0.0
0.0
0.0
0.0
0.0
0.0
0.0
0.0
0.0
0.0
0.0
0.0
0.0
0.0
0.0
0.0
0.0
0.0
0.0
0.0
0.0
0.0
0.0
0.0
0.0
0.0
0.0
0.0
0.0
0.0
0.0
0.0
0.0
0.0
0.0
0.0
0.0
0.0
0.0
0.0
0.0
0.0
0.0
0.0
0.0
0.0
0.0
0.0
0.0
0.0
0.0
0.0
0.0
0.0
0.0
0.0
0.0
0.0
0.0
0.0
0.0
0.0
0.0
0.0
0.0
0.0
0.0
0.0
0.0
0.0
0.0
0.0
0.0
0.0
0.0
0.0
0.0
0.0
0.0
0.0
0.0
0.0
0.0
0.0
0.0
0.0
0.0
0.0
0.0
0.0
0.0
0.0
0.0
0.0
0.0
0.0
0.0
0.0
0.0
0.0
0.0
0.0
0.0
0.0
0.0
0.0
0.0
0.0
0.0
0.0
0.0
0.0
0.0
0.0
0.0
0.0
0.0
0.0
0.0
0.0
0.0
0.0
0.0
0.0
0.0
0.0
0.0
0.0
0.0
0.0
0.0
0.0
0.0
0.0
0.0
0.0
0.0
0.0
0.0
0.0
0.0
0.0
0.0
0.0
0.0
0.0
0.0
0.0
0.0
0.0
0.0
0.0
0.0
0.0
0.0
0.0
0.0
0.0
0.0
0.0
0.0
0.0
0.0
0.0
0.0
0.0
0.0
0.0
0.0
0.0
0.0
0.0
0.0
0.0
0.0
0.0
0.0
0.0
0.0
0.0
0.0
0.0
0.0
0.0
0.0
0.0
0.0
0.0
0.0
0.0
0.0
0.0
0.0
0.0
0.0
0.0
0.0
0.0
0.0
0.0
0.0
0.0
0.0
0.0
0.0
0.0
0.0
0.0
0.0
0.0
0.0
0.0
0.0
0.0
0.0
0.0
0.0
0.0
0.0
0.0
0.0
0.0
0.0
0.0
0.0
0.0
0.0
0.0
0.0
0.0
0.0
0.0
0.0
0.0
0.0
0.0
0.0
0.0
0.0
0.0
0.0
0.0
0.0
0.0
0.0
0.0
0.0
0.0
0.0
0.0
0.0
0.0
0.0
0.0
0.0
0.0
0.0
0.0
0.0
0.0
0.0
0.0
0.0
0.0
0.0
0.0
0.0
0.0
0.0
0.0
0.0
0.0
0.0
0.0
0.0
0.0
0.0
0.0
0.0
0.0
0.0
0.0
0.0
0.0
0.0
0.0
0.0
0.0
0.0
0.0
0.0
0.0
0.0
0.0
0.0
0.0
0.0
0.0
0.0
0.0
0.0
0.0
0.0
0.0
0.0
0.0
0.0
0.0
0.0
0.0
0.0
0.0
0.0
0.0
0.0
0.0
0.0
0.0
0.0
0.0
0.0
0.0
0.0
0.0
0.0
0.0
0.0
0.0
0.0
0.0
0.0
0.0
0.0
0.0
0.0
0.0
0.0
0.0
0.0
0.0
0.0
0.0
0.0
0.0
0.0
0.0
0.0
0.0
0.0
0.0
0.0
0.0
0.0
0.0
0.0
0.0
0.0
0.0
0.0
0.0
0.0
0.0
0.0
0.0
0.0
0.0
