0.19999999999999962
0.5294199999999999
0.69143
0.6281599999999999
0.6555200000000003
0.6422200000000001
0.64523
0.6462400000000005
0.6463300000000003
0.6460800000000002
0.6461100000000002
0.6455100000000001
0.64337
0.6489400000000001
0.6462699999999999
0.6477499999999999
0.6486399999999999
0.6462399999999999
0.6483299999999999
0.6440000000000003
0.6434100000000005
0.64949
0.6462699999999998
0.6441000000000002
0.6474599999999999
0.6466400000000001
0.6477600000000006
0.6463199999999999
0.6458900000000003
0.6445300000000003
0.6468500000000003
0.6436700000000001
0.6468399999999999
0.6461400000000002
0.6469000000000001
0.6465300000000002
0.6447000000000003
0.6474500000000003
0.6468600000000002
0.64441
0.6476500000000001
0.6456100000000002
0.64736
0.6471600000000005
0.6441100000000003
0.6460100000000003
0.64653
0.6458500000000003
0.64609
0.6450500000000002
0.64653
0.6436800000000001
0.6459700000000003
0.6463300000000001
0.6455400000000003
0.6476099999999998
0.6455899999999999
0.6477300000000003
0.64665
0.6444800000000002
0.6466100000000001
0.6448999999999999
0.6461800000000002
0.6472900000000001
0.6474000000000001
0.6459100000000002
0.6458200000000001
0.6475200000000001
0.6453900000000001
0.6459100000000002
0.64723
0.6442400000000003
0.6492399999999999
0.6457500000000002
0.64748
0.6453000000000002
0.64917
0.6458699999999999
0.6458400000000001
0.6467100000000001
0.6464800000000003
0.64542
0.6453000000000003
0.64346
0.6466900000000001
0.6468300000000002
0.6451200000000002
0.64614
0.64743
0.6466800000000003
0.6454600000000004
0.64602
0.64531
0.6464500000000001
0.6462600000000003
0.6459100000000003
0.6450100000000001
0.64508
0.6452700000000001
0.6467300000000001
0.6467100000000003
0.6472900000000001
0.6455200000000001
0.6483500000000001
0.6467200000000001
0.64524
0.6476000000000001
0.6459999999999999
0.64499
0.6465700000000002
0.6479500000000002
0.6463899999999999
0.6473999999999998
0.6461800000000001
0.6465900000000001
0.6501000000000003
0.6468600000000003
0.6467100000000003
0.6426999999999999
0.6486500000000001
0.6458600000000001
0.6471900000000003
0.6468700000000002
0.64667
0.64712
0.64696
0.6457
0.64539
0.6476599999999999
0.6470300000000003
0.6487199999999999
0.6453599999999998
0.6484499999999999
0.6449900000000003
0.6454
0.6443400000000001
0.6479800000000003
0.64487
0.6466699999999999
0.6484500000000001
0.6450099999999999
0.6446300000000005
0.6469500000000004
0.6457100000000002
0.64731
0.64688
0.6427800000000002
0.64829
0.6455899999999999
0.6460699999999998
0.6482199999999999
0.6466900000000002
0.6446200000000003
0.6461100000000001
0.6476399999999998
0.6461700000000001
0.6461400000000002
0.6470900000000002
0.6479600000000001
0.6469399999999998
0.64743
0.6464400000000002
0.64772
0.6451399999999999
0.6454400000000002
0.6478099999999999
0.6478100000000001
0.64724
0.6473600000000002
0.6463500000000002
0.6479900000000002
0.6454400000000002
0.6457
0.64727
0.6454700000000002
0.64503
0.6471700000000001
0.6492200000000001
0.6445900000000003
0.64636
0.6478400000000003
0.6458200000000002
0.6461300000000003
0.6478000000000002
0.6480000000000001
0.6449400000000002
0.6477899999999999
0.6459800000000001
0.6456200000000003
0.6438400000000003
0.64699
0.64748
0.6448800000000001
0.6463300000000003
0.6474400000000001
0.64483
0.6461600000000002
0.6462300000000001
0.6462700000000002
0.6483300000000001
0.6451299999999998
0.6461600000000002
0.6449000000000003
0.64527
0.6467400000000002
0.6461999999999999
0.6447000000000003
0.6466299999999999
0.6454200000000001
0.6499499999999999
0.6464300000000001
0.6499900000000003
0.6462700000000002
0.6459600000000001
0.6473299999999998
0.64669
0.6461100000000002
0.6470500000000002
0.6451100000000001
0.6483100000000002
0.6452000000000002
0.6477900000000001
0.6454100000000003
0.6471299999999998
0.6462
0.6455000000000001
0.6459600000000001
0.64608
0.64652
0.64683
0.6455900000000001
0.64699
0.6493800000000002
0.64699
0.6432599999999999
0.6476100000000001
0.64547
0.64605
0.6469600000000001
0.64986
0.6454100000000003
0.6455100000000001
0.6455500000000004
0.6462200000000001
0.6478800000000002
0.6434600000000001
0.6470699999999999
0.64776
0.6469900000000005
0.64524
0.64617
0.6465900000000001
0.6466000000000001
0.6454600000000004
0.6476599999999999
0.6461300000000003
0.6481800000000001
0.6457800000000004
0.6471800000000002
0.6437900000000002
0.6456900000000002
0.6458000000000002
0.6485100000000003
0.64486
0.6451600000000001
0.6445600000000001
0.6461000000000002
0.6448900000000001
0.6471700000000002
0.6442000000000001
0.6442100000000001
0.64815
0.6454000000000001
0.6475200000000002
0.6446899999999998
0.64662
0.6469700000000002
0.6458600000000001
0.6473199999999999
0.6469800000000001
0.6455100000000001
0.6468600000000002
0.6455700000000002
0.6467100000000001
0.64542
0.65061
0.6456700000000002
0.6461999999999999
0.6461600000000002
0.6468100000000002
0.6446000000000002
0.64703
0.6470200000000003
0.6450600000000003
0.6469000000000001
0.6462399999999999
0.6452900000000003
0.6478900000000003
0.64317
0.6459900000000003
0.6473300000000002
0.6454000000000002
0.6475900000000003
0.6443000000000001
0.6481800000000001
0.6454400000000002
0.6480900000000002
0.6455600000000002
0.6441500000000003
0.6475500000000001
0.6473800000000002
0.6453800000000003
0.64851
0.64771
0.6471899999999999
0.6480400000000002
0.6450700000000004
0.6484300000000003
0.6439200000000003
0.6452400000000003
0.6485600000000004
0.6443399999999998
0.6471900000000003
0.6441199999999996
0.6470600000000001
0.6465200000000002
0.6451400000000004
0.6467400000000001
0.6469000000000003
0.6457200000000003
0.6487700000000003
0.6477300000000003
0.6455600000000002
0.6473400000000001
0.6462200000000002
0.6462800000000002
0.6437099999999998
0.64869
0.6463100000000002
0.6450000000000001
0.6445699999999998
0.6470199999999998
0.6473899999999999
0.6485500000000002
0.64638
0.6449400000000003
0.6468900000000001
0.6467600000000001
0.6461700000000004
0.6486099999999996
0.6461200000000002
0.6471100000000001
0.6434900000000005
0.6451
0.6493700000000002
0.64364
0.6459500000000001
0.6445400000000002
0.6491200000000003
0.6480400000000001
0.6475900000000001
0.6449900000000003
0.6471899999999998
0.64739
0.6457600000000003
0.6462100000000001
0.6476400000000002
0.6475900000000001
0.6450800000000004
0.6470500000000002
0.6494000000000001
0.64614
0.64893
0.6444200000000002
0.6465599999999998
0.6438000000000001
0.6467500000000003
0.64676
0.6458700000000002
0.6435900000000003
0.6462500000000003
0.6455600000000001
0.6441500000000001
0.6475800000000003
0.6473
0.6453800000000001
0.6480000000000001
0.6452100000000002
0.6470400000000001
0.6460700000000003
0.6486100000000001
0.6421000000000002
0.64573
0.645
0.6477100000000003
0.6449900000000004
0.6466700000000002
0.6467800000000001
0.6448200000000003
0.6478100000000002
0.6457100000000005
0.64632
0.6464600000000003
0.6466100000000001
0.6452200000000002
0.6453100000000005
0.64798
0.6449099999999999
0.6439500000000001
0.6472400000000001
0.6435900000000001
0.6472200000000004
0.6436699999999999
0.6472300000000001
0.6459999999999999
0.6465599999999999
0.6457600000000003
0.64533
0.64531
0.6474899999999999
0.6448
0.6475900000000003
0.6457200000000001
0.64507
0.6466899999999999
0.6465100000000003
0.6465900000000004
0.6467100000000001
0.6490000000000004
0.64653
0.6456700000000001
0.6443300000000001
0.6488900000000002
0.6410000000000001
0.6486600000000001
0.64488
0.64538
0.6474400000000001
0.64547
0.6475500000000001
0.64603
0.6464500000000002
0.65044
0.6454800000000002
0.6445600000000001
0.6468599999999999
0.6466099999999999
0.6462200000000006
0.64851
0.6458800000000002
0.6471600000000002
0.6453700000000002
0.6476899999999999
0.6461
0.6454500000000002
0.6480100000000002
0.6456500000000003
0.6436200000000002
0.6455200000000003
0.64691
0.6460800000000004
0.6478700000000002
0.6450500000000003
0.6472100000000002
0.6450000000000002
0.6454099999999999
0.6441300000000002
0.6459600000000003
0.64822
0.64758
0.6464100000000004
0.64859
0.6465400000000001
0.6453500000000001
0.6507000000000002
0.6442300000000002
0.6467800000000001
0.6473000000000002
0.6457200000000003
0.6459999999999999
0.6485199999999999
0.6418200000000002
0.6484000000000001
0.6448100000000001
0.6488600000000001
0.6466799999999999
0.64568
0.6487000000000005
0.64524
0.64648
0.64662
0.6482500000000002
0.6466400000000003
0.6465100000000003
0.6463000000000002
0.6463000000000002
0.6476700000000004
0.64555
0.6478300000000001
0.6472000000000002
0.64707
0.6468700000000004
0.6432100000000003
0.6491800000000002
0.6467100000000002
0.6465300000000002
0.6454099999999999
0.64709
0.6460100000000001
0.6462000000000003
0.6457500000000003
0.6473400000000004
0.6478000000000003
0.6451199999999999
0.64687
0.6459000000000001
0.6482499999999999
0.6461100000000003
0.6456400000000001
0.6468100000000002
0.64708
0.64515
0.6474600000000001
0.6479599999999998
0.6454400000000001
0.6449400000000002
0.64433
0.6468700000000004
0.6468599999999999
0.6467000000000005
0.6456800000000001
0.64561
0.6477900000000001
0.6464500000000001
0.6481499999999998
0.6459400000000002
0.64451
0.6485199999999999
0.6438900000000001
0.6454200000000001
0.6483800000000001
0.6456100000000002
0.6451499999999997
0.64519
0.64471
0.6472000000000002
0.6476599999999998
0.6478800000000002
0.6448500000000003
0.6468500000000001
0.64602
0.6447300000000002
0.64937
0.6465300000000004
0.64712
0.6450300000000001
0.6470000000000004
0.6463199999999999
0.6461700000000001
0.6456700000000001
0.6455600000000001
0.6493899999999999
0.6451500000000003
0.6483200000000001
0.6473200000000002
0.6473700000000002
0.6481800000000003
0.6461500000000001
0.6460100000000003
0.6465700000000005
0.6461000000000001
0.6458400000000003
0.64668
0.6463300000000003
0.6481300000000004
0.6461199999999999
0.6470500000000001
0.6471100000000001
0.6450800000000001
0.6478900000000002
0.6458700000000003
0.6450500000000001
0.6465700000000002
0.6464800000000003
0.6476700000000001
0.6472
0.6464900000000001
0.6464900000000003
0.6450599999999999
0.6472400000000001
0.6476400000000001
0.6446300000000003
0.6467600000000003
0.6459699999999999
0.6465500000000002
0.64788
0.6483000000000001
0.6457300000000004
0.64594
0.6460599999999999
0.6454200000000004
0.6476500000000002
0.6464600000000005
0.6461400000000002
0.6438500000000001
0.6451100000000004
0.64633
0.6467000000000002
0.6469599999999999
0.6482200000000001
0.6465900000000001
0.6464800000000003
0.6475700000000003
0.6459200000000004
0.6443100000000002
0.6505700000000003
0.6440400000000003
0.6473400000000005
0.64794
0.6460000000000002
0.6487
0.6467400000000003
0.6463599999999999
0.6447900000000004
0.6471400000000002
0.6464600000000003
0.64712
0.6462600000000003
0.64439
0.6492100000000001
0.6443600000000003
0.64806
0.6448500000000003
0.6501799999999999
0.6448800000000001
0.6468600000000002
0.65022
0.6441
0.6477200000000002
0.6449100000000004
0.6447000000000003
0.6462800000000002
0.6478800000000001
0.64597
0.64494
0.6476700000000001
0.6442100000000001
0.64646
0.6451100000000001
0.6482600000000002
0.6476300000000005
0.6472200000000002
0.6438100000000003
0.6467300000000001
0.6454300000000002
0.6455700000000002
0.6463900000000002
0.6465000000000002
0.6463300000000001
0.6436000000000002
0.6466000000000003
0.64509
0.6455000000000003
0.6457500000000002
0.64621
0.6458700000000002
0.6466600000000002
0.6473000000000003
0.6456700000000001
0.6480500000000002
0.6478700000000001
0.6457200000000001
0.64777
0.6461399999999999
0.6462300000000003
0.6454900000000003
0.6475000000000003
0.6468700000000003
0.6459900000000002
0.6473399999999999
0.6445000000000002
0.6443900000000002
0.6472700000000005
0.6477800000000006
0.6461600000000004
0.6475100000000001
0.64683
0.6451600000000001
0.6473300000000003
0.6443700000000002
0.6471500000000003
0.6432700000000001
0.6461300000000001
0.6468999999999998
0.6461800000000004
0.6478100000000002
0.6457500000000002
0.6445000000000003
0.6465300000000004
0.64747
0.6487
0.6438100000000004
0.6471000000000003
0.6442000000000003
0.6459100000000001
0.6448900000000001
0.6450800000000004
0.6467999999999999
0.6449400000000003
0.6471100000000004
0.6440000000000003
0.6469600000000001
0.6462400000000003
0.6489800000000002
0.6434800000000002
0.6474399999999999
0.6458800000000001
0.6465800000000002
0.64631
0.6470999999999999
0.6454900000000003
0.6461000000000001
0.6476700000000004
0.6456199999999999
0.6453200000000002
0.6472200000000001
0.6485600000000004
0.6472600000000003
0.6453300000000003
0.6460300000000001
0.6467800000000004
0.6483199999999999
0.6481999999999999
0.6449800000000002
0.6466900000000002
0.6438100000000001
0.6468900000000002
0.6452900000000004
0.6440700000000003
0.6486400000000002
0.6467500000000005
0.6464
0.6452500000000001
0.6468100000000004
0.6489400000000001
0.6456000000000003
0.6454000000000001
0.6467200000000001
0.6456500000000002
0.64802
0.64522
0.6478999999999999
0.6440200000000003
0.6453500000000002
0.6494
0.6433800000000001
0.6485000000000001
0.6477899999999999
0.64467
0.6470400000000002
0.64509
0.6473000000000002
0.6481699999999999
0.6464800000000004
0.6470900000000002
0.64888
0.64514
0.6483500000000001
0.6462600000000006
0.6468700000000002
0.64775
0.6462900000000004
0.64777
0.64574
0.6473100000000004
0.6449200000000004
0.6460999999999999
0.64617
0.6441700000000001
0.6477200000000003
0.6434000000000001
0.6454300000000002
0.6481999999999999
0.6434399999999999
0.6474399999999999
0.6432700000000001
0.6497900000000001
0.64654
0.6453200000000001
0.6463200000000002
0.6439900000000002
0.6466800000000003
0.64849
0.6449300000000001
0.6459600000000003
0.6487800000000001
0.6455799999999999
0.64628
0.6492399999999999
0.6471700000000002
0.6441800000000003
0.6477
0.6445600000000001
0.6463000000000004
0.64636
0.6489800000000001
0.6442999999999999
0.6453099999999999
0.6471700000000001
0.64901
0.6462700000000002
0.6479400000000001
0.6447400000000001
0.6475300000000002
0.6474800000000002
0.6453600000000005
0.6464100000000002
0.6463600000000003
0.6476900000000001
0.64575
0.6477600000000002
0.6451600000000003
0.6460600000000001
0.6486400000000002
0.6467100000000001
0.64717
0.6490500000000003
0.6445800000000003
0.6469800000000001
0.6478
0.6474500000000002
0.6469099999999999
0.6474500000000001
0.6440900000000002
0.6477200000000001
0.6452700000000006
0.6481900000000002
0.6467700000000001
0.6458200000000001
0.6463300000000003
0.6457200000000002
0.6471200000000001
0.6480100000000003
0.6471399999999998
0.6457700000000002
0.6486300000000002
0.6467400000000005
0.6458100000000002
0.6471600000000001
0.6471600000000002
0.6463800000000003
0.6467400000000001
0.64645
0.6462400000000003
0.6474800000000002
0.64426
0.64569
0.6473700000000001
0.64467
0.6482799999999997
0.64593
0.6460200000000004
0.64634
0.64515
0.6452000000000001
0.6489800000000001
0.6450199999999999
0.64719
0.6458400000000003
0.64775
0.6438800000000002
0.64672
0.6443300000000001
0.6470900000000003
0.6475499999999998
0.6428200000000001
0.6486299999999998
0.6463100000000003
0.6470200000000003
0.6469900000000005
0.6457800000000001
0.6490800000000003
0.64414
0.6507599999999997
0.6442800000000001
0.6453200000000001
0.64667
0.6491499999999998
0.6440299999999999
0.6478900000000002
0.6449100000000001
0.6472400000000005
0.6455299999999998
0.6452700000000001
0.6471800000000001
0.6471000000000001
0.64485
0.6460300000000002
0.6465300000000004
0.6471099999999997
0.6457500000000002
0.6489700000000002
0.6439200000000004
0.6465799999999998
0.6486700000000002
0.6461000000000002
0.6460600000000004
0.6431800000000001
0.6463200000000003
0.64548
0.6467600000000001
0.6455200000000003
0.64557
0.6470600000000001
0.6484000000000001
0.6444400000000005
0.6457500000000003
0.6459400000000002
0.65006
0.6468400000000001
0.6485600000000002
0.6463400000000001
0.6451300000000002
0.6465799999999998
0.64709
0.64732
0.6453300000000002
0.6481000000000001
0.64569
0.6472100000000002
0.6440200000000003
0.6469899999999997
0.6447900000000003
0.6461100000000003
0.64681
0.6413300000000001
0.6488700000000001
0.6441600000000003
0.64829
0.6474600000000003
0.6483800000000002
0.6445000000000001
0.6465500000000002
0.6444500000000004
0.6468399999999999
0.6449100000000001
0.6488300000000004
0.6459200000000003
0.6462200000000005
0.64608
0.6463800000000002
0.64688
0.6478100000000001
0.6469500000000002
0.64488
0.6461900000000002
0.6472199999999999
0.6485000000000002
0.6448800000000001
0.6456600000000001
0.6476600000000002
0.6450800000000004
0.6498600000000002
0.6463000000000002
0.6431200000000002
0.6467600000000001
0.6460400000000003
0.6466999999999998
0.6474700000000001
0.6459699999999999
0.6470300000000002
0.64366
0.6448700000000003
0.6480600000000004
0.6462400000000004
0.6446600000000001
0.6454700000000002
0.64739
0.6452700000000005
0.6464300000000001
0.64622
0.64494
0.6449900000000001
0.64859
0.6449700000000003
0.6469400000000001
0.6452100000000003
0.64805
0.6442200000000001
0.64621
0.6472700000000002
0.64652
0.6471100000000001
0.6433300000000003
0.6436900000000001
0.6474099999999998
0.6468800000000001
0.6461400000000004
0.6468300000000002
0.64821
