0.19999999999999962
0.6019599999999999
0.45311000000000035
0.5747600000000004
0.4754099999999999
0.5575799999999999
0.4897700000000001
0.54485
0.4997
0.5380899999999998
0.5050999999999999
0.5337899999999999
0.5100000000000001
0.5289800000000001
0.5140300000000001
0.5251700000000004
0.5183900000000002
0.5202600000000001
0.5213800000000003
0.5205200000000001
0.5203200000000002
0.52146
0.52005
0.52025
0.5193500000000002
0.5198000000000002
0.5214000000000003
0.5186900000000001
0.5234600000000001
0.51737
0.5229300000000001
0.5177899999999999
0.5238099999999999
0.5167400000000001
0.52314
0.5194100000000001
0.52114
0.5200699999999999
0.52029
0.5194800000000002
0.5209899999999998
0.5191399999999998
0.5216200000000002
0.5202900000000001
0.5200200000000001
0.5195700000000003
0.5208000000000002
0.5197200000000001
0.5209300000000001
0.51947
0.5215599999999999
0.5200800000000002
0.5199100000000003
0.5208100000000002
0.5189400000000002
0.5207299999999999
0.5198700000000003
0.52047
0.5206000000000002
0.5206599999999999
0.5217200000000003
0.5191900000000002
0.5222900000000001
0.5183000000000001
0.5199600000000004
0.5194900000000002
0.5217200000000002
0.5199000000000001
0.5208900000000002
0.5203500000000001
0.5205400000000002
0.5187600000000001
0.52276
0.5185800000000002
0.5217600000000001
0.5180199999999999
0.5212400000000001
0.5197000000000002
0.5208700000000003
0.5209900000000002
0.5204000000000001
0.52114
0.5190200000000004
0.5208800000000001
0.5190900000000003
0.5226400000000002
0.5193700000000002
0.5208600000000003
0.5188500000000004
0.5220799999999999
0.51838
0.5207400000000001
0.5207400000000001
0.52093
0.5197600000000001
0.5203800000000001
0.5205100000000003
0.52026
0.5203600000000002
0.5204699999999999
0.5193900000000001
0.5217700000000002
0.5185100000000005
0.5208300000000005
0.5202899999999998
0.5200500000000001
0.5212100000000001
0.5189500000000002
0.52069
0.5209900000000003
0.5198300000000003
0.5204900000000001
0.5203300000000002
0.5204200000000003
0.5196100000000001
0.5217700000000001
0.5193599999999999
0.5211199999999999
0.5191300000000001
0.5230900000000002
0.5170400000000002
0.52314
0.51797
0.5230700000000001
0.5183800000000001
0.5226600000000002
0.5183800000000002
0.5226400000000003
0.51886
0.5207500000000004
0.51922
0.5207699999999998
0.5203
0.5188600000000001
0.5214200000000002
0.51955
0.5209300000000001
0.5197800000000001
0.5206400000000001
0.5195900000000002
0.5209699999999999
0.5190800000000001
0.5219999999999998
0.5194300000000003
0.5208700000000003
0.52033
0.5197799999999999
0.5219900000000002
0.5187200000000002
0.52178
0.5182600000000003
0.52374
0.5174700000000003
0.5225199999999998
0.5185
0.5212600000000002
0.521
0.51929
0.5208000000000002
0.5211700000000001
0.51985
0.5197299999999999
0.5191399999999998
0.52106
0.5194400000000001
0.5211300000000003
0.5197500000000002
0.5206400000000001
0.5199600000000003
0.52109
0.5191100000000003
0.5210400000000003
0.5192700000000005
0.5215900000000003
0.52024
0.52048
0.5186799999999999
0.5212400000000001
0.5201699999999998
0.5214400000000002
0.5192800000000003
0.5206500000000001
0.5196300000000004
0.5210100000000003
0.5213000000000004
0.5198100000000001
0.5199700000000003
0.5197900000000003
0.52071
0.5203900000000004
0.5211399999999999
0.5195700000000003
0.5192400000000004
0.5200199999999999
0.52127
0.5194100000000001
0.52092
0.5198700000000003
0.5205300000000002
0.51935
0.52153
0.5184900000000003
0.5214999999999999
0.5196099999999998
0.5221300000000003
0.5195800000000003
0.5205300000000002
0.5209300000000002
0.5191800000000001
0.5203000000000001
0.51995
0.5200499999999999
0.5219600000000001
0.51886
0.5219999999999999
0.5193000000000003
0.5217400000000001
0.5199300000000002
0.5199200000000004
0.5190099999999999
0.5202000000000002
0.5212400000000005
0.5202500000000002
0.5215700000000002
0.51897
0.5205400000000003
0.5197200000000002
0.52159
0.5195300000000002
0.5216000000000001
0.5199900000000002
0.5210500000000002
0.5198000000000002
0.5224100000000003
0.51961
0.52118
0.5196400000000003
0.5209100000000002
0.5204300000000002
0.5216200000000002
0.5208900000000004
0.5217400000000004
0.5188600000000002
0.5222600000000002
0.5190600000000001
0.5209600000000002
0.52042
0.5199900000000003
0.5198700000000003
0.5197900000000003
0.5206300000000001
0.51946
0.5210600000000001
0.5199300000000002
0.5203700000000003
0.5196300000000001
0.5194300000000003
0.5212500000000001
0.5187799999999999
0.5226
0.51885
0.5217100000000001
0.5190999999999999
0.5226500000000002
0.5181500000000003
0.5230899999999999
0.5177800000000002
0.52303
0.5185000000000002
0.5213100000000002
0.5192100000000002
0.5199800000000003
0.5207500000000002
0.5206700000000004
0.5192300000000001
0.5214200000000003
0.5190400000000002
0.5201500000000003
0.5200900000000002
0.5200200000000001
0.52085
0.5190400000000001
0.52146
0.51972
0.5209199999999998
0.5190500000000001
0.5216200000000002
0.52045
0.5208700000000003
0.5192000000000001
0.5213100000000002
0.5204500000000002
0.5188400000000002
0.52239
0.5186800000000001
0.5204000000000003
0.5218700000000003
0.5179000000000001
0.522
0.5172900000000002
0.5223600000000002
0.51841
0.5220000000000004
0.5206000000000001
0.5186800000000003
0.5214700000000001
0.5192400000000001
0.5221199999999999
0.5191100000000003
0.5210800000000002
0.52055
0.5205800000000003
0.5192900000000001
0.52097
0.5197800000000001
0.52143
0.5202300000000003
0.5191900000000003
0.5215100000000003
0.5209500000000002
0.5197200000000003
0.52106
0.5191200000000002
0.5212
0.51984
0.5198600000000001
0.5212400000000003
0.5191100000000002
0.5204700000000001
0.5200200000000001
0.5204000000000002
0.5205700000000004
0.5202300000000002
0.5199899999999998
0.5215599999999998
0.5189699999999999
0.5223100000000004
0.5187899999999998
0.5223
0.5178299999999999
0.5217700000000002
0.5195400000000002
0.52058
0.5199999999999999
0.5203500000000001
0.5215200000000002
0.51853
0.5212500000000001
0.5193700000000002
0.5204799999999998
0.5201700000000001
0.5191200000000002
0.52126
0.5188900000000003
0.5213300000000003
0.5198400000000001
0.5219000000000001
0.5188100000000001
0.5213700000000002
0.5202700000000001
0.5198400000000002
0.5221200000000003
0.5190400000000001
0.5199700000000003
0.52081
0.5202000000000002
0.5203700000000001
0.51993
0.52129
0.5190600000000003
0.5208700000000003
0.5193100000000003
0.52126
0.5184400000000002
0.5224500000000002
0.5175600000000004
0.5226700000000002
0.5182500000000002
0.5213300000000003
0.5200600000000003
0.5207000000000004
0.5196700000000001
0.52024
0.5214900000000002
0.5194700000000002
0.5207700000000002
0.5203800000000003
0.5199200000000002
0.5208699999999999
0.5199400000000003
0.5208500000000003
0.5221000000000003
0.5185100000000001
0.5220800000000003
0.5184500000000001
0.52256
0.5195900000000002
0.5222500000000001
0.5190700000000003
0.52083
0.5195000000000004
0.5207100000000002
0.5196599999999999
0.52175
0.51986
0.5219700000000003
0.5183900000000002
0.52203
0.5191799999999999
0.5208
0.5206800000000004
0.5192100000000003
0.52117
0.5195900000000001
0.5203900000000002
0.52012
0.5194600000000004
0.5194400000000001
0.5207200000000002
0.5205300000000004
0.5201399999999999
0.5209700000000003
0.5198700000000002
0.51991
0.5191500000000002
0.52154
0.5180499999999999
0.5226000000000002
0.5180699999999999
0.52314
0.5181300000000003
0.5216900000000002
0.51865
0.5224700000000003
0.5183700000000001
0.5205600000000001
0.5206700000000002
0.51984
0.5203100000000004
0.5210800000000002
0.5204700000000003
0.5208600000000001
0.51985
0.5218000000000003
0.5197700000000001
0.5204100000000002
0.5193800000000004
0.5214000000000002
0.5192200000000003
0.5202900000000004
0.52029
0.51969
0.5195500000000003
0.5212499999999999
0.5187700000000002
0.52162
0.51771
0.5217400000000002
0.5185900000000006
0.5237000000000002
0.5181300000000002
0.5226500000000002
0.51864
0.5219400000000004
0.5199700000000003
0.5218100000000002
0.5187100000000002
0.5218100000000003
0.5191300000000001
0.5209700000000002
0.5188100000000003
0.5223300000000003
0.5181700000000002
0.5222200000000001
0.5191400000000002
0.5211900000000003
0.5199100000000001
0.51949
0.5218500000000003
0.5190000000000005
0.5218400000000001
0.5188000000000003
0.52183
0.5189400000000005
0.5204900000000001
0.5203400000000002
0.5195200000000001
0.5220600000000002
0.5186100000000003
0.5227400000000002
0.5170000000000001
0.5233600000000002
0.5179800000000001
0.5227000000000003
0.5182000000000003
0.5210100000000001
0.52056
0.5204400000000002
0.5209700000000003
0.5206400000000001
0.5206500000000002
0.5196000000000004
0.5209599999999999
0.5192600000000003
0.5219000000000004
0.5188500000000001
0.5216900000000001
0.51979
0.5201200000000001
0.5204600000000001
0.5203000000000002
0.5201500000000003
0.52028
0.5202899999999999
0.5210100000000001
0.5195400000000003
0.5210300000000001
0.5191899999999999
0.5211400000000003
0.5201100000000003
0.51985
0.5198900000000001
0.5198100000000001
0.5200900000000002
0.52087
0.5199000000000001
0.52208
0.5188400000000003
0.5213800000000002
0.5168500000000003
0.5239900000000002
0.5175800000000002
0.5229000000000003
0.5183100000000003
0.5211200000000002
0.5200700000000004
0.5201100000000003
0.5205100000000001
0.5205000000000001
0.5202099999999998
0.5202700000000001
0.5201300000000003
0.5204400000000002
0.5184499999999997
0.5215600000000002
0.5180200000000001
0.52116
0.5193300000000001
0.5204300000000002
0.5200800000000002
0.5198999999999998
0.5194800000000003
0.5213100000000004
0.5198000000000002
0.5206800000000005
0.5206200000000001
0.5202300000000002
0.5202100000000001
0.5210800000000002
0.5197300000000004
0.5199900000000002
0.5195800000000002
0.5202700000000001
0.5212100000000003
0.5186400000000002
0.5228400000000003
0.5176300000000001
0.5239100000000003
0.5179900000000002
0.5223300000000001
0.5181100000000002
0.5223700000000002
0.5190800000000001
0.52181
0.5186500000000003
0.52085
0.5199400000000002
0.5189200000000002
0.52232
0.5203400000000001
0.5203600000000003
0.52073
0.5213800000000003
0.5187900000000002
0.5207200000000003
0.5203300000000002
0.52027
0.52046
0.5202500000000001
0.5202200000000001
0.5208699999999999
0.51894
0.52163
0.5203500000000001
0.5193600000000003
0.52148
0.5194800000000004
0.5201500000000002
0.5206600000000001
0.5209900000000002
0.5204400000000003
0.51977
0.5223200000000002
0.5169700000000005
0.5220200000000002
0.5196200000000002
0.5197500000000003
0.52151
0.5196500000000002
0.5228100000000001
0.5181100000000002
0.5224200000000001
0.5171100000000002
0.5225300000000002
0.51815
0.5231500000000001
0.5182999999999999
0.52066
0.5215900000000001
0.51884
0.52007
0.5211300000000003
0.5191000000000002
0.5213800000000003
0.5191100000000002
0.5213100000000002
0.5201400000000002
0.52123
0.5201699999999999
0.52119
0.5203900000000001
0.52047
0.5203000000000002
0.5192500000000004
0.52166
0.5191599999999998
0.5221600000000002
0.51878
0.5223300000000001
0.5189700000000002
0.5217500000000002
0.5198400000000003
0.5218600000000002
0.5196600000000001
0.5209500000000001
0.5194200000000003
0.5218600000000003
0.5200199999999999
0.52108
0.5208100000000002
0.5193300000000002
0.5219600000000003
0.5185700000000002
0.5216200000000001
0.5187400000000002
0.52215
0.5186600000000003
0.5221800000000002
0.5188200000000001
0.5222400000000005
0.5193
0.5217500000000002
0.5193900000000002
0.5203500000000002
0.5200400000000002
0.5205400000000001
0.5199100000000001
0.5221400000000004
0.5184599999999998
0.52249
0.51852
0.5221400000000002
0.5179100000000002
0.5224500000000003
0.5193400000000002
0.52286
0.5187500000000002
0.5219400000000002
0.5191100000000003
0.5207400000000001
0.5199000000000001
0.5203
0.5195500000000003
0.5209900000000002
0.52044
0.5204400000000002
0.5197199999999998
0.5221900000000002
0.5182400000000001
0.5215700000000003
0.5193800000000003
0.5213600000000004
0.5194100000000003
0.5210300000000001
0.5198100000000001
0.5216100000000001
0.5185800000000004
0.5211900000000002
0.5193400000000002
0.5203200000000002
0.5215300000000003
0.5194700000000002
0.5215400000000001
0.5189700000000002
0.5216300000000001
0.5182300000000003
0.5207399999999999
0.5202800000000002
0.5199900000000001
0.5218000000000002
0.5196100000000002
0.5227399999999999
0.51947
0.52061
0.5196600000000001
0.5215
0.5192400000000003
0.5201700000000001
0.5199100000000001
0.5201199999999999
0.5209900000000002
0.5190000000000003
0.5212300000000003
0.5197800000000002
0.5210900000000003
0.52046
0.5200700000000001
0.52092
0.5197200000000001
0.5203000000000001
0.5201400000000005
0.5195600000000001
0.52178
0.5187100000000001
0.52233
0.5198400000000002
0.5195600000000001
0.51948
0.5206000000000003
0.5200900000000003
0.5223400000000001
0.5184200000000002
0.5217600000000001
0.5197200000000002
0.5227300000000001
0.51898
0.5204200000000001
0.51961
0.5198700000000003
0.5191300000000002
0.5210200000000003
0.52083
0.5200100000000002
0.5211900000000003
0.5203000000000002
0.5200700000000001
0.5203500000000006
0.5208400000000003
0.5194600000000003
0.5212
0.5190399999999998
0.52108
0.5202899999999999
0.52087
0.51992
0.5191100000000003
0.5219200000000004
0.5189900000000002
0.5220300000000002
0.5187800000000002
0.5215000000000003
0.5183700000000001
0.5214000000000002
0.5197100000000001
0.51987
0.5203900000000001
0.5191800000000001
0.5207000000000002
0.5196900000000004
0.5214100000000004
0.5193900000000002
0.52131
0.5177700000000001
0.5232700000000002
0.5179400000000001
0.52329
0.5182800000000002
0.5234899999999998
0.5179900000000002
0.52291
0.5186600000000001
0.5214000000000002
0.5193000000000002
0.5197200000000002
0.5203400000000001
0.5210000000000001
0.5195200000000001
0.5213000000000003
0.5184900000000002
0.5224499999999999
0.5191800000000001
0.5217600000000001
0.5196000000000002
0.5203400000000001
0.51946
0.52131
0.5190600000000001
0.5210200000000004
0.5191499999999999
0.5213300000000001
0.5192500000000001
0.5211000000000001
0.5204099999999999
0.51947
0.5220300000000004
0.5188999999999999
0.5216200000000003
0.5207500000000002
0.5196300000000001
0.52022
0.5202500000000001
0.5205100000000004
0.5201600000000001
0.5214000000000002
0.5190200000000003
0.5210200000000001
0.5189800000000001
0.5216399999999999
0.52
0.5204900000000001
0.5211400000000005
0.5194000000000003
0.5208400000000002
0.51971
0.5207400000000002
0.5205100000000003
0.5191900000000004
0.52143
0.5216000000000001
0.51959
0.5208200000000002
0.5212200000000001
0.5186600000000002
0.5219300000000002
0.5182700000000001
0.5222700000000001
0.5188100000000001
0.5211199999999999
0.5192900000000001
0.52194
0.5186200000000002
0.5223800000000002
0.5198700000000004
0.5203400000000001
0.5203900000000004
0.5196400000000001
0.5209100000000002
0.51988
0.5208600000000001
0.5207900000000002
0.5197600000000002
0.5198999999999999
0.52036
0.5200100000000001
0.5204500000000002
0.5211200000000001
0.5194900000000001
0.52195
0.51912
0.5216199999999999
0.5193900000000002
0.5214100000000002
0.5200000000000002
0.5201699999999999
0.5219300000000002
0.5187200000000002
0.52068
0.52041
0.5205200000000003
0.5198900000000002
0.5225000000000002
0.5178
0.5229599999999999
0.5190300000000003
0.52145
0.5199700000000003
0.5218400000000002
0.5191600000000001
0.5213300000000004
0.5190100000000003
0.5196900000000003
0.5212700000000001
0.5195300000000003
0.5206800000000001
0.5189400000000002
0.5201400000000003
0.5197100000000003
0.52123
0.5191300000000003
0.52014
0.5194300000000002
0.52229
0.5193900000000002
0.5213000000000003
0.5197100000000002
0.5206200000000004
0.5198100000000002
0.5206100000000001
0.5203400000000002
0.52092
0.5193600000000003
0.5212000000000004
0.5200500000000002
0.5216
0.5185299999999998
0.5206
0.52106
0.5180700000000001
0.5220000000000001
0.5183000000000001
0.5227399999999999
0.5192600000000002
0.5218700000000003
0.51892
0.5220099999999999
0.5189600000000003
0.5215400000000002
0.5188500000000001
0.5213199999999998
0.51849
0.5227799999999998
0.51796
0.5227400000000002
0.5191600000000001
0.52114
0.5194700000000002
0.5202600000000001
0.5197500000000004
0.5215900000000001
0.5190000000000003
0.52146
0.5195100000000001
0.5200500000000001
0.5205500000000004
0.5195200000000001
0.52152
0.5203800000000001
0.5205800000000002
0.5203600000000005
0.5193100000000002
0.52013
0.5213300000000001
0.5188700000000004
0.5215000000000001
0.51749
0.5226799999999999
0.5183700000000001
0.5221500000000002
0.5196199999999999
0.5217100000000001
0.5197100000000002
0.5203700000000001
0.5198800000000003
0.5209600000000002
0.52019
0.5203900000000001
0.5201100000000003
0.5224300000000002
0.5177400000000003
0.5222300000000001
0.5190000000000002
0.5212400000000003
0.5198200000000002
0.5234800000000002
0.5182800000000003
0.5207
0.5214000000000001
0.5203900000000001
0.5202199999999999
0.5195400000000001
0.5209600000000002
0.5190600000000001
0.5212300000000002
0.5202100000000002
0.5198400000000004
0.51983
0.5212800000000003
0.5203600000000002
0.5198400000000004
0.5206300000000001
0.5192400000000001
0.5213200000000001
0.5200400000000003
0.5208100000000002
0.52044
0.5205300000000002
0.5202100000000002
0.5216400000000001
0.5192100000000001
0.5210500000000002
