0.19999999999999962
0.20539000000000002
0.22499999999999998
0.23817
0.24534999999999993
0.24759000000000003
0.24829
0.24954
0.25012999999999996
0.2541
0.25223999999999996
0.24993000000000007
0.24978999999999996
0.25215000000000004
0.2508900000000001
0.25031
0.25281000000000003
0.2527100000000001
0.25216
0.25244
0.25499
0.25301999999999997
0.2538199999999998
0.2523400000000001
0.25099
0.25251
0.25244999999999995
0.25301000000000007
0.25098000000000004
0.249
0.24888
0.25068000000000007
0.25253999999999993
0.25443
0.25379999999999997
0.2534799999999999
0.25479000000000007
0.25406
0.25345
0.2508000000000001
0.2531100000000001
0.2517099999999999
0.25196999999999997
0.2525299999999999
0.2529100000000001
0.25243999999999994
0.2537
0.25282999999999994
0.25428000000000006
0.25277
0.2522500000000001
0.25042000000000003
0.24934999999999996
0.25132
0.24980999999999995
0.24989999999999998
0.24767999999999998
0.24878000000000003
0.25225000000000003
0.2527600000000001
0.2522
0.25382
0.25166
0.25216
0.25532
0.25461
0.2532500000000002
0.2529399999999999
0.25210999999999995
0.25212
0.2519600000000002
0.25258
0.25487000000000004
0.2531
0.25064000000000003
0.2519100000000002
0.25181000000000003
0.2514499999999999
0.25167999999999996
0.25300999999999996
0.25203
0.25422000000000006
0.25243
0.25146000000000013
0.25087
0.24994000000000008
0.24872999999999998
0.25191
0.25327999999999995
0.25266
0.25151
0.25256999999999996
0.25218
0.25066
0.25267999999999996
0.25073999999999996
0.25063
0.25179000000000007
0.25293000000000004
0.25035
0.2532399999999999
0.251
0.25133999999999995
0.24997
0.25009999999999993
0.25091000000000013
0.2503200000000001
0.2481
0.25026
0.2526000000000001
0.2526199999999999
0.25233999999999995
0.25456
0.25337
0.25318999999999997
0.25250999999999985
0.2534
0.2528399999999999
0.25322000000000006
0.25248
0.25223
0.25307999999999997
0.25224
0.25183000000000005
0.25435999999999986
0.25476000000000004
0.25253
0.2542500000000001
0.2525800000000002
0.2549800000000001
0.25251999999999997
0.25703000000000004
0.25314999999999993
0.25187000000000004
0.2509500000000001
0.2520100000000001
0.25352
0.25159000000000004
0.25170000000000015
0.2508
0.2527799999999999
0.2496399999999999
0.24928000000000014
0.25229
0.25088
0.25073
0.25064999999999993
0.2529
0.25427
0.25382000000000005
0.25053000000000003
0.25206000000000006
0.25112
0.25386000000000014
0.2502899999999999
0.25298
0.25060000000000016
0.24885000000000013
0.25205000000000016
0.2534099999999998
0.2530900000000001
0.252
0.25187
0.25151
0.2508999999999999
0.2511999999999999
0.25000999999999995
0.2515
0.25134
0.25371999999999995
0.25241
0.2504700000000001
0.24913999999999992
0.2510300000000001
0.25028
0.2529699999999999
0.2532800000000001
0.2523200000000001
0.25301
0.25011000000000005
0.2500400000000001
0.25294000000000005
0.25116999999999995
0.24975000000000006
0.25093
0.25024000000000013
0.24910999999999997
0.24818000000000004
0.24964999999999993
0.25034000000000006
0.2518600000000001
0.2523099999999999
0.2527900000000001
0.2531699999999999
0.2524900000000001
0.2525300000000001
0.2535899999999998
0.25225000000000014
0.25333999999999995
0.25311999999999985
0.25165000000000004
0.25167000000000006
0.25310000000000005
0.25067000000000006
0.25096
0.24982999999999994
0.24806000000000009
0.24877000000000002
0.24693999999999997
0.2500199999999999
0.2522200000000001
0.25321999999999995
0.25339
0.25455000000000005
0.25463
0.2546600000000001
0.25286999999999993
0.2544700000000001
0.25389999999999996
0.25494999999999995
0.25148
0.2542100000000001
0.25399999999999995
0.25300000000000006
0.25367999999999996
0.2526400000000001
0.2522199999999999
0.25361000000000006
0.25322
0.2535899999999999
0.25467000000000006
0.25246
0.25189
0.2525499999999999
0.2530199999999999
0.25122000000000005
0.25144999999999995
0.2519099999999998
0.2521099999999999
0.25292
0.25144000000000005
0.2517499999999999
0.25187000000000004
0.25550000000000006
0.25259
0.25216999999999984
0.2541299999999999
0.2531700000000001
0.25361999999999996
0.2510000000000001
0.24896000000000004
0.25027000000000005
0.2493700000000001
0.25134000000000006
0.25275
0.24832
0.24982000000000004
0.24922000000000014
0.25012999999999996
0.25260000000000005
0.25207000000000007
0.25335
0.25234
0.25117
0.2506500000000001
0.25205
0.25307
0.2516
0.25419
0.25095999999999996
0.25009
0.25112000000000007
0.24964000000000003
0.2507600000000001
0.2521799999999998
0.25194000000000005
0.25164000000000014
0.25236000000000014
0.2535799999999999
0.2533000000000001
0.2490599999999999
0.25138999999999995
0.2518299999999999
0.25282
0.2538699999999999
0.25504000000000004
0.2542100000000001
0.2539400000000001
0.25356000000000006
0.25306
0.2501300000000001
0.25089000000000006
0.25148999999999994
0.25118000000000007
0.24835000000000013
0.25051000000000007
0.25105000000000005
0.25182000000000015
0.2544700000000001
0.25166000000000005
0.25177
0.25176999999999994
0.252
0.2532199999999999
0.25326
0.25237000000000015
0.25292
0.25304
0.2522699999999999
0.25297
0.25267999999999996
0.25201999999999997
0.25348000000000004
0.2528500000000001
0.25231000000000003
0.25181999999999993
0.25112
0.2526600000000001
0.25171
0.2532100000000001
0.2537000000000001
0.25310000000000005
0.2527100000000001
0.2537600000000001
0.2502200000000002
0.25032000000000004
0.25251999999999986
0.25337
0.2524799999999999
0.25184000000000006
0.25125000000000003
0.2522299999999999
0.2533999999999999
0.25297000000000003
0.25356
0.25532
0.25366000000000005
0.25156
0.25264
0.2513500000000001
0.2517400000000001
0.2515400000000001
0.24965000000000007
0.25077
0.24953
0.25128
0.25259000000000004
0.2519100000000001
0.2508999999999999
0.2526400000000001
0.2524200000000001
0.25252
0.25304999999999994
0.25201999999999997
0.25217
0.25277000000000005
0.25153000000000003
0.2534099999999999
0.25093000000000015
0.25070000000000003
0.25022999999999995
0.25146
0.2527600000000001
0.25420000000000004
0.25322999999999996
0.25362000000000007
0.25101
0.25189999999999996
0.24815
0.24836999999999992
0.24981
0.2503900000000001
0.2507500000000002
0.25199000000000005
0.25157
0.2508900000000001
0.25435
0.25322999999999996
0.2518599999999999
0.2512500000000001
0.25133000000000005
0.25003999999999993
0.25065999999999994
0.25048000000000004
0.2502000000000001
0.25105000000000005
0.25066000000000005
0.25181000000000003
0.25070999999999993
0.25305999999999995
0.25187
0.2507
0.25093
0.25256000000000006
0.25145
0.24992999999999999
0.24918000000000007
0.24982000000000018
0.2527800000000001
0.25235
0.25017
0.25072999999999995
0.24973000000000006
0.25051000000000007
0.25099
0.25243000000000004
0.2526499999999999
0.25193999999999994
0.2511399999999999
0.25002
0.24985
0.25206000000000006
0.25253
0.25312999999999997
0.25356999999999996
0.2527500000000001
0.25125
0.2517899999999999
0.25089999999999996
0.25244
0.25156999999999996
0.25214000000000003
0.25421
0.25159999999999993
0.25378
0.25536000000000003
0.25415999999999994
0.25337000000000004
0.2541
0.25171
0.2543
0.25279999999999997
0.25592
0.25494000000000017
0.2526300000000001
0.25041000000000013
0.25101
0.25059999999999993
0.25012
0.2526399999999999
0.25096999999999997
0.25108
0.24975000000000003
0.25062
0.25470999999999994
0.25370999999999994
0.25382
0.25475999999999993
0.25359000000000004
0.25190999999999986
0.25185
0.2529600000000002
0.2512199999999999
0.24907
0.25057
0.24960000000000007
0.24981999999999993
0.24897999999999995
0.25141
0.25162999999999996
0.25194999999999995
0.25387000000000004
0.2544400000000001
0.2543100000000001
0.25434999999999997
0.25337999999999994
0.25232000000000004
0.25231999999999993
0.2525599999999999
0.25417000000000006
0.25253999999999993
0.2520799999999999
0.25406000000000006
0.25305000000000005
0.25353000000000014
0.25356000000000006
0.2539200000000001
0.25473
0.2533100000000001
0.25169
0.24996999999999997
0.25174
0.24968999999999986
0.25058
0.25145
0.25499999999999995
0.25312000000000007
0.2516500000000001
0.25279
0.25262
0.25338
0.25276000000000004
0.25082
0.2528199999999999
0.2523599999999999
0.25137
0.25114000000000003
0.25354000000000004
0.25194000000000005
0.25295000000000006
0.25355000000000005
0.25247000000000014
0.25077000000000005
0.25146
0.2516599999999999
0.24922000000000008
0.25049000000000005
0.2519100000000001
0.2529199999999999
0.2533300000000001
0.25059000000000003
0.25081000000000003
0.25222999999999995
0.2513600000000001
0.25240000000000007
0.25286000000000003
0.2546899999999999
0.25494999999999995
0.25397000000000003
0.25402
0.25217
0.25131000000000014
0.25262
0.25245999999999996
0.25371000000000005
0.2528400000000001
0.25384999999999996
0.25103999999999993
0.25306000000000006
0.25337
0.25237000000000004
0.24972999999999995
0.25233
0.25232000000000004
0.25288
0.2538800000000001
0.25202999999999987
0.25276999999999994
0.25381999999999993
0.25144999999999995
0.2501000000000001
0.2501300000000001
0.2524600000000001
0.2535800000000001
0.2533700000000001
0.25212999999999997
0.25200000000000006
0.25355000000000005
0.25298000000000004
0.25211
0.2525899999999999
0.25443999999999994
0.25403000000000003
0.25032000000000015
0.25146
0.2518699999999999
0.2504800000000001
0.25089
0.25179000000000007
0.2508900000000001
0.2518199999999999
0.24951999999999994
0.24965999999999997
0.25159000000000004
0.25048
0.25192000000000003
0.25422000000000006
0.25133000000000005
0.25172
0.2529799999999999
0.25379999999999997
0.25089
0.25310999999999995
0.25303000000000003
0.25415000000000004
0.25207
0.25321000000000005
0.25338000000000005
0.25192
0.25327999999999995
0.25139999999999996
0.25326000000000004
0.25132999999999994
0.2524200000000001
0.25055000000000005
0.25333000000000006
0.2508
0.2503300000000001
0.24912999999999993
0.25182000000000004
0.25447000000000003
0.2529899999999999
0.25222000000000006
0.25321
0.2545400000000001
0.25459000000000004
0.2533400000000002
0.25212000000000007
0.25169
0.2517899999999999
0.25085999999999997
0.25175
0.25342999999999993
0.25089
0.2508899999999999
0.2515500000000001
0.25161999999999995
0.25184000000000006
0.25173
0.25172000000000005
0.25181000000000003
0.25161
0.25057000000000007
0.25128000000000006
0.2516900000000001
0.25251999999999997
0.2537
0.25174
0.25132999999999994
0.2508999999999999
0.25044
0.2505
0.2526600000000001
0.2518800000000001
0.25306999999999996
0.25348
0.2527999999999999
0.25139000000000006
0.2523100000000001
0.25263000000000013
0.2520400000000001
0.25422
0.25349
0.2519100000000002
0.25291
0.25055000000000005
0.25217999999999996
0.25179999999999997
0.24988000000000002
0.2502699999999999
0.25033
0.25088999999999995
0.25107999999999997
0.25188999999999995
0.252
0.2527999999999999
0.25223000000000007
0.2513200000000001
0.2509900000000001
0.25190000000000007
0.25144
0.2500700000000002
0.25213
0.25151
0.2522400000000001
0.25031
0.24957999999999994
0.24999000000000002
0.2500300000000001
0.25027
0.25033000000000005
0.2504700000000001
0.2527800000000001
0.2508100000000001
0.2516700000000001
0.25281
0.2528000000000001
0.25366
0.25181000000000003
0.25310000000000005
0.2531200000000002
0.25406
0.25176000000000004
0.25154
0.2544400000000001
0.2515400000000001
0.25168
0.25257999999999997
0.2517500000000001
0.2503
0.25089000000000006
0.24916999999999992
0.25251
0.2538100000000001
0.25413999999999987
0.25295000000000006
0.25357
0.25333000000000006
0.2536300000000001
0.25458000000000003
0.25300999999999996
0.25395
0.2533
0.24974000000000016
0.25007999999999997
0.25045000000000006
0.25099000000000005
0.25482999999999995
0.25248000000000004
0.24982999999999997
0.25187
0.25204
0.25163
0.25287
0.25349000000000005
0.25445999999999985
0.25457
0.2510899999999999
0.25195
0.25196000000000013
0.25015
0.2518299999999999
0.24964000000000003
0.2500699999999999
0.25213000000000013
0.25091
0.25245000000000006
0.25509
0.25182999999999994
0.25261999999999996
0.2513099999999999
0.2517400000000001
0.25322999999999996
0.25423999999999985
0.2518200000000001
0.2520399999999999
0.2509499999999999
0.25204000000000004
0.25022
0.25273999999999985
0.2514300000000001
0.25075000000000003
0.2500900000000001
0.25072999999999995
0.25036
0.24996000000000002
0.2504799999999999
0.25092000000000003
0.25066999999999995
0.2505899999999999
0.25092000000000014
0.25376999999999994
0.25224
0.2513900000000001
0.25037000000000004
0.2503600000000001
0.2506300000000001
0.25231000000000003
0.25346
0.25323999999999997
0.25237
0.25417000000000023
0.25417
0.2525599999999999
0.25257999999999997
0.25243
0.25253000000000014
0.25020999999999993
0.25249999999999995
0.25505
0.2533200000000001
0.2520599999999999
0.25142000000000003
0.2522200000000001
0.25101000000000007
0.2530199999999999
0.25218
0.2511500000000001
0.25064
0.24979999999999994
0.2505899999999999
0.25229
0.25204
0.25288000000000005
0.25324
0.25203999999999993
0.25154000000000015
0.2508200000000001
0.25050999999999995
0.24813999999999986
0.24933000000000002
0.2501600000000001
0.25470000000000004
0.25205
0.24923
0.25071999999999994
0.25153000000000003
0.25022
0.25001
0.25427999999999995
0.25412999999999997
0.25075
0.25099999999999995
0.2509
0.24991999999999998
0.24931999999999996
0.2515300000000001
0.2526000000000001
0.2516399999999999
0.2525100000000002
0.25192
0.25307999999999997
0.25297
0.25122000000000005
0.25061000000000005
0.25135999999999986
0.25027000000000005
0.25262999999999997
0.2534400000000001
0.2532699999999999
0.2517600000000002
0.25229
0.25091
0.25373000000000007
0.25394000000000005
0.25492999999999993
0.2555799999999999
0.2526
0.2531900000000001
0.25381
0.25615000000000004
0.25301999999999997
0.25134000000000006
0.25148999999999994
0.25088000000000005
0.24856000000000011
0.2505
0.24728000000000006
0.25155999999999995
0.2504
0.24996000000000007
0.25083999999999995
0.2502700000000001
0.24908000000000008
0.2516900000000001
0.25076
0.2527899999999999
0.25340999999999997
0.25455
0.25470999999999994
0.25188999999999995
0.2524900000000001
0.2533100000000001
0.25109000000000004
0.25084
0.24959000000000006
0.2508100000000001
0.2518099999999999
0.25137
0.25111
0.25123000000000006
0.2524900000000002
0.2513000000000001
0.25261
0.25054
0.24949000000000005
0.25031
0.24819000000000013
0.2531000000000001
0.25173000000000006
0.25189000000000006
0.25099
0.2504
0.24823000000000006
0.24933000000000002
0.24974000000000007
0.25261999999999996
0.25002000000000013
0.25184000000000006
0.25224
0.25091
0.25119
0.2525200000000001
0.25225999999999993
0.25297000000000014
0.25120000000000003
0.24996000000000007
0.2504799999999999
0.25148000000000004
0.25085
0.24970000000000003
0.25071
0.2518200000000001
0.25450999999999996
0.2522400000000001
0.25289999999999996
0.2547199999999999
0.25591
0.25339
0.25453000000000003
0.25033
0.25253
0.25079
0.25096
0.25161999999999995
0.25345
0.2536000000000001
0.2502
0.2510199999999999
0.25179
0.25239999999999996
0.25148000000000004
0.25115000000000004
0.25224
0.25091
0.24975000000000006
0.2505600000000001
0.24996
0.25094999999999995
0.25167
0.252
0.24985999999999997
0.25045
0.25116
0.25128999999999996
0.25173
0.25261000000000006
0.25349
0.2517500000000001
0.25061000000000005
0.2518
0.2512100000000001
0.25073999999999996
0.25296
0.2525300000000001
0.2512600000000001
0.25355
0.25384000000000007
0.25294000000000005
0.25319000000000014
0.25251000000000007
0.2540799999999999
0.25238000000000005
0.25245999999999996
0.25312
0.2550500000000001
0.25367000000000006
0.2529
0.25232000000000004
0.25272000000000017
0.2515199999999999
0.25068000000000007
0.25001000000000007
0.25048999999999993
0.25300000000000006
0.2510600000000001
0.25224
0.25476000000000004
0.25382000000000005
0.25358
0.25255000000000005
0.2540700000000001
0.25412
0.25234
0.25307999999999997
0.2509300000000001
0.25083
0.25052
0.25239000000000006
0.25245000000000006
0.25145999999999985
0.25192000000000003
0.2508100000000001
0.25209
0.2533
0.25389999999999985
0.2524800000000001
0.25297000000000003
0.2522299999999999
0.25394
0.2549199999999999
0.2528
0.2543
0.25209000000000004
0.2540100000000001
0.25297000000000003
0.2532200000000001
0.2537300000000001
0.25039000000000006
0.25186000000000003
0.25226000000000004
0.25213
0.2515799999999999
0.25226000000000004
0.25190999999999997
0.25085999999999997
0.25098000000000004
0.2510499999999999
0.2495
0.2490100000000001
0.2475700000000001
0.24930000000000008
0.24979000000000007
0.2512599999999999
0.2508000000000001
0.25139
0.2511500000000001
0.25315999999999994
0.2503000000000001
0.2513400000000001
