0.19999999999999962
0.6632100000000001
0.4006399999999999
0.6279500000000003
0.4330399999999999
0.6014599999999999
0.4560500000000001
0.58193
0.47364999999999974
0.5666499999999999
0.48769999999999997
0.5555999999999999
0.49600999999999984
0.5477
0.5029600000000001
0.5434000000000002
0.5074700000000001
0.5388099999999997
0.51229
0.53404
0.5158600000000003
0.5306799999999999
0.5199500000000002
0.5283300000000001
0.52019
0.5261700000000001
0.5226299999999999
0.52602
0.5225900000000001
0.5250499999999999
0.5234500000000001
0.5249100000000001
0.5235600000000001
0.5260600000000002
0.5219400000000001
0.5236300000000003
0.52404
0.5242599999999998
0.5227999999999999
0.5252000000000002
0.5229099999999998
0.5251300000000002
0.5226700000000001
0.5256900000000002
0.5221000000000003
0.52396
0.5235400000000001
0.5239900000000001
0.5243400000000003
0.5236800000000003
0.5241500000000002
0.52451
0.5234300000000002
0.5248900000000004
0.5249400000000002
0.5240000000000002
0.5227099999999999
0.52546
0.52302
0.5256799999999999
0.5229699999999999
0.5236200000000002
0.5249200000000002
0.5233200000000001
0.52296
0.5246600000000002
0.52391
0.5230499999999999
0.5238700000000001
0.5245000000000001
0.5232600000000001
0.5246100000000002
0.5239800000000001
0.5245799999999999
0.5250800000000001
0.5232899999999999
0.5256400000000002
0.5225
0.5258099999999999
0.5225800000000003
0.5262600000000002
0.5220400000000005
0.52522
0.52396
0.5237900000000001
0.5252500000000002
0.5222000000000003
0.5259700000000002
0.5209399999999998
0.52671
0.5225899999999999
0.52546
0.5222199999999999
0.5249000000000001
0.5235100000000003
0.5255600000000004
0.5228900000000001
0.5235700000000001
0.5240600000000003
0.5240600000000002
0.5245400000000001
0.52435
0.5233900000000004
0.5233899999999998
0.5244600000000001
0.5226500000000001
0.5257199999999999
0.5221500000000002
0.52582
0.5227700000000002
0.5259900000000003
0.5221900000000002
0.52556
0.5238600000000002
0.5240400000000003
0.5233100000000003
0.5243999999999999
0.5246000000000002
0.5232800000000001
0.5249000000000001
0.5232700000000002
0.5256699999999997
0.5236600000000002
0.5250600000000001
0.5232200000000002
0.5238300000000002
0.5243499999999998
0.52444
0.52472
0.5231099999999999
0.5244200000000001
0.5237700000000001
0.5235000000000002
0.5246300000000002
0.5239800000000002
0.5234700000000001
0.5247500000000002
0.5233400000000001
0.52373
0.5249200000000003
0.52263
0.5253000000000003
0.5240100000000001
0.5238400000000002
0.52446
0.5232399999999999
0.5256100000000002
0.5235200000000003
0.5242900000000001
0.52352
0.5240400000000002
0.5243700000000002
0.52427
0.5244199999999999
0.5225700000000002
0.5259100000000001
0.5221000000000001
0.5263200000000003
0.5234100000000002
0.5257300000000001
0.52241
0.52412
0.52339
0.52498
0.52248
0.5262000000000002
0.5216100000000004
0.5268800000000001
0.52051
0.5275899999999999
0.5218200000000003
0.5255300000000002
0.5225799999999999
0.52539
0.5221300000000002
0.5248800000000001
0.52352
0.52311
0.5246499999999997
0.5232600000000002
0.5254100000000003
0.52301
0.5246299999999999
0.5233899999999999
0.5245400000000001
0.5236700000000001
0.5232700000000002
0.52511
0.52314
0.52439
0.52361
0.5248000000000002
0.5235299999999998
0.5231000000000001
0.5240600000000002
0.5235000000000001
0.525
0.5231200000000003
0.5249100000000001
0.52312
0.5249900000000001
0.5238600000000002
0.5239100000000001
0.5243700000000001
0.5230799999999999
0.5258700000000001
0.5224800000000003
0.5253500000000002
0.5233900000000004
0.5243699999999998
0.5240200000000003
0.5240700000000003
0.5241800000000001
0.5240900000000002
0.52338
0.5236100000000001
0.5244600000000001
0.5247800000000001
0.5226100000000001
0.5265500000000002
0.5223500000000001
0.5265400000000001
0.5217200000000003
0.5256100000000002
0.5239
0.52485
0.5227100000000001
0.5248900000000001
0.5235400000000001
0.5249100000000001
0.5223
0.5241200000000003
0.5238400000000002
0.52503
0.52299
0.5250100000000001
0.5235400000000001
0.5242
0.5243400000000001
0.5239100000000001
0.52413
0.5250000000000001
0.5239100000000001
0.5238300000000001
0.52346
0.5248200000000004
0.5230900000000002
0.5246599999999999
0.52474
0.52212
0.52531
0.52194
0.5264099999999999
0.5225000000000002
0.5261
0.52246
0.5257000000000004
0.5228600000000001
0.5249300000000001
0.5241600000000002
0.5239200000000003
0.5241499999999999
0.52264
0.5253800000000003
0.52109
0.5258200000000001
0.5214000000000002
0.5247800000000002
0.5232400000000001
0.5246999999999998
0.5235100000000001
0.5243300000000004
0.52304
0.5227100000000001
0.5257500000000005
0.5236900000000001
0.52329
0.5249900000000003
0.5237099999999999
0.5258200000000002
0.52411
0.5242500000000002
0.5230400000000002
0.5238700000000002
0.5250800000000003
0.5240300000000003
0.5233500000000001
0.5236200000000001
0.5254400000000001
0.52423
0.5253
0.5227600000000002
0.5249300000000001
0.5221600000000003
0.5255000000000001
0.5233000000000002
0.5246300000000002
0.52339
0.5261099999999999
0.5215299999999999
0.5260700000000004
0.5223700000000001
0.5261800000000001
0.52286
0.5262300000000003
0.52205
0.5246600000000001
0.5237100000000001
0.52342
0.52347
0.5233100000000003
0.5244600000000001
0.5231
0.5238300000000001
0.5253099999999999
0.5230900000000002
0.5245199999999999
0.5242
0.5244700000000002
0.5252600000000002
0.5236900000000001
0.5239600000000001
0.5250300000000001
0.5229000000000003
0.5265700000000001
0.5217800000000001
0.5263200000000003
0.52317
0.5233000000000001
0.5253200000000001
0.5236299999999998
0.5253999999999999
0.5227200000000001
0.5265300000000003
0.5217800000000004
0.5276699999999999
0.5205800000000003
0.5280100000000004
0.5205299999999999
0.5261700000000001
0.52285
0.5247000000000002
0.52382
0.5243200000000006
0.5246200000000002
0.5225900000000001
0.5268999999999999
0.5222400000000004
0.5260299999999999
0.52252
0.5251100000000002
0.52352
0.5250700000000001
0.5237300000000001
0.5244199999999999
0.5231500000000002
0.5254400000000002
0.5241500000000002
0.5235400000000001
0.5239700000000002
0.52368
0.5238400000000003
0.5239000000000003
0.5243800000000001
0.5226900000000001
0.5267700000000002
0.5209100000000002
0.52606
0.5223500000000001
0.5272000000000001
0.5208600000000003
0.5262199999999999
0.5220300000000001
0.5253099999999999
0.5222800000000002
0.52613
0.5220200000000002
0.5253300000000004
0.5223700000000003
0.5267700000000003
0.5213100000000002
0.5257200000000001
0.5219499999999999
0.5257299999999998
0.5220800000000001
0.5269
0.52118
0.5254700000000002
0.52398
0.5249000000000001
0.5250699999999999
0.5237900000000001
0.5240100000000001
0.5248800000000002
0.5222100000000001
0.5252200000000001
0.5231800000000001
0.5244200000000002
0.52366
0.5239300000000001
0.5240800000000001
0.5246600000000005
0.5226200000000001
0.5248400000000002
0.52329
0.5243400000000003
0.5237600000000003
0.5239400000000001
0.5237600000000001
0.5232200000000001
0.52525
0.5237599999999999
0.5249200000000002
0.5230700000000001
0.52539
0.5224000000000002
0.5255199999999999
0.5233300000000001
0.5262700000000002
0.5216300000000003
0.52676
0.5225800000000003
0.5260999999999999
0.5214300000000001
0.52696
0.5211800000000003
0.5271499999999999
0.52152
0.52591
0.52253
0.5241299999999999
0.5240700000000001
0.5259000000000003
0.52159
0.5263600000000003
0.5220400000000001
0.52568
0.5218700000000003
0.5262800000000002
0.5212400000000001
0.5252600000000003
0.5230800000000003
0.5253700000000002
0.5233700000000001
0.5260200000000002
0.5215700000000003
0.5264099999999999
0.5212000000000002
0.52597
0.5228499999999998
0.5245500000000001
0.5243100000000003
0.5239400000000002
0.52343
0.52498
0.52346
0.52473
0.5240000000000002
0.5248300000000004
0.5241300000000002
0.5229100000000002
0.5247500000000004
0.5238700000000002
0.5242600000000003
0.5234099999999998
0.5247399999999999
0.5242300000000002
0.5237300000000001
0.5245900000000003
0.5232800000000001
0.5247000000000004
0.52386
0.5251699999999999
0.5229500000000002
0.5252699999999999
0.5225900000000001
0.5253100000000002
0.5242300000000004
0.5247900000000001
0.5246399999999999
0.5228000000000002
0.5241900000000002
0.52497
0.5232600000000003
0.5250500000000002
0.52394
0.5237900000000001
0.52412
0.5244600000000001
0.52361
0.52423
0.5245799999999999
0.52384
0.52439
0.5233300000000002
0.5258499999999997
0.5220899999999999
0.5263100000000001
0.5227900000000002
0.5244899999999999
0.5233300000000001
0.5245200000000001
0.52333
0.5236400000000003
0.5228899999999999
0.52483
0.5244800000000001
0.5232500000000002
0.5248000000000003
0.5261500000000001
0.5230900000000002
0.5266100000000001
0.5207999999999999
0.52677
0.5221600000000003
0.5256600000000002
0.5227600000000002
0.5258800000000002
0.5226600000000001
0.5253300000000002
0.52238
0.5267000000000002
0.5219000000000005
0.5255200000000003
0.52409
0.5246900000000001
0.5232800000000002
0.52395
0.5246000000000001
0.5248800000000002
0.5235799999999999
0.52364
0.52489
0.5229900000000002
0.5249300000000003
0.5235999999999998
0.5254099999999997
0.5235400000000002
0.5256600000000003
0.5237000000000002
0.5222900000000003
0.5269400000000002
0.52211
0.5270200000000004
0.5213900000000001
0.5262299999999999
0.5219399999999998
0.5246600000000003
0.5239899999999998
0.5230100000000002
0.5252100000000003
0.52177
0.52563
0.5225100000000003
0.52581
0.5224199999999999
0.5260499999999999
0.5229100000000002
0.5248300000000001
0.52259
0.52567
0.5235000000000001
0.5250800000000004
0.5221400000000002
0.5243100000000002
0.5234900000000002
0.5236600000000002
0.52431
0.52399
0.5235500000000003
0.5231099999999999
0.5248700000000001
0.5238200000000001
0.5237900000000003
0.52449
0.5249000000000001
0.5241299999999999
0.5231200000000001
0.5258799999999999
0.5235699999999999
0.5242600000000001
0.5239000000000001
0.5242800000000001
0.5237400000000004
0.5230800000000002
0.5261199999999998
0.5215299999999998
0.5281400000000002
0.5204500000000003
0.5282200000000001
0.5207000000000005
0.5272300000000001
0.51967
0.52801
0.5211100000000001
0.52616
0.5218300000000002
0.5255
0.5217500000000004
0.52457
0.5244799999999998
0.5233000000000001
0.5243200000000002
0.5244000000000001
0.5227700000000002
0.5257900000000002
0.52253
0.5259499999999999
0.5228800000000001
0.5272599999999998
0.5214000000000001
0.5262300000000001
0.52141
0.5262000000000002
0.5214300000000001
0.5254399999999999
0.5224100000000004
0.52549
0.5227400000000002
0.5255099999999999
0.52156
0.5261
0.5219500000000002
0.52532
0.5221499999999998
0.5252500000000003
0.5241500000000002
0.5231100000000002
0.5255100000000003
0.52416
0.5242200000000002
0.5234200000000002
0.5247700000000002
0.5237800000000001
0.5239400000000001
0.5229500000000001
0.5240500000000003
0.5240900000000002
0.52502
0.5238400000000001
0.5246100000000005
0.5242400000000004
0.5239000000000001
0.5242200000000001
0.5247100000000002
0.52324
0.5236600000000003
0.5234400000000001
0.5257400000000001
0.5229400000000003
0.52546
0.5238900000000001
0.5252699999999999
0.52189
0.5243100000000003
0.5246900000000003
0.5237200000000003
0.5248200000000004
0.5240200000000003
0.5250800000000001
0.5228199999999998
0.5253900000000001
0.5235400000000002
0.5243800000000001
0.5236600000000003
0.5251800000000002
0.5230600000000001
0.5251600000000001
0.5236999999999999
0.52456
0.52319
0.5250599999999999
0.5236
0.52341
0.5230500000000001
0.5249600000000002
0.5236600000000002
0.5245799999999999
0.52502
0.52383
0.52468
0.5240700000000003
0.5235399999999999
0.5246099999999998
0.5242599999999998
0.52335
0.52486
0.5227000000000003
0.5247100000000001
0.5232800000000001
0.5259800000000001
0.5221299999999998
0.5261200000000001
0.5221099999999997
0.5256700000000001
0.5222500000000001
0.5262200000000002
0.5224300000000003
0.5250700000000001
0.5231600000000003
0.526
0.52236
0.5256599999999999
0.5220700000000003
0.5256299999999999
0.5231200000000001
0.5246400000000001
0.5244400000000001
0.5226200000000001
0.52515
0.5229400000000003
0.5246300000000003
0.5233700000000002
0.5247299999999998
0.5222200000000002
0.5256800000000001
0.5227100000000001
0.5251400000000002
0.5231499999999998
0.5235000000000001
0.52451
0.5242400000000004
0.5242500000000001
0.5241999999999999
0.52299
0.5250500000000003
0.5227500000000004
0.5254600000000003
0.5240800000000001
0.52361
0.5242800000000001
0.5242000000000002
0.5233000000000002
0.5253699999999999
0.5237800000000004
0.5241299999999999
0.5253600000000002
0.52194
0.5246500000000002
0.5237200000000002
0.52413
0.5237300000000001
0.5237700000000002
0.52434
0.5227299999999999
0.5249200000000003
0.5229700000000002
0.5252100000000002
0.5223100000000002
0.5241599999999998
0.52302
0.5257400000000001
0.5237499999999998
0.5244199999999999
0.5237100000000001
0.5252200000000001
0.5223100000000004
0.5268400000000001
0.52268
0.52553
0.5234899999999999
0.52434
0.5237200000000002
0.52423
0.5235100000000003
0.5235099999999999
0.5244000000000001
0.5239900000000002
0.5242
0.5243200000000003
0.5233300000000001
0.5244200000000001
0.52357
0.5231600000000001
0.5252300000000002
0.52319
0.5247600000000001
0.52314
0.5245299999999999
0.5234100000000003
0.5239000000000001
0.5255300000000002
0.5232000000000001
0.52555
0.5226200000000002
0.5257900000000002
0.5228100000000001
0.5255700000000002
0.5232400000000001
0.5251000000000002
0.5220700000000003
0.5272200000000002
0.52165
0.5254100000000002
0.5231800000000001
0.5262
0.5220499999999999
0.5261200000000003
0.5236
0.5239000000000001
0.525
0.5227600000000002
0.5251400000000002
0.5230000000000001
0.5243
0.5235700000000003
0.52606
0.52184
0.5259499999999998
0.5233300000000002
0.5248899999999999
0.5239500000000001
0.52449
0.5234900000000001
0.5244800000000002
0.5240100000000001
0.5237900000000003
0.5242200000000001
0.5239699999999999
0.5239100000000003
0.52495
0.5232200000000002
0.5229800000000001
0.5242500000000002
0.5233000000000003
0.52599
0.5217700000000001
0.52692
0.5229800000000002
0.5249499999999999
0.5230700000000001
0.5242800000000002
0.5247399999999999
0.5237
0.52374
0.5249300000000001
0.5229500000000002
0.5241300000000003
0.52386
0.5229899999999998
0.5245200000000002
0.5226000000000002
0.5254100000000002
0.5230800000000001
0.5255600000000002
0.52166
0.5266700000000004
0.5222500000000003
0.5250100000000004
0.5235500000000003
0.52427
0.5254400000000001
0.5214000000000003
0.52558
0.52222
0.5254900000000001
0.5226800000000001
0.52491
0.5213399999999999
0.5272600000000001
0.5218500000000003
0.5259100000000001
0.5228200000000001
0.525
0.52382
0.5235399999999998
0.5249900000000003
0.52239
0.52591
0.5212900000000001
0.5271300000000002
0.5227500000000003
0.5239500000000002
0.52371
0.5242200000000001
0.52437
0.5235200000000002
0.5246300000000003
0.5243500000000002
0.5241399999999999
0.5243300000000002
0.52385
0.5252100000000003
0.5223000000000002
0.5246500000000001
0.5242400000000003
0.5239100000000003
0.5237100000000001
0.5232800000000001
0.5244999999999999
0.5225000000000002
0.5269800000000002
0.52172
0.5255700000000002
0.5232700000000001
0.5244199999999999
0.5226500000000002
0.5251000000000001
0.5222100000000003
0.5261699999999999
0.5225799999999998
0.5256299999999999
0.5235700000000001
0.5249700000000002
0.5236100000000002
0.5254300000000004
0.5217200000000002
0.5257899999999998
0.5226600000000001
0.5244499999999997
0.5237
0.5240300000000001
0.52353
0.52485
0.52117
0.5264400000000001
0.5227800000000002
0.5235499999999998
0.5243400000000001
0.5232
0.5254200000000002
0.5238100000000001
0.5247800000000002
0.52266
0.52579
0.52403
0.5255500000000002
0.52257
0.52497
0.5231300000000002
0.5244000000000001
0.5232500000000002
0.5238800000000002
0.52475
0.5249400000000003
0.5228700000000002
0.5256899999999999
0.52264
0.5240700000000001
0.5239699999999999
0.5232600000000001
0.5249999999999999
0.5224500000000005
0.5253200000000001
0.5225600000000002
0.5256800000000001
0.5233399999999999
0.52483
0.52475
0.5228900000000002
0.5250699999999999
0.5240399999999998
0.5245200000000003
0.5232699999999998
0.5247200000000001
0.5233900000000002
0.52427
0.5234300000000001
0.5234100000000003
0.5241600000000003
0.5238000000000002
0.5250299999999999
0.5227900000000001
0.5251400000000002
0.5237800000000002
0.52376
0.5239699999999999
0.5232199999999999
0.5247799999999998
0.5226000000000002
0.52563
0.5218199999999998
0.52727
0.5220900000000003
0.5257000000000002
0.5229000000000003
0.5244400000000001
0.52263
0.52541
0.5231300000000001
0.5245400000000001
0.5232400000000001
0.5239500000000002
0.52446
0.5233500000000002
0.5244700000000003
0.5241900000000002
0.524
0.5245100000000003
0.5230199999999998
0.5250500000000002
0.5235600000000002
0.5242600000000002
0.5244500000000003
0.5253900000000002
0.5238400000000002
0.5246500000000002
0.5237099999999999
0.5247400000000002
0.5231400000000003
