0.19999999999999962
0.20071000000000003
0.21437000000000012
0.21808000000000008
0.22446
0.22791999999999996
0.2344400000000001
0.23484000000000005
0.23443000000000003
0.23453000000000007
0.23393999999999998
0.23523000000000016
0.23542999999999994
0.23554000000000005
0.23672
0.23528
0.23601
0.23364000000000001
0.23389000000000004
0.23374000000000003
0.2331100000000001
0.23360999999999993
0.23343999999999998
0.23206999999999997
0.23446999999999993
0.23258000000000004
0.23233000000000012
0.23099000000000008
0.22995000000000002
0.23390999999999998
0.23366
0.23460000000000003
0.23157
0.23338000000000003
0.23175999999999994
0.23248000000000008
0.23147999999999988
0.23021000000000005
0.23352000000000003
0.23353000000000002
0.23404
0.23453
0.23333999999999983
0.23240000000000002
0.2308800000000002
0.23127000000000003
0.23219000000000012
0.2318900000000001
0.23384
0.23369000000000004
0.2358599999999999
0.23390000000000005
0.2345400000000001
0.23345999999999992
0.23330000000000006
0.23283
0.2322000000000001
0.23195999999999986
0.2328000000000001
0.23568000000000008
0.23307000000000005
0.23325999999999994
0.23152000000000011
0.2308100000000001
0.23248000000000013
0.23148000000000007
0.23269999999999996
0.23346999999999998
0.2334800000000001
0.2325200000000001
0.23206
0.2301100000000001
0.22927
0.23160999999999998
0.23438000000000006
0.23323999999999992
0.23365000000000008
0.23236000000000004
0.23016999999999993
0.2304900000000001
0.22923000000000002
0.23118000000000008
0.23082
0.22966000000000006
0.23276999999999998
0.23385999999999998
0.2352900000000001
0.23391
0.23314999999999994
0.23213000000000006
0.23390000000000014
0.23350000000000004
0.23233000000000023
0.23164000000000004
0.23268999999999992
0.23160999999999998
0.2321400000000001
0.23044999999999993
0.23072000000000004
0.23174000000000006
0.23115000000000008
0.23333
0.23123000000000005
0.23351
0.23226999999999992
0.23194999999999996
0.23343999999999995
0.23224000000000009
0.23149999999999998
0.23136000000000012
0.23276000000000002
0.23107999999999998
0.23207999999999998
0.23226
0.2309300000000001
0.23261999999999994
0.23393000000000005
0.23326000000000008
0.23370999999999997
0.23186999999999997
0.23146
0.23180999999999996
0.23154
0.23188000000000006
0.23248000000000013
0.23000000000000004
0.23157999999999995
0.2314100000000001
0.23467000000000005
0.2319400000000002
0.23225999999999997
0.2305199999999999
0.23022999999999993
0.23239
0.23106000000000013
0.23280999999999996
0.23332000000000006
0.23323999999999998
0.23341000000000003
0.23251000000000005
0.23150999999999994
0.23003000000000004
0.23172000000000004
0.23256000000000007
0.23370000000000013
0.23214000000000007
0.23346999999999996
0.23254999999999998
0.23311999999999997
0.23404000000000008
0.23372000000000004
0.23082000000000005
0.23184000000000013
0.23045000000000004
0.23298000000000002
0.2327099999999999
0.23384999999999997
0.23238999999999993
0.23540999999999998
0.23330000000000012
0.23173
0.23452
0.23505000000000004
0.23472999999999988
0.22927
0.23054999999999992
0.23143000000000008
0.2328600000000001
0.23191000000000006
0.23088999999999996
0.23337000000000008
0.23401
0.2326200000000001
0.23158
0.23157999999999998
0.23283
0.23210000000000006
0.23145000000000004
0.23204000000000008
0.23264000000000004
0.23388
0.23442000000000007
0.23374000000000006
0.23243000000000005
0.23158
0.22970000000000002
0.23145999999999986
0.2306800000000001
0.23111999999999994
0.2338400000000001
0.23369999999999996
0.23593999999999993
0.23247999999999996
0.2329000000000001
0.23516000000000012
0.23295999999999992
0.23317
0.23426
0.23390000000000008
0.23457000000000008
0.23501000000000002
0.23155
0.23243000000000008
0.23358999999999994
0.23399000000000011
0.23397
0.23147
0.23149000000000008
0.23121999999999995
0.23382000000000003
0.23477000000000003
0.23435000000000006
0.23488000000000006
0.2328
0.23381
0.23335000000000009
0.23487999999999992
0.2352700000000001
0.23518000000000006
0.23551000000000002
0.23303999999999994
0.23254000000000008
0.23466999999999988
0.23448000000000005
0.23395999999999997
0.23189000000000004
0.23285999999999996
0.23121999999999993
0.22951
0.2311
0.23247000000000007
0.23266999999999985
0.23358000000000004
0.23578
0.2345600000000001
0.23209000000000002
0.23353999999999991
0.23323999999999995
0.2292100000000001
0.23199999999999998
0.23101000000000002
0.23177000000000006
0.2327
0.23208999999999996
0.23173
0.23310000000000006
0.23628999999999997
0.23477000000000006
0.23384000000000005
0.23372000000000004
0.2337800000000001
0.23336999999999994
0.23185
0.23571999999999996
0.23535999999999993
0.23417
0.2343399999999999
0.23297000000000007
0.2327400000000001
0.23333999999999996
0.23335
0.2331200000000001
0.23464999999999997
0.23441999999999993
0.23497
0.23543000000000003
0.23496000000000009
0.2345100000000001
0.23648
0.23471000000000009
0.23256000000000007
0.2334400000000002
0.23204999999999992
0.23090999999999995
0.23276999999999995
0.23286
0.23115000000000002
0.23096999999999995
0.23260999999999998
0.23205999999999996
0.23364999999999989
0.23353999999999997
0.23501000000000008
0.23521
0.2356900000000001
0.2336599999999998
0.23450000000000007
0.23294000000000004
0.23245000000000007
0.23300000000000004
0.23349
0.23312999999999995
0.23225000000000004
0.2339
0.23439000000000007
0.23540000000000003
0.23407000000000003
0.23256000000000007
0.23257000000000008
0.23307999999999993
0.23407
0.23585000000000003
0.23350000000000004
0.23331999999999997
0.23560000000000006
0.23513000000000006
0.23506000000000007
0.23423000000000005
0.23409000000000005
0.23248999999999992
0.23159
0.23084000000000007
0.23234999999999995
0.23243000000000003
0.23329999999999995
0.23488999999999996
0.23433000000000007
0.23476000000000002
0.23495999999999992
0.23093000000000008
0.23028999999999988
0.23256000000000007
0.2318899999999999
0.23134
0.2332400000000001
0.23395000000000007
0.23274
0.23264999999999997
0.23182000000000005
0.23291000000000006
0.23198
0.2316800000000001
0.23344000000000004
0.23255000000000003
0.23104000000000005
0.2325099999999999
0.23308000000000004
0.23200000000000004
0.23212000000000008
0.23190999999999998
0.23213
0.23165000000000005
0.2318
0.23226999999999998
0.23143999999999998
0.2321
0.23144
0.23076000000000008
0.23191000000000003
0.23306000000000007
0.23403
0.23310999999999993
0.23358999999999994
0.23236000000000004
0.23169000000000012
0.22801000000000005
0.22978000000000004
0.23165000000000005
0.23139000000000004
0.23307000000000014
0.23448999999999998
0.23471000000000003
0.23491000000000006
0.23351000000000002
0.23310999999999993
0.23123000000000007
0.23106999999999986
0.23115
0.23163000000000003
0.23215000000000008
0.23424
0.23556999999999995
0.23163000000000009
0.23314000000000007
0.23215
0.2314900000000001
0.23236
0.23154999999999987
0.23180999999999996
0.2316099999999999
0.23298
0.2323399999999999
0.23354999999999992
0.23251000000000008
0.23406000000000016
0.23445
0.23388999999999996
0.23312999999999995
0.23244999999999996
0.23246
0.23154999999999998
0.23182000000000005
0.23063999999999996
0.23130000000000003
0.23251999999999998
0.23237000000000002
0.23543000000000006
0.23302999999999996
0.23377000000000003
0.23193000000000005
0.23300999999999994
0.23465
0.23366999999999996
0.23201000000000008
0.23305
0.23511000000000004
0.23428000000000004
0.23336
0.23133000000000006
0.23414000000000013
0.23153999999999988
0.23371999999999996
0.23483
0.23473
0.23282
0.23293000000000014
0.23371000000000003
0.23520999999999995
0.2341
0.2333
0.23450999999999997
0.23460000000000003
0.23478
0.23478
0.23327
0.23254000000000008
0.23178
0.23291000000000003
0.23209
0.23223000000000002
0.23310000000000014
0.23321000000000006
0.23260999999999993
0.23413000000000006
0.23312000000000002
0.23533
0.23492000000000007
0.2334500000000001
0.23387000000000008
0.23528999999999997
0.2363900000000002
0.23369000000000004
0.23592
0.2343
0.23448000000000005
0.2347299999999999
0.23193999999999998
0.23403000000000007
0.23227
0.23193999999999998
0.23193000000000005
0.23462
0.23450999999999986
0.23488
0.23568
0.23467
0.2327099999999999
0.23295000000000005
0.23488000000000003
0.23258999999999996
0.23172000000000012
0.23395
0.23575000000000018
0.23515999999999998
0.23401000000000008
0.23239000000000004
0.23248000000000008
0.23103
0.23143999999999998
0.23202
0.23257000000000017
0.23200000000000004
0.23244000000000017
0.23471000000000003
0.23224999999999996
0.23372000000000015
0.2361799999999999
0.23635999999999996
0.23388000000000006
0.2323899999999999
0.23284
0.23154
0.23372
0.23484
0.23430999999999993
0.2357
0.2351400000000001
0.23250999999999997
0.234
0.23328000000000007
0.23425
0.23468000000000014
0.23452000000000006
0.23267000000000007
0.23411000000000012
0.23295000000000005
0.23280000000000012
0.23466000000000004
0.2317799999999999
0.23198000000000008
0.23343000000000003
0.23180999999999993
0.23173000000000013
0.23345000000000013
0.23212000000000008
0.23337000000000002
0.2329900000000001
0.23177000000000014
0.23435999999999993
0.2329200000000001
0.23232000000000005
0.23128000000000007
0.23180000000000006
0.23240000000000005
0.23381000000000018
0.23335999999999996
0.23205000000000006
0.23290000000000002
0.23404000000000003
0.2313700000000001
0.23098000000000013
0.23031000000000001
0.23233000000000006
0.2323
0.23420999999999995
0.23274999999999998
0.23425
0.23251999999999998
0.23112000000000005
0.2295700000000001
0.23095000000000002
0.23104999999999992
0.2328900000000001
0.23342000000000007
0.23365000000000002
0.23568
0.23563000000000003
0.23532000000000003
0.2340400000000001
0.23161000000000004
0.23056000000000004
0.23027999999999996
0.23124999999999996
0.23209000000000002
0.23098999999999983
0.23286
0.23553000000000013
0.23435000000000006
0.23005000000000006
0.23260000000000003
0.23331000000000002
0.23170999999999997
0.23213000000000006
0.23329999999999995
0.23203999999999997
0.23259999999999983
0.23307000000000003
0.2326900000000001
0.23387000000000008
0.23017999999999997
0.23091000000000012
0.23113000000000003
0.23360999999999998
0.2335899999999999
0.23265
0.23192000000000004
0.23101000000000005
0.23179000000000013
0.23074000000000006
0.23020000000000004
0.2313600000000001
0.2337200000000001
0.23412
0.23344
0.23251999999999998
0.23342999999999997
0.23408
0.23140999999999992
0.23422
0.23245000000000002
0.2320100000000001
0.23196999999999998
0.23115
0.23395999999999997
0.2345700000000001
0.23179
0.23164000000000004
0.23053000000000007
0.23177
0.2316199999999999
0.23364000000000004
0.23200000000000004
0.2323500000000001
0.23351000000000002
0.23273
0.23315999999999998
0.23437999999999998
0.23085999999999998
0.23269
0.2334800000000001
0.23353999999999991
0.23063
0.23297000000000007
0.23132999999999992
0.23044
0.2302800000000001
0.2300399999999999
0.23448999999999995
0.23243000000000014
0.23165999999999998
0.23206000000000004
0.23196999999999998
0.23073999999999992
0.2316799999999999
0.23429000000000005
0.23287
0.23285999999999996
0.23285999999999998
0.2334200000000001
0.23171000000000005
0.22994000000000006
0.22879999999999992
0.23117000000000001
0.23052000000000003
0.23185999999999993
0.23211999999999997
0.23517999999999997
0.23638000000000006
0.23352999999999993
0.23061000000000015
0.22978999999999988
0.23131000000000002
0.22991000000000003
0.23142000000000013
0.23113999999999993
0.2320400000000001
0.23345000000000002
0.23524000000000003
0.2339699999999999
0.23387999999999998
0.23368000000000003
0.23440000000000003
0.23032000000000008
0.23051
0.23305
0.23332999999999998
0.23382000000000003
0.23278999999999994
0.23196000000000006
0.23068000000000008
0.23205
0.22981000000000001
0.23031999999999994
0.23102999999999996
0.22896
0.22898
0.22948000000000005
0.23176000000000016
0.23262000000000008
0.23160000000000003
0.2316
0.23301999999999995
0.23342000000000007
0.2354400000000002
0.2371000000000001
0.23653000000000005
0.23207999999999995
0.23174000000000006
0.23160000000000017
0.23269999999999996
0.23476000000000005
0.23315000000000005
0.23285000000000003
0.23353
0.2361000000000001
0.23513000000000006
0.23544000000000007
0.23372999999999994
0.23206000000000004
0.23246
0.23042000000000012
0.23146999999999995
0.23192999999999994
0.23434000000000005
0.23163
0.22967000000000007
0.23329000000000008
0.23407
0.23378
0.23314000000000018
0.23342000000000002
0.23353000000000015
0.23389000000000007
0.2318699999999999
0.23232
0.23120999999999992
0.23206000000000004
0.23462000000000008
0.23425
0.2319600000000001
0.2326100000000001
0.23311000000000004
0.23331000000000002
0.23599999999999993
0.23510000000000006
0.23608000000000012
0.23420000000000005
0.23040000000000002
0.22993999999999995
0.22869000000000006
0.23180999999999993
0.23294000000000004
0.23378000000000007
0.23524000000000014
0.23565000000000008
0.23754000000000008
0.23084000000000007
0.23049999999999993
0.23325000000000004
0.23374000000000003
0.2333000000000001
0.23394999999999994
0.2354199999999999
0.23662
0.23314000000000001
0.23210999999999998
0.23138999999999993
0.23117999999999994
0.23173999999999995
0.23088999999999993
0.2313200000000001
0.23260000000000003
0.23242000000000004
0.23418000000000005
0.23288000000000003
0.23215000000000008
0.23006000000000004
0.23050000000000004
0.23205999999999996
0.23395999999999997
0.2344900000000001
0.23328
0.23393000000000022
0.23228000000000001
0.23418000000000005
0.23127000000000006
0.23358999999999994
0.23285
0.23226000000000002
0.23153999999999988
0.23116000000000006
0.2321999999999999
0.22947999999999996
0.23088000000000006
0.23099999999999998
0.2312900000000001
0.23301999999999992
0.23339999999999997
0.23457999999999998
0.23217000000000007
0.23436000000000007
0.23472999999999997
0.23416000000000012
0.23331999999999986
0.23370000000000019
0.2337600000000001
0.23182999999999995
0.23001000000000008
0.23016000000000003
0.23031
0.23005999999999993
0.2301399999999999
0.23229
0.23254000000000002
0.23174000000000003
0.23221999999999998
0.23375999999999983
0.23326
0.23421
0.23226000000000013
0.23126999999999998
0.23012
0.23121
0.23030000000000012
0.23089999999999988
0.23245000000000007
0.23228000000000004
0.23199999999999998
0.23203999999999994
0.23203000000000007
0.23312000000000005
0.23284000000000002
0.2332100000000001
0.23307000000000014
0.23243999999999995
0.2313600000000001
0.23221
0.23090000000000002
0.23446999999999998
0.23379000000000005
0.23323999999999998
0.23282000000000008
0.23429000000000005
0.23449999999999993
0.23283000000000004
0.23230000000000006
0.23262999999999995
0.23179999999999992
0.23384000000000005
0.23298
0.23397999999999997
0.23352000000000003
0.23474000000000012
0.23430000000000004
0.23578999999999997
0.2341400000000001
0.23422999999999994
0.23445000000000008
0.23237999999999992
0.2322000000000001
0.23146000000000005
0.23071999999999995
0.23120000000000004
0.23177000000000003
0.23154
0.23257000000000005
0.23286
0.23508000000000012
0.23725999999999992
0.2350700000000001
0.23340000000000002
0.23180999999999982
0.23076999999999998
0.23274
0.23385999999999993
0.2323500000000001
0.23305000000000006
0.23267
0.23312999999999995
0.23395
0.23415999999999992
0.23236000000000012
0.23074999999999996
0.2325000000000002
0.23392000000000007
0.23372999999999994
0.23609000000000005
0.23506
0.2340200000000001
0.23276000000000008
0.23313999999999993
0.23416999999999993
0.23495999999999997
0.2331099999999999
0.23290000000000002
0.23407
0.23271999999999998
0.2344600000000001
0.23339
0.23451000000000005
0.23433000000000007
0.23399000000000003
0.23651999999999998
0.23335999999999996
0.23424000000000006
0.23378999999999994
0.23268
0.23300000000000004
0.23288999999999999
0.2334400000000001
0.23432999999999995
0.23395
0.23294000000000004
0.23133999999999996
0.23074000000000003
0.2335
0.23312999999999995
0.23309000000000002
0.23200999999999997
0.23342999999999997
0.23338000000000012
0.2319600000000001
0.2327300000000001
0.23299000000000003
0.23256
0.23166000000000003
0.23175000000000007
0.23425000000000012
0.23445999999999992
0.23221999999999995
0.23486000000000007
0.23074000000000006
0.2315200000000001
0.22981000000000004
0.23109000000000013
0.23224999999999998
0.23088999999999998
0.23123000000000002
0.23035000000000008
0.2327099999999999
0.22871
0.23070000000000002
0.2331900000000001
0.23157000000000008
0.23147000000000006
0.23236000000000004
0.23385999999999998
0.2337900000000001
0.23306000000000002
0.23207999999999998
0.23139000000000007
0.2304500000000001
0.22995000000000002
0.23124000000000014
0.23444000000000004
0.2335099999999999
0.23344
0.23447000000000007
0.23368000000000005
0.23415
0.23309999999999997
0.23212999999999995
0.23155000000000003
0.23131999999999994
0.23250000000000007
0.23303000000000007
0.23189
0.23380999999999996
0.23324000000000006
0.2325200000000001
0.23147
0.23352000000000003
0.23326000000000008
0.23109000000000005
0.23131000000000002
0.23207
0.23159000000000002
0.23368
0.23437999999999995
0.23257000000000003
0.23210000000000006
0.23224999999999998
0.23414000000000001
0.23266000000000017
0.22999000000000008
0.2322400000000001
0.23265
0.23135000000000008
0.23160999999999995
0.23422000000000004
0.23427000000000003
0.2343399999999999
0.23353000000000002
0.23590000000000008
0.23368000000000003
0.23253000000000004
0.23005000000000003
0.23118000000000005
0.23254999999999995
0.23208999999999994
0.23465000000000008
0.23541000000000006
0.23583000000000007
0.23437000000000008
0.23375999999999997
0.23424999999999996
0.2342299999999999
0.2352800000000001
0.23298999999999995
0.23525000000000007
0.23488000000000006
0.23454999999999987
0.23416000000000006
0.23397
0.23350999999999988
0.23390000000000008
0.22986
0.2316299999999999
0.23394
0.2326100000000001
0.23396999999999996
0.22985999999999993
0.22893
0.22903000000000007
0.23123000000000007
0.23188000000000017
0.23369999999999996
0.23254000000000008
0.23174000000000003
0.2322
0.23205000000000012
0.23307000000000014
0.2330800000000001
0.23279999999999998
0.23180999999999996
0.23244000000000004
0.23270999999999997
0.23364000000000004
0.23452000000000012
0.23217000000000002
