0.19999999999999962
0.22103
0.2476600000000001
0.26188
0.2691799999999999
0.27007
0.27358
0.27814999999999995
0.27862000000000003
0.27969000000000005
0.27796
0.27970000000000006
0.2785400000000001
0.28086000000000005
0.28094
0.27989
0.28029
0.2796300000000001
0.2781100000000001
0.2794200000000001
0.28203999999999996
0.27766
0.27985000000000015
0.27684999999999993
0.27888
0.27935999999999983
0.27986000000000005
0.27931999999999996
0.27963999999999994
0.27934999999999993
0.28091999999999984
0.2796899999999999
0.28224000000000005
0.28284000000000015
0.28204999999999997
0.2816300000000001
0.27986
0.2810699999999999
0.28181999999999996
0.27837
0.2804300000000001
0.27985000000000004
0.28013999999999994
0.28172000000000014
0.27755
0.28033999999999987
0.27815
0.27877
0.27819999999999995
0.28003
0.27996000000000015
0.27947999999999995
0.28034999999999993
0.2800599999999999
0.2797000000000001
0.28318000000000004
0.28432999999999997
0.2820299999999999
0.27928000000000003
0.28003000000000006
0.28153
0.27996000000000004
0.27819000000000005
0.28076000000000007
0.27856000000000003
0.27785000000000004
0.28024999999999994
0.2803
0.27928
0.27987999999999996
0.27902999999999994
0.28134999999999993
0.28093999999999986
0.28126000000000023
0.28028000000000003
0.28142
0.2806299999999999
0.2809300000000001
0.2821299999999998
0.27998000000000006
0.2817299999999999
0.2801499999999999
0.28162
0.2813000000000001
0.28256000000000014
0.28197000000000005
0.2818800000000001
0.27976
0.2810500000000001
0.2820299999999999
0.28025
0.27899999999999997
0.28118000000000004
0.2795200000000001
0.28125999999999995
0.28291999999999995
0.2797900000000001
0.27791999999999994
0.27847
0.2775000000000001
0.27668999999999994
0.27801999999999993
0.27846
0.2820700000000001
0.28131
0.28107999999999994
0.28017000000000003
0.27873
0.27768
0.28041999999999995
0.2805099999999999
0.28243000000000007
0.28158
0.28112999999999994
0.28186999999999995
0.28168999999999994
0.2784200000000001
0.28126999999999996
0.28053000000000017
0.2835
0.27709999999999996
0.27958999999999995
0.27921
0.27901
0.27984999999999993
0.28105
0.28140000000000004
0.28004999999999997
0.27857
0.27986000000000016
0.28165
0.28163
0.27917000000000003
0.28104999999999986
0.2798999999999999
0.27929000000000004
0.27983
0.2790999999999999
0.27820999999999996
0.28031
0.2809100000000001
0.28018999999999994
0.27957000000000004
0.28064
0.2802900000000001
0.27985000000000004
0.2796499999999999
0.28190000000000004
0.2780100000000001
0.2802000000000001
0.27972
0.27960000000000007
0.28038
0.27896
0.28002
0.28169
0.27798000000000006
0.2801900000000001
0.28008
0.28162
0.279
0.2779699999999999
0.27826999999999996
0.2772999999999999
0.27844
0.27932
0.27923
0.2818399999999999
0.28214000000000017
0.2799500000000001
0.2799
0.28095000000000003
0.27958999999999995
0.28036999999999995
0.28020999999999996
0.27870000000000006
0.28202
0.2818899999999999
0.27865
0.27963999999999994
0.28312000000000004
0.28204000000000007
0.27876
0.28084000000000003
0.2787200000000001
0.28059999999999996
0.2823
0.28053999999999996
0.28124000000000005
0.28091999999999984
0.28213999999999995
0.28094000000000013
0.2774600000000001
0.27867000000000003
0.28179000000000004
0.27991000000000005
0.28168000000000015
0.2815399999999999
0.28079999999999994
0.28030999999999995
0.28365
0.28324999999999995
0.28364
0.2818399999999999
0.28257
0.28031999999999996
0.27964
0.27888
0.28095999999999993
0.27935999999999994
0.2810599999999999
0.27997
0.27879000000000004
0.28040000000000004
0.28135000000000004
0.2819100000000001
0.2798000000000001
0.28029
0.28112
0.27797
0.28317000000000003
0.28036999999999995
0.2828200000000001
0.28051
0.28058999999999995
0.2788899999999999
0.28125999999999995
0.28004999999999997
0.2787699999999999
0.27941000000000005
0.28043999999999997
0.28149999999999986
0.27899999999999986
0.28058
0.27968000000000004
0.27883999999999987
0.2784300000000001
0.27901000000000004
0.27906999999999993
0.2766999999999999
0.2777099999999999
0.2799299999999999
0.27992999999999996
0.27976000000000006
0.2802
0.28163000000000005
0.28264999999999996
0.28165
0.28196
0.28339
0.27928000000000003
0.28045000000000003
0.28090999999999994
0.28219
0.28006999999999993
0.2800799999999999
0.2812200000000001
0.28197
0.28014999999999995
0.27947999999999995
0.2804599999999999
0.2807400000000001
0.28121000000000007
0.27871
0.2803899999999999
0.2794700000000001
0.27958
0.28064000000000006
0.2819900000000001
0.28028000000000003
0.2803
0.28088
0.27985
0.28101999999999994
0.27870999999999996
0.2794300000000002
0.2811599999999999
0.27988
0.28212
0.28059999999999996
0.28018999999999994
0.28015999999999996
0.28185999999999994
0.28291
0.28105000000000013
0.27977999999999986
0.27946999999999994
0.2797900000000001
0.28063999999999995
0.2811900000000001
0.27945
0.28008000000000005
0.28224
0.2810599999999999
0.28022999999999987
0.2794800000000002
0.27948999999999996
0.28006
0.27873000000000003
0.2788999999999999
0.27946000000000004
0.28126999999999985
0.2821699999999999
0.28081
0.27913
0.2793999999999999
0.28124999999999994
0.2808400000000001
0.2788500000000001
0.27719000000000005
0.27939
0.28198000000000006
0.28474
0.28030999999999984
0.27943000000000007
0.2804400000000001
0.2809099999999999
0.27990999999999994
0.27934999999999993
0.27792
0.28083999999999987
0.2817099999999999
0.27920999999999996
0.27952
0.2814399999999999
0.28017999999999993
0.27842000000000017
0.27898999999999996
0.27940999999999994
0.27986000000000005
0.28007
0.28076999999999996
0.2825300000000001
0.28266000000000013
0.28206999999999993
0.2810600000000001
0.28156
0.27848999999999985
0.27914000000000005
0.28103
0.27841
0.27751999999999993
0.27826000000000006
0.27934
0.27941000000000005
0.27960999999999997
0.28016
0.28044
0.28163000000000005
0.28164999999999996
0.28051999999999994
0.27676
0.27937999999999996
0.2811699999999999
0.2797199999999999
0.28136999999999995
0.2806800000000001
0.28084
0.27954000000000007
0.28148000000000006
0.2800000000000001
0.28079000000000004
0.27935999999999994
0.28098000000000006
0.2825100000000001
0.2826600000000001
0.28197
0.27871999999999997
0.2785399999999999
0.27871999999999986
0.28067999999999993
0.2814000000000001
0.28141999999999995
0.28145
0.28296
0.28222
0.28136999999999995
0.2844199999999999
0.28376000000000007
0.28371
0.27948999999999985
0.27906000000000003
0.2803000000000001
0.2786099999999999
0.2806599999999999
0.27896
0.27943000000000007
0.2789499999999999
0.27907000000000004
0.27982
0.27932000000000007
0.28274000000000005
0.28227
0.2821400000000002
0.28273
0.28068
0.28036000000000005
0.28019
0.27846000000000004
0.28131
0.28146999999999983
0.28140000000000004
0.28150999999999987
0.28117
0.2807800000000001
0.28283
0.27959000000000006
0.28115999999999997
0.27923999999999993
0.2804900000000001
0.28053
0.2802299999999999
0.28145000000000003
0.27924000000000004
0.28156000000000003
0.2812699999999999
0.27893000000000007
0.2795100000000001
0.27936999999999995
0.27984
0.28046000000000004
0.27897999999999995
0.28209
0.2827199999999999
0.2813
0.27876
0.2811999999999999
0.2823
0.27984999999999993
0.27871000000000007
0.2786699999999999
0.27868000000000004
0.27844
0.27942000000000006
0.2792099999999999
0.27926000000000006
0.28113999999999995
0.27985000000000004
0.2806199999999999
0.28103999999999996
0.28160999999999997
0.2797300000000001
0.2816100000000001
0.2806600000000001
0.27995
0.27642999999999984
0.28085
0.2822799999999999
0.2816
0.28164000000000006
0.2810999999999999
0.28337999999999985
0.2829199999999998
0.27871
0.2792100000000001
0.2814199999999999
0.28045000000000003
0.27976999999999974
0.2797799999999999
0.2804699999999999
0.28023000000000003
0.27957999999999994
0.27974
0.27958
0.28099
0.27977
0.28152
0.28004000000000007
0.2806399999999999
0.28233
0.27841999999999995
0.27839999999999987
0.27671
0.27904
0.2778999999999999
0.28075999999999995
0.27974000000000016
0.2814999999999999
0.2813800000000001
0.28181000000000006
0.27866
0.2784800000000001
0.28049999999999997
0.2806100000000001
0.28307000000000004
0.2798799999999999
0.2784200000000001
0.2791599999999999
0.2812700000000001
0.28086999999999995
0.27852999999999994
0.2788499999999998
0.2812399999999999
0.28110000000000007
0.28285000000000016
0.28177
0.2821999999999999
0.28247999999999995
0.28192000000000006
0.28186000000000017
0.27987
0.27956
0.2786900000000001
0.27835
0.2813599999999999
0.2825599999999999
0.28331999999999996
0.28269000000000005
0.28101
0.2814500000000001
0.2807200000000001
0.28063000000000005
0.2810599999999999
0.2809
0.28162000000000004
0.28135000000000004
0.2835599999999999
0.2843200000000001
0.2840899999999999
0.2817300000000001
0.2796799999999999
0.28179999999999994
0.28053
0.28018
0.2793300000000001
0.27993999999999997
0.27974000000000004
0.2806199999999999
0.28211000000000014
0.28099
0.28032000000000007
0.2795100000000001
0.2799400000000001
0.27709999999999996
0.27631999999999995
0.27737
0.27855000000000024
0.28292999999999996
0.28213000000000005
0.28104999999999997
0.27857000000000004
0.28020999999999996
0.28057000000000004
0.28008
0.27907999999999994
0.27903999999999995
0.28102000000000005
0.28168000000000004
0.2823700000000002
0.28363000000000005
0.28029
0.28062000000000004
0.2816899999999999
0.28048999999999996
0.28092999999999996
0.2811299999999999
0.28032
0.2788899999999999
0.27940000000000004
0.28046000000000004
0.28015000000000007
0.28067
0.28041000000000005
0.27912000000000003
0.28112
0.28058
0.28192999999999996
0.28047999999999995
0.2800299999999999
0.28270999999999996
0.2812200000000001
0.28093999999999997
0.27993000000000007
0.27967000000000003
0.2796800000000001
0.28165
0.28203000000000006
0.27886000000000005
0.27701000000000003
0.2791599999999999
0.2786499999999999
0.2789800000000001
0.27975999999999995
0.27941999999999995
0.2799999999999999
0.2801000000000002
0.28045999999999993
0.28179999999999983
0.28216999999999987
0.28244
0.27913999999999994
0.28092
0.27856
0.27979000000000004
0.2778800000000002
0.28056000000000003
0.2805
0.28071
0.28230000000000005
0.2789999999999999
0.28007999999999983
0.2815000000000001
0.28025999999999995
0.2785599999999999
0.2803899999999999
0.27857000000000004
0.27654
0.27830999999999995
0.2803600000000001
0.28333
0.28359
0.28154000000000007
0.28172
0.28005
0.28119000000000005
0.28262
0.2827500000000001
0.2842399999999998
0.2821699999999999
0.28221999999999997
0.27953
0.27857
0.2802299999999999
0.2778400000000001
0.2799899999999999
0.28057
0.27946999999999994
0.2796399999999999
0.2793300000000002
0.2798899999999999
0.28114999999999996
0.27999999999999997
0.28060999999999986
0.2802500000000001
0.28176999999999996
0.28027
0.28006999999999993
0.28034999999999993
0.2781599999999999
0.2785599999999999
0.27940999999999994
0.27814999999999995
0.28096000000000004
0.27991000000000005
0.27910999999999997
0.2764300000000001
0.27758000000000005
0.2789100000000001
0.27995999999999993
0.2811499999999999
0.27926
0.27851000000000015
0.2787300000000001
0.27890999999999994
0.28047000000000005
0.28073000000000004
0.28135000000000004
0.28029000000000015
0.2801099999999999
0.28051000000000004
0.28041000000000005
0.28223000000000004
0.2793800000000001
0.28056
0.2822299999999999
0.27904
0.28277
0.28442000000000006
0.28078000000000003
0.2817800000000001
0.28214000000000006
0.28240000000000015
0.2826200000000001
0.27955999999999986
0.27956999999999993
0.27959
0.28284000000000004
0.2812800000000001
0.2803600000000001
0.27923999999999993
0.28033
0.28203999999999996
0.28019999999999984
0.27903
0.27971
0.28110000000000007
0.28082999999999997
0.2808
0.28085000000000004
0.27941000000000016
0.27929999999999994
0.2757200000000001
0.2785899999999999
0.2789099999999999
0.27768
0.28180000000000005
0.28044999999999987
0.2807300000000001
0.27957
0.28109999999999996
0.2812199999999999
0.28170999999999996
0.28182
0.28261
0.28196
0.28146
0.2821399999999999
0.28202000000000005
0.28032999999999997
0.28239000000000003
0.28242000000000006
0.27994
0.2784799999999999
0.2813800000000001
0.27858999999999995
0.27938
0.28373000000000004
0.28195
0.28058
0.28126
0.28068
0.28052000000000016
0.2823599999999999
0.27996999999999994
0.28046000000000004
0.27777
0.28055
0.27934
0.27992000000000017
0.2808500000000001
0.2805300000000001
0.28041999999999995
0.28119
0.2812600000000001
0.27999000000000007
0.28008
0.2829599999999999
0.2819800000000001
0.28112
0.27987999999999996
0.28081999999999996
0.28151
0.2803599999999999
0.27980000000000005
0.27888
0.28143000000000007
0.27884999999999993
0.27782
0.27842000000000006
0.28139
0.28126999999999996
0.28047
0.28023
0.2811999999999999
0.2803900000000001
0.28240999999999994
0.28166
0.27951999999999994
0.27783000000000024
0.28113
0.2801600000000001
0.2794000000000001
0.2793
0.28247000000000005
0.28153
0.28097
0.27975
0.2818
0.2791199999999999
0.27946000000000004
0.27981
0.27724000000000015
0.27820000000000006
0.27978000000000003
0.27903
0.2810999999999999
0.27924000000000004
0.27738
0.27758999999999995
0.27874000000000004
0.27713999999999994
0.2792700000000001
0.27930000000000005
0.28035
0.28153999999999996
0.2799
0.2800799999999999
0.28004
0.27890000000000004
0.28032
0.2807200000000001
0.2777400000000001
0.27987000000000006
0.2809800000000001
0.28086999999999995
0.27952
0.28308000000000005
0.2811
0.27994
0.28241
0.28139
0.28032999999999997
0.28044000000000013
0.2785400000000001
0.28045999999999993
0.2802200000000001
0.28086000000000005
0.2796
0.27910999999999997
0.27971000000000007
0.28075
0.2818799999999999
0.2805999999999999
0.28056
0.2805399999999999
0.27937
0.2826100000000001
0.27947999999999995
0.2817699999999999
0.28178999999999993
0.2809799999999999
0.28051000000000004
0.28013999999999983
0.28086
0.27842999999999984
0.28035
0.28115
0.2799799999999999
0.28375
0.2833900000000001
0.2815399999999999
0.27903999999999995
0.2802300000000001
0.2814500000000001
0.28249000000000013
0.28295000000000003
0.28118999999999994
0.27986000000000005
0.27913
0.2820500000000001
0.2815
0.2809000000000001
0.28089
0.2815700000000001
0.27804
0.27885
0.28257999999999994
0.2817500000000001
0.28304999999999997
0.2821000000000001
0.2764000000000001
0.27843
0.28102000000000005
0.2827800000000001
0.28004
0.27966
0.28054000000000007
0.28189000000000003
0.28124999999999983
0.28201
0.28186999999999995
0.27994000000000013
0.2804000000000001
0.27945999999999993
0.2810499999999999
0.28111
0.27975
0.27810999999999997
0.2813699999999999
0.27985999999999994
0.27771000000000007
0.27893
0.28058999999999995
0.28009
0.27871000000000007
0.27810000000000007
0.28062000000000004
0.27971999999999997
0.27852
0.28062000000000004
0.28159
0.28242999999999996
0.28185999999999994
0.28006
0.2813099999999999
0.27841
0.28008999999999995
0.28206
0.28165000000000007
0.28178999999999993
0.2796400000000001
0.27952999999999995
0.27858999999999984
0.28016
0.2800600000000001
0.28034
0.27915
0.2787399999999999
0.2779699999999999
0.28009999999999996
0.28084
0.2789899999999999
0.28114000000000006
0.2791399999999997
0.28017000000000003
0.28007999999999994
0.27887
0.28154999999999997
0.28316999999999987
0.27986
0.27876999999999996
0.27869
0.28067999999999993
0.27767000000000003
0.27892
0.2814
0.27738999999999997
0.27824999999999994
0.28015
0.2801800000000001
0.28091000000000016
0.28076999999999996
0.27884
0.27867999999999993
0.2815999999999999
0.28041
0.28022999999999987
0.28091000000000005
0.2802100000000002
0.27942999999999996
0.27928
0.27743000000000007
0.28052000000000005
0.27865
0.27782999999999997
0.27796999999999994
0.2767699999999999
0.2777199999999999
0.27943
0.2765200000000001
0.2797500000000001
0.28054
0.27954000000000007
0.27902
0.28120999999999996
0.28293
0.2830599999999999
0.28329000000000004
0.28244999999999987
0.28358999999999995
0.2821300000000001
0.2826099999999999
0.2828799999999999
0.2816099999999999
0.27971999999999997
0.27899999999999997
0.28143999999999997
0.28143999999999997
0.28018000000000004
0.28207999999999994
0.28191999999999995
0.2811
0.28101
0.2778500000000001
0.27900000000000014
0.27976
0.28023
0.28084
0.27968999999999994
0.27675000000000005
0.2762199999999999
0.27868000000000004
0.2810000000000001
0.28098
0.2815
0.2847200000000001
0.28287
0.28047
0.28048000000000006
0.27920000000000006
0.2801099999999999
0.28141000000000005
0.28274
0.28036
0.27995999999999993
0.28179000000000004
0.27873
0.2809899999999999
0.28137999999999996
0.2783
0.28041999999999995
0.27992000000000006
0.2789
0.27887999999999985
0.28023
0.28001000000000004
0.2821
0.27927
0.2776900000000001
0.28006
