0.19999999999999962
0.5933799999999998
0.4585300000000003
0.5684099999999999
0.4796600000000001
0.5520799999999999
0.49361000000000027
0.53913
0.50276
0.53311
0.50773
0.5281400000000002
0.5117300000000001
0.5248999999999999
0.51532
0.5220900000000003
0.5179000000000002
0.5211100000000001
0.51921
0.52015
0.51946
0.5180700000000003
0.5210400000000004
0.5183000000000003
0.52128
0.5185800000000004
0.51993
0.5198300000000001
0.5191599999999998
0.5199300000000003
0.5196300000000001
0.52041
0.5184800000000002
0.5190300000000001
0.5192300000000001
0.5195900000000001
0.5198100000000001
0.5182600000000004
0.5193200000000001
0.5198700000000003
0.5198200000000002
0.5196300000000004
0.51931
0.5200800000000001
0.5196500000000002
0.5195200000000003
0.51815
0.5203800000000003
0.51951
0.5198700000000003
0.51835
0.5201600000000002
0.5186099999999999
0.5204500000000003
0.5201899999999999
0.5195200000000001
0.51999
0.5192300000000004
0.5207400000000002
0.5184600000000004
0.52007
0.5182000000000001
0.5199299999999999
0.5207
0.5189500000000002
0.5208799999999999
0.5188600000000002
0.5200600000000001
0.5194000000000002
0.51881
0.5198300000000002
0.5190400000000003
0.5197600000000001
0.5194500000000002
0.51939
0.5202500000000002
0.5195200000000001
0.5206399999999999
0.5185400000000002
0.5193900000000002
0.52009
0.5201700000000002
0.5199999999999999
0.51839
0.5210300000000001
0.51783
0.5209500000000002
0.51942
0.5185000000000002
0.52058
0.5189400000000003
0.5205000000000001
0.5194300000000002
0.5184200000000001
0.5202700000000001
0.5198000000000002
0.5168500000000001
0.5219700000000004
0.5165200000000003
0.52244
0.5153300000000002
0.5231600000000001
0.5173000000000002
0.5209800000000002
0.5180300000000003
0.5205400000000004
0.5191199999999999
0.5188399999999997
0.5213800000000002
0.5183000000000003
0.5205899999999999
0.5186700000000003
0.51981
0.5193500000000002
0.51986
0.5191800000000001
0.5204700000000002
0.5184800000000002
0.52008
0.5197400000000001
0.5201500000000002
0.5189700000000004
0.5208600000000002
0.5194100000000001
0.5195900000000001
0.5220600000000002
0.5168400000000003
0.5216600000000001
0.5179400000000003
0.52061
0.5179600000000002
0.5202200000000001
0.51853
0.51973
0.5191200000000006
0.5212300000000001
0.51817
0.5198300000000001
0.5181000000000003
0.5221500000000002
0.5171900000000005
0.5216500000000002
0.5173100000000003
0.5215600000000001
0.5180900000000002
0.5203100000000004
0.5192000000000002
0.51934
0.51875
0.5202600000000001
0.5185899999999998
0.5207
0.5185100000000005
0.5195000000000004
0.51878
0.5203800000000002
0.5194300000000002
0.5195000000000003
0.51875
0.5206699999999999
0.5184600000000004
0.5205400000000002
0.5192900000000001
0.5196300000000003
0.5195700000000002
0.5181999999999999
0.5201699999999999
0.5182500000000002
0.5219100000000002
0.51665
0.5214600000000001
0.5186400000000001
0.5199100000000001
0.5185700000000001
0.52061
0.5174500000000002
0.5207800000000002
0.51797
0.5209100000000003
0.51895
0.5196700000000001
0.5206100000000001
0.51863
0.5199299999999999
0.5184900000000001
0.52001
0.5203300000000003
0.51992
0.5179399999999998
0.5214800000000002
0.51864
0.5193600000000003
0.5193500000000002
0.5202900000000001
0.5180600000000001
0.5208699999999998
0.5197800000000001
0.5185599999999999
0.52065
0.5192900000000003
0.5197400000000003
0.5205200000000003
0.5185700000000001
0.5189099999999999
0.51902
0.51976
0.5194400000000002
0.5183700000000002
0.51997
0.5197699999999998
0.5194600000000003
0.5204400000000001
0.5188100000000001
0.5192800000000001
0.5196600000000001
0.5219100000000002
0.5174700000000001
0.5211100000000002
0.5174799999999999
0.5201499999999999
0.5188400000000002
0.5204199999999999
0.51853
0.5218
0.5175400000000002
0.5205699999999999
0.5183200000000003
0.5200500000000001
0.5209100000000002
0.5180200000000003
0.5218000000000003
0.5174700000000003
0.5211700000000001
0.5179800000000001
0.5193200000000001
0.51967
0.5189900000000001
0.5203699999999999
0.5189400000000003
0.5193300000000003
0.51893
0.52073
0.5188600000000001
0.5203100000000004
0.5198000000000004
0.5190499999999999
0.5192200000000002
0.5197200000000002
0.5191100000000001
0.5208600000000003
0.5195600000000001
0.51909
0.5217800000000002
0.5174300000000001
0.5219600000000001
0.5181200000000004
0.5203700000000001
0.5189900000000002
0.5215700000000002
0.5186900000000002
0.5197200000000002
0.5197800000000002
0.5199700000000003
0.5182100000000003
0.5205400000000003
0.5186600000000001
0.5205600000000001
0.51766
0.52124
0.5183500000000001
0.5217100000000001
0.5193300000000004
0.5206599999999999
0.5191500000000002
0.5205800000000002
0.5190300000000001
0.51873
0.5217099999999999
0.5162500000000001
0.5229500000000001
0.5173600000000002
0.5217500000000004
0.5184800000000002
0.5207699999999998
0.5179700000000004
0.52073
0.5192100000000003
0.51877
0.5204399999999999
0.5191700000000001
0.5200100000000001
0.51834
0.5207200000000003
0.5183200000000003
0.5208500000000001
0.51847
0.5200900000000002
0.5194600000000001
0.5202900000000004
0.51778
0.5201300000000001
0.5196500000000001
0.5205199999999999
0.5190800000000003
0.5201500000000001
0.5198300000000001
0.51904
0.52046
0.5195600000000001
0.51904
0.5186400000000004
0.5210400000000002
0.5186200000000002
0.5206000000000001
0.5197300000000002
0.5199400000000002
0.5182000000000001
0.5209300000000002
0.5178400000000003
0.5200700000000004
0.5201899999999999
0.5193100000000004
0.5202100000000002
0.5199099999999999
0.5184799999999999
0.5206600000000001
0.51963
0.5188900000000001
0.5199100000000003
0.5196900000000003
0.5186800000000001
0.5201600000000003
0.5191000000000002
0.5199000000000003
0.5202100000000002
0.5196000000000001
0.5189299999999999
0.5193
0.5181100000000003
0.5211300000000002
0.5170600000000002
0.5214799999999999
0.5171600000000001
0.5224300000000003
0.5170700000000001
0.5216400000000001
0.51692
0.5217800000000004
0.5193400000000004
0.5191000000000001
0.5203700000000003
0.5194900000000005
0.5198300000000002
0.5181700000000001
0.5199900000000001
0.51793
0.5215200000000001
0.5175600000000002
0.5200400000000003
0.51893
0.52027
0.5195200000000001
0.51934
0.5206300000000001
0.5186200000000002
0.5193000000000001
0.52069
0.5191300000000001
0.5189400000000002
0.5188800000000001
0.5196500000000004
0.51813
0.5202400000000004
0.5185900000000001
0.5203800000000001
0.5192
0.5192100000000002
0.51933
0.5205099999999998
0.5181600000000003
0.52108
0.51765
0.5212600000000003
0.5173800000000001
0.5212800000000002
0.51859
0.5197700000000002
0.5190800000000003
0.5189200000000002
0.5197000000000004
0.5200300000000003
0.5187600000000002
0.52015
0.5187299999999998
0.5215000000000002
0.5206900000000002
0.5181399999999999
0.5203000000000002
0.51847
0.5190500000000001
0.5193900000000002
0.5199300000000001
0.5189400000000002
0.5204600000000001
0.5194600000000001
0.5188100000000003
0.5193200000000002
0.5199100000000002
0.5190400000000003
0.5200000000000001
0.5189199999999999
0.5208200000000001
0.51704
0.5212299999999999
0.5180800000000003
0.5203800000000003
0.5188400000000002
0.5207500000000003
0.5203700000000001
0.5181800000000002
0.5211500000000003
0.5171000000000001
0.5210000000000004
0.5193200000000003
0.5206700000000002
0.5188500000000003
0.5193400000000001
0.5203700000000002
0.5196800000000001
0.5187400000000001
0.5220600000000001
0.5183800000000001
0.5208100000000002
0.5183800000000001
0.5201600000000002
0.5188500000000001
0.5212300000000001
0.5179200000000002
0.5213399999999999
0.5193199999999998
0.5199000000000001
0.5200100000000001
0.5205900000000001
0.51877
0.5209900000000001
0.5187200000000002
0.5220800000000002
0.5169600000000003
0.5239400000000001
0.51721
0.5201500000000001
0.51985
0.5197600000000001
0.51961
0.5203099999999999
0.5176
0.5214400000000001
0.5181800000000001
0.52093
0.5183800000000003
0.5202400000000003
0.51976
0.5197000000000002
0.5191800000000001
0.5214900000000002
0.5183900000000002
0.5200400000000001
0.5189100000000001
0.51918
0.5198900000000003
0.5190600000000001
0.5214199999999999
0.5182800000000003
0.52128
0.5191400000000003
0.51942
0.5214500000000002
0.5188200000000002
0.5205300000000002
0.51862
0.5210199999999999
0.51789
0.5208500000000003
0.51763
0.5213500000000003
0.5184000000000002
0.52033
0.5193200000000003
0.5191000000000002
0.5216500000000001
0.5179700000000003
0.5211200000000001
0.5194399999999999
0.5188300000000003
0.5191900000000003
0.52044
0.51843
0.5201600000000002
0.5187200000000002
0.5199600000000002
0.5195600000000001
0.5189500000000002
0.5199200000000002
0.5196799999999999
0.5213500000000002
0.5187200000000003
0.5202200000000005
0.5182600000000002
0.5211900000000002
0.51847
0.5212600000000002
0.51753
0.5198900000000002
0.5196400000000003
0.5208200000000002
0.51898
0.5183600000000002
0.5207999999999999
0.5206200000000002
0.5180599999999997
0.5213700000000001
0.5186000000000001
0.5212800000000002
0.5182200000000003
0.52025
0.5182800000000003
0.5199500000000001
0.5180100000000001
0.5224700000000002
0.5173200000000002
0.5208200000000004
0.5186100000000002
0.51971
0.51826
0.5227000000000003
0.5178100000000001
0.52034
0.5177200000000002
0.5212100000000001
0.5164800000000003
0.5221600000000002
0.5179800000000003
0.5211899999999999
0.51953
0.5191600000000003
0.5200000000000001
0.5189100000000003
0.5199500000000004
0.5207900000000003
0.5182500000000002
0.5191100000000001
0.5192900000000003
0.51931
0.5200800000000004
0.51847
0.5224700000000001
0.51737
0.5202200000000001
0.5188500000000001
0.5181300000000002
0.5203600000000002
0.5191800000000001
0.5194200000000002
0.5190400000000003
0.51817
0.52105
0.5185
0.5202100000000003
0.51902
0.5203200000000002
0.5198400000000002
0.5188699999999999
0.5204300000000001
0.5199700000000003
0.5204900000000001
0.5186700000000001
0.52028
0.5195299999999999
0.5200600000000001
0.5188800000000002
0.5191800000000001
0.5200700000000001
0.5191000000000001
0.52069
0.5177600000000001
0.5219299999999998
0.5186700000000002
0.52026
0.5185300000000002
0.5202400000000001
0.51886
0.5208600000000001
0.5178200000000001
0.5211200000000001
0.5190500000000003
0.5196200000000001
0.5198400000000001
0.5188500000000001
0.52162
0.5190300000000004
0.5213500000000003
0.5178100000000001
0.5201800000000003
0.5188900000000001
0.5201900000000002
0.5182000000000002
0.5216700000000002
0.5191500000000001
0.5184500000000003
0.5202900000000001
0.5182000000000001
0.5205000000000001
0.5186200000000003
0.5208200000000004
0.5192700000000001
0.5192600000000002
0.5195000000000001
0.5198200000000002
0.5191200000000001
0.51811
0.5204900000000001
0.5184100000000004
0.5211900000000004
0.5186900000000002
0.5209000000000001
0.5179400000000001
0.5214000000000002
0.5179800000000003
0.5215299999999999
0.5184400000000002
0.5189600000000004
0.5216000000000001
0.5173500000000001
0.5223700000000001
0.5185400000000003
0.5212000000000004
0.51815
0.5219100000000001
0.5169600000000004
0.5212599999999998
0.51714
0.5228100000000003
0.5175500000000003
0.5223500000000002
0.5164500000000001
0.5221599999999996
0.5171800000000001
0.5214799999999997
0.5174899999999999
0.5208400000000004
0.51995
0.5203699999999999
0.5191800000000001
0.5217600000000001
0.5178100000000003
0.5211400000000003
0.5184800000000004
0.5199800000000003
0.5198600000000003
0.5195900000000002
0.5190900000000004
0.51995
0.5202800000000003
0.51752
0.52126
0.5169000000000002
0.5222100000000002
0.5173500000000001
0.52119
0.51751
0.5208200000000002
0.5180700000000001
0.5215500000000003
0.5186600000000001
0.5200300000000002
0.5191700000000001
0.5197500000000003
0.51984
0.5190700000000003
0.5200800000000002
0.5197400000000001
0.5197500000000003
0.51902
0.5204800000000002
0.5181900000000003
0.5219300000000001
0.5194
0.5198300000000002
0.5197800000000002
0.5196300000000004
0.5194099999999999
0.5193500000000004
0.51826
0.5206700000000001
0.5191200000000002
0.5204200000000001
0.5195000000000002
0.5181500000000004
0.5213500000000002
0.5161500000000001
0.52295
0.5164000000000002
0.5224500000000001
0.5169800000000002
0.52225
0.5182300000000002
0.5212900000000001
0.51756
0.5213099999999998
0.51767
0.52167
0.5172199999999999
0.5213900000000004
0.5181400000000004
0.5208500000000005
0.5195700000000003
0.5193900000000001
0.5199099999999999
0.5193600000000004
0.5204599999999999
0.5188200000000003
0.5191500000000002
0.52033
0.5187700000000002
0.5198800000000002
0.5199400000000002
0.5202300000000001
0.5177
0.5215099999999999
0.5179700000000003
0.5197700000000003
0.5190600000000003
0.5202100000000002
0.51965
0.5188000000000001
0.5213500000000003
0.5190000000000003
0.5205500000000003
0.51848
0.5204600000000003
0.5190200000000004
0.52008
0.5189100000000001
0.5189300000000001
0.5203300000000002
0.5203900000000001
0.5192700000000001
0.5192200000000001
0.5201800000000002
0.5186
0.5211200000000002
0.5186500000000003
0.5207100000000001
0.5175399999999999
0.5208900000000002
0.5180300000000002
0.5212800000000002
0.5188600000000004
0.5206599999999999
0.5175200000000003
0.5200600000000001
0.5200299999999999
0.5191899999999999
0.5190000000000002
0.5188500000000001
0.5197400000000001
0.5200200000000001
0.5204500000000002
0.5182200000000001
0.5200800000000001
0.5196300000000001
0.5201200000000002
0.5186600000000001
0.5199300000000001
0.52032
0.5198300000000002
0.5188299999999999
0.5211800000000002
0.5166100000000002
0.5214400000000002
0.51853
0.5207100000000002
0.5183000000000004
0.5199700000000003
0.5191400000000002
0.5193900000000002
0.51943
0.5198200000000002
0.5198900000000003
0.51944
0.51953
0.5203600000000004
0.51892
0.5186500000000003
0.5210000000000004
0.5190600000000002
0.5204800000000002
0.5192000000000003
0.5202200000000005
0.5203600000000004
0.5192800000000003
0.5204300000000002
0.5188800000000002
0.5196600000000001
0.5192000000000001
0.5199400000000002
0.5181200000000002
0.51953
0.5203400000000001
0.5196600000000001
0.5201100000000002
0.5194200000000001
0.5190700000000003
0.52004
0.5179100000000004
0.5222400000000001
0.5182600000000002
0.5219800000000002
0.51646
0.5226800000000001
0.5163300000000001
0.5218500000000001
0.5183900000000002
0.5206599999999998
0.5176300000000003
0.52095
0.5192000000000001
0.5210199999999999
0.5188400000000002
0.5197400000000002
0.5203
0.51764
0.5200600000000002
0.5186100000000003
0.5195400000000001
0.5203700000000003
0.5203500000000001
0.5187100000000001
0.5197800000000002
0.5198900000000003
0.5186300000000003
0.5207200000000004
0.5181600000000001
0.5218400000000004
0.5174300000000001
0.5224800000000003
0.5166999999999998
0.5216800000000003
0.51835
0.5208000000000002
0.51808
0.5215200000000002
0.5181700000000004
0.5219999999999999
0.5180600000000002
0.5207
0.5194100000000003
0.51918
0.5198999999999999
0.5188300000000001
0.5196500000000002
0.51975
0.5189900000000001
0.5204700000000002
0.5185800000000002
0.5199700000000003
0.51895
0.5201500000000003
0.52072
0.5185700000000003
0.5197100000000001
0.5179400000000003
0.5211900000000002
0.5179499999999999
0.5209800000000001
0.5180800000000001
0.5198100000000001
0.52009
0.5174000000000004
0.5228600000000003
0.5171400000000002
0.5214500000000001
0.5180800000000001
0.5205800000000003
0.5173200000000001
0.5197599999999999
0.5192700000000002
0.5195300000000003
0.5207200000000003
0.5179300000000003
0.5214900000000003
0.5191300000000002
0.52006
0.5191800000000003
0.51848
0.5211000000000001
0.5184
0.5193300000000004
0.5207400000000002
0.5185400000000001
0.5209100000000002
0.51815
0.52116
0.5181400000000002
0.5206400000000001
0.5201199999999999
0.5178200000000001
0.5216900000000001
0.5178700000000004
0.5203599999999999
0.5189200000000002
0.5210000000000004
0.5176900000000004
0.5217000000000003
0.5180100000000001
0.52028
0.51933
0.5190300000000002
0.5203400000000001
0.5189400000000002
0.5194400000000002
0.5199600000000001
0.5187400000000003
0.5194199999999999
0.52005
0.5199200000000005
0.5195099999999999
0.5190100000000001
0.5215900000000001
0.5180200000000003
0.5199900000000002
0.5179000000000001
0.51988
0.5181800000000002
0.5205000000000001
0.5185099999999999
0.5206299999999999
0.5193400000000001
0.5199700000000002
0.5186700000000001
0.5200600000000001
0.5182199999999999
0.5221400000000002
0.5183800000000002
0.52179
0.5186999999999999
0.5193600000000002
0.5193700000000001
0.5194900000000001
0.5197800000000001
0.5188500000000001
0.52086
0.5201600000000002
0.5190200000000004
0.51986
0.5200399999999998
0.5190700000000001
0.5196200000000001
0.5212600000000002
0.51725
0.5217800000000001
0.5176200000000003
0.5217500000000004
0.5182800000000002
0.5207200000000003
0.5173100000000002
0.5199000000000001
0.5191400000000003
0.5200400000000003
0.5200800000000003
0.5195900000000002
0.5193799999999998
0.5189700000000003
0.5201000000000002
0.51959
0.5198300000000003
0.5198400000000001
0.5191700000000004
0.5203000000000003
0.5194200000000003
0.5189499999999999
0.5191700000000001
0.5196500000000003
0.5199100000000001
0.5187000000000004
0.5206300000000001
0.5196000000000003
0.5203800000000002
0.5191000000000002
0.52077
0.5187100000000002
0.5212000000000001
0.5188500000000001
0.5198800000000001
0.5195500000000002
0.5190500000000001
0.5206199999999999
0.5179700000000002
0.5211300000000002
0.5180300000000002
