0.19999999999999962
0.24807999999999994
0.2950799999999999
0.32084
0.32949
0.3329599999999999
0.33185
0.33094
0.3327199999999999
0.33747
0.33586
0.33375
0.33570000000000016
0.33041000000000004
0.33264999999999995
0.3329099999999999
0.33318000000000014
0.3337800000000001
0.33449000000000007
0.33246000000000014
0.33392000000000005
0.33422000000000013
0.33343000000000006
0.33281
0.33344999999999997
0.33386000000000005
0.33408
0.33472999999999997
0.33425000000000005
0.33303000000000005
0.33392000000000005
0.33568000000000003
0.33465000000000006
0.3348699999999999
0.3350000000000001
0.33245000000000013
0.33403000000000005
0.3347500000000001
0.33623
0.33335999999999993
0.33603
0.3354800000000002
0.33334
0.33548
0.33206
0.33344999999999997
0.33307
0.33332000000000006
0.3334500000000001
0.33244999999999997
0.32971000000000006
0.33349000000000006
0.33369
0.3324399999999999
0.33158999999999983
0.33388000000000007
0.33419
0.33379000000000003
0.33228
0.33301000000000014
0.3337699999999999
0.33166999999999996
0.3319799999999999
0.33212
0.33562000000000003
0.33536000000000016
0.33521
0.33411
0.33464999999999995
0.3375600000000001
0.33582000000000023
0.33431
0.3315800000000001
0.33443
0.3344100000000001
0.33497
0.33572
0.33586
0.33357000000000014
0.3357899999999999
0.33198000000000016
0.33319000000000015
0.3363599999999998
0.3348899999999999
0.33442000000000005
0.3341700000000001
0.33501000000000003
0.33648000000000017
0.3343299999999999
0.33342000000000005
0.33549000000000007
0.3339700000000001
0.33228
0.33468999999999993
0.3337399999999999
0.3323400000000001
0.3327599999999999
0.3319500000000001
0.3333700000000001
0.3329800000000001
0.3307599999999999
0.3317799999999999
0.3348299999999999
0.33221000000000017
0.33261
0.3328500000000001
0.3330500000000003
0.3342000000000001
0.33538999999999997
0.3363200000000001
0.3350699999999999
0.3341800000000001
0.33454
0.3324300000000003
0.33330000000000004
0.33334
0.33614000000000005
0.33286
0.33390999999999993
0.3335400000000001
0.3359400000000001
0.33732
0.33697000000000005
0.33444
0.3345099999999999
0.33182
0.33348
0.33319000000000004
0.33455000000000007
0.33282000000000006
0.3347300000000001
0.33522000000000013
0.33551000000000003
0.33371
0.3334699999999999
0.33702
0.33396000000000003
0.33263
0.33382999999999996
0.33368
0.33452999999999994
0.33363000000000015
0.3327799999999999
0.33338999999999996
0.3316799999999999
0.33165999999999995
0.33387999999999995
0.33425
0.33185000000000003
0.33305999999999997
0.33600999999999986
0.3325999999999999
0.33162000000000014
0.33251000000000014
0.33154999999999996
0.3332
0.33122000000000007
0.33348000000000005
0.33371
0.3346300000000001
0.3347299999999999
0.33215000000000006
0.33347
0.33482
0.33448999999999995
0.3339900000000002
0.33198000000000016
0.33518000000000003
0.3347500000000001
0.3319300000000001
0.33514000000000005
0.33251
0.3329799999999999
0.33254
0.33338
0.33319999999999994
0.3326099999999999
0.3342399999999999
0.33330999999999994
0.33376
0.3333099999999999
0.3385
0.3361599999999999
0.33444
0.33653000000000005
0.33432
0.3353599999999999
0.33364
0.33652
0.3365800000000001
0.33555000000000007
0.3345599999999998
0.33459000000000005
0.33408
0.33443
0.3348100000000001
0.33441000000000015
0.3344599999999999
0.33331999999999995
0.3333400000000001
0.33403
0.33210000000000006
0.33205000000000007
0.3328200000000001
0.33281
0.33509000000000017
0.33498999999999995
0.33484
0.33204999999999985
0.33203999999999995
0.33609
0.3340099999999998
0.33445000000000014
0.3336800000000001
0.33321
0.3319099999999999
0.3314199999999999
0.33541000000000004
0.33177000000000023
0.3325600000000001
0.33568
0.33607
0.33348999999999995
0.33494999999999997
0.33339000000000013
0.33302
0.3326199999999999
0.3328200000000001
0.33415000000000006
0.3368700000000001
0.33574
0.33718999999999993
0.3338899999999999
0.33521999999999996
0.33437999999999996
0.33638000000000007
0.3352199999999998
0.33332
0.33440999999999993
0.33126999999999995
0.33366999999999997
0.3324399999999999
0.33311999999999997
0.3336999999999999
0.3331699999999999
0.3353400000000001
0.3338700000000002
0.3343200000000001
0.33559000000000005
0.33616
0.33424
0.33271999999999985
0.33507
0.33518000000000003
0.33460999999999996
0.33457000000000015
0.3344600000000002
0.33422
0.3333699999999999
0.33374999999999994
0.33161
0.33541
0.33587000000000017
0.33392000000000005
0.33288000000000006
0.33307000000000014
0.33159999999999995
0.3338999999999999
0.33442
0.3325399999999999
0.3297700000000001
0.33279999999999993
0.33374999999999994
0.3338000000000001
0.3329000000000001
0.33194
0.33349999999999985
0.33300000000000013
0.3332300000000001
0.33280000000000015
0.33011
0.3340900000000001
0.3358
0.3346300000000001
0.33391999999999994
0.3320300000000001
0.33372999999999997
0.3355900000000003
0.3325400000000001
0.33681
0.3357499999999999
0.33415999999999996
0.33387000000000006
0.33502000000000004
0.33496000000000004
0.33515999999999996
0.33458000000000004
0.3326000000000001
0.33208000000000004
0.33295000000000013
0.3341900000000001
0.3337299999999999
0.33487999999999984
0.3347500000000001
0.3339999999999999
0.3347700000000002
0.3359800000000001
0.3306799999999999
0.33239000000000013
0.33489
0.33399999999999996
0.33755
0.33559000000000005
0.3347
0.33288999999999985
0.3342900000000001
0.33271000000000006
0.33472
0.33555999999999997
0.33708
0.33412000000000014
0.33398999999999984
0.3356700000000001
0.33559999999999995
0.3367099999999999
0.33464999999999995
0.3351200000000001
0.33504999999999996
0.33455999999999997
0.33293
0.3325499999999999
0.33299999999999996
0.3337600000000003
0.33447999999999994
0.33320000000000016
0.33549
0.33410999999999985
0.33345999999999987
0.3334300000000001
0.33410000000000006
0.33503
0.33307000000000003
0.3335699999999999
0.33410999999999985
0.33468000000000003
0.33320000000000005
0.3342599999999999
0.33421000000000006
0.3319500000000001
0.33793
0.33630000000000015
0.33565
0.3358500000000001
0.3344900000000001
0.33429000000000003
0.3339500000000001
0.33251999999999987
0.33141000000000015
0.33462000000000003
0.3339900000000002
0.33258000000000004
0.33068999999999993
0.33314
0.33357000000000014
0.33354999999999996
0.3355700000000001
0.33415
0.33270999999999995
0.33314000000000005
0.33208000000000004
0.3340200000000003
0.33564
0.33437999999999996
0.3333100000000001
0.3337499999999999
0.33454999999999996
0.33200999999999986
0.33079000000000003
0.33503000000000005
0.33268999999999993
0.33069000000000004
0.33191000000000004
0.33374000000000015
0.33618000000000003
0.3326699999999999
0.33368000000000003
0.33501
0.33657000000000004
0.33459999999999984
0.33192
0.3330999999999999
0.33321999999999996
0.3351299999999998
0.3352900000000001
0.33510999999999996
0.3337700000000002
0.3337399999999999
0.3348500000000002
0.3338000000000001
0.33513000000000015
0.3353
0.33372999999999997
0.33411
0.3339999999999999
0.33372
0.33296
0.33594
0.3310900000000001
0.33089999999999997
0.3306400000000002
0.33182999999999985
0.33520000000000005
0.33344
0.33353999999999995
0.3337000000000001
0.33252000000000004
0.3364700000000002
0.33641
0.33661000000000013
0.3368299999999999
0.3345600000000001
0.3348299999999999
0.3330400000000001
0.33504999999999996
0.33256
0.33619
0.33385000000000004
0.33383
0.33535000000000004
0.33431000000000005
0.33541999999999994
0.33430000000000015
0.33355999999999997
0.33257000000000003
0.3324000000000001
0.3322899999999999
0.33347
0.3325600000000001
0.33281
0.3335000000000001
0.3331000000000001
0.3349699999999999
0.33308
0.33410999999999996
0.3364200000000001
0.3356899999999999
0.33362999999999987
0.33405999999999997
0.33263
0.3338000000000001
0.33396000000000015
0.3332500000000001
0.3340600000000002
0.33454999999999996
0.33512999999999993
0.3332299999999999
0.33335000000000004
0.3309000000000001
0.33250000000000024
0.33369000000000015
0.33597
0.33431999999999995
0.3341600000000001
0.33467000000000013
0.3362100000000001
0.33555000000000007
0.33635000000000004
0.3350799999999999
0.33413000000000004
0.33466000000000007
0.3347400000000001
0.33509000000000017
0.33452
0.33472
0.33444000000000007
0.33245000000000013
0.33340000000000003
0.33452999999999994
0.3329600000000001
0.33349000000000006
0.33253
0.3333700000000001
0.3323700000000001
0.33514999999999995
0.33184
0.33375000000000005
0.33392000000000005
0.33520000000000005
0.33841999999999983
0.33374000000000004
0.33421
0.33345000000000014
0.33287000000000005
0.3349999999999999
0.33483999999999997
0.3323000000000001
0.33407
0.33515
0.33257000000000003
0.33224000000000004
0.3347100000000002
0.3334899999999999
0.33501999999999993
0.33512999999999993
0.33276999999999995
0.33321999999999996
0.3321900000000001
0.3337399999999999
0.3341200000000002
0.3349999999999998
0.33392000000000005
0.3342000000000001
0.33381
0.33610000000000007
0.33392000000000005
0.33377
0.33333999999999997
0.3345899999999999
0.3349
0.33256000000000013
0.33431000000000005
0.33454999999999996
0.3345599999999999
0.33260999999999996
0.33347
0.3347600000000001
0.33525999999999995
0.3317399999999999
0.33298
0.33251999999999987
0.33035999999999993
0.3337500000000002
0.3344699999999999
0.3346700000000001
0.33336999999999994
0.33348
0.33393999999999985
0.33248000000000005
0.3323300000000001
0.33219999999999994
0.33291
0.33326000000000006
0.33372000000000007
0.33324
0.33538
0.33733000000000013
0.3343899999999999
0.33247999999999983
0.3318000000000001
0.3324400000000001
0.33245000000000013
0.3330899999999999
0.3353300000000001
0.33584999999999987
0.33354
0.3331000000000001
0.33513000000000004
0.3330000000000002
0.3331299999999999
0.33547
0.33368000000000003
0.3322300000000001
0.3318399999999999
0.3335
0.3319999999999998
0.33443999999999996
0.33642000000000016
0.33619
0.3370400000000002
0.3365399999999999
0.3343099999999999
0.33360000000000006
0.33178000000000013
0.3294
0.33219
0.3337100000000001
0.33344000000000007
0.33284000000000014
0.33589999999999987
0.33276999999999995
0.33501
0.33800000000000013
0.3331000000000001
0.33379999999999993
0.33422999999999986
0.3363300000000001
0.33652000000000015
0.33475
0.33659
0.33626000000000006
0.3352700000000002
0.3309599999999998
0.33121
0.3336899999999999
0.3333
0.3328399999999999
0.3344699999999999
0.33399999999999996
0.3360900000000001
0.3353500000000002
0.33305999999999997
0.3349799999999999
0.33299000000000006
0.33086999999999994
0.33315000000000006
0.3342399999999999
0.33222
0.33177000000000006
0.33389
0.3358900000000001
0.33527999999999997
0.33391000000000015
0.33353
0.33362
0.3337099999999999
0.33368
0.33257000000000003
0.33363
0.33205000000000007
0.33392000000000005
0.33488
0.33696000000000004
0.33592999999999995
0.33476
0.33386000000000005
0.3329399999999999
0.3351199999999999
0.33432
0.33422
0.33368000000000003
0.33271999999999996
0.33203000000000016
0.3344799999999999
0.3344599999999999
0.33625000000000016
0.33388999999999996
0.33440000000000014
0.3363899999999998
0.33400000000000013
0.3371700000000001
0.33695
0.3335299999999998
0.33579999999999993
0.33584
0.33549999999999985
0.3370299999999999
0.33472
0.3339700000000002
0.33206
0.3329
0.33307
0.33324
0.33351999999999987
0.3333900000000001
0.33572
0.33514000000000016
0.33452999999999994
0.3313499999999999
0.3343800000000001
0.33491000000000015
0.3347400000000001
0.3335300000000001
0.33319000000000004
0.3327600000000001
0.33265
0.33214
0.33226999999999995
0.3327200000000001
0.33358999999999994
0.3362600000000001
0.3319100000000001
0.33486999999999995
0.33438
0.33710000000000007
0.33520000000000016
0.33614000000000005
0.3358700000000001
0.33593000000000006
0.33483999999999997
0.33552000000000004
0.3354900000000001
0.33650000000000013
0.33490999999999993
0.3342599999999999
0.33369000000000004
0.33308
0.33294999999999997
0.33466999999999986
0.33433999999999997
0.33429000000000003
0.33380000000000015
0.3336200000000001
0.33407999999999993
0.3341599999999997
0.3324099999999999
0.33459000000000005
0.3341500000000001
0.33328999999999986
0.3325300000000002
0.33146999999999976
0.33212999999999987
0.3351800000000001
0.33739999999999987
0.3342600000000001
0.33123
0.33375999999999983
0.33429000000000014
0.33354999999999985
0.3341400000000001
0.3323200000000002
0.33353999999999995
0.33361999999999997
0.33414
0.33321999999999996
0.33356
0.33297
0.33587000000000006
0.33786
0.33474999999999994
0.33482
0.3349300000000001
0.33252000000000015
0.3345600000000002
0.3328300000000002
0.33292
0.33377
0.33404000000000006
0.3370600000000002
0.3372000000000002
0.33573000000000014
0.3357100000000001
0.3333100000000001
0.33330000000000004
0.33785000000000004
0.33668
0.3366300000000001
0.33090999999999987
0.32954000000000006
0.3346799999999998
0.33508000000000004
0.33338000000000007
0.33214999999999995
0.3337000000000001
0.3320099999999999
0.33340999999999993
0.33326
0.33417000000000013
0.3326599999999999
0.33484
0.33453000000000005
0.33545
0.3375399999999999
0.3346499999999999
0.33594
0.3352999999999999
0.33333000000000007
0.33463
0.33657
0.33619
0.33534000000000025
0.33612
0.3357200000000001
0.33516000000000007
0.33428
0.33234
0.3328900000000001
0.33518000000000003
0.3341700000000001
0.33493000000000017
0.33532000000000006
0.33397
0.33549999999999996
0.33472999999999997
0.33444
0.3354800000000001
0.3354099999999999
0.33374000000000015
0.33397000000000004
0.3312899999999999
0.33099999999999996
0.3313999999999999
0.33344000000000007
0.33457000000000003
0.33336999999999983
0.33510000000000006
0.33351
0.3358500000000002
0.33620999999999995
0.3353500000000001
0.3346099999999999
0.33558999999999983
0.3339099999999998
0.33263999999999994
0.3326799999999998
0.3327200000000001
0.3354100000000001
0.33518000000000003
0.33459999999999995
0.3350599999999999
0.33574000000000015
0.3356699999999999
0.3322800000000001
0.33427999999999997
0.33767
0.33399999999999985
0.3349000000000001
0.33566
0.33092000000000005
0.33467000000000013
0.33456000000000025
0.33464
0.3342300000000001
0.33352000000000004
0.33251000000000014
0.33612000000000003
0.3359
0.3370499999999999
0.3333300000000001
0.33418
0.33362999999999987
0.33353
0.33409
0.33549999999999985
0.33643999999999985
0.3383000000000001
0.3368300000000002
0.33323
0.3341999999999999
0.3365100000000001
0.3342000000000001
0.33233999999999997
0.33391999999999994
0.3343200000000001
0.33553000000000005
0.3347299999999999
0.33376
0.3332100000000001
0.33354000000000006
0.33468000000000003
0.3358
0.33334
0.3334899999999999
0.3328400000000001
0.33247
0.33644000000000013
0.33240000000000003
0.33291999999999994
0.33527999999999997
0.33531000000000005
0.33486000000000016
0.33552
0.33684
0.33388000000000007
0.33498000000000006
0.33413
0.33302
0.33424000000000015
0.3358500000000001
0.33549999999999996
0.3368300000000001
0.33314
0.3335099999999999
0.3327599999999999
0.3338100000000002
0.33601
0.33808
0.33789
0.3345299999999999
0.33341
0.33547
0.3324100000000001
0.33414
0.3352800000000001
0.33448000000000017
0.33089000000000013
0.3332299999999998
0.33568000000000014
0.33502000000000004
0.3324600000000001
0.33497
0.3338700000000002
0.3357
0.3345700000000001
0.33412000000000014
0.3345499999999999
0.33422
0.3338200000000001
0.33225999999999994
0.33298
0.33230999999999994
0.33682
0.33341999999999994
0.33347
0.3337100000000001
0.3333900000000001
0.33211999999999997
0.33374000000000004
0.3353300000000001
0.33598000000000006
0.33547
0.33696000000000004
0.33590999999999993
0.33593000000000006
0.33503000000000005
0.33269999999999994
0.33376000000000006
0.33325000000000005
0.3329
0.33685000000000004
0.33248000000000005
0.33634000000000003
0.3344500000000001
0.33411
0.3334
0.33321
0.33544
0.33348000000000005
0.33487
0.33283
0.33276999999999995
0.33342999999999995
0.33446000000000004
0.3349899999999999
0.3352600000000001
0.3336599999999999
0.33255999999999986
0.3342999999999999
0.33466
0.33460000000000006
0.3324500000000002
0.33386999999999994
0.3344
0.3356900000000001
0.33471999999999996
0.3335899999999999
0.3321500000000001
0.33240999999999987
0.33349999999999996
0.33187999999999995
0.33372999999999997
0.33393999999999996
0.33391
0.33207000000000014
0.3343300000000001
0.33175999999999994
0.33318000000000003
0.33423
0.33363
0.3354699999999999
0.33597
0.3373500000000002
0.33308000000000004
0.33436000000000005
0.33370000000000016
0.3343299999999999
0.3351100000000002
0.33419000000000004
0.3340000000000001
0.33607
0.33474
0.33435999999999994
0.33336000000000005
0.3355999999999999
0.3352199999999998
0.33214000000000005
0.3321200000000002
0.33423999999999987
0.33333000000000007
0.3342199999999999
0.3354
0.33512999999999993
0.3353400000000001
0.33501000000000014
0.33569000000000015
0.33393999999999996
0.33428
0.3342699999999999
0.3351799999999999
0.33526000000000006
0.33315
0.33373
0.3333
0.3351000000000001
0.3354799999999998
0.3336200000000001
0.33077000000000006
0.33296
0.33628000000000013
0.33390000000000003
0.3332099999999999
0.3358499999999999
0.33341000000000015
0.33434999999999987
0.3350000000000001
0.33291000000000004
0.33344000000000007
0.33511
0.3346
0.33331000000000005
0.3331099999999999
