0.0
0.6915019999999997
0.819186
0.8610680000000001
0.8796
0.8891420000000002
0.8958020000000004
0.9015820000000002
0.9032300000000002
0.905038
0.9067400000000002
0.9070659999999999
0.9084100000000004
0.9083160000000006
0.9082239999999999
0.9094439999999999
0.9091739999999998
0.9084300000000002
0.908482
0.9086359999999998
0.9084840000000003
0.909156
0.909324
0.9087080000000003
0.9082079999999998
0.9094380000000004
0.9087959999999998
0.9091200000000006
0.9092860000000001
0.9095400000000003
0.9088639999999999
0.9096219999999997
0.9085540000000001
0.9090060000000004
0.9089820000000001
0.9094440000000003
0.9092140000000002
0.9094019999999999
0.9096139999999998
0.909044
0.9088100000000001
0.9095359999999998
0.9090739999999997
0.908596
0.9088259999999999
0.9088559999999997
0.9085439999999995
0.9085759999999997
0.9085839999999998
0.9090560000000003
0.9089339999999997
