0.19999999999999962
0.8203199999999993
0.26058
0.7658500000000007
0.3115500000000001
0.7194100000000002
0.35070000000000007
0.68473
0.38407000000000013
0.6534099999999996
0.41253
0.62874
0.4343799999999999
0.60874
0.45149000000000017
0.5944799999999999
0.4648299999999999
0.58175
0.47614999999999985
0.5723100000000002
0.4843299999999997
0.5637200000000001
0.4931399999999999
0.5556999999999997
0.5004899999999999
0.54885
0.5070100000000001
0.5435
0.5116299999999999
0.5388499999999998
0.5152800000000002
0.53765
0.5168500000000004
0.5335399999999999
0.5193700000000002
0.5328299999999999
0.5202300000000002
0.5317099999999996
0.5213100000000002
0.53157
0.5215200000000001
0.5307099999999998
0.5222400000000003
0.5295500000000001
0.5233900000000002
0.52914
0.52278
0.5303699999999999
0.5235700000000003
0.52839
0.5246100000000002
0.5287900000000001
0.5238700000000001
0.52807
0.5257199999999996
0.5277000000000002
0.52514
0.5276200000000002
0.5247400000000002
0.5273700000000003
0.52632
0.5281400000000002
0.5257900000000002
0.5254400000000001
0.5282100000000001
0.52355
0.52921
0.5229
0.5292700000000001
0.5234000000000002
0.5288300000000001
0.5241899999999999
0.5282500000000002
0.5246600000000001
0.5285000000000001
0.5251899999999999
0.5264800000000001
0.5270100000000002
0.5250300000000002
0.5275000000000002
0.5244000000000001
0.5286099999999999
0.52302
0.5302199999999998
0.523
0.5285899999999999
0.5243600000000002
0.5277300000000001
0.5256000000000002
0.5264900000000001
0.52568
0.5267700000000001
0.5268200000000001
0.52543
0.5262700000000001
0.5265000000000001
0.5263399999999997
0.5263100000000001
0.5265699999999999
0.5260700000000001
0.5266700000000002
0.5255700000000003
0.5269000000000004
0.5253800000000005
0.5275500000000001
0.5258500000000002
0.5270000000000001
0.5273000000000002
0.5240199999999998
0.5289
0.5246000000000002
0.5277099999999998
0.5246100000000002
0.52693
0.5267800000000004
0.5251800000000002
0.5271100000000001
0.5260500000000001
0.5261499999999998
0.5255400000000001
0.5262200000000005
0.5259000000000003
0.52654
0.5251699999999999
0.5272300000000001
0.52549
0.5259299999999999
0.5262300000000001
0.5258999999999999
0.52546
0.5274
0.5256600000000001
0.5268000000000003
0.5267600000000001
0.5263100000000002
0.52514
0.52739
0.5266699999999999
0.5249600000000001
0.52786
0.5251400000000003
0.5266299999999997
0.5257000000000004
0.5265399999999998
0.5261400000000003
0.5264699999999999
0.5261100000000002
0.5281000000000002
0.5239300000000001
0.5289200000000003
0.5241000000000002
0.52776
0.5243900000000002
0.52744
0.5264700000000002
0.52677
0.5263400000000003
0.5256500000000003
0.52571
0.5260000000000002
0.5274900000000001
0.5262199999999999
0.5272200000000004
0.5247200000000002
0.5275900000000001
0.5249600000000001
0.5272800000000002
0.5252000000000002
0.5286000000000003
0.52433
0.5282700000000002
0.52498
0.52709
0.5259900000000001
0.5265200000000002
0.5263900000000004
0.5267800000000004
0.5261400000000002
0.5260699999999998
0.5266299999999998
0.5264600000000002
0.5261100000000001
0.5265100000000001
0.5263100000000001
0.5264300000000001
0.5269799999999998
0.5250600000000002
0.5267200000000002
0.5268599999999999
0.5257100000000001
0.5267199999999999
0.52643
0.5252900000000004
0.5263800000000001
0.5259000000000001
0.5269100000000002
0.5254800000000001
0.52693
0.52546
0.5267499999999998
0.5249600000000002
0.5273000000000002
0.52519
0.5271900000000006
0.5248700000000001
0.5274900000000001
0.52569
0.5263400000000001
0.52612
0.5258000000000002
0.5261000000000002
0.5262800000000002
0.52551
0.5266100000000001
0.5266000000000003
0.5255600000000001
0.5253300000000001
0.5275400000000002
0.5259600000000001
0.5261100000000001
0.5261800000000002
0.5260700000000003
0.5269700000000002
0.5252600000000001
0.5272400000000004
0.52552
0.5269899999999997
0.52538
0.5268200000000001
0.5252300000000002
0.5262200000000002
0.5283199999999999
0.5253000000000001
0.5272100000000001
0.5241900000000002
0.52725
0.5261900000000003
0.5259600000000002
0.5253499999999998
0.5270300000000002
0.5259199999999999
0.5267100000000001
0.5255799999999998
0.5271599999999999
0.5254999999999999
0.5265700000000003
0.5261099999999999
0.5254900000000002
0.5259600000000001
0.5269599999999997
0.5254299999999998
0.52668
0.52481
0.5286100000000004
0.5247800000000001
0.5291100000000002
0.5243199999999999
0.5291500000000002
0.5232000000000001
0.5277799999999999
0.5250499999999998
0.5270400000000002
0.5244700000000002
0.5275200000000002
0.5256100000000002
0.52806
0.5244500000000001
0.5282100000000001
0.5241499999999999
0.5275200000000001
0.52546
0.5268200000000003
0.5268700000000002
0.5266199999999999
0.5251699999999999
0.5270800000000002
0.5267599999999999
0.5260200000000002
0.5271199999999997
0.5257200000000001
0.5276099999999999
0.5241400000000002
0.5288600000000002
0.52406
0.5295599999999999
0.5227099999999999
0.52934
0.5232600000000001
0.5282899999999998
0.52374
0.52769
0.52523
0.5270200000000003
0.5254100000000002
0.5270600000000001
0.5261300000000002
0.5265400000000001
0.5259499999999999
0.52656
0.5258200000000002
0.5265099999999997
0.52643
0.5267100000000002
0.5260799999999998
0.5274899999999999
0.5248399999999999
0.5276000000000002
0.5261200000000001
0.5252200000000002
0.52829
0.5246299999999998
0.5285900000000001
0.5237700000000001
0.5289599999999999
0.5253300000000002
0.5269000000000003
0.5252199999999998
0.5270400000000001
0.5251400000000003
0.5278300000000001
0.5239100000000001
0.5277299999999998
0.5259300000000002
0.52638
0.52677
0.52508
0.5274800000000002
0.525
0.5285500000000001
0.52456
0.52839
0.5260900000000002
0.52712
0.5251800000000002
0.5261600000000002
0.52638
0.5261699999999999
0.52603
0.5256700000000001
0.5268000000000002
0.52548
0.5264
0.5256000000000001
0.52743
0.5259100000000001
0.5269400000000002
0.52468
0.5290299999999999
0.5250100000000001
0.5268200000000001
0.5251100000000002
0.5278300000000002
0.52372
0.5289900000000001
0.52421
0.5277699999999999
0.5230899999999998
0.5291399999999999
0.5240400000000002
0.52911
0.5231200000000001
0.5298100000000001
0.5226500000000002
0.5289500000000003
0.5244300000000003
0.5293
0.52305
0.5296600000000001
0.5237800000000001
0.52878
0.52413
0.5288600000000001
0.52508
0.5278000000000003
0.52358
0.5300200000000002
0.52354
0.5291599999999997
0.5231299999999998
0.5298099999999999
0.5237200000000001
0.52887
0.5235900000000001
0.5284500000000001
0.5252399999999999
0.52714
0.5254200000000001
0.5269400000000002
0.5267300000000001
0.5258200000000001
0.5265400000000003
0.5251200000000001
0.5275299999999999
0.5256299999999998
0.5270100000000002
0.5250800000000001
0.5284
0.5242600000000002
0.5275800000000003
0.52476
0.5276800000000003
0.52554
0.5271900000000002
0.5250699999999998
0.5271500000000002
0.52523
0.5284099999999999
0.5242499999999998
0.5282400000000002
0.5241600000000001
0.5279
0.5246900000000001
0.5281700000000003
0.5251500000000001
0.5275999999999998
0.52472
0.5269699999999999
0.52565
0.5279799999999999
0.5257600000000001
0.5266299999999999
0.5257900000000003
0.5261100000000003
0.5262600000000004
0.5269200000000002
0.5248900000000001
0.5277600000000001
0.5252199999999999
0.5270900000000001
0.5262200000000005
0.52595
0.52585
0.5265400000000002
0.5270399999999997
0.5271100000000002
0.5251800000000002
0.5274600000000002
0.5244200000000003
0.52752
0.5245100000000001
0.5285200000000002
0.5238200000000001
0.5286799999999999
0.5234900000000002
0.52827
0.5250000000000001
0.5276599999999998
0.5251700000000001
0.5271399999999999
0.5262100000000003
0.5264500000000002
0.5271100000000001
0.52563
0.5278899999999999
0.5242100000000001
0.5282900000000003
0.5257
0.5277800000000001
0.5249000000000001
0.52697
0.52575
0.5268400000000001
0.5255100000000003
0.52806
0.5254700000000002
0.5264099999999998
0.5267800000000001
0.5261600000000002
0.5259499999999999
0.5264300000000001
0.5270900000000002
0.5253999999999999
0.5271000000000003
0.5258700000000001
0.52826
0.52516
0.5271799999999999
0.5256700000000002
0.5273500000000004
0.5257900000000001
0.5270199999999999
0.52573
0.5270300000000002
0.5259699999999998
0.5264300000000003
0.52652
0.5261500000000001
0.5267400000000003
0.52596
0.5265099999999999
0.52628
0.5246600000000005
0.5279999999999998
0.5250400000000003
0.5270400000000002
0.5251900000000002
0.5271900000000004
0.5253300000000004
0.5271799999999998
0.5261900000000002
0.52627
0.5267700000000001
0.52664
0.5269400000000002
0.5263900000000001
0.52573
0.5264800000000002
0.52558
0.52737
0.5250100000000002
0.5261100000000001
0.52724
0.5246900000000001
0.5269000000000003
0.52704
0.5252200000000001
0.5269899999999998
0.5261199999999999
0.5267499999999999
0.52556
0.5273199999999999
0.5259599999999999
0.5259899999999997
0.52593
0.5257999999999998
0.52582
0.5254800000000001
0.5265599999999998
0.52542
0.5261399999999999
0.5278100000000001
0.52338
0.5300100000000001
0.52343
0.52929
0.52287
0.5297299999999998
0.5231
0.5282000000000002
0.5252400000000002
0.5276299999999999
0.5251500000000003
0.5277899999999999
0.52615
0.5277700000000001
0.5263500000000001
0.5257200000000002
0.5264800000000001
0.5272800000000001
0.5257600000000001
0.52697
0.5253700000000002
0.5277800000000002
0.5257600000000001
0.5279400000000001
0.52489
0.52705
0.5247599999999999
0.5275099999999999
0.5260900000000001
0.5262400000000002
0.5283300000000001
0.52351
0.5296499999999998
0.52358
0.52866
0.5239200000000002
0.52927
0.5247200000000004
0.5281100000000002
0.52601
0.5266200000000001
0.5254100000000003
0.5278200000000001
0.5243000000000001
0.5286400000000004
0.5242599999999998
0.5270999999999999
0.5265600000000001
0.5261800000000002
0.5270700000000005
0.5262600000000001
0.52677
0.5251800000000001
0.5278300000000001
0.5261
0.52802
0.5253300000000001
0.52797
0.5256500000000003
0.52838
0.52327
0.53083
0.5226500000000002
0.5285500000000003
0.5249499999999998
0.5275099999999999
0.5242799999999999
0.52903
0.5245799999999998
0.52773
0.5255699999999998
0.5269500000000003
0.5257600000000002
0.5262899999999999
0.5264600000000003
0.5276599999999998
0.5256199999999999
0.52687
0.52475
0.52772
0.5243000000000001
0.5281100000000002
0.5244
0.5279900000000002
0.5251700000000004
0.5271199999999997
0.5252100000000002
0.52768
0.5265200000000001
0.52616
0.52725
0.52559
0.5278600000000001
0.52574
0.5263100000000001
0.5258000000000002
0.5273000000000002
0.5256700000000003
0.5265599999999999
0.5263900000000001
0.5261299999999999
0.5279800000000003
0.5245200000000001
0.52962
0.5221699999999999
0.5302599999999998
0.5237599999999999
0.5273899999999998
0.5243899999999999
0.52826
0.5247499999999998
0.52745
0.5254300000000001
0.5274800000000003
0.5259600000000002
0.5273800000000004
0.5239699999999999
0.5281700000000001
0.52552
0.5254899999999998
0.5263900000000004
0.5266400000000002
0.52616
0.5259900000000001
0.5261600000000003
0.5261200000000001
0.5271300000000001
0.5263900000000001
0.52704
0.52587
0.5260200000000002
0.5271000000000001
0.5258
0.52698
0.5254599999999998
0.5276800000000001
0.52485
0.5294199999999999
0.52251
0.5302500000000001
0.5245800000000003
0.5290000000000001
0.5237900000000003
0.5276300000000002
0.5253500000000003
0.5274800000000002
0.52582
0.5263400000000003
0.5262599999999998
0.5264800000000003
0.5266199999999998
0.5266200000000001
0.5283200000000001
0.5251599999999998
0.5268800000000001
0.5253700000000002
0.5269400000000002
0.5243900000000002
0.5274700000000001
0.5254200000000001
0.5275000000000001
0.52516
0.52789
0.5249299999999999
0.5275700000000001
0.5252500000000002
0.5276700000000001
0.52513
0.5267400000000002
0.52647
0.5262500000000001
0.5270700000000001
0.52591
0.52606
0.5257000000000001
0.52703
0.5256000000000002
0.52746
0.52414
0.5276899999999999
0.5246299999999999
0.52778
0.52466
0.5269900000000001
0.52581
0.52715
0.5247800000000001
0.5282100000000002
0.52479
0.5284100000000003
0.52421
0.5281200000000003
0.5254200000000002
0.5273700000000003
0.5246300000000002
0.5274300000000002
0.5255600000000001
0.52669
0.52616
0.5265
0.52571
0.5267099999999999
0.52606
0.52492
0.52805
0.52459
0.5278000000000002
0.5238
0.52761
0.5256800000000001
0.5278
0.5250000000000002
0.5272400000000002
0.5252899999999999
0.5285299999999998
0.5250000000000002
0.5274700000000001
0.52393
0.52905
0.5247200000000002
0.5276900000000002
0.5256000000000001
0.5270500000000001
0.5259100000000001
0.5269600000000003
0.5248499999999998
0.5267900000000001
0.5252300000000001
0.5275099999999999
0.5255600000000001
0.5280400000000001
0.5252599999999998
0.5274600000000003
0.5258500000000002
0.52791
0.5252600000000002
0.5293100000000001
0.52276
0.5301100000000001
0.5227999999999999
0.5295199999999999
0.5232100000000003
0.5298900000000001
0.5217400000000002
0.5297299999999999
0.5234300000000001
0.5290900000000002
0.5230300000000002
0.5285000000000002
0.5218800000000001
0.5310700000000002
0.52177
0.5296400000000001
0.5238699999999998
0.5284400000000002
0.5234599999999998
0.529
0.5245200000000003
0.5279000000000003
0.5250099999999999
0.5265
0.5260699999999999
0.5260999999999999
0.525
0.5281900000000002
0.5239900000000002
0.52864
0.5244200000000001
0.52819
0.52445
0.5280100000000001
0.5246299999999999
0.5281500000000003
0.5244500000000001
0.5278200000000001
0.5250100000000002
0.52764
0.52541
0.5256000000000001
0.5272500000000001
0.5257100000000002
0.5279100000000001
0.5254400000000001
0.5275199999999999
0.5240199999999998
0.5289099999999999
0.5234
0.5282000000000001
0.5243600000000002
0.5276699999999999
0.52563
0.5270100000000002
0.5254000000000001
0.52732
0.52329
0.5284300000000002
0.5243900000000005
0.5277700000000002
0.5251000000000002
0.5274399999999999
0.5253600000000003
0.5260599999999998
0.52718
0.52606
0.5268399999999999
0.52543
0.52737
0.5251599999999997
0.5281199999999999
0.5248700000000003
0.5286400000000001
0.52393
0.5289000000000003
0.5248999999999999
0.5277700000000001
0.5249599999999999
0.5275600000000001
0.5246000000000002
0.5280100000000002
0.5252600000000002
0.52765
0.52437
0.52657
0.5260900000000003
0.52715
0.52607
0.52612
0.52586
0.52693
0.5272100000000001
0.5252300000000002
0.5272500000000001
0.5262600000000002
0.5266600000000001
0.5260200000000003
0.5263500000000001
0.5262899999999999
0.5251100000000001
0.5276700000000002
0.52413
0.52927
0.5248500000000003
0.5281600000000002
0.5258800000000002
0.5280000000000001
0.52414
0.52809
0.5248900000000003
0.52736
0.5256100000000002
0.52725
0.52475
0.52678
0.5249600000000001
0.5276200000000001
0.5248899999999999
0.5279400000000003
0.52466
0.5286700000000002
0.52435
0.5281400000000002
0.5246200000000002
0.52867
0.5241899999999997
0.5271
0.5250099999999999
0.52734
0.5261399999999999
0.52646
0.5257800000000001
0.5272199999999999
0.5278600000000002
0.5252500000000002
0.52691
0.5249600000000003
0.5276600000000001
0.5244800000000002
0.5272100000000001
0.5247000000000002
0.52651
0.52607
0.5272900000000001
0.5249700000000002
0.52787
0.5255699999999998
0.52636
0.5274699999999999
0.5262900000000001
0.52626
0.5257900000000002
0.52697
0.5252800000000003
0.5272900000000001
0.5256700000000003
0.5265900000000001
0.52581
0.5263500000000001
0.52636
0.5272200000000005
0.5256900000000003
0.5268500000000002
0.5254700000000002
0.5281600000000001
0.5243899999999999
0.5274500000000003
0.5250699999999999
0.52545
0.5271700000000001
0.5251400000000003
0.52771
0.52531
0.5279800000000001
0.5245799999999999
0.5277
0.5264000000000002
0.52769
0.5253600000000005
0.5273399999999999
0.5260900000000001
0.52752
0.5237900000000004
0.52807
0.5265100000000001
0.52617
0.5269800000000001
0.5265700000000001
0.5264000000000001
0.52708
0.5254700000000001
0.5273699999999999
0.5246099999999998
0.5272700000000001
0.52488
0.5275699999999998
0.52533
0.5265799999999999
0.5260800000000002
0.5272500000000003
0.5256400000000002
0.5269800000000001
0.52484
0.5287200000000001
0.5243600000000002
0.5273500000000001
0.52558
0.5277800000000002
0.5255100000000001
0.5269600000000001
0.52664
0.5255799999999999
0.5275600000000001
0.5247299999999997
0.5282099999999997
0.5245000000000004
0.5273100000000001
0.5255300000000002
0.5261200000000001
0.5258500000000003
0.5269699999999999
0.52656
0.5259399999999999
0.5259899999999998
0.5264400000000001
0.5270399999999998
0.5263800000000001
0.5266700000000001
0.5239200000000002
0.52838
0.52531
