0.19999999999999962
0.8207099999999996
0.26155000000000006
0.7641900000000003
0.31316999999999995
0.7182599999999998
0.35124000000000016
0.6838999999999998
0.38312999999999997
0.65605
0.4091099999999999
0.6323600000000001
0.43012
0.6135099999999999
0.44805999999999996
0.59645
0.4637999999999999
0.58317
0.47525999999999996
0.5725099999999999
0.48414999999999964
0.5644900000000003
0.4920800000000002
0.5563199999999999
0.4996800000000002
0.5493499999999998
0.5049200000000001
0.5438499999999997
0.51007
0.5406999999999997
0.5134200000000003
0.5380800000000001
0.5153200000000002
0.5370499999999999
0.51662
0.5339900000000003
0.51998
0.5310100000000001
0.5216200000000001
0.5311600000000001
0.5224400000000001
0.5297700000000001
0.5213100000000003
0.5315700000000002
0.5221500000000002
0.5295199999999999
0.5235600000000001
0.5291100000000002
0.52345
0.5283199999999998
0.5243300000000002
0.5283900000000004
0.5246200000000001
0.5286
0.5240699999999999
0.5280800000000001
0.52522
0.52608
0.5275799999999999
0.5256599999999999
0.5272800000000002
0.5243100000000003
0.52807
0.5229600000000002
0.5286000000000001
0.5246900000000001
0.5270899999999997
0.5258999999999997
0.5259699999999999
0.5271999999999999
0.5258899999999999
0.5260100000000001
0.52585
0.5263299999999999
0.5250000000000001
0.52746
0.52618
0.5268100000000002
0.5250400000000003
0.52763
0.5260499999999999
0.5278100000000001
0.5240600000000002
0.5283500000000001
0.52432
0.5286499999999998
0.52411
0.5270900000000001
0.5255399999999999
0.5265299999999999
0.52626
0.52702
0.5250900000000002
0.5277700000000003
0.5252300000000002
0.5268100000000001
0.5268900000000002
0.5266100000000001
0.5260100000000001
0.5264199999999998
0.5268600000000002
0.52607
0.52634
0.5259500000000003
0.5270400000000001
0.5247300000000003
0.52811
0.52444
0.5284000000000001
0.52497
0.5268800000000002
0.5245200000000002
0.5276300000000002
0.5250400000000002
0.5279100000000002
0.52485
0.5257799999999998
0.5264
0.5271799999999999
0.5266200000000002
0.5261500000000001
0.5257900000000002
0.52733
0.52467
0.5263000000000004
0.5252299999999999
0.5273200000000001
0.5250800000000002
0.52703
0.52652
0.52622
0.5257300000000001
0.5273199999999998
0.5241899999999999
0.5276200000000002
0.52636
0.5260200000000002
0.5279200000000002
0.5251899999999999
0.52737
0.5265699999999999
0.5264700000000002
0.52516
0.52721
0.5248600000000001
0.5276500000000002
0.5249100000000001
0.5267900000000001
0.52532
0.5277100000000003
0.5247099999999998
0.5279500000000001
0.5239000000000001
0.5275200000000002
0.5253099999999999
0.5280499999999999
0.5248400000000002
0.5273099999999998
0.5249700000000004
0.52854
0.5242100000000001
0.5277300000000001
0.5244900000000001
0.52779
0.5243099999999998
0.5285100000000001
0.52339
0.5278399999999999
0.5247200000000002
0.5274099999999999
0.5252799999999999
0.52689
0.52577
0.5256600000000001
0.52849
0.5236700000000003
0.5282000000000001
0.5251600000000002
0.5264900000000001
0.5255499999999997
0.5259000000000001
0.5260300000000001
0.5267200000000003
0.5256100000000005
0.5268
0.5255599999999998
0.52616
0.52739
0.5250100000000002
0.5282200000000001
0.5242400000000003
0.5284900000000002
0.5257500000000002
0.5265199999999999
0.52719
0.52582
0.5267799999999998
0.52614
0.5259799999999999
0.5270900000000001
0.5257000000000001
0.5273599999999999
0.52512
0.5267700000000002
0.5252300000000001
0.5268399999999999
0.5266300000000002
0.5269100000000002
0.5259500000000001
0.52685
0.52645
0.5261300000000003
0.5263300000000001
0.5261300000000001
0.52639
0.5253700000000002
0.5272600000000004
0.5259900000000001
0.5273399999999999
0.5252500000000001
0.5274
0.5250100000000001
0.5284300000000003
0.5241400000000002
0.5271000000000002
0.5257700000000002
0.5259299999999998
0.5261100000000001
0.5273900000000001
0.52479
0.5279900000000002
0.5235000000000001
0.5292100000000002
0.52365
0.52811
0.52465
0.5290200000000002
0.5233800000000002
0.52973
0.5226300000000001
0.5290100000000002
0.5239699999999998
0.5291800000000001
0.5249100000000001
0.5268400000000001
0.5263499999999999
0.5250199999999998
0.5266500000000002
0.5263200000000003
0.5264099999999999
0.5260200000000003
0.5256299999999999
0.52673
0.5270400000000001
0.5244400000000001
0.52866
0.5245800000000002
0.5286900000000001
0.5238100000000001
0.5284000000000002
0.5250500000000001
0.5278999999999998
0.5243799999999997
0.5278500000000002
0.5243800000000002
0.52878
0.5229999999999998
0.52815
0.52423
0.5286100000000002
0.5255899999999999
0.5271299999999999
0.5254099999999999
0.5265800000000003
0.5255500000000001
0.5275799999999999
0.5248599999999999
0.5286600000000001
0.52436
0.5274699999999999
0.5258000000000002
0.5278700000000001
0.5252399999999998
0.5258900000000003
0.5282200000000001
0.5244800000000001
0.5268299999999999
0.5262600000000001
0.5275099999999999
0.5241600000000001
0.5280400000000002
0.5245199999999999
0.52833
0.5244400000000001
0.52888
0.52413
0.52784
0.5243000000000001
0.5286
0.5245200000000003
0.5284699999999998
0.5245
0.5281600000000002
0.5256700000000002
0.5265700000000002
0.5270300000000001
0.5260400000000003
0.5267299999999998
0.5258
0.5274000000000001
0.5261199999999998
0.5271599999999999
0.5266000000000002
0.5268599999999999
0.5261900000000003
0.5261699999999999
0.5264800000000001
0.5247900000000003
0.5271700000000002
0.5265900000000001
0.5263100000000001
0.52607
0.5267700000000002
0.5248799999999999
0.52725
0.5245599999999999
0.5274800000000002
0.5259399999999999
0.5266000000000003
0.52559
0.52608
0.52472
0.5275399999999999
0.5250700000000001
0.5283700000000002
0.5245300000000002
0.5267900000000001
0.5259800000000001
0.5261100000000003
0.5256900000000002
0.52695
0.5255399999999999
0.5273300000000001
0.5257300000000001
0.5267700000000001
0.5251200000000003
0.52666
0.52506
0.5278400000000001
0.5251199999999999
0.5278099999999997
0.5252900000000001
0.5270600000000002
0.5260200000000002
0.5256500000000002
0.5268100000000002
0.52594
0.5269600000000001
0.5256700000000001
0.5278
0.52616
0.5267500000000003
0.5266700000000001
0.5263699999999999
0.5260100000000002
0.52611
0.5257600000000001
0.5268999999999996
0.5258999999999998
0.52618
0.52594
0.5262300000000001
0.52603
0.5255600000000001
0.5266
0.5264799999999998
0.5263500000000001
0.5266500000000003
0.5256899999999999
0.5253700000000001
0.52585
0.5264700000000001
0.5247999999999999
0.5270000000000001
0.5262200000000005
0.5278099999999999
0.5242700000000001
0.5279700000000002
0.5240400000000002
0.5288099999999998
0.5236299999999999
0.5295899999999998
0.5228500000000001
0.5297399999999999
0.5248100000000002
0.5274
0.52388
0.5289900000000001
0.5249400000000002
0.5276899999999999
0.5248299999999999
0.52856
0.52439
0.52901
0.5238700000000001
0.5287899999999999
0.52487
0.5263900000000002
0.52613
0.5270600000000001
0.5260399999999997
0.5268099999999999
0.52576
0.52785
0.52386
0.5285299999999999
0.5237300000000001
0.5291600000000001
0.5250500000000001
0.5263700000000001
0.5275099999999999
0.52436
0.5279800000000001
0.5248200000000002
0.5276400000000002
0.52561
0.5269400000000001
0.5256200000000003
0.5255900000000003
0.52668
0.52609
0.5263900000000001
0.5254000000000001
0.5276899999999999
0.52601
0.5264099999999999
0.5254600000000004
0.52721
0.5269000000000001
0.52483
0.52667
0.5267600000000002
0.5261999999999997
0.5256299999999999
0.5264499999999999
0.5260099999999999
0.5277700000000002
0.5250800000000004
0.5260200000000002
0.52659
0.5273500000000001
0.5249100000000002
0.5278800000000001
0.52414
0.5291500000000001
0.5228900000000001
0.5296600000000001
0.5218700000000002
0.5311299999999999
0.5207999999999998
0.5300500000000001
0.5221000000000001
0.5297499999999999
0.5223500000000001
0.5299200000000002
0.5225300000000002
0.5286799999999998
0.52467
0.5278000000000003
0.5245000000000001
0.5284
0.5245200000000001
0.5277400000000001
0.5250000000000002
0.5271400000000002
0.5265499999999999
0.5261500000000001
0.52606
0.5264100000000002
0.52589
0.5272100000000001
0.5273300000000001
0.5259700000000005
0.5272099999999998
0.5258499999999998
0.52784
0.52573
0.5272399999999999
0.5261899999999998
0.5259299999999998
0.5254600000000001
0.5258700000000001
0.5279400000000001
0.5254000000000002
0.5271600000000002
0.5262899999999999
0.5251800000000002
0.5281699999999999
0.5253300000000001
0.52658
0.52678
0.5254500000000001
0.52796
0.52535
0.52708
0.5264199999999999
0.52737
0.5245799999999999
0.5281700000000003
0.5247199999999999
0.5272399999999999
0.52555
0.5266200000000001
0.5262600000000002
0.52693
0.5251099999999999
0.5272000000000001
0.5250699999999999
0.5265
0.5265100000000001
0.5254700000000002
0.5272699999999999
0.52518
0.5277000000000001
0.5248200000000001
0.52765
0.5259999999999999
0.52563
0.5275300000000002
0.5243400000000001
0.5279400000000003
0.5249199999999999
0.5284200000000001
0.5233399999999999
0.5291
0.5243000000000001
0.5281300000000001
0.5245799999999999
0.5278100000000001
0.5264800000000001
0.52606
0.52565
0.5266799999999999
0.5261700000000001
0.5265799999999999
0.52603
0.5270500000000002
0.5254999999999999
0.5265499999999999
0.52537
0.5273400000000001
0.52544
0.52666
0.5259099999999998
0.52739
0.52427
0.5277099999999999
0.5254599999999998
0.5263600000000002
0.5258000000000002
0.5274600000000002
0.5261900000000002
0.5274900000000001
0.52536
0.52677
0.5245600000000001
0.5282600000000001
0.52473
0.52787
0.52497
0.52821
0.5252900000000004
0.5279699999999999
0.5238700000000001
0.52863
0.5245799999999998
0.5272800000000002
0.52576
0.5268599999999999
0.52508
0.5280700000000002
0.5261100000000002
0.5267499999999999
0.5263800000000003
0.5270300000000001
0.5255699999999999
0.5268000000000002
0.5248700000000001
0.52717
0.5243600000000002
0.5268000000000003
0.52636
0.52585
0.52605
0.5254499999999999
0.5285500000000001
0.5249599999999999
0.5274800000000002
0.52608
0.5257200000000002
0.52739
0.5253000000000002
0.52727
0.52619
0.5260299999999998
0.5267100000000002
0.5249500000000001
0.52742
0.5255800000000002
0.5266299999999999
0.5259400000000002
0.5257300000000003
0.5266400000000001
0.5249500000000001
0.5265200000000001
0.5260200000000003
0.5263500000000002
0.5272400000000003
0.5256000000000001
0.5255900000000001
0.5265000000000005
0.5252800000000001
0.5276899999999999
0.52595
0.5257700000000001
0.5252000000000002
0.52563
0.52626
0.52684
0.5254400000000002
0.5275000000000003
0.52543
0.5273200000000001
0.5263799999999998
0.5257300000000004
0.5269199999999997
0.5259400000000002
0.5257300000000001
0.5257100000000001
0.5265900000000001
0.5253000000000001
0.5271400000000003
0.5264499999999998
0.5255000000000003
0.5268500000000002
0.5263100000000002
0.52577
0.5266200000000003
0.5257299999999998
0.5261600000000002
0.5272400000000002
0.5247900000000001
0.5268800000000003
0.5273700000000001
0.5261800000000004
0.5274499999999999
0.52571
0.5268499999999997
0.5263899999999999
0.5250700000000001
0.5278600000000001
0.5246200000000002
0.5284200000000002
0.5241700000000001
0.52874
0.52429
0.52774
0.5254300000000002
0.5274600000000002
0.52575
0.5265199999999998
0.52577
0.52676
0.5244100000000003
0.52778
0.5243800000000003
0.5266300000000002
0.5249800000000002
0.5278700000000002
0.5255400000000001
0.5272399999999997
0.5253700000000002
0.5269400000000002
0.5264200000000002
0.52685
0.52699
0.5258500000000003
0.5269200000000003
0.5257700000000002
0.5266199999999998
0.5272500000000001
0.52609
0.5269400000000003
0.52634
0.5264500000000001
0.5276700000000002
0.52462
0.52777
0.5254499999999998
0.5267000000000001
0.5258700000000001
0.5263700000000001
0.52619
0.5268000000000002
0.5259900000000001
0.5265100000000001
0.5254100000000002
0.5266500000000002
0.5247800000000001
0.5290099999999999
0.5243300000000001
0.5286600000000002
0.52423
0.5279200000000001
0.52393
0.5274700000000001
0.52485
0.5272399999999999
0.52559
0.5267200000000002
0.5259500000000001
0.52671
0.5259900000000003
0.5264400000000001
0.5261500000000002
0.5263500000000001
0.5270800000000001
0.5252300000000003
0.52817
0.5255799999999999
0.5261499999999999
0.5274300000000001
0.5250300000000001
0.5274300000000003
0.5253600000000002
0.52776
0.5256600000000001
0.52666
0.5256500000000002
0.52645
0.5260300000000003
0.5263
0.5245200000000001
0.5274900000000001
0.52545
0.5267200000000003
0.52626
0.5268100000000001
0.5264599999999998
0.5270000000000001
0.5265699999999999
0.5279899999999998
0.52534
0.5268000000000002
0.52699
0.5257899999999999
0.52669
0.5264599999999998
0.5271600000000002
0.5263100000000001
0.52583
0.5267299999999999
0.52716
0.5263300000000001
0.52601
0.5270900000000001
0.5268799999999999
0.52498
0.5274800000000003
0.5267200000000001
0.5259200000000002
0.5270700000000003
0.52573
0.5268600000000002
0.52524
0.5266100000000001
0.5265899999999999
0.5254500000000002
0.5256900000000002
0.52692
0.5264500000000002
0.5270999999999998
0.5253799999999998
0.5263099999999998
0.5267400000000001
0.52555
0.5272
0.5261399999999999
0.5269000000000003
0.5267499999999998
0.5245400000000002
0.52768
0.5263100000000001
0.5262300000000001
0.5262500000000001
0.5257000000000003
0.5275700000000001
0.5252699999999999
0.5281600000000001
0.5240400000000001
0.52875
0.52255
0.5305400000000001
0.5211100000000001
0.5300100000000001
0.52359
0.5280400000000002
0.5243800000000001
0.5285099999999999
0.5235700000000003
0.5288799999999999
0.5239499999999999
0.5281499999999999
0.5247000000000002
0.52803
0.5244300000000001
0.5284200000000002
0.5244200000000001
0.5279100000000002
0.5256500000000002
0.5272699999999999
0.5249200000000002
0.5277800000000002
0.5266099999999999
0.52544
0.5261000000000001
0.525
0.52625
0.5258200000000004
0.52757
0.5244399999999999
0.5275099999999999
0.5256200000000003
0.52771
0.5248800000000002
0.52704
0.52596
0.5259699999999999
0.5274800000000004
0.5254300000000001
0.5276100000000001
0.5251300000000003
0.5274300000000002
0.5260699999999998
0.5267200000000002
0.52552
0.52609
0.52661
0.5270100000000001
0.5259100000000001
0.5264200000000002
0.52534
0.5268999999999998
0.5260399999999998
0.5262299999999999
0.5259100000000001
0.52528
0.5281000000000001
0.5235
0.52877
0.52381
0.5287700000000002
0.5238800000000002
0.5276999999999998
0.5254200000000001
0.5286000000000003
0.5233500000000003
0.5293999999999999
0.5238500000000001
0.5292799999999999
0.5225299999999998
0.52932
0.5226899999999999
0.52963
0.52291
0.5293999999999999
0.5231100000000002
0.52922
0.52554
0.5273900000000001
0.5256500000000003
0.5284199999999999
0.52379
0.5287999999999999
0.52445
0.5286200000000001
0.5243800000000003
0.52841
0.5246400000000001
0.5272800000000003
0.52503
0.52732
0.5251500000000003
0.5281300000000002
0.5245599999999999
0.5288
0.5243500000000001
0.5269900000000001
0.52583
0.5264800000000001
0.5264800000000001
0.52567
0.5269299999999999
0.5257800000000001
0.5285599999999999
0.5237899999999999
0.5279900000000002
0.5240400000000001
0.5277600000000001
0.52542
0.5274
0.52636
0.52581
0.5269400000000001
0.52579
0.5257200000000002
0.5276400000000002
0.5255900000000002
0.5262800000000001
0.5259299999999999
0.5274700000000001
0.5265000000000001
0.5259699999999999
0.5258399999999999
0.5264099999999999
0.5266200000000001
0.5248299999999998
0.5275900000000002
0.5247899999999999
0.5287500000000003
0.5244599999999999
0.5278800000000001
0.5236600000000002
0.5294500000000003
0.5240499999999997
0.5273300000000002
0.52498
0.5273399999999998
0.52612
0.5263000000000001
0.52626
0.5257000000000002
0.5273200000000002
0.5262199999999999
0.52622
0.5275600000000003
0.52514
0.52671
0.5246799999999999
0.52708
0.5254700000000001
0.5266800000000003
0.5264500000000001
0.5260000000000001
0.5270899999999998
0.52567
0.52715
0.52567
0.52676
0.5254400000000001
0.5266500000000004
0.5252699999999999
0.52646
0.5256099999999999
0.52766
0.5242399999999998
0.5280199999999999
0.5249699999999997
0.52998
0.52216
0.5297400000000002
0.5234599999999999
0.5280700000000002
0.5251100000000001
0.5277499999999999
0.52443
0.52758
0.5238799999999999
0.5283800000000002
0.52351
0.52898
0.52331
0.5293000000000001
0.52577
0.52703
0.5263100000000001
0.52754
0.5245100000000001
0.5281100000000002
0.5251300000000001
0.5271999999999999
0.5251000000000001
0.5264299999999998
0.5262500000000001
0.5275299999999998
0.5251600000000002
0.5278600000000001
0.52486
0.5276200000000001
0.5265500000000002
