0.19999999999999962
0.21420999999999998
0.22559000000000012
0.23606000000000005
0.24403000000000008
0.25272999999999995
0.26007
0.2625200000000001
0.26539000000000007
0.26660000000000006
0.26811000000000007
0.27074000000000004
0.27318000000000003
0.27759000000000006
0.27731000000000006
0.27879
0.27946999999999994
0.27971
0.28045999999999993
0.28042000000000006
0.28085
0.27958
0.27949999999999997
0.2817299999999999
0.2814799999999999
0.28157999999999994
0.28102
0.28282
0.28076999999999996
0.28113999999999995
0.28043000000000007
0.28257999999999994
0.2820999999999999
0.28
0.2814200000000001
0.28147999999999995
0.28093
0.2801600000000001
0.27852000000000005
0.27998000000000006
0.27923000000000003
0.28093
0.2820600000000001
0.27903
0.27862999999999993
0.2815299999999999
0.28301999999999994
0.28279
0.28284000000000004
0.28195000000000014
0.28102
0.27932999999999997
0.28041999999999995
0.28125000000000017
0.27996999999999994
0.2802399999999999
0.28235999999999994
0.2832200000000001
0.28181999999999996
0.28095
0.28004999999999997
0.2790600000000001
0.27756000000000003
0.27469000000000016
0.2754300000000001
0.27891999999999995
0.28081
0.28246000000000004
0.28078000000000014
0.28008000000000005
0.2817000000000001
0.27953
0.27724
0.2773599999999999
0.27697999999999995
0.2783900000000001
0.27903000000000006
0.2793300000000002
0.28160999999999986
0.27938
0.2784
0.27916
0.27930999999999995
0.27952000000000005
0.27990000000000004
0.28018
0.27964999999999995
0.28091
0.27903999999999995
0.28055
0.28047
0.27861
0.2805899999999999
0.2799000000000001
0.27873000000000003
0.2786299999999998
0.27692999999999995
0.28038
0.28046
0.2808400000000001
0.28042999999999996
0.27942
0.2797499999999999
0.28085
0.28090000000000004
0.27994
0.28224
0.2831999999999999
0.2826100000000001
0.28231
0.2835800000000001
0.2850600000000001
0.2830500000000001
0.28223000000000004
0.28223000000000004
0.28368999999999994
0.2814699999999999
0.28059999999999996
0.28257
0.2815100000000001
0.28203
0.28024
0.27979
0.28203999999999985
0.28192999999999996
0.2825999999999999
0.2833300000000001
0.28287
0.28311000000000003
0.28093
0.2819700000000001
0.28104
0.2821900000000001
0.2813200000000002
0.27930000000000005
0.28112999999999994
0.28043999999999986
0.27896999999999994
0.27958999999999995
0.27701
0.2768199999999998
0.27744
0.2774100000000001
0.2777800000000001
0.27713
0.2812600000000001
0.2811200000000001
0.2804499999999999
0.28053000000000006
0.2804899999999999
0.28020999999999996
0.2811600000000001
0.2811100000000001
0.28187
0.28152
0.27993000000000007
0.28033999999999987
0.2775
0.2756099999999999
0.27553000000000016
0.2757200000000001
0.2782599999999999
0.2802099999999999
0.27921000000000007
0.27768999999999994
0.2769500000000001
0.27695000000000003
0.27783999999999986
0.2795599999999999
0.2818
0.28378
0.28180999999999995
0.27904999999999996
0.28041000000000005
0.28091000000000005
0.28185000000000016
0.28401
0.2826799999999999
0.28169
0.28078999999999993
0.28082999999999997
0.28115000000000007
0.27798999999999996
0.27781999999999996
0.27814000000000005
0.27870000000000006
0.27849
0.28029
0.27887000000000006
0.2787200000000001
0.2783799999999999
0.27896
0.28030999999999995
0.27859999999999996
0.27848
0.2784099999999999
0.28012
0.28043
0.2811499999999999
0.28184000000000003
0.27972
0.27904999999999985
0.2808500000000001
0.28075000000000006
0.2796300000000001
0.2808300000000001
0.2815799999999999
0.2801700000000001
0.28058
0.28105000000000013
0.27986
0.27896
0.2803000000000001
0.27801999999999993
0.27903999999999995
0.27946000000000004
0.2834499999999999
0.2789700000000001
0.28225
0.28170999999999996
0.27954
0.2801400000000001
0.2814400000000001
0.28125000000000006
0.28252000000000005
0.28193999999999997
0.2830400000000001
0.28231999999999996
0.27922
0.27968000000000004
0.27907000000000004
0.28098
0.28129999999999994
0.28007000000000004
0.27749999999999997
0.28035999999999994
0.27962000000000004
0.28034999999999993
0.28053999999999996
0.28174
0.27967
0.27926999999999996
0.2810400000000001
0.28177
0.28547
0.2834399999999999
0.2844900000000001
0.28194000000000025
0.27988
0.27688000000000007
0.2773799999999999
0.27899000000000007
0.2791
0.28162000000000004
0.28002000000000005
0.27965
0.28065
0.28073000000000004
0.27991999999999995
0.27951
0.2789900000000002
0.27778
0.2788700000000002
0.2778699999999999
0.27857
0.27928
0.27987
0.28020999999999996
0.2810999999999999
0.27907999999999994
0.27812999999999993
0.27943
0.28073000000000004
0.2784
0.27823
0.27618000000000015
0.27991000000000005
0.27925999999999995
0.27978
0.27792999999999995
0.27842
0.27856000000000014
0.27878000000000003
0.2796999999999999
0.27979
0.2790400000000001
0.28059000000000006
0.28214
0.27915000000000006
0.28015999999999996
0.27793999999999985
0.2779
0.2775299999999999
0.27724000000000004
0.2781400000000001
0.27852
0.27745000000000003
0.2802199999999998
0.28251000000000004
0.28317
0.28348
0.28336000000000006
0.28396000000000005
0.28389
0.28241000000000005
0.2815099999999999
0.28254000000000007
0.2845500000000001
0.28132000000000007
0.28167
0.28069999999999995
0.28226
0.27963
0.28183
0.28176
0.28147
0.28361
0.28289
0.2814
0.2832399999999999
0.28461000000000003
0.28296999999999994
0.28122
0.27909
0.27697
0.27807999999999994
0.2772399999999999
0.2795
0.27823999999999993
0.27856000000000003
0.2802799999999999
0.28154
0.27880999999999984
0.2806200000000001
0.27932
0.28027
0.2804499999999999
0.28117000000000003
0.28024999999999994
0.2797999999999999
0.28079
0.2817199999999999
0.2811999999999999
0.2811
0.2828000000000001
0.28057000000000004
0.28132
0.28197000000000005
0.28329999999999994
0.28198000000000006
0.2830999999999999
0.28220999999999985
0.28151
0.28213
0.28273999999999994
0.2834600000000001
0.28012999999999993
0.28053
0.27995000000000003
0.2808
0.28031999999999996
0.28030999999999995
0.27863000000000004
0.28023
0.28087000000000006
0.2815
0.28042999999999996
0.2796700000000001
0.28084999999999993
0.2788900000000001
0.2799
0.28008999999999995
0.27977000000000013
0.27609999999999996
0.27867000000000014
0.27996
0.2823600000000001
0.2809199999999999
0.28193
0.28080000000000005
0.2815
0.2814499999999999
0.28171999999999997
0.2807899999999999
0.27842
0.27823
0.27874
0.27825000000000016
0.27827
0.27896
0.27812
0.2818099999999999
0.28129000000000004
0.28009999999999996
0.28095000000000003
0.2815300000000001
0.28161
0.2808399999999998
0.28115000000000007
0.28151000000000004
0.2820099999999999
0.28150000000000003
0.28069
0.2800099999999999
0.2793300000000001
0.27808999999999995
0.27739999999999987
0.27791
0.27815
0.27769
0.27932
0.2807700000000001
0.28159999999999996
0.28306
0.28412999999999994
0.27873999999999993
0.2788399999999999
0.27865
0.27730000000000005
0.2770399999999999
0.27647999999999995
0.2757
0.2763999999999999
0.27688999999999997
0.27554000000000006
0.27498999999999996
0.27727
0.2782899999999999
0.27752
0.27758000000000016
0.2788900000000001
0.2795700000000001
0.2799500000000001
0.2800499999999999
0.27984999999999993
0.28126
0.28158
0.2808900000000001
0.28124000000000005
0.2792799999999999
0.2808900000000001
0.2842800000000001
0.28369999999999995
0.28153
0.28188
0.28094
0.28215000000000007
0.28233
0.28251000000000004
0.2840400000000001
0.28302999999999995
0.2802
0.2808500000000001
0.28293
0.2804900000000001
0.27947000000000005
0.28148
0.2842700000000001
0.28536999999999985
0.2846200000000001
0.28259000000000006
0.28302
0.2812199999999999
0.28080999999999995
0.27903999999999995
0.27986999999999995
0.27999
0.2798699999999999
0.2780000000000001
0.2784399999999999
0.27885999999999994
0.2802
0.27928000000000014
0.2805
0.28125
0.2809099999999998
0.2808600000000001
0.28081
0.2793500000000001
0.27987
0.2798799999999999
0.2780699999999999
0.27848999999999996
0.28112999999999994
0.28201
0.2834400000000001
0.2834
0.28224
0.2815000000000001
0.2814
0.28129999999999994
0.27961
0.27869999999999995
0.27969
0.28084000000000015
0.28048999999999996
0.27958
0.27912000000000015
0.27876
0.2816
0.28064999999999996
0.28195000000000003
0.2804000000000001
0.27923
0.2797600000000001
0.27978000000000003
0.27789999999999987
0.2765500000000001
0.27683
0.2786
0.27796000000000004
0.28247000000000005
0.27884999999999993
0.27892
0.2794899999999999
0.28015
0.2807000000000001
0.2794500000000001
0.27763000000000004
0.27968
0.27782
0.27799999999999997
0.28059999999999996
0.27962
0.27877
0.27896000000000004
0.27853999999999995
0.2780299999999999
0.27695
0.27706
0.27939
0.27814000000000005
0.27893999999999985
0.2789000000000001
0.27956999999999993
0.27926
0.2766
0.27632999999999996
0.27539000000000013
0.27615999999999996
0.27549000000000007
0.27587999999999996
0.2758900000000001
0.27554
0.27608000000000005
0.2774300000000002
0.2754300000000001
0.27558000000000005
0.27718000000000004
0.27797999999999995
0.27796
0.27770000000000006
0.27689000000000014
0.2772300000000001
0.27640999999999993
0.27585
0.2787099999999999
0.27734
0.27953999999999996
0.2796399999999999
0.27723
0.27788
0.2778299999999999
0.27780999999999995
0.27879000000000015
0.27996
0.2800100000000001
0.27842000000000006
0.28027
0.2811000000000001
0.28062999999999994
0.2792899999999998
0.27718
0.27665999999999996
0.27602999999999994
0.27818000000000004
0.28025000000000005
0.2800000000000001
0.2801300000000001
0.27829000000000004
0.28038
0.28058000000000005
0.2818300000000001
0.28213
0.28301999999999994
0.28142999999999996
0.28263
0.28109999999999996
0.27925
0.27884
0.2802099999999999
0.27910999999999997
0.27829
0.27960000000000007
0.2788700000000002
0.27963
0.27888999999999997
0.28042000000000006
0.28135
0.27994999999999987
0.28368999999999994
0.28171999999999997
0.28090999999999994
0.28039000000000003
0.27832
0.28015000000000007
0.2802099999999999
0.28102000000000016
0.28101
0.2805100000000001
0.27883000000000013
0.27727999999999997
0.2772099999999999
0.27975
0.27857
0.27908999999999995
0.2804200000000001
0.27918000000000004
0.28151
0.2796500000000002
0.28158
0.2802200000000001
0.28141
0.28049
0.27839999999999987
0.2804100000000001
0.27777999999999997
0.2784199999999999
0.27710000000000007
0.27631999999999995
0.2775399999999999
0.27818999999999994
0.2778700000000001
0.27975
0.2802200000000001
0.28218
0.28146999999999994
0.27961
0.28002000000000005
0.27910000000000007
0.28069
0.2799
0.2809199999999999
0.2822099999999999
0.28135
0.2823
0.28130000000000005
0.2781
0.27654
0.27611
0.27795
0.2770600000000001
0.2792299999999999
0.27817000000000003
0.27597000000000005
0.2771599999999998
0.27862000000000003
0.28141
0.2812200000000001
0.28153
0.28092000000000006
0.28236999999999995
0.2812400000000001
0.27762
0.27968
0.28246000000000016
0.28177
0.27767000000000003
0.2792
0.27946000000000004
0.27937000000000006
0.27885999999999994
0.27673
0.27749000000000007
0.27978000000000003
0.27891
0.27879999999999994
0.2773900000000001
0.27737
0.2795200000000001
0.2797899999999999
0.2793199999999999
0.28021000000000007
0.2803099999999999
0.2804
0.27871
0.27919999999999995
0.2802899999999999
0.28022
0.27906000000000003
0.2796999999999999
0.2788700000000002
0.27942000000000006
0.27880000000000005
0.27708
0.27649999999999997
0.27562000000000003
0.27686999999999995
0.27599999999999997
0.27718000000000004
0.2802500000000001
0.28168
0.2795100000000001
0.2821699999999999
0.28118999999999994
0.2789
0.28099
0.28123
0.28142
0.28120000000000006
0.28002999999999995
0.27774999999999994
0.27974999999999994
0.2815200000000001
0.28166
0.28388999999999986
0.2823000000000001
0.28014000000000006
0.2805399999999999
0.28033000000000013
0.28009000000000006
0.28107
0.28291000000000005
0.28224
0.2813199999999999
0.2803400000000001
0.28001000000000004
0.28084
0.27853000000000006
0.2801200000000002
0.28026000000000006
0.28192000000000006
0.2825800000000001
0.28157999999999994
0.2826699999999999
0.2810999999999999
0.27855
0.27910000000000007
0.2816399999999999
0.27774999999999994
0.27673
0.27849999999999997
0.27986999999999995
0.2799899999999999
0.27906999999999993
0.27765
0.27714999999999995
0.27938999999999997
0.27928999999999987
0.2783299999999999
0.27627
0.27704999999999996
0.27887000000000006
0.2790200000000001
0.28021
0.28042000000000017
0.28061
0.28080999999999984
0.27796999999999994
0.2780499999999999
0.27856000000000003
0.27730999999999995
0.27863000000000004
0.27982
0.27932
0.28089999999999987
0.28088
0.28185000000000004
0.28026
0.27958
0.28053
0.28008000000000005
0.28049
0.28148999999999996
0.2820599999999998
0.28037
0.27995
0.28087
0.27986999999999995
0.27832999999999997
0.2781499999999999
0.27763999999999994
0.27935000000000004
0.28031999999999985
0.27724
0.27953000000000006
0.27879999999999994
0.27948999999999996
0.2790900000000001
0.27904999999999996
0.27885000000000004
0.28054
0.28017000000000003
0.28105
0.28071999999999997
0.2809200000000001
0.2815000000000001
0.27944999999999987
0.28092999999999996
0.28169000000000016
0.2806699999999999
0.28034000000000003
0.28301
0.28137000000000006
0.28076000000000007
0.27969000000000005
0.27685000000000004
0.27531
0.2788800000000001
0.27831999999999996
0.2778100000000001
0.28073000000000004
0.27793999999999996
0.27869000000000005
0.27785999999999994
0.27699999999999997
0.27643999999999996
0.28010000000000007
0.2799899999999999
0.27898999999999996
0.2780700000000001
0.27652
0.27779
0.27897999999999995
0.2793800000000001
0.27928
0.2789399999999999
0.2779599999999999
0.2798699999999999
0.28121999999999997
0.2821500000000001
0.2803
0.27984
0.28053000000000017
0.28201000000000015
0.28140000000000004
0.28099
0.28042
0.28067999999999993
0.27988000000000013
0.28015000000000007
0.27929
0.28044000000000013
0.28148999999999996
0.28124000000000005
0.2804399999999999
0.28039000000000014
0.27940000000000004
0.27775
0.28060000000000007
0.28120000000000006
0.28176
0.2803900000000002
0.27963000000000016
0.2776600000000001
0.2757300000000001
0.27880000000000005
0.28123000000000004
0.2802999999999999
0.28161
0.28225999999999996
0.28247
0.28552999999999995
0.28251000000000004
0.2818300000000001
0.2814900000000001
0.28077999999999986
0.2826800000000001
0.28164
0.28141999999999995
0.2816599999999999
0.28259000000000006
0.2845799999999999
0.2836
0.28335
0.28152000000000016
0.28059
0.28091999999999995
0.27937
0.27836
0.2791899999999999
0.28115
0.28173
0.2822900000000001
0.28145
0.28042
0.28089
0.27931000000000017
0.28056000000000014
0.284
0.28185000000000004
0.28269000000000005
0.2815000000000001
0.2828199999999999
0.2819900000000001
0.28004999999999997
0.27934999999999993
0.27841
0.2788900000000001
0.2797100000000001
0.28134
0.28282
0.2853
0.28206
0.28085999999999994
0.28105000000000013
0.27997999999999995
0.2793500000000001
0.27991000000000005
0.27977
0.2794199999999999
0.27979
0.28143
0.28052999999999995
0.28081000000000006
0.2811399999999999
0.27826000000000006
0.28074999999999994
0.28062000000000004
0.27993999999999997
0.28059000000000006
0.28103
0.2783399999999999
0.27675000000000005
0.27522
0.27609000000000006
0.2771100000000001
0.27821000000000023
0.27769000000000005
0.27782
0.2791000000000001
0.28039
0.27826999999999996
0.27576999999999996
0.27501
0.2770599999999999
0.27984000000000003
0.2798899999999999
0.28004000000000007
0.28019000000000005
0.28124999999999994
0.27896000000000004
0.28117999999999993
0.27946000000000004
0.2800300000000001
0.2776199999999999
0.2772299999999999
0.27858000000000005
0.28119000000000005
0.2795000000000001
0.2799900000000001
0.27863
0.28126000000000007
0.2813099999999999
0.27968000000000004
0.27921
0.2795400000000001
0.2803199999999999
0.27952999999999995
0.28239000000000003
0.28002000000000005
0.27923
0.2797700000000001
0.27976999999999985
0.2800399999999999
0.2798399999999999
0.2803099999999999
0.28056000000000003
0.2791
0.28061
0.28007999999999994
0.27969000000000005
0.28017
0.28132999999999997
0.2790100000000001
0.27955
0.27925000000000005
0.2811799999999998
0.28112999999999994
0.2812199999999999
0.28176
0.28117999999999993
0.28204000000000007
0.28437999999999986
0.28357
0.28147
0.28163999999999995
0.28148999999999985
0.28163000000000005
0.27973
0.27858000000000005
0.27846
0.27737999999999985
0.2781600000000002
0.27948999999999996
0.2787800000000002
0.27741000000000005
0.27770999999999996
0.27821999999999997
0.2797
