0.19999999999999962
0.6910399999999999
0.6477799999999999
0.6713400000000003
0.6605600000000001
0.6634600000000002
0.6632400000000002
0.6633600000000003
0.6646900000000001
0.6651199999999998
0.6662899999999999
0.66259
0.6653500000000001
0.6649099999999999
0.6643499999999999
0.6622099999999999
0.6662299999999999
0.6645399999999998
0.6645
0.6623299999999998
0.66484
0.6647899999999999
0.6644800000000004
0.6633200000000001
0.6645099999999999
0.6639700000000001
0.6628400000000001
0.6648100000000001
0.6652999999999999
0.6649400000000003
0.66444
0.66366
0.6656099999999999
0.66534
0.66405
0.6628499999999998
0.6629999999999999
0.6638999999999998
0.6653999999999999
0.6639400000000001
0.6634500000000003
0.66445
0.6672800000000001
0.6637000000000002
0.6657900000000001
0.6621299999999999
0.6641799999999998
0.6646600000000003
0.6640299999999999
0.66177
0.6662999999999998
0.6633699999999998
0.6670999999999999
0.66238
0.6636300000000002
0.6629900000000002
0.6664300000000002
0.6645700000000002
0.6657199999999999
0.6657000000000002
0.6644199999999998
0.6630000000000001
0.6650999999999998
0.66137
0.66448
0.6622200000000003
0.66386
0.66554
0.6632300000000001
0.6671999999999998
0.6616199999999998
0.6642600000000001
0.6637700000000001
0.6624399999999998
0.6648100000000001
0.6646699999999999
0.66385
0.6648900000000002
0.6616099999999999
0.6645699999999997
0.66254
0.66625
0.6639999999999999
0.6645199999999999
0.6656900000000001
0.6637699999999996
0.6656800000000003
0.6628500000000004
0.6645800000000002
0.6628399999999999
0.6637400000000001
0.66393
0.66503
0.6647199999999998
0.66329
0.66428
0.6664699999999998
0.6606299999999997
0.6648999999999998
0.6612399999999998
0.6659299999999999
0.66439
0.6639499999999999
0.6670500000000001
0.6648299999999999
0.66486
0.6628400000000001
0.66657
0.6622199999999999
0.66547
0.6624399999999998
0.6633799999999996
0.6635799999999997
0.66307
0.6653599999999998
0.66444
0.6631599999999999
0.6661700000000002
0.6629000000000002
0.6643899999999999
0.6647799999999999
0.6637700000000002
0.6643999999999999
0.6649300000000001
0.6649499999999997
0.6654699999999998
0.6623300000000001
0.6663499999999998
0.6644299999999997
0.6629299999999998
0.66387
0.6660700000000002
0.6629200000000002
0.6659400000000001
0.6644699999999999
0.66598
0.6646399999999997
0.6646500000000001
0.6630099999999999
0.6648099999999998
0.66132
0.66525
0.6623300000000001
0.66563
0.6617500000000001
0.6684399999999997
0.6629300000000002
0.6653899999999999
0.6615599999999999
0.6638499999999999
0.6648900000000001
0.6628700000000001
0.6649300000000001
0.6628499999999998
0.6642600000000002
0.6648699999999999
0.66311
0.6653900000000001
0.6621299999999999
0.6630599999999999
0.6655500000000003
0.6634900000000001
0.6665099999999998
0.6625000000000001
0.6641400000000002
0.6649500000000004
0.66533
0.6653500000000001
0.6653200000000002
0.6640799999999999
0.6657100000000002
0.66082
0.6636999999999997
0.6675300000000004
0.6631100000000001
0.6614200000000003
0.6659299999999998
0.6627100000000001
0.6632199999999999
0.6637100000000002
0.665
0.6637999999999998
0.66259
0.6648200000000002
0.6653899999999999
0.6649500000000005
0.66313
0.66326
0.6661199999999998
0.6629
0.6627200000000001
0.6663999999999999
0.66234
0.66275
0.6652399999999998
0.6635500000000002
0.66356
0.6641700000000001
0.6620699999999999
0.66364
0.6656499999999997
0.66353
0.6644399999999999
0.66256
0.66488
0.6632800000000002
0.6628199999999999
0.6644599999999998
0.6646600000000003
0.6641400000000003
0.6645299999999998
0.6654600000000002
0.6636100000000001
0.6645500000000001
0.6651300000000002
0.6632599999999997
0.6640999999999996
0.66503
0.66553
0.66437
0.6649200000000001
0.6652899999999999
0.6651200000000002
0.66311
0.6623100000000002
0.6635999999999999
0.6641100000000002
0.6638100000000001
0.6651900000000001
0.66372
0.6642799999999999
0.6639199999999996
0.6652099999999999
0.6639700000000001
0.6627099999999997
0.6662599999999999
0.66177
0.6652100000000002
0.6642300000000002
0.6654599999999998
0.6656400000000001
0.6638400000000003
0.6652799999999999
0.6637800000000001
0.6654599999999999
0.6642699999999999
0.6647699999999997
0.6657500000000002
0.6629100000000001
0.6659799999999998
0.6611000000000001
0.6649
0.66295
0.66421
0.6648999999999998
0.6657000000000001
0.6631300000000002
0.6649100000000004
0.6611500000000001
0.6677399999999999
0.6613800000000001
0.6639
0.6657799999999999
0.6627
0.6650500000000001
0.6645299999999997
0.6643799999999996
0.6641800000000002
0.66449
0.6658200000000001
0.6617000000000001
0.6645700000000002
0.6637299999999999
0.6632099999999997
0.6639
0.6640699999999997
0.6634499999999999
0.6651599999999999
0.6626100000000003
0.6659499999999996
0.6615300000000002
0.66558
0.6628999999999999
0.66545
0.6624200000000002
0.6675900000000001
0.6609
0.6673599999999997
0.6615799999999997
0.6647900000000001
0.6647499999999998
0.6611200000000004
0.6659799999999997
0.6653600000000001
0.6625899999999999
0.6627600000000002
0.66447
0.6637300000000002
0.6648700000000001
0.6635
0.6629299999999998
0.66447
0.6657799999999994
0.66267
0.66276
0.6663600000000001
0.6618400000000002
0.66795
0.66159
0.6672599999999997
0.66323
0.66605
0.66314
0.6667199999999999
0.6610600000000004
0.6645700000000001
0.6659100000000006
0.6604499999999999
0.6680500000000003
0.6610700000000003
0.6649199999999997
0.6622499999999998
0.66551
0.66205
0.6667699999999998
0.6626700000000001
0.6643700000000002
0.6618299999999998
0.6653299999999999
0.6611799999999997
0.6661699999999999
0.6652
0.6615099999999998
0.6666899999999998
0.66346
0.66348
0.6645699999999999
0.66458
0.66303
0.66229
0.6645299999999997
0.66508
0.66398
0.6640400000000001
0.6648599999999999
0.6647099999999999
0.6650800000000001
0.6635000000000002
0.6621700000000001
0.6651000000000002
0.6639300000000001
0.6655600000000002
0.6642199999999999
0.6622199999999999
0.6627799999999998
0.6664699999999998
0.66234
0.6683199999999999
0.6651299999999999
0.6620900000000003
0.6656399999999999
0.6642800000000001
0.6651200000000002
0.6631600000000002
0.6639199999999998
0.6636000000000002
0.6618
0.6642499999999997
0.6656299999999998
0.6621600000000001
0.6630800000000001
0.6641599999999999
0.66408
0.6655800000000001
0.6639700000000001
0.6646699999999999
0.6616900000000002
0.6640199999999998
0.6647899999999999
0.66604
0.6645400000000001
0.6648000000000001
0.66412
0.6624699999999999
0.6644499999999997
0.6621099999999998
0.6652399999999997
0.6632099999999999
0.6646099999999998
0.6645400000000004
0.66628
0.6639499999999998
0.6636699999999999
0.662
0.6648899999999998
0.6619099999999999
0.6649999999999998
0.6642800000000001
0.6648000000000001
0.6638499999999999
0.6650499999999998
0.66592
0.6642100000000001
0.6628000000000001
0.6649700000000002
0.6641000000000001
0.6644799999999997
0.66466
0.66353
0.6644400000000001
0.6638900000000001
0.6664099999999997
0.66326
0.6628400000000001
0.6649699999999998
0.6644899999999998
0.6639400000000001
0.6636300000000002
0.6649400000000001
0.66403
0.6644399999999999
0.6627300000000002
0.66609
0.6635199999999999
0.6642299999999999
0.6630200000000002
0.6635400000000001
0.66398
0.66594
0.6649500000000002
0.6637400000000001
0.6625000000000001
0.66437
0.6641499999999998
0.6663799999999998
0.6606700000000001
0.6647500000000002
0.6635500000000001
0.66652
0.6643799999999996
0.66141
0.6645600000000002
0.6636800000000003
0.66479
0.6640199999999998
0.6637000000000001
0.66448
0.6648499999999999
0.66282
0.6652899999999999
0.6619800000000001
0.6638700000000002
0.6653200000000001
0.6638499999999995
0.6661399999999996
0.6635099999999998
0.6637600000000002
0.6625
0.6641100000000002
0.6636900000000001
0.66254
0.6659200000000003
0.66362
0.6645299999999997
0.66183
0.66669
0.6623000000000002
0.6656300000000002
0.6636700000000002
0.66593
0.6648799999999998
0.6638700000000002
0.6643600000000002
0.6629199999999998
0.6647699999999999
0.6614
0.6646799999999997
0.6640999999999997
0.6616700000000002
0.6664199999999998
0.6647399999999999
0.6636699999999999
0.6660799999999999
0.66211
0.6626100000000003
0.6637100000000001
0.6655900000000001
0.6656699999999998
0.66199
0.6657299999999998
0.6611799999999998
0.6653999999999999
0.6644299999999997
0.66443
0.6609
0.6656299999999998
0.66351
0.6626799999999998
0.6663000000000002
0.66451
0.6636699999999999
0.66447
0.6639900000000003
0.6627800000000001
0.6640600000000001
0.6642600000000001
0.6629699999999998
0.6662299999999999
0.6617300000000002
0.6650099999999999
0.6634599999999999
0.6651900000000001
0.6623300000000001
0.6650499999999998
0.6623000000000002
0.6652199999999998
0.6640299999999999
0.66557
0.66397
0.66384
0.6653599999999998
0.66342
0.66419
0.66293
0.6669500000000003
0.66451
0.6628000000000002
0.6645899999999999
0.6629599999999998
0.6659099999999998
0.6600300000000001
0.6661700000000002
0.6636599999999998
0.6673
0.6625800000000004
0.6645299999999997
0.66283
0.66679
0.6635099999999998
0.6646500000000002
0.66496
0.6628399999999998
0.6631400000000002
0.66443
0.6625099999999999
0.6645499999999999
0.6644999999999999
0.66512
0.6653200000000001
0.66279
0.6655399999999999
0.6639399999999999
0.6649700000000002
0.6620199999999999
0.6655699999999998
0.66448
0.6644900000000001
0.6631700000000004
0.6623499999999999
0.6637899999999999
0.6625700000000001
0.6643900000000005
0.6661099999999999
0.6640900000000001
0.6626200000000003
0.6647000000000002
0.6638200000000001
0.6640799999999999
0.6653
0.6625700000000001
0.6652399999999997
0.66385
0.6628799999999998
0.6654499999999998
0.66316
0.66767
0.6631399999999998
0.6634300000000001
0.6650800000000001
0.66384
0.66372
0.6610499999999999
0.6671499999999999
0.6624200000000002
0.6683099999999997
0.6619499999999996
0.6641399999999998
0.6633800000000002
0.6627299999999998
0.6639600000000003
0.66428
0.6637200000000001
0.6631699999999999
0.6643700000000002
0.6647600000000001
0.66305
0.6637700000000001
0.6615799999999997
0.66838
0.6609800000000001
0.6642700000000002
0.6643500000000002
0.6621999999999997
0.6653199999999997
0.6630399999999997
0.6680699999999998
0.6628899999999999
0.66474
0.6639500000000002
0.6653000000000001
0.6642799999999999
0.6650299999999999
0.6635200000000002
0.6644599999999999
0.66377
0.6628200000000001
0.6636600000000001
0.6638600000000001
0.6644099999999997
0.6650999999999999
0.6652800000000001
0.6629
0.6669700000000002
0.6617400000000001
0.6644599999999998
0.66476
0.6629999999999999
0.66637
0.6632500000000005
0.6645999999999996
0.6641900000000003
0.666
0.6665400000000001
0.6615100000000002
0.6639700000000002
0.6636799999999998
0.6645399999999999
0.6641700000000003
0.6642
0.6631200000000002
0.6648099999999998
0.66365
0.66447
0.66499
0.66471
0.6620199999999997
0.6656799999999999
0.6654999999999999
0.66473
0.6644599999999997
0.6661800000000002
0.6634699999999999
0.66458
0.6606399999999999
0.6666700000000002
0.66346
0.6640499999999999
0.6625399999999999
0.6643999999999999
0.6631600000000003
0.6656700000000001
0.66365
0.6629399999999999
0.66585
0.6594100000000002
0.6665199999999994
0.6621300000000001
0.6617299999999997
0.6649899999999999
0.6646700000000003
0.6651299999999999
0.6644800000000002
0.6657399999999997
0.6654799999999998
0.6627799999999999
0.6664100000000004
0.6638
0.66492
0.6634999999999996
0.66637
0.6619200000000001
0.6656399999999995
0.6654300000000003
0.6636699999999998
0.6666500000000002
0.6629799999999997
0.6633999999999998
0.6648199999999995
0.6640800000000001
0.6645900000000001
0.6625699999999998
0.66473
0.6636700000000002
0.6652300000000001
0.6624300000000001
0.6657600000000001
0.6634499999999999
0.6633100000000001
0.66526
0.66297
0.6645599999999999
0.6661000000000001
0.6647500000000001
0.6639699999999997
0.6645699999999998
0.6628899999999998
0.6666599999999998
0.6637999999999998
0.6633899999999997
0.6653600000000001
0.6659999999999997
0.6620999999999998
0.6690700000000004
0.66173
0.6654300000000002
0.6636700000000001
0.66502
0.66524
0.6622899999999998
0.6647
0.66377
0.6640699999999999
0.6647399999999998
0.6643399999999998
0.6624899999999997
0.6624099999999999
0.6648299999999998
0.6639099999999999
0.6632499999999999
0.6650800000000002
0.6644900000000001
0.6632400000000002
0.6632199999999999
0.6636099999999999
0.6632100000000001
0.6663199999999999
0.6621700000000001
0.6648400000000002
0.66439
0.6650900000000003
0.6617600000000001
0.6654799999999998
0.6635500000000002
0.6629799999999997
0.6624399999999998
0.66511
0.6638
0.6643099999999998
0.6656299999999997
0.66515
0.6621599999999997
0.6639699999999997
0.6638000000000001
0.66554
0.6649499999999999
0.6617099999999995
0.66425
0.66491
0.66274
0.6655999999999999
0.6650900000000002
0.66386
0.6648200000000002
0.6613999999999999
0.6683100000000001
0.6625300000000002
0.6648499999999998
0.6647199999999998
0.6636299999999997
0.6637299999999997
0.6621900000000001
0.6658100000000001
0.6636500000000001
0.6648
0.6629599999999999
0.66618
0.6658600000000001
0.66437
0.66354
0.66509
0.6625700000000001
0.6644099999999998
0.6625099999999997
0.66455
0.6644900000000001
0.66219
0.66577
0.6632100000000001
0.6659699999999996
0.6643800000000002
0.66368
0.6656500000000001
0.6642499999999998
0.6654000000000001
0.6641000000000001
0.6635800000000002
0.6658000000000004
0.6630300000000002
0.6643300000000002
0.6618200000000003
0.6669699999999998
0.6617400000000001
0.6666099999999997
0.6643500000000002
0.6641800000000002
0.66777
0.6619700000000002
0.6645300000000001
0.6638699999999997
0.6636100000000001
0.66433
0.6655
0.6650899999999997
0.6623399999999999
0.6651299999999998
0.66255
0.6626099999999999
0.66567
0.6610399999999998
0.6663300000000002
0.6655199999999999
0.6630400000000001
0.6658
0.6614100000000002
0.6649500000000002
0.6653399999999998
0.6639800000000001
0.6615099999999999
0.6631100000000001
0.6652799999999999
0.6642899999999998
0.6642300000000002
0.6636200000000001
0.6656099999999998
0.6635500000000001
0.66377
0.66368
0.6643999999999999
0.6651399999999998
0.6628700000000001
0.6656
0.6639199999999998
0.6641900000000001
0.6644099999999998
0.6628999999999999
0.6648800000000002
0.66317
0.6651
0.6613399999999997
0.6659599999999999
0.6635400000000001
0.6646699999999996
0.6650399999999997
0.6615000000000001
0.6659499999999998
0.6618200000000001
0.6667300000000003
0.6642600000000002
0.6645699999999998
0.6624099999999998
0.6651400000000003
0.6629700000000001
0.6654599999999996
0.6632399999999999
0.6637099999999999
0.6652799999999998
0.6644499999999998
0.6649600000000002
0.6620899999999997
0.6663499999999999
0.6633599999999997
0.6636699999999999
0.6613000000000001
0.6654500000000002
0.6635399999999998
0.66262
0.6651299999999998
0.6603100000000002
0.6654100000000001
0.6631499999999998
0.6641399999999998
0.66342
0.6651200000000002
0.6642300000000002
0.66374
0.6636599999999997
0.6665000000000001
0.66024
0.6637700000000002
0.66196
0.66449
0.6613000000000002
0.6674500000000003
0.66515
0.6612700000000001
0.6668299999999998
0.6633399999999997
0.6660499999999999
0.6631399999999998
0.6627400000000001
0.6653299999999998
0.6638700000000002
0.6644899999999998
0.6613599999999998
0.6654700000000002
0.6648499999999998
0.6666599999999998
0.6631199999999997
0.66365
0.6654199999999997
0.6651799999999999
0.66541
0.66365
0.6640799999999999
0.6660699999999999
0.66315
0.6631300000000002
0.6655599999999998
0.6660499999999999
0.6618200000000002
0.6659500000000002
0.6640699999999998
0.6644100000000001
0.66217
0.6681100000000002
0.66113
0.6651600000000001
0.6631800000000001
0.6646999999999997
0.66184
0.6645399999999999
0.6631900000000002
0.66487
0.6640499999999999
0.6652
0.6612099999999999
0.66558
0.6609299999999998
0.6658299999999998
0.6630900000000005
0.6644
0.66586
0.6626899999999998
0.66421
0.6643100000000001
0.6651699999999997
0.6648000000000002
0.6608499999999999
0.6663799999999999
0.66374
0.6631999999999998
0.6667500000000001
0.6632300000000001
0.6635000000000004
0.6628499999999999
0.6646099999999996
0.66381
0.6635199999999999
0.6638600000000001
0.6656399999999998
0.6623500000000001
0.66334
0.6631200000000002
0.66513
0.6634300000000001
0.6637599999999999
0.6647300000000002
0.66184
0.6640099999999997
0.6639300000000001
0.6648500000000002
0.66309
0.6645599999999997
0.6625500000000002
0.6638
0.6630999999999999
0.6648799999999998
0.6635500000000002
0.66445
0.6655900000000001
0.66429
0.6659599999999999
0.6627500000000001
0.6661799999999998
0.6641100000000002
0.66484
0.6632200000000001
0.6644199999999999
0.6651299999999998
0.6645899999999999
0.6616200000000001
0.6643499999999998
0.6644799999999997
0.6628899999999999
0.6642899999999997
0.6659300000000001
0.6651299999999999
0.66436
0.66322
0.6630900000000001
