0.19999999999999962
0.44155999999999984
0.6110599999999999
0.6192000000000002
0.6208899999999999
0.6209399999999998
0.6230800000000002
0.62063
0.6189000000000001
0.62296
0.61942
0.6196
0.62369
0.6182299999999998
0.6225500000000002
0.6208399999999997
0.62286
0.6198299999999999
0.62115
0.61921
0.6200899999999998
0.6198699999999999
0.6224499999999997
0.6239999999999999
0.6183399999999997
0.6171599999999999
0.6224099999999999
0.6192099999999997
0.6210999999999999
0.6207499999999999
0.6225299999999999
0.6207699999999997
0.6191300000000001
0.62151
0.6209600000000003
0.6187799999999998
0.6222699999999999
0.62013
0.6207
0.6217600000000002
0.62239
0.6209700000000001
0.6203599999999998
0.62094
0.6211200000000001
0.6203500000000001
0.6216999999999998
0.6183399999999998
0.6225199999999999
0.62149
0.6221000000000001
0.6223700000000002
0.6229399999999999
0.6204899999999998
0.6234299999999999
0.6254300000000002
0.6193900000000002
0.6202899999999999
0.6206800000000001
0.6180099999999996
0.6190999999999999
0.62225
0.6219999999999999
0.6209800000000001
0.6184099999999999
0.62216
0.6214400000000001
0.6197799999999998
0.6207
0.6205699999999996
0.6202899999999998
0.6189399999999999
0.6211999999999999
0.6227400000000001
0.62285
0.62127
0.62151
0.6204700000000002
0.62409
0.6194900000000001
0.6219199999999997
0.623
0.6211599999999998
0.6205100000000001
0.6242399999999998
0.62501
0.6215999999999999
0.6196099999999999
0.6190499999999998
0.6210800000000001
0.62168
0.61875
0.62197
0.62147
0.6205799999999999
0.6217999999999999
0.62078
0.6192899999999998
0.6216999999999997
0.6188899999999999
0.6223000000000001
0.6229999999999998
0.6195699999999998
0.61972
0.6236099999999998
0.6189199999999999
0.6220600000000002
0.6191599999999998
0.62247
0.6226
0.6197399999999998
0.6180699999999998
0.62174
0.6180399999999999
0.62182
0.6191399999999999
0.6215900000000001
0.6226199999999998
0.6221599999999998
0.6178399999999997
0.62151
0.6211299999999997
0.6214399999999999
0.61957
0.6212999999999997
0.61996
0.62127
0.6204999999999996
0.62038
0.6229200000000001
0.6192699999999998
0.61889
0.62246
0.61952
0.6224999999999998
0.6187
0.61956
0.6211200000000001
0.6203699999999999
0.62079
0.6211200000000002
0.62248
0.6202999999999999
0.6202899999999999
0.62149
0.6192999999999997
0.6176799999999999
0.6232
0.6207200000000002
0.6199499999999998
0.6219299999999999
0.6210999999999999
0.6189199999999999
0.62232
0.6198100000000001
0.6209400000000004
0.62056
0.6241500000000001
0.6194099999999999
0.62203
0.6208799999999995
0.6228399999999997
0.6177999999999999
0.62229
0.6212999999999999
0.6194799999999999
0.62188
0.6216900000000001
0.62102
0.6226999999999999
0.6230399999999998
0.6195900000000002
0.6201399999999999
0.6212700000000001
0.62058
0.6216199999999998
0.62069
0.61686
0.6232399999999998
0.62131
0.6213099999999999
0.6228699999999999
0.6190399999999999
0.62147
0.6227599999999999
0.61958
0.6183599999999998
0.6212099999999999
0.6213599999999999
0.62017
0.6200800000000002
0.6207499999999999
0.62089
0.6215499999999998
0.6217099999999999
0.6205300000000001
0.6209099999999999
0.6220599999999998
0.6199099999999999
0.6206800000000002
0.62224
0.6204500000000001
0.62068
0.62198
0.6190299999999996
0.6217000000000003
0.62099
0.6197899999999997
0.62252
0.62236
0.62073
0.62481
0.6195999999999999
0.6191499999999998
0.6230500000000001
0.6208699999999997
0.6197799999999999
0.61986
0.6205899999999998
0.6172899999999997
0.6211199999999996
0.6219499999999999
0.62132
0.6197199999999998
0.6226699999999998
0.6215200000000003
0.6199799999999999
0.6223400000000001
0.6221000000000002
0.6218899999999998
0.62168
0.6207899999999998
0.6226999999999997
0.6195900000000001
0.6198499999999998
0.6210199999999999
0.6175799999999999
0.622
0.6198200000000001
0.62121
0.62137
0.6194099999999999
0.6200400000000001
0.6220600000000003
0.6232400000000002
0.6218099999999999
0.62053
0.61951
0.6212699999999998
0.6183299999999997
0.6240099999999998
0.6208899999999999
0.6209799999999999
0.62187
0.6184099999999999
0.6236099999999999
0.61853
0.61857
0.6220800000000002
0.62043
0.62202
0.6212400000000001
0.6226300000000001
0.62198
0.62198
0.6206
0.6200800000000001
0.62039
0.6206299999999999
0.6204599999999998
0.6221899999999998
0.62079
0.6208800000000001
0.6223599999999998
0.6197299999999999
0.6219700000000002
0.62011
0.62098
0.6197800000000001
0.6201400000000001
0.6223799999999999
0.6188999999999997
0.6213599999999998
0.618
0.6196200000000002
0.6200699999999998
0.6207699999999998
0.62076
0.6224200000000001
0.6197600000000001
0.62186
0.6187699999999997
0.6208499999999999
0.62087
0.6226200000000001
0.62192
0.6205
0.6204900000000001
0.6174099999999998
0.6236100000000004
0.61964
0.6214099999999997
0.6223100000000003
0.6206800000000001
0.62243
0.6192299999999998
0.6209899999999999
0.6208500000000002
0.61971
0.6232900000000001
0.62021
0.6225499999999999
0.6206200000000002
0.6225299999999998
0.6203000000000001
0.6218399999999997
0.6209400000000002
0.6199899999999999
0.62223
0.6209699999999998
0.6212399999999999
0.6187999999999998
0.6257099999999999
0.6203399999999999
0.6195100000000003
0.61958
0.62058
0.6206
0.6195199999999998
0.6214899999999999
0.6206900000000001
0.6218499999999999
0.62053
0.6212899999999995
0.62063
0.6218099999999999
0.6195999999999998
0.62237
0.6209600000000001
0.62162
0.6218799999999999
0.6213099999999999
0.6213899999999998
0.62004
0.62484
0.62153
0.6183199999999996
0.6236200000000003
0.6208499999999999
0.6195099999999997
0.6245
0.6197700000000002
0.6190300000000001
0.6228500000000001
0.6218500000000001
0.6195000000000002
0.62147
0.6208999999999998
0.6212199999999998
0.6210100000000001
0.62052
0.6227499999999998
0.6196399999999997
0.6229599999999998
0.6205299999999999
0.6221
0.6206099999999999
0.6206300000000001
0.6221099999999999
0.62468
0.6215899999999999
0.6200700000000002
0.62086
0.6212799999999998
0.6201299999999998
0.62208
0.6190199999999999
0.6203699999999999
0.6192299999999998
0.6224299999999999
0.6212500000000002
0.6189800000000001
0.62283
0.62271
0.6202899999999998
0.6195200000000001
0.62215
0.62078
0.6213099999999999
0.62185
0.6209999999999998
0.6227500000000002
0.6194299999999999
0.6212099999999999
0.6184499999999999
0.61799
0.6205099999999999
0.6232099999999999
0.6242599999999999
0.6203499999999997
0.6230900000000001
0.6216200000000002
0.6196700000000002
0.61962
0.62213
0.62079
0.6213799999999998
0.6219599999999997
0.6226599999999999
0.6210600000000001
0.62228
0.6193399999999998
0.6207099999999999
0.6244500000000002
0.6191699999999998
0.6197800000000002
0.6201299999999998
0.6235200000000001
0.6192499999999996
0.62302
0.6215000000000003
0.6206799999999997
0.62044
0.6184900000000001
0.6213399999999997
0.6221700000000001
0.6183099999999999
0.6211300000000002
0.6217799999999998
0.6230500000000001
0.6205000000000002
0.6212
0.61911
0.6218500000000001
0.6199299999999999
0.6203799999999999
0.6228499999999998
0.6199399999999998
0.62091
0.6216099999999998
0.6213799999999999
0.62133
0.61986
0.6189599999999997
0.6211099999999999
0.6227899999999998
0.6227899999999998
0.61972
0.6213999999999998
0.62239
0.6232900000000001
0.6221899999999999
0.61971
0.6213999999999997
0.62196
0.62011
0.62055
0.6200999999999999
0.62209
0.6175499999999999
0.6208300000000001
0.62061
0.6199300000000003
0.6201499999999998
0.6194899999999999
0.6215399999999996
0.6190300000000001
0.62114
0.62066
0.6230199999999999
0.6204700000000003
0.6221199999999997
0.6186199999999998
0.61948
0.62092
0.6215599999999999
0.6200499999999999
0.6201900000000002
0.6195999999999997
0.6189799999999999
0.62003
0.6241999999999998
0.6219499999999999
0.6183599999999998
0.62115
0.6221899999999999
0.62273
0.6210500000000001
0.6206299999999999
0.6197999999999997
0.6208200000000003
0.62182
0.6217299999999998
0.62078
0.6217000000000001
0.6205000000000002
0.6215700000000001
0.6231399999999998
0.6197899999999997
0.6235200000000001
0.6234100000000001
0.6188999999999999
0.62129
0.6203399999999998
0.6227999999999999
0.6194799999999998
0.6231999999999999
0.6213299999999999
0.6196500000000001
0.6179699999999999
0.6226700000000001
0.6219499999999999
0.6190899999999996
0.62038
0.6231799999999998
0.6209999999999999
0.623
0.6214200000000001
0.62391
0.6213599999999999
0.6210100000000002
0.6192499999999999
0.6214199999999999
0.62141
0.6218799999999999
0.6204800000000001
0.6200699999999998
0.6196699999999997
0.62281
0.6176799999999999
0.62187
0.6177800000000001
0.62361
0.6195200000000002
0.62164
0.6212100000000002
0.6228400000000002
0.6207499999999999
0.62142
0.6227100000000001
0.6209899999999999
0.6205799999999999
0.62134
0.6196699999999999
0.6211400000000001
0.61945
0.62026
0.6206100000000001
0.62065
0.6220300000000001
0.6213799999999998
0.6199600000000002
0.6212000000000001
0.6208900000000002
0.6208
0.6203700000000001
0.62265
0.6184800000000003
0.6195799999999997
0.6206000000000003
0.6198699999999998
0.6215299999999997
0.6181299999999996
0.6197699999999999
0.6214499999999997
0.6205799999999999
0.6207599999999999
0.6197000000000001
0.6211899999999999
0.6179999999999999
0.6216399999999997
0.6200199999999999
0.6238100000000001
0.6186499999999998
0.61995
0.6207499999999997
0.6214799999999997
0.6204599999999999
0.6224500000000002
0.6229999999999999
0.6200599999999996
0.6221999999999999
0.6201399999999999
0.6221999999999999
0.6194000000000002
0.6198899999999999
0.62223
0.6212000000000001
0.62185
0.6202400000000003
0.6229299999999999
0.6221099999999998
0.6202699999999998
0.6214600000000002
0.6202500000000002
0.6204799999999999
0.6209599999999998
0.6199800000000001
0.6223099999999997
0.6206299999999998
0.6207599999999999
0.6208900000000002
0.61972
0.6228799999999999
0.6187799999999996
0.6194299999999998
0.6216499999999999
0.6173999999999998
0.6201000000000001
0.6224200000000001
0.6224399999999998
0.6194799999999999
0.61948
0.6213500000000001
0.6223199999999998
0.6206499999999999
0.6207899999999998
0.6204399999999998
0.6199300000000001
0.6209699999999998
0.6208300000000001
0.6244299999999998
0.6178999999999999
0.6193499999999996
0.62215
0.6201099999999999
0.6195499999999998
0.62346
0.6186400000000001
0.6214199999999998
0.6209499999999997
0.62003
0.6200999999999999
0.6209300000000002
0.6218900000000002
0.61931
0.6191800000000002
0.6228899999999998
0.6193500000000001
0.6202000000000001
0.6217199999999998
0.6230800000000002
0.6210800000000001
0.62071
0.62349
0.6218099999999996
0.6226999999999999
0.6209199999999998
0.6206999999999998
0.62284
0.62351
0.6216400000000002
0.6221800000000003
0.6199499999999999
0.6204700000000001
0.6224000000000001
0.6186399999999997
0.6222499999999999
0.6214599999999999
0.6218300000000002
0.6206499999999999
0.6202600000000003
0.6225099999999998
0.6203799999999997
0.6212399999999999
0.6184299999999998
0.6218200000000002
0.62162
0.6200699999999998
0.6240900000000001
0.6188599999999996
0.6181199999999998
0.62344
0.6212599999999997
0.6221899999999997
0.61832
0.6208800000000001
0.6204400000000002
0.62119
0.6223199999999998
0.6212399999999999
0.6195400000000001
0.62183
0.6217399999999997
0.6218899999999998
0.6208100000000001
0.6223700000000002
0.6191600000000003
0.6185000000000003
0.6206800000000001
0.62332
0.6193199999999998
0.6200600000000002
0.6203599999999999
0.62079
0.6205699999999998
0.62171
0.6187400000000001
0.6187299999999999
0.6237900000000001
0.6228099999999999
0.6199
0.6212699999999998
0.62215
0.6228400000000002
0.6191500000000001
0.6193099999999999
0.6221299999999998
0.6180699999999999
0.6205199999999998
0.6204899999999999
0.6209099999999999
0.6224900000000002
0.62322
0.6215500000000003
0.6212900000000001
0.6206599999999995
0.6224400000000002
0.6190199999999999
0.62259
0.61781
0.6223299999999999
0.6192599999999998
0.6203799999999999
0.6226499999999997
0.6235700000000001
0.6175399999999999
0.6224699999999997
0.6206999999999997
0.6209099999999999
0.62235
0.6218300000000001
0.6206899999999999
0.6215899999999999
0.62179
0.62255
0.6191400000000001
0.62069
0.6201700000000001
0.6220899999999998
0.6225499999999999
0.6199400000000002
0.6216400000000001
0.6223299999999997
0.6214499999999997
0.62151
0.6208799999999998
0.62087
0.62203
0.6211199999999998
0.6207199999999997
0.6205099999999999
0.62141
0.6201999999999999
0.6196199999999997
0.6215100000000001
0.6208199999999998
0.6194200000000001
0.62034
0.6213
0.6162699999999999
0.6209600000000001
0.6230400000000001
0.6200499999999999
0.62383
0.6201899999999998
0.6207800000000002
0.6197499999999997
0.6221800000000002
0.6196999999999999
0.6202499999999999
0.6192199999999999
0.6194700000000003
0.6252400000000001
0.6186499999999995
0.6250000000000001
0.6214899999999995
0.6208199999999998
0.6231599999999999
0.6202400000000002
0.6196300000000001
0.6203500000000001
0.62139
0.6223100000000001
0.6211499999999999
0.62038
0.6219199999999997
0.6200000000000001
0.62053
0.61981
0.6213000000000001
0.6208
0.62029
0.62487
0.6202499999999999
0.62018
0.6206300000000001
0.6221199999999998
0.6198499999999997
0.62163
0.62222
0.6210999999999999
0.6195399999999998
0.6218900000000003
0.61991
0.62332
0.6196499999999998
0.6211399999999998
0.6193500000000001
0.6200699999999999
0.6221399999999999
0.6213699999999998
0.6191399999999999
0.6214399999999997
0.61797
0.6213099999999999
0.61852
0.6222199999999999
0.6214499999999998
0.6167900000000001
0.62117
0.6193400000000001
0.6208100000000001
0.6211300000000001
0.6198600000000001
0.6208899999999999
0.6224999999999998
0.6210099999999998
0.6212
0.6208299999999997
0.62014
0.6208900000000002
0.6221399999999998
0.6218999999999999
0.6228100000000002
0.6217400000000002
0.6220599999999998
0.6195899999999999
0.62281
0.6212499999999999
0.6221799999999998
0.61943
0.6199199999999998
0.6232
0.6214499999999996
0.61895
0.6251199999999999
0.62137
0.6204699999999999
0.6206800000000001
0.6193899999999999
0.6182099999999999
0.6207100000000001
0.6210600000000001
0.6207199999999999
0.6225799999999998
0.6236499999999999
0.6203899999999999
0.6224999999999999
0.6218900000000002
0.6216699999999998
0.6241999999999999
0.6175400000000001
0.62039
0.6187799999999999
0.6220499999999999
0.6211699999999998
0.6202099999999998
0.6171399999999999
0.6223199999999998
0.6199299999999998
0.6218099999999999
0.6211400000000001
0.6208899999999998
0.6214900000000001
0.6214699999999999
0.61973
0.61999
0.62308
0.62188
0.62216
0.6221999999999998
0.6202000000000002
0.6195299999999998
0.62276
0.6213699999999999
0.62324
0.61992
0.6213000000000001
0.6187099999999999
0.6201200000000001
0.6206299999999998
0.6208999999999997
0.6190599999999999
0.6218999999999998
0.6191
0.62212
0.6214200000000001
0.6205399999999998
0.62003
0.6207199999999999
0.62224
0.6216000000000002
0.6198999999999999
0.6214199999999999
0.6209499999999997
0.6195399999999999
0.6202
0.6225599999999999
0.62313
0.6184400000000001
0.6196500000000001
0.6203399999999999
0.61952
0.6236800000000001
0.62049
0.6177399999999997
0.6222099999999999
0.6203500000000002
0.61908
0.6212900000000001
0.61894
0.6223299999999998
0.6211000000000001
0.6188699999999998
0.6223699999999999
0.6207399999999997
0.6203099999999998
0.6205399999999998
0.6216900000000002
0.6220299999999999
0.6220299999999997
0.61871
0.62168
0.6217800000000004
0.6204200000000002
0.6201899999999999
0.6197400000000001
0.62016
0.62102
0.6215800000000001
0.6195199999999998
0.6218499999999999
0.6191199999999999
0.6191299999999997
0.61944
0.6191399999999999
0.6197300000000001
0.61832
0.6223700000000002
0.6201099999999998
0.6210800000000001
0.6200299999999999
0.62041
0.62137
0.6208000000000002
0.61875
0.6203500000000001
0.6232500000000001
0.6225299999999998
0.6203999999999998
0.6189900000000003
0.61918
0.6197299999999999
0.6239200000000001
0.6189100000000001
0.6217200000000002
0.6203
0.62441
0.62264
0.6197599999999999
0.6207400000000002
0.6195699999999998
0.6190200000000001
0.62125
0.6211399999999997
0.61839
0.62072
0.6213599999999999
0.62261
0.6219099999999996
0.6189599999999998
0.6200699999999999
0.6225299999999999
0.6180200000000002
0.6227600000000002
0.6199900000000003
0.6173400000000003
0.6170899999999999
0.6224400000000001
0.6232400000000001
0.6193200000000001
0.6178999999999999
0.6231800000000001
0.62076
0.6202099999999998
0.6206599999999999
0.6196299999999999
0.6221299999999997
0.61798
