0.19999999999999962
0.23481000000000005
0.26535000000000003
0.28932000000000013
0.3091299999999999
0.32639
0.33829999999999993
0.34555
0.3459100000000001
0.34841
0.35063999999999995
0.35096000000000005
0.35300000000000004
0.35368
0.3549
0.35551
0.35419000000000006
0.35752
0.3554900000000001
0.3524800000000001
0.3532299999999999
0.3547600000000001
0.35595999999999994
0.3555499999999999
0.35435999999999973
0.3578700000000001
0.3549400000000001
0.35764999999999986
0.35516000000000014
0.35611
0.35831000000000013
0.35603000000000007
0.35687999999999986
0.35562999999999995
0.3565900000000001
0.35417000000000004
0.35589000000000004
0.35466000000000003
0.3542299999999998
0.35751999999999995
0.35517000000000004
0.35769999999999996
0.3536799999999999
0.35528000000000015
0.35217
0.3517300000000001
0.3509400000000001
0.3540199999999998
0.35306000000000004
0.3532899999999999
0.35290000000000005
0.3546399999999999
0.35667000000000015
0.3554600000000001
0.35343999999999987
0.3552
0.3535999999999999
0.35441000000000017
0.35601999999999995
0.35542000000000007
0.3557500000000001
0.3567100000000001
0.35599
0.3531099999999999
0.35266000000000014
0.3542
0.3556699999999999
0.3559600000000001
0.35358000000000017
0.35508
0.35599000000000003
0.35523000000000005
0.35385999999999995
0.35318
0.3525999999999999
0.35379
0.35431000000000007
0.35335000000000005
0.3533099999999997
0.35272000000000003
0.35281999999999997
0.35323000000000015
0.35309999999999997
0.3542799999999998
0.35284000000000004
0.35269
0.35213000000000005
0.35487999999999986
0.35344999999999993
0.35344999999999993
0.35122
0.35100000000000003
0.35178000000000004
0.3522900000000002
0.35333000000000003
0.35631999999999997
0.35573000000000016
0.35297000000000006
0.35541999999999985
0.3546999999999999
0.35233000000000003
0.35337
0.35366000000000014
0.3552399999999999
0.3550600000000001
0.35475
0.3521099999999999
0.35542999999999986
0.35327999999999987
0.3538699999999999
0.3534399999999999
0.35263999999999995
0.35286999999999985
0.3522999999999999
0.3520799999999999
0.35259000000000007
0.35717999999999994
0.35894000000000015
0.35674999999999996
0.35641000000000006
0.35382999999999987
0.3538000000000001
0.35622
0.35409
0.3534199999999999
0.3518499999999999
0.35099000000000014
0.35400999999999994
0.35077000000000014
0.3519500000000001
0.3524799999999999
0.35194
0.35147000000000006
0.35422
0.3548100000000002
0.35679999999999984
0.3572400000000001
0.35696000000000006
0.3554499999999999
0.35365
0.3548199999999998
0.35396
0.35268
0.3541500000000001
0.3554800000000001
0.3565900000000001
0.3569999999999998
0.35566999999999993
0.35305999999999993
0.35303000000000007
0.35442999999999997
0.3534399999999999
0.3527899999999999
0.3548600000000001
0.3516699999999999
0.35361000000000004
0.35104
0.35544999999999993
0.35297000000000006
0.35144000000000003
0.35186
0.35265999999999986
0.35131
0.3513
0.35361999999999993
0.35485
0.35322000000000003
0.35417999999999994
0.35252999999999995
0.35516000000000014
0.35322
0.35495
0.35322000000000014
0.35314
0.355
0.3574900000000001
0.3565400000000002
0.35534000000000016
0.35475
0.35550999999999994
0.3558099999999998
0.35484999999999983
0.35189000000000015
0.35424999999999995
0.35366
0.3560999999999999
0.3565399999999999
0.35714999999999997
0.3566800000000001
0.3535900000000002
0.35342000000000007
0.35226999999999997
0.3508599999999999
0.35257000000000005
0.35250000000000015
0.35428
0.3552
0.35534000000000016
0.35339000000000015
0.35339
0.3516499999999999
0.35208999999999996
0.35139000000000004
0.3513500000000001
0.3534299999999999
0.355
0.35491000000000006
0.35562
0.35427
0.35225
0.3519600000000001
0.35388000000000003
0.3554
0.35359999999999986
0.3556700000000002
0.35585
0.35523000000000005
0.35572000000000004
0.3547799999999999
0.35394000000000003
0.3542099999999999
0.35278
0.35350000000000004
0.35328999999999994
0.35319999999999996
0.35493
0.3556800000000002
0.35750000000000015
0.3561199999999999
0.3533299999999999
0.35576
0.3543899999999999
0.3556999999999999
0.35620000000000007
0.3534299999999999
0.3541000000000001
0.3547000000000001
0.3545500000000002
0.3554500000000001
0.35196000000000005
0.35283000000000003
0.3559299999999998
0.35531
0.3548000000000001
0.3534200000000002
0.35406999999999994
0.3542600000000002
0.35373
0.3533399999999999
0.35428000000000004
0.35304
0.35505999999999993
0.3570999999999999
0.3583700000000001
0.3576300000000001
0.35531
0.35345
0.3534399999999999
0.35603999999999997
0.35532
0.35442999999999997
0.35387
0.35321
0.3536399999999999
0.3517700000000001
0.35418999999999995
0.3586100000000001
0.35655000000000003
0.35952999999999996
0.35968000000000006
0.3579999999999999
0.3552
0.3554100000000001
0.3545100000000001
0.35235999999999984
0.35068000000000005
0.35138999999999987
0.3553699999999999
0.35353000000000007
0.3556499999999999
0.35691999999999985
0.35654
0.35530000000000017
0.35480999999999996
0.3547000000000001
0.35754999999999987
0.35753
0.35766999999999993
0.35418000000000005
0.35555
0.3567000000000001
0.3536500000000001
0.3525600000000001
0.3525600000000001
0.35427
0.35564
0.35397
0.35491
0.35596000000000005
0.35381999999999986
0.35348999999999997
0.35174999999999984
0.35514
0.35772
0.3566900000000001
0.35425999999999974
0.35702000000000006
0.35835
0.35845000000000016
0.35933
0.35651999999999995
0.3569299999999999
0.35680000000000006
0.35649000000000003
0.35711000000000004
0.35511
0.35446999999999995
0.3524000000000001
0.35192
0.3536800000000001
0.3531400000000001
0.35423999999999994
0.3539299999999999
0.35396999999999984
0.35493
0.3553999999999998
0.35422999999999993
0.35521
0.35573
0.3561300000000003
0.3569500000000001
0.3544800000000001
0.35554
0.3567199999999999
0.35794
0.35591000000000006
0.3530499999999999
0.35203999999999985
0.35314000000000006
0.3547699999999998
0.3542900000000001
0.35269000000000006
0.3530899999999999
0.35300999999999993
0.35257
0.35157000000000005
0.3526499999999999
0.35307
0.35337999999999986
0.35401999999999995
0.35481999999999986
0.35368999999999995
0.35412
0.35343000000000024
0.35226
0.35206999999999994
0.35359999999999997
0.35565000000000035
0.35707999999999984
0.3541500000000001
0.35558000000000006
0.3530200000000001
0.3532300000000001
0.3521
0.35141999999999995
0.3523299999999999
0.3510800000000001
0.3521299999999999
0.3512000000000001
0.35297999999999985
0.35339000000000004
0.3547599999999998
0.3536099999999997
0.35529000000000016
0.35625999999999985
0.3557899999999999
0.3581399999999999
0.35772999999999994
0.35859
0.35820999999999986
0.35702
0.3576499999999999
0.35501999999999995
0.35579000000000005
0.3544600000000001
0.3539899999999998
0.35771000000000003
0.3574700000000001
0.35183999999999993
0.35288999999999987
0.35616999999999976
0.35557000000000016
0.35485
0.35307999999999995
0.3536200000000001
0.35281000000000007
0.35359000000000007
0.3537399999999999
0.35521
0.35591
0.35625999999999997
0.35668000000000005
0.35487
0.3547399999999999
0.3561700000000001
0.3567199999999998
0.35662999999999995
0.35592000000000007
0.3537000000000002
0.35548
0.35616000000000014
0.3577900000000001
0.3584300000000001
0.3558099999999999
0.3568300000000001
0.35897
0.3590399999999998
0.35714
0.35747999999999996
0.35821
0.3566
0.35298
0.3532099999999999
0.35285999999999995
0.35368999999999995
0.35703
0.35503000000000007
0.3567099999999999
0.3568400000000001
0.35589
0.35526999999999986
0.35446999999999995
0.3562299999999999
0.35346999999999995
0.3554100000000001
0.3552100000000001
0.3565400000000001
0.35539000000000004
0.3544999999999998
0.35722000000000004
0.3569100000000002
0.35479000000000016
0.35392
0.35339999999999994
0.3545000000000001
0.35568999999999995
0.3541100000000001
0.3543999999999999
0.3558
0.35523999999999994
0.3543099999999999
0.35450999999999994
0.35326000000000024
0.35300000000000004
0.35461
0.3543200000000001
0.35445999999999983
0.35499000000000014
0.35303000000000007
0.35345999999999994
0.35692999999999986
0.35750999999999983
0.35498999999999986
0.3547700000000002
0.3564299999999999
0.35742999999999997
0.3581799999999999
0.35952999999999996
0.35631999999999986
0.35498000000000013
0.3541400000000002
0.35178999999999994
0.3544899999999999
0.35465
0.35724999999999985
0.3576599999999999
0.3556199999999998
0.35599
0.35534
0.35613999999999996
0.35471
0.35718000000000005
0.3570000000000001
0.35556
0.35608999999999996
0.35345000000000043
0.3557200000000001
0.3550099999999999
0.35595000000000004
0.35703999999999986
0.3573599999999999
0.3550000000000001
0.3542100000000001
0.35389999999999994
0.35222000000000003
0.35094999999999993
0.35454
0.35168000000000016
0.3522
0.3558999999999999
0.35707
0.3557899999999999
0.35298
0.3553799999999999
0.35587999999999986
0.3546199999999999
0.3561300000000001
0.35603999999999997
0.3567700000000001
0.35352999999999996
0.3520199999999999
0.35427999999999993
0.35472000000000015
0.35247000000000006
0.35273
0.35578
0.35692
0.3543400000000001
0.3530500000000001
0.3546800000000001
0.35169000000000006
0.35447999999999985
0.35427000000000014
0.35735999999999996
0.35728999999999994
0.35381000000000007
0.35257
0.35418000000000005
0.35402
0.35432
0.35501999999999995
0.35492999999999997
0.3526900000000001
0.3535500000000001
0.3549499999999999
0.35345000000000015
0.35151000000000016
0.3524500000000001
0.35132000000000013
0.35316999999999993
0.35381000000000007
0.3543099999999999
0.35488
0.3572399999999999
0.35753999999999986
0.3569699999999999
0.35607999999999995
0.3560800000000001
0.35595
0.3543200000000001
0.35755000000000003
0.35748
0.35701999999999967
0.3573899999999999
0.35901999999999995
0.35900999999999994
0.36117000000000005
0.3600299999999999
0.3591899999999999
0.35808000000000006
0.35674
0.35664999999999997
0.3558399999999999
0.3553700000000001
0.35486000000000006
0.35568
0.35592
0.3572799999999999
0.35751999999999995
0.3580699999999999
0.35780999999999996
0.3576
0.35705000000000003
0.35759999999999975
0.35574
0.35530000000000006
0.3566600000000001
0.3544600000000001
0.3550399999999999
0.35567999999999983
0.35479
0.3555900000000001
0.3551699999999999
0.355
0.3539499999999999
0.35364999999999985
0.3548599999999999
0.35748000000000013
0.3553699999999999
0.3554299999999999
0.35309999999999986
0.3522699999999999
0.35220000000000007
0.3528499999999999
0.35618999999999995
0.3574999999999999
0.35518000000000005
0.3564899999999999
0.35619
0.3538300000000001
0.35248000000000007
0.35566
0.35577000000000003
0.35544000000000003
0.35712999999999995
0.35761
0.35834999999999995
0.35713
0.35563999999999996
0.3544
0.35237999999999997
0.3512600000000001
0.35202999999999995
0.35089
0.35357999999999984
0.35045000000000004
0.3532500000000001
0.355
0.3544299999999999
0.35798
0.3591000000000001
0.35904
0.3567899999999999
0.3549800000000001
0.35556999999999994
0.35703
0.35547999999999996
0.3551400000000001
0.35407999999999995
0.35336999999999996
0.35540999999999995
0.3518
0.35247
0.35329000000000027
0.35230000000000006
0.35256999999999983
0.35352999999999996
0.35263000000000005
0.35150000000000003
0.35322
0.35457999999999984
0.35583
0.35748999999999986
0.35596000000000017
0.3543799999999998
0.35528999999999994
0.35531999999999997
0.35505999999999993
0.35416000000000003
0.35540000000000005
0.3541599999999998
0.35330999999999996
0.3540999999999999
0.35368
0.3525199999999999
0.35546
0.35294000000000003
0.35429999999999984
0.35602000000000006
0.3538
0.35588000000000003
0.35873
0.3563299999999998
0.35344999999999993
0.35485
0.3529500000000001
0.35664000000000007
0.35836999999999997
0.35668999999999995
0.35603999999999997
0.3542299999999999
0.35473
0.3545600000000001
0.35461
0.3571499999999998
0.35506
0.35655000000000003
0.35608000000000006
0.35864000000000007
0.3567099999999999
0.3563999999999999
0.35497999999999996
0.35282
0.35405999999999993
0.3530499999999999
0.35591
0.35379999999999995
0.35320000000000007
0.3532599999999999
0.35285999999999995
0.35502999999999985
0.35467000000000004
0.3546799999999999
0.35495000000000004
0.35322
0.3543200000000001
0.3531300000000001
0.3536899999999998
0.3527799999999999
0.3533400000000001
0.3557500000000001
0.3551499999999999
0.35680999999999996
0.3587999999999998
0.3603800000000001
0.35944000000000004
0.35735000000000006
0.35306000000000004
0.35475
0.35438000000000003
0.35337000000000013
0.35422
0.35517999999999994
0.3527599999999999
0.35284999999999994
0.35510000000000014
0.35113
0.35170999999999997
0.35367999999999994
0.35234999999999983
0.3534800000000001
0.35357999999999995
0.3560200000000001
0.3538199999999999
0.3537300000000001
0.3541699999999999
0.3578299999999999
0.3567100000000001
0.3550199999999999
0.35534000000000004
0.35495999999999994
0.3524400000000001
0.35400000000000015
0.35340000000000005
0.35358999999999996
0.35414999999999996
0.35236000000000006
0.3531000000000001
0.35417000000000004
0.35371999999999987
0.35353
0.35781999999999997
0.35517
0.35366999999999993
0.35342999999999997
0.35126000000000007
0.3509599999999999
0.35591
0.3549600000000001
0.35322999999999993
0.35505000000000003
0.35495000000000004
0.35566999999999993
0.35602999999999996
0.35620000000000007
0.3559199999999999
0.35564000000000007
0.35499
0.35615
0.3543999999999999
0.35361000000000004
0.35343
0.35453
0.35576000000000013
0.35456999999999994
0.35556999999999994
0.3526300000000001
0.35136
0.35259
0.35229
0.35361
0.3527699999999999
0.35590999999999995
0.35345
0.3544799999999999
0.35375999999999996
0.35058999999999996
0.3512199999999999
0.35094000000000003
0.35022000000000014
0.3529299999999999
0.35338
0.35391
0.35522999999999993
0.35576999999999986
0.35399
0.3522799999999999
0.35357999999999995
0.3549999999999999
0.3561299999999998
0.35418999999999995
0.35498999999999997
0.3563899999999998
0.3552699999999999
0.3557499999999999
0.35408999999999985
0.35330000000000006
0.35101000000000016
0.35224000000000005
0.35344999999999993
0.35391999999999996
0.35434000000000004
0.35558
0.35504000000000024
0.35406999999999994
0.35318999999999995
0.35377
0.35513
0.35539000000000015
0.35619000000000006
0.3536799999999999
0.35362999999999983
0.35294
0.35400999999999994
0.3557700000000002
0.35708
0.35765000000000025
0.35635
0.35651999999999995
0.3571899999999999
0.35694
0.3551999999999998
0.35265
0.3505899999999999
0.3533400000000001
0.3559199999999999
0.3561000000000001
0.3558699999999999
0.35486000000000006
0.3522
0.3523700000000002
0.3541000000000001
0.3543500000000001
0.35477
0.35748999999999975
0.35666000000000025
0.35490999999999995
0.35379000000000005
0.3555999999999998
0.35457000000000005
0.35394000000000003
0.35525
0.3551999999999999
0.3563300000000001
0.3557499999999999
0.35666999999999993
0.35406000000000004
0.3547099999999999
0.35876
0.35873
0.35729000000000005
0.35564999999999997
0.35696000000000006
0.3539399999999999
0.35589000000000004
0.35864000000000007
0.35700000000000004
0.35792000000000007
0.3565899999999999
0.3588300000000001
0.35556999999999994
0.3564100000000003
0.3560800000000001
0.35700000000000004
0.3541500000000001
0.35474999999999995
0.35264
0.3541900000000001
0.35189000000000015
0.35397999999999996
0.35117999999999994
0.3525000000000001
0.35309999999999986
0.35409000000000007
0.3547800000000001
0.35302000000000006
0.35156
0.3533199999999999
0.35387000000000013
0.3518900000000001
0.3518199999999998
0.3516600000000001
0.35261
0.3548999999999999
0.3563300000000001
0.35751999999999995
0.35588000000000003
0.35618000000000016
0.35490999999999995
0.3552099999999999
0.35541999999999996
0.3547599999999998
0.3549799999999999
0.35586999999999996
0.35494
0.3565
0.3568100000000002
0.3563799999999997
0.35545000000000004
0.35470999999999997
0.3555599999999999
0.3555699999999999
0.3561199999999999
0.35318
0.35251000000000005
0.3525200000000001
0.35454
0.35271
0.35600999999999994
0.35502999999999996
0.35456999999999994
0.3540400000000002
0.35480999999999996
0.3549000000000001
0.35708000000000006
0.3571799999999999
0.3569200000000001
0.3546600000000002
0.35461000000000004
0.35342
0.3518299999999999
0.3539100000000001
0.3520999999999999
0.3549999999999999
0.35728999999999994
0.35565999999999987
0.35876000000000013
0.35733999999999994
0.35591000000000006
0.35618000000000016
0.35568999999999995
0.3559899999999999
0.35632999999999987
0.35785999999999996
0.35662
0.3581199999999999
0.35794000000000004
0.3581300000000001
0.35716000000000003
0.3557499999999999
0.35521
0.3551
0.35318000000000005
0.35173000000000004
0.35277999999999987
0.35511000000000004
0.3535099999999998
0.35380999999999985
0.35246
0.35215
0.35294999999999993
0.35411000000000004
0.3549800000000001
0.35583999999999993
0.3566399999999998
0.35658
0.35406999999999983
0.35336
0.3517700000000001
0.3541499999999999
0.3533299999999999
0.35661000000000004
0.35639
0.35580000000000017
0.35337
0.3522599999999999
0.35306000000000004
0.35139000000000004
0.34974000000000005
0.3495100000000001
0.3498699999999999
0.35223
0.35339000000000004
0.35368999999999995
0.35275999999999996
0.35301000000000005
0.35501
0.35636
0.3564
0.3548199999999999
0.3543600000000001
0.35266
0.35515000000000013
0.3565700000000003
0.35418
0.35641
0.35278
0.3532900000000001
0.3534799999999999
0.3532500000000001
0.35730000000000006
0.3554
0.3555300000000001
0.35495999999999994
0.35585999999999984
0.35578
0.3553800000000001
0.3572100000000001
0.35785999999999996
0.3566999999999998
