0.19999999999999962
0.3370600000000001
0.46354999999999985
0.5262300000000001
0.5494100000000003
0.5524199999999998
0.5514699999999999
0.55224
0.5506
0.5511800000000001
0.5523999999999998
0.5521699999999999
0.5508899999999998
0.5533000000000001
0.5541899999999998
0.55246
0.5496700000000001
0.55244
0.5509
0.5530200000000002
0.5525999999999996
0.5521599999999999
0.5518700000000002
0.55217
0.5551299999999998
0.5543999999999997
0.5521600000000001
0.5520499999999999
0.55275
0.5524399999999998
0.5553999999999999
0.5558000000000003
0.55307
0.55439
0.5511199999999998
0.5513899999999998
0.5505300000000001
0.5554999999999999
0.55353
0.55338
0.55439
0.5519599999999999
0.55254
0.5516599999999997
0.55302
0.55388
0.5546399999999999
0.5527299999999999
0.5522899999999997
0.5509599999999998
0.5533799999999999
0.5522400000000002
0.55324
0.5543899999999998
0.5538399999999999
0.5502799999999999
0.55297
0.5546700000000001
0.5546800000000001
0.5539500000000002
0.5489
0.5524499999999999
0.55381
0.55138
0.55347
0.55206
0.5551900000000001
0.5513299999999999
0.55027
0.55046
0.5522700000000001
0.5522999999999998
0.55262
0.5525599999999998
0.5505399999999999
0.5532499999999998
0.55258
0.5528699999999998
0.5528
0.5527799999999999
0.5547799999999998
0.55302
0.5538299999999998
0.5533499999999997
0.5543199999999999
0.5540700000000001
0.5540699999999997
0.5512199999999996
0.5543299999999999
0.5526099999999999
0.5547400000000001
0.5538299999999997
0.5533
0.5544000000000002
0.5545999999999999
0.5555999999999999
0.5520200000000002
0.5527099999999998
0.55293
0.5506000000000001
0.5518
0.5543199999999997
0.5538000000000001
0.5524600000000001
0.5536200000000001
0.5552700000000002
0.5499099999999999
0.5540400000000001
0.5512699999999999
0.5529199999999999
0.5535399999999999
0.55053
0.5535299999999999
0.5518299999999997
0.55139
0.5524700000000002
0.55295
0.5526799999999998
0.55479
0.5532900000000001
0.5533300000000001
0.5540900000000001
0.5547500000000001
0.5568399999999997
0.55113
0.55184
0.5524899999999999
0.5525500000000001
0.5521999999999998
0.5528700000000001
0.55265
0.5550100000000002
0.5518899999999998
0.55588
0.55155
0.55231
0.55477
0.5539400000000002
0.5520699999999998
0.5523499999999999
0.5522399999999998
0.5552799999999999
0.5532100000000001
0.5531999999999998
0.55121
0.5535799999999998
0.5542100000000001
0.5534500000000001
0.55239
0.54862
0.5522600000000001
0.55456
0.5549400000000002
0.55424
0.55247
0.5541399999999996
0.5531999999999997
0.5545499999999999
0.5522800000000001
0.5542100000000001
0.5548
0.55286
0.5517199999999999
0.5516300000000001
0.5521199999999997
0.5505900000000002
0.5517900000000001
0.5518099999999999
0.55036
0.5537299999999997
0.551
0.55062
0.5524599999999998
0.5536200000000001
0.5526099999999999
0.5510299999999995
0.5507
0.5511
0.5517599999999999
0.5529899999999998
0.5554799999999998
0.55411
0.5558999999999998
0.5551799999999999
0.5555500000000001
0.5549700000000002
0.5558900000000001
0.5554000000000002
0.5546300000000002
0.5537399999999999
0.5517199999999999
0.5504600000000002
0.55314
0.5509299999999999
0.5533300000000001
0.55526
0.5531399999999999
0.5512299999999999
0.5488400000000001
0.55213
0.5537800000000002
0.55214
0.5542399999999998
0.5520500000000002
0.55176
0.5534500000000003
0.55973
0.5542799999999997
0.5520299999999997
0.5542399999999998
0.5518899999999998
0.54911
0.55123
0.5530900000000001
0.5495799999999997
0.5535599999999998
0.552
0.5524499999999997
0.5515100000000001
0.55387
0.55381
0.55356
0.55197
0.55355
0.5556899999999999
0.5537099999999999
0.55259
0.5533699999999997
0.5527299999999999
0.5537200000000003
0.55103
0.5518100000000004
0.5512600000000001
0.5521199999999999
0.55168
0.5543199999999999
0.55241
0.5531699999999997
0.5540899999999996
0.55202
0.5523199999999996
0.5529999999999999
0.5564099999999998
0.5549999999999998
0.5526399999999998
0.5517999999999998
0.5539499999999997
0.55351
0.5531400000000002
0.5542699999999999
0.5538299999999999
0.5520699999999998
0.5544199999999999
0.5529999999999999
0.5531900000000001
0.5511799999999999
0.5507000000000002
0.5511900000000001
0.5529000000000002
0.55179
0.5521900000000002
0.5521999999999998
0.55179
0.5526800000000002
0.5524
0.54815
0.5530199999999998
0.5546000000000002
0.5534399999999999
0.55289
0.55304
0.55209
0.5541999999999997
0.5517499999999996
0.54972
0.5532300000000002
0.5518699999999999
0.5519299999999998
0.5529300000000001
0.5556300000000002
0.5544499999999998
0.5522500000000002
0.55133
0.55338
0.5513000000000001
0.5530999999999998
0.55207
0.5535699999999998
0.55424
0.5523499999999999
0.54948
0.5527500000000001
0.5555700000000001
0.5505099999999998
0.5516999999999999
0.5538899999999999
0.55501
0.55314
0.55268
0.5529099999999998
0.55289
0.5523199999999998
0.5512199999999999
0.55193
0.55109
0.55542
0.55535
0.5544099999999998
0.5531
0.5502400000000001
0.5522099999999999
0.5514799999999999
0.5517299999999999
0.5530299999999998
0.5505200000000002
0.55264
0.5499999999999999
0.5484399999999999
0.5502499999999999
0.55131
0.55441
0.5516899999999998
0.55226
0.55212
0.5531299999999999
0.5552399999999998
0.5549800000000001
0.55214
0.5521899999999998
0.55324
0.5541900000000001
0.5519799999999999
0.5542099999999999
0.5526699999999999
0.5516499999999996
0.5513000000000001
0.5498699999999999
0.55184
0.5543200000000001
0.5533999999999998
0.55458
0.5532499999999998
0.5525600000000002
0.5540899999999997
0.5541199999999997
0.55126
0.5518299999999998
0.5521600000000001
0.5509400000000003
0.5536799999999998
0.5544799999999998
0.5520299999999999
0.5521900000000001
0.55244
0.5526600000000002
0.5518499999999997
0.55174
0.5522800000000001
0.5529600000000001
0.5517600000000001
0.5531200000000001
0.5520699999999998
0.5529799999999997
0.5524600000000001
0.5551800000000001
0.5524199999999998
0.55424
0.55446
0.5526900000000002
0.5509099999999997
0.5531799999999999
0.5532899999999998
0.5539
0.5542600000000002
0.55281
0.5531200000000002
0.55256
0.5552099999999999
0.5521800000000001
0.5533299999999999
0.5544699999999998
0.55257
0.5528799999999996
0.5542900000000002
0.55294
0.5512799999999999
0.55123
0.55365
0.5494200000000002
0.5531800000000002
0.5540400000000002
0.5522099999999999
0.5539
0.5520899999999997
0.5522099999999999
0.5497899999999999
0.55308
0.55223
0.5515300000000001
0.5518799999999999
0.55114
0.55237
0.55467
0.5527399999999999
0.5534899999999999
0.5517500000000001
0.5544600000000002
0.55463
0.55153
0.5516599999999999
0.5548700000000001
0.5532500000000002
0.55163
0.5530499999999998
0.55336
0.5542900000000001
0.5507199999999998
0.5549299999999999
0.5510399999999999
0.5547199999999998
0.5542699999999998
0.5515499999999998
0.5517599999999998
0.5564699999999998
0.5524699999999998
0.5518999999999997
0.5516
0.5556300000000003
0.5557799999999999
0.5534399999999998
0.5519499999999999
0.5535800000000001
0.5551499999999999
0.5518
0.5539299999999997
0.5570700000000001
0.5552799999999999
0.5521099999999999
0.5524799999999999
0.5547099999999998
0.5523499999999999
0.5541600000000001
0.5500699999999997
0.5488199999999999
0.5491499999999999
0.5550399999999998
0.5539499999999998
0.5530499999999998
0.5539500000000003
0.5525000000000001
0.5509600000000002
0.5535799999999998
0.5546599999999998
0.5517599999999997
0.5515800000000001
0.5520099999999999
0.55544
0.5511299999999999
0.5500499999999999
0.5493
0.55383
0.5530299999999998
0.5533899999999999
0.5527700000000002
0.5550400000000001
0.5540399999999999
0.5540299999999997
0.5509900000000002
0.5566399999999999
0.5540699999999997
0.5512799999999999
0.5529999999999998
0.5546399999999999
0.5567099999999998
0.5532999999999998
0.5521799999999998
0.5530200000000002
0.5503399999999999
0.55543
0.5550099999999998
0.5534700000000002
0.5517400000000001
0.5508299999999998
0.5511699999999998
0.5524299999999999
0.5509999999999997
0.55446
0.5537199999999999
0.55347
0.55131
0.55317
0.5525799999999996
0.5507499999999999
0.55312
0.5524700000000002
0.5530500000000002
0.5550900000000001
0.5522299999999998
0.5539999999999998
0.5521299999999999
0.5524399999999999
0.5541199999999997
0.55117
0.55364
0.5539499999999998
0.5550299999999997
0.5537300000000002
0.55379
0.55725
0.5541900000000002
0.55206
0.5514899999999999
0.54943
0.5528499999999998
0.5529499999999999
0.55204
0.5527999999999998
0.5509699999999996
0.55051
0.5556000000000001
0.5531400000000001
0.55684
0.5543099999999999
0.55231
0.5529499999999996
0.5539799999999998
0.5545999999999998
0.5524400000000003
0.5507499999999999
0.5513699999999998
0.5534499999999997
0.55473
0.5519999999999999
0.5532999999999998
0.5519900000000003
0.5541499999999998
0.5517
0.5518399999999999
0.5553599999999997
0.5544599999999998
0.5528699999999999
0.5533499999999999
0.5541799999999998
0.55424
0.55426
0.5557399999999998
0.5552799999999999
0.5541299999999999
0.55155
0.55641
0.55182
0.5505399999999999
0.55454
0.5531999999999999
0.5523699999999998
0.5526599999999999
0.5522799999999998
0.5538199999999999
0.55503
0.5534599999999998
0.55294
0.5531799999999998
0.55097
0.55314
0.5538599999999999
0.55254
0.5523799999999999
0.55404
0.5540599999999998
0.55378
0.5553299999999999
0.5511099999999998
0.5522299999999999
0.5526899999999996
0.5511699999999999
0.5538699999999998
0.55051
0.5517500000000001
0.54914
0.5532700000000002
0.5535699999999999
0.5557800000000002
0.5533
0.5534699999999999
0.5506699999999999
0.5504799999999999
0.5527199999999999
0.5526600000000002
0.5523299999999999
0.5537499999999997
0.5520900000000001
0.55607
0.5545100000000001
0.5524999999999999
0.55253
0.5523100000000001
0.5527899999999999
0.5520899999999999
0.5530599999999999
0.55478
0.5520900000000001
0.5517899999999999
0.55412
0.55157
0.55335
0.5533699999999999
0.5506099999999998
0.5514799999999999
0.5519999999999999
0.5529299999999997
0.55253
0.5538299999999999
0.55301
0.55509
0.5545999999999999
0.5534300000000003
0.5534999999999998
0.5520199999999997
0.5546199999999998
0.5533999999999998
0.5540600000000001
0.5510699999999997
0.5536099999999997
0.5529900000000001
0.55606
0.5504800000000002
0.5531599999999997
0.5531899999999998
0.5523000000000001
0.5515100000000001
0.5516599999999998
0.5510400000000001
0.5555300000000001
0.5526200000000001
0.5526599999999997
0.5519700000000003
0.5512399999999998
0.5544499999999999
0.55357
0.5534499999999999
0.5547900000000001
0.5524899999999997
0.5533499999999997
0.555
0.5526699999999998
0.5522100000000001
0.5512999999999999
0.5542600000000002
0.5548500000000002
0.5495300000000002
0.55326
0.5522600000000002
0.54758
0.5496399999999998
0.55186
0.55484
0.5546000000000001
0.5511399999999999
0.5544199999999999
0.5534799999999997
0.55427
0.55466
0.5551200000000001
0.55186
0.5535499999999998
0.5543999999999998
0.5535900000000001
0.5524799999999999
0.5521699999999998
0.55435
0.55087
0.5500799999999999
0.5535499999999999
0.5526500000000001
0.5524000000000001
0.5527500000000001
0.5531999999999999
0.5554599999999998
0.5528500000000001
0.5565000000000001
0.5572199999999998
0.5554499999999999
0.5517100000000001
0.55289
0.5513199999999999
0.5518000000000002
0.5529899999999999
0.5541
0.5533199999999998
0.5542499999999999
0.5542199999999999
0.5557900000000001
0.5537700000000001
0.5541599999999998
0.5499200000000001
0.5528
0.5489499999999997
0.5533099999999999
0.5538199999999996
0.55298
0.5544100000000003
0.5535599999999999
0.5541300000000002
0.55257
0.5519299999999999
0.55608
0.5529900000000001
0.5535099999999998
0.5526800000000001
0.5549999999999998
0.5555500000000001
0.5537299999999999
0.55107
0.5539500000000002
0.5513199999999996
0.5509499999999998
0.5532399999999997
0.5552600000000001
0.5539900000000001
0.5548099999999997
0.5522799999999998
0.5545
0.5569699999999999
0.5529499999999997
0.5528199999999999
0.5539299999999999
0.5525200000000001
0.5563899999999998
0.5521100000000001
0.5526599999999996
0.5558000000000001
0.55295
0.5523
0.5531499999999997
0.5497599999999998
0.5538299999999999
0.5515699999999999
0.5550899999999998
0.5543300000000001
0.5518899999999997
0.5540899999999997
0.55237
0.5522899999999998
0.5554000000000001
0.5545600000000002
0.5547199999999998
0.5509199999999999
0.55348
0.55547
0.55474
0.5533300000000001
0.5511500000000001
0.5505799999999998
0.5518899999999999
0.55305
0.5549899999999998
0.5528799999999999
0.5567199999999999
0.55467
0.5567999999999997
0.5530399999999998
0.5545
0.5532699999999997
0.5529299999999998
0.5519900000000001
0.5504399999999997
0.5529399999999997
0.5534800000000001
0.5546800000000002
0.55377
0.5528399999999999
0.5537599999999999
0.55575
0.5535400000000001
0.5539100000000002
0.55443
0.5514099999999998
0.5547400000000001
0.5521699999999999
0.55503
0.55521
0.5519599999999999
0.55291
0.55141
0.5519099999999999
0.55435
0.55331
0.55601
0.5543899999999998
0.5517099999999998
0.55461
0.55243
0.5508699999999999
0.5511600000000001
0.5536
0.5558400000000001
0.55586
0.5545100000000002
0.5531999999999999
0.5545800000000001
0.5533999999999998
0.55352
0.55078
0.5531700000000002
0.5558899999999999
0.5517399999999999
0.5553800000000001
0.5522899999999998
0.5509999999999995
0.5557800000000004
0.55404
0.55288
0.5516299999999998
0.5509299999999999
0.5536899999999999
0.55243
0.55206
0.5547399999999999
0.5526500000000002
0.5554700000000001
0.5529600000000001
0.55287
0.5515499999999999
0.5534499999999999
0.5526899999999999
0.5528299999999998
0.5532599999999995
0.5542699999999998
0.5502799999999999
0.5542400000000001
0.55137
0.5522499999999997
0.5491300000000001
0.5533699999999999
0.5541499999999998
0.55045
0.55411
0.5543399999999998
0.5516200000000002
0.5545
0.5528900000000001
0.5522099999999999
0.5541699999999996
0.5528400000000001
0.5548000000000001
0.5523600000000001
0.5546399999999996
0.55455
0.5524600000000001
0.5539900000000001
0.5520799999999999
0.55163
0.5522699999999997
0.5522300000000001
0.5515999999999999
0.5526800000000002
0.5554899999999998
0.55336
0.5523700000000002
0.5512199999999999
0.5539999999999999
0.5549299999999999
0.5555800000000001
0.5528899999999998
0.5540299999999999
0.5520999999999999
0.5522899999999996
0.5542199999999998
0.5522799999999999
0.55362
0.5523199999999999
0.5538200000000001
0.5544899999999998
0.5553500000000001
0.5554199999999999
0.5514999999999997
0.5545300000000001
0.5514799999999999
0.5538399999999999
0.5526800000000001
0.5519999999999998
0.55166
0.5538799999999997
0.55113
0.5523499999999998
0.55287
0.5554500000000001
0.5570699999999998
0.55286
0.55475
0.55166
0.5519399999999998
0.5501399999999999
0.5520399999999995
0.5547900000000001
0.5544499999999999
0.55259
0.5496899999999999
0.5521000000000001
0.55367
0.5528699999999999
0.5527599999999998
0.5544699999999999
0.54997
0.5523700000000001
0.54965
0.5534599999999998
0.5538700000000002
0.5536900000000001
0.5510899999999996
0.5533600000000001
0.55165
0.55222
0.5520699999999998
0.55356
0.5544
0.5534999999999998
0.5527899999999999
0.55295
0.5541200000000002
0.55523
0.5532999999999998
0.5521900000000001
0.5519099999999999
0.5523300000000001
0.5530600000000001
0.5545199999999997
0.5537499999999999
0.5547800000000002
0.5537400000000001
0.5522000000000001
0.5534499999999999
0.5521200000000002
0.5526500000000002
0.5534399999999997
0.5540899999999999
0.5521199999999998
0.5515899999999999
0.5510299999999999
0.5560199999999998
0.5516699999999998
0.5553600000000001
0.55305
0.5550599999999999
0.5557400000000001
0.5545999999999999
0.5529899999999999
0.5529500000000003
0.55501
0.5526000000000001
0.55299
0.5523299999999998
0.55073
0.54988
0.5532199999999998
0.5528899999999998
0.5542100000000001
0.5540299999999997
0.5533600000000002
0.5548699999999999
0.5513
0.5520099999999999
0.55336
0.5520000000000002
0.55222
0.5525100000000003
0.5511399999999999
0.5516200000000001
0.5517699999999999
0.5532199999999996
0.55302
0.5522
0.55387
0.55231
0.5541200000000001
0.5545800000000001
0.55251
0.55122
0.5549099999999999
0.5529499999999998
0.5555799999999997
0.5552399999999997
0.55381
0.5521099999999998
0.55399
0.5539000000000001
0.5537000000000001
0.5541100000000001
0.5517500000000001
0.55396
0.5546399999999998
0.5519899999999999
0.5541499999999998
0.5559600000000002
0.5494699999999999
0.5541100000000001
0.5533299999999997
0.55047
0.5523099999999996
0.5527599999999998
