0.19999999999999962
0.27765999999999985
0.3504699999999999
0.4094499999999999
0.44498000000000004
0.4614999999999999
0.46607000000000015
0.4673799999999998
0.46624000000000015
0.46932
0.46946999999999994
0.47069000000000005
0.46690000000000026
0.4686600000000001
0.4696300000000002
0.47113000000000005
0.47076000000000023
0.4698
0.47014
0.4731499999999999
0.4692499999999999
0.4730500000000001
0.4731700000000001
0.4711599999999999
0.4714400000000001
0.47169999999999995
0.4689800000000001
0.46928999999999976
0.4714
0.47120999999999996
0.47064999999999996
0.46970000000000006
0.4699799999999999
0.46937000000000006
0.4711899999999998
0.47165999999999997
0.4722399999999999
0.47031000000000023
0.4715699999999998
0.47203999999999996
0.4722399999999998
0.4730499999999999
0.47153
0.47200000000000003
0.47084
0.4716300000000001
0.46993000000000007
0.4696100000000001
0.46806999999999993
0.4673399999999999
0.46806999999999993
0.46763999999999994
0.46983999999999976
0.46996999999999983
0.47162000000000026
0.47193000000000007
0.47221000000000013
0.47284000000000004
0.47235
0.46929000000000004
0.47038999999999986
0.4722399999999999
0.47325
0.4699799999999998
0.4692200000000002
0.47225000000000006
0.4720099999999999
0.4701200000000001
0.4714499999999998
0.46985999999999967
0.47150000000000003
0.47226999999999997
0.4704
0.47037999999999996
0.47401000000000004
0.4733099999999999
0.47151
0.47101000000000004
0.47269
0.47191999999999995
0.47338
0.4737399999999999
0.47171000000000013
0.46973000000000037
0.4720499999999999
0.47301000000000004
0.4714299999999998
0.47318999999999983
0.47485
0.47393
0.4711199999999999
0.47040000000000015
0.47149
0.47020000000000023
0.4692300000000001
0.4687600000000001
0.46914
0.47326999999999986
0.47118000000000004
0.46981999999999985
0.47019999999999995
0.4719400000000002
0.46989000000000014
0.4695299999999997
0.4688499999999998
0.4709800000000001
0.4745099999999999
0.47196999999999967
0.47050000000000014
0.47367999999999993
0.4739100000000001
0.4752100000000001
0.4707000000000001
0.4727900000000001
0.47271
0.47259999999999996
0.47229000000000004
0.4721999999999999
0.47403000000000006
0.47697000000000017
0.47163999999999995
0.4717400000000002
0.47162000000000015
0.4722599999999999
0.47074999999999995
0.4701400000000001
0.47059999999999996
0.4701899999999999
0.47348
0.4704699999999999
0.4721500000000002
0.4753899999999999
0.47399000000000013
0.47245000000000004
0.47217
0.47148999999999963
0.47007999999999983
0.47035999999999994
0.47030000000000016
0.4737499999999997
0.47153999999999996
0.4715200000000001
0.4706699999999997
0.47182
0.47025000000000006
0.47052
0.47182999999999997
0.47287
0.47319
0.47140999999999983
0.47295000000000015
0.47366000000000014
0.4726399999999997
0.4728000000000001
0.47169999999999995
0.4727299999999999
0.47311000000000014
0.47315999999999986
0.47037999999999996
0.46930999999999995
0.47018000000000026
0.4694500000000001
0.47228000000000014
0.4722699999999998
0.4716700000000001
0.4697800000000001
0.4700600000000002
0.4700500000000001
0.4714900000000001
0.47065999999999997
0.47076999999999974
0.4685800000000003
0.4700199999999999
0.4691900000000001
0.4726699999999998
0.47019999999999973
0.4700199999999999
0.4732699999999999
0.4711099999999999
0.4713199999999999
0.4737200000000003
0.46922999999999976
0.46724000000000004
0.4696300000000001
0.47082999999999986
0.47152000000000016
0.47240000000000004
0.47279000000000004
0.47265000000000007
0.4732700000000001
0.4722799999999999
0.47113999999999995
0.47174000000000027
0.47180999999999995
0.4717300000000001
0.4713800000000001
0.47251999999999994
0.4734200000000001
0.4703299999999998
0.47052000000000005
0.47181000000000006
0.47181000000000006
0.4732900000000001
0.47193999999999986
0.47294000000000014
0.47453000000000023
0.47351000000000004
0.4720000000000002
0.46972000000000014
0.4699400000000001
0.47302000000000016
0.47373999999999994
0.47496000000000005
0.4705899999999999
0.46901000000000015
0.46904999999999986
0.47013000000000005
0.4709700000000001
0.46970000000000023
0.47203999999999996
0.4760900000000002
0.4739200000000001
0.47508
0.47323000000000015
0.47062999999999994
0.4711099999999998
0.47345
0.4717199999999999
0.47117000000000026
0.4723599999999999
0.47044000000000014
0.47265
0.47107999999999994
0.47198999999999997
0.47302999999999984
0.4713299999999998
0.4707800000000001
0.47102
0.47226999999999997
0.4718100000000004
0.4731499999999999
0.47176
0.4699600000000002
0.47062
0.46991999999999984
0.4733500000000001
0.47112000000000004
0.4729200000000002
0.47141000000000005
0.4719800000000001
0.46946
0.47056999999999993
0.47039000000000003
0.4697799999999999
0.47064999999999996
0.47198999999999997
0.4696499999999999
0.47107999999999994
0.47240999999999983
0.47256
0.4704799999999995
0.47176999999999986
0.4684099999999999
0.46753000000000017
0.4714399999999999
0.47152999999999984
0.4701799999999999
0.4741599999999999
0.47143999999999997
0.4705399999999999
0.4714700000000001
0.47053000000000017
0.47106999999999977
0.4718699999999999
0.4728800000000002
0.47169999999999995
0.4735499999999999
0.47331999999999985
0.46968000000000004
0.46746999999999994
0.4707899999999997
0.46904
0.46812000000000004
0.4694100000000002
0.47108000000000005
0.46830000000000005
0.4695900000000001
0.46887999999999996
0.47049
0.46992999999999996
0.47197999999999984
0.474
0.47336
0.4713500000000002
0.4706099999999999
0.47455000000000014
0.47080999999999984
0.47379999999999983
0.47251
0.4743500000000001
0.47352999999999995
0.4729799999999998
0.4713600000000001
0.4721399999999999
0.47282000000000024
0.4710200000000001
0.47045000000000003
0.46938
0.47081999999999996
0.46996000000000004
0.4737100000000001
0.47352000000000005
0.4741800000000002
0.46913000000000016
0.47111
0.46973000000000004
0.47445999999999977
0.47391
0.4732900000000001
0.47350000000000003
0.4713600000000002
0.4738300000000002
0.4742900000000001
0.4733099999999999
0.4725099999999998
0.47022999999999987
0.46973000000000004
0.46919999999999995
0.4726800000000002
0.47267
0.4700500000000001
0.47173999999999994
0.4715499999999999
0.4718200000000001
0.47121999999999986
0.47128999999999993
0.47253999999999996
0.4707500000000001
0.4715800000000001
0.46887999999999985
0.47017000000000003
0.47037000000000007
0.47193000000000007
0.4707100000000001
0.4717800000000002
0.47318
0.47214
0.47304999999999997
0.4705100000000001
0.4705099999999999
0.47127
0.47383
0.4715499999999999
0.47071000000000013
0.47124999999999984
0.4724900000000001
0.4691599999999999
0.47219999999999984
0.4721300000000001
0.46924999999999983
0.47262000000000015
0.4730500000000001
0.47531999999999996
0.4710399999999999
0.47269000000000005
0.47021
0.4690300000000001
0.4722199999999998
0.4715099999999999
0.47208999999999995
0.4730299999999999
0.47151
0.47013999999999995
0.4695499999999999
0.47267999999999993
0.4717200000000002
0.4721300000000001
0.4731599999999997
0.47122000000000014
0.47355999999999976
0.47367
0.47263
0.4706099999999999
0.47095000000000015
0.47030999999999984
0.46934000000000003
0.4693499999999999
0.47198999999999997
0.47274000000000016
0.47220999999999996
0.47213000000000016
0.47551999999999983
0.47105999999999987
0.4698199999999998
0.4706200000000001
0.47334000000000004
0.47212
0.4718500000000001
0.47287000000000007
0.47093999999999986
0.4691500000000001
0.4703400000000002
0.47010000000000024
0.47186000000000006
0.47451
0.4705599999999998
0.47070000000000006
0.4686799999999999
0.4707499999999999
0.4728
0.46893999999999986
0.47137000000000023
0.4731199999999998
0.47118000000000015
0.4734299999999999
0.47216
0.4701500000000001
0.4692
0.46994
0.4709600000000001
0.47134000000000015
0.46995000000000003
0.4700199999999999
0.47338000000000013
0.47089000000000003
0.47023000000000026
0.4715699999999998
0.47355000000000014
0.47315000000000007
0.47235999999999984
0.4741499999999999
0.47318000000000005
0.47343999999999986
0.47254999999999997
0.47226
0.4710999999999999
0.47234000000000015
0.4740199999999999
0.47464
0.47081
0.4716499999999999
0.47300000000000003
0.4737100000000002
0.474
0.47311000000000014
0.4716999999999999
0.4687299999999999
0.47035999999999994
0.4726599999999999
0.4738199999999999
0.4743
0.4769699999999999
0.4736
0.47394999999999987
0.47195999999999994
0.47436999999999974
0.4712899999999998
0.4713399999999999
0.47503
0.47316999999999987
0.4722699999999999
0.4693499999999999
0.4700999999999999
0.46960000000000024
0.47077000000000013
0.47143
0.47307000000000005
0.4733599999999999
0.4742299999999997
0.47399000000000013
0.47204000000000007
0.47081999999999996
0.4721599999999998
0.47141000000000005
0.4717100000000001
0.4700100000000001
0.46953999999999996
0.4701400000000001
0.4689000000000003
0.4705299999999999
0.46872000000000014
0.4700099999999998
0.47124000000000016
0.4709800000000001
0.47025000000000006
0.4717099999999997
0.46838000000000013
0.4694000000000002
0.46837999999999985
0.4680999999999999
0.47002000000000005
0.4712999999999999
0.4704700000000001
0.47218
0.47157999999999994
0.4694600000000002
0.4715900000000001
0.47113999999999995
0.4691900000000003
0.4704899999999997
0.4715199999999999
0.47340999999999994
0.47263999999999995
0.4713500000000002
0.47126999999999997
0.46976
0.4680999999999998
0.47044999999999987
0.4708900000000002
0.4693700000000003
0.4687699999999998
0.47229999999999983
0.47407999999999995
0.47245999999999994
0.47203999999999996
0.47176
0.4708000000000001
0.47283999999999987
0.47267000000000015
0.47124999999999984
0.47088
0.46964999999999996
0.47069000000000016
0.47092000000000006
0.47021
0.4701300000000002
0.4720200000000001
0.47563999999999995
0.47378999999999993
0.47688
0.47625999999999996
0.47137999999999997
0.4716
0.47175999999999996
0.47167000000000003
0.47179000000000004
0.47130000000000016
0.4718200000000001
0.4755699999999998
0.4734199999999999
0.4720900000000001
0.46834999999999993
0.4701900000000002
0.4700200000000001
0.4735499999999999
0.4714600000000001
0.4697299999999999
0.47051000000000015
0.47228000000000003
0.47145000000000004
0.47115000000000024
0.47125999999999996
0.47417999999999993
0.47330999999999984
0.4706199999999997
0.47433999999999993
0.47125000000000017
0.46943999999999997
0.4713400000000001
0.47063000000000005
0.46946999999999994
0.46868000000000004
0.4703399999999999
0.4705000000000002
0.4679900000000001
0.4725000000000001
0.4691199999999999
0.4723000000000001
0.47217000000000003
0.47030999999999973
0.46992999999999996
0.4709899999999999
0.46907999999999994
0.47189999999999976
0.47168999999999994
0.47324999999999995
0.4740199999999998
0.47184
0.4723100000000002
0.47253000000000006
0.4703700000000002
0.47092000000000006
0.4731600000000001
0.4724999999999999
0.4728399999999999
0.4699999999999999
0.4717500000000004
0.47275999999999996
0.47243999999999997
0.4754500000000001
0.4715999999999999
0.4720899999999999
0.47272000000000014
0.4716300000000003
0.47428000000000003
0.47463999999999984
0.47326999999999986
0.46892999999999985
0.47062999999999994
0.46985000000000005
0.46994
0.47129999999999994
0.47299
0.47428
0.47545999999999994
0.4727600000000002
0.4703499999999999
0.47102999999999995
0.4706500000000002
0.4723799999999999
0.47239000000000003
0.47134999999999977
0.47015
0.46878
0.46931000000000017
0.4695800000000001
0.47084000000000004
0.4701199999999998
0.47347999999999985
0.47315999999999997
0.4726299999999998
0.4713800000000002
0.4707799999999997
0.4692199999999998
0.4734
0.47429999999999983
0.4716100000000001
0.4766699999999997
0.47335
0.4744399999999998
0.47430999999999995
0.47330000000000005
0.47147000000000033
0.46865
0.46985000000000016
0.4723899999999999
0.47439000000000014
0.4753199999999999
0.4737999999999999
0.47405999999999987
0.47136
0.4713000000000001
0.47196999999999983
0.47163999999999995
0.4699800000000001
0.4710999999999999
0.47026999999999997
0.4699800000000002
0.4723700000000002
0.4717199999999999
0.4714800000000001
0.4712599999999999
0.4750699999999998
0.47248000000000007
0.47374000000000005
0.46961999999999987
0.47116000000000013
0.4703200000000002
0.47153999999999996
0.47037000000000007
0.46994
0.47134999999999977
0.46929999999999994
0.46796000000000004
0.47271999999999986
0.47254999999999997
0.4724000000000002
0.4722600000000001
0.47217000000000015
0.4736999999999999
0.4749299999999998
0.47235999999999995
0.4729
0.47133999999999965
0.4728300000000003
0.46993
0.4705599999999999
0.4718699999999999
0.4724800000000002
0.47021999999999997
0.4712599999999999
0.4711099999999999
0.47016000000000013
0.47411000000000003
0.47349000000000013
0.4730299999999999
0.4738600000000002
0.4733999999999998
0.47478000000000015
0.47339000000000014
0.47182999999999986
0.46947000000000005
0.47224999999999995
0.47041999999999995
0.4703699999999998
0.4720199999999999
0.47245999999999994
0.4718200000000001
0.46808999999999984
0.4710199999999999
0.4723799999999998
0.47290999999999966
0.4728399999999999
0.4738800000000001
0.47084999999999994
0.46963
0.47058000000000016
0.47084
0.4709300000000002
0.47141999999999984
0.4701599999999999
0.4726199999999999
0.47199999999999975
0.47149
0.47369000000000006
0.4729300000000001
0.47255
0.47132000000000007
0.472
0.4732100000000001
0.4723399999999999
0.4706199999999999
0.4715799999999999
0.4730900000000001
0.47341000000000016
0.47212999999999994
0.4714999999999999
0.4748500000000002
0.47492999999999996
0.47441999999999984
0.4742599999999998
0.47545999999999994
0.47294000000000014
0.4743099999999999
0.4738599999999999
0.4747800000000001
0.47409000000000007
0.47237
0.47084
0.47027
0.47146
0.47399999999999987
0.4712600000000002
0.47287999999999997
0.47098999999999996
0.4734699999999999
0.46935000000000016
0.47293000000000013
0.47099000000000013
0.47206000000000004
0.46993000000000007
0.47120999999999996
0.4702000000000001
0.4716799999999999
0.47336999999999996
0.47182
0.46912
0.47136999999999996
0.46964000000000006
0.47319999999999984
0.47150000000000014
0.46999999999999986
0.4716899999999999
0.47384
0.47291000000000005
0.47272000000000003
0.47400999999999976
0.4711200000000001
0.4724800000000001
0.47169000000000005
0.4713800000000001
0.47235
0.4748299999999999
0.4752499999999999
0.47509999999999997
0.47356000000000004
0.4694799999999998
0.4714899999999998
0.4691300000000001
0.46944999999999987
0.47057000000000004
0.47234999999999994
0.47468999999999995
0.47346
0.47376999999999997
0.47247999999999996
0.4753199999999998
0.47278
0.47420999999999985
0.47607000000000005
0.4750500000000002
0.47433
0.47253999999999996
0.4713400000000002
0.47316
0.4712400000000001
0.4744900000000002
0.47411000000000003
0.47265000000000007
0.47334999999999994
0.4712699999999998
0.47218000000000016
0.47310999999999986
0.4717300000000001
0.47050999999999993
0.47239
0.4699799999999999
0.47185000000000005
0.4702
0.4683999999999998
0.47157000000000004
0.47011999999999987
0.47089000000000014
0.4710200000000001
0.47160000000000013
0.47275
0.47168
0.4721600000000001
0.4724600000000002
0.46850000000000025
0.47057999999999994
0.47101000000000026
0.47214
0.46856000000000003
0.47085999999999983
0.4695699999999999
0.47207999999999983
0.47273000000000004
0.47143999999999997
0.47214
0.4681599999999998
0.46880000000000005
0.4706200000000002
0.47368000000000016
0.4738899999999998
0.4725699999999998
0.47236000000000006
0.4707099999999999
0.4730300000000001
0.47182999999999986
0.4717800000000001
0.47234999999999994
0.46973
0.4732000000000001
0.47115000000000007
0.4748999999999998
0.47322999999999993
0.47342999999999996
0.46883
0.4701399999999999
0.47145
0.46963
0.47088
0.47275
0.47161000000000003
0.47297000000000006
0.47065000000000007
0.47007999999999994
0.47035999999999994
0.47261
0.4715800000000001
0.47052999999999995
0.47248000000000007
0.47292
0.4726399999999999
0.4717599999999998
0.4706600000000001
0.47164999999999985
0.47301999999999994
0.47269
0.47336000000000006
0.4714199999999999
0.4713400000000001
0.4749999999999997
0.4736199999999999
0.4702899999999998
0.4723299999999999
0.47238
0.4700500000000001
0.4721799999999996
0.47282999999999975
0.4714
0.47107000000000016
0.4705199999999998
0.47040000000000015
0.4725400000000002
0.47014999999999985
0.47135999999999983
0.4731299999999997
0.4717399999999998
0.47091
0.4745699999999997
0.47214000000000034
0.4725200000000001
0.4706900000000002
0.47103000000000006
0.4710800000000001
0.47049
0.4696399999999999
0.46908
0.47029000000000004
0.47353999999999985
0.47063999999999984
0.47145000000000026
0.47125
0.47061000000000014
0.47145
0.47189999999999954
0.4732399999999997
0.4750599999999999
0.4716999999999998
0.47013
0.47433
0.47046
0.4710399999999999
0.47000000000000014
0.47059000000000006
0.47141999999999995
0.4696600000000003
0.4733699999999999
0.47406000000000004
0.47101
0.46901999999999994
0.47184
0.47208
0.47205000000000014
0.47130000000000005
0.4725299999999998
0.4702300000000001
0.4723299999999999
0.47442999999999996
0.47567000000000015
0.47156
0.4714499999999998
0.47010000000000013
0.47009
0.47330000000000005
0.47192000000000006
0.4700999999999999
0.47196999999999995
0.47109000000000006
0.47334000000000004
0.4731000000000001
0.47301999999999983
0.47142
0.47092999999999996
0.4702199999999999
0.47209
0.4705000000000002
0.4689100000000003
0.46660999999999975
0.46858000000000005
0.4698900000000002
0.46993999999999986
0.47241000000000005
0.4731200000000002
0.4694899999999999
0.4700800000000002
0.4710299999999997
0.4705999999999999
0.46997
0.4673799999999999
0.4694700000000001
0.47161000000000003
0.4711500000000004
0.4715900000000001
0.46871
0.4724499999999999
0.47117000000000053
0.4724600000000004
0.47103000000000006
0.47080999999999984
0.47442999999999996
0.47350999999999993
0.47238
0.47332
0.4737100000000001
0.4734299999999999
0.4721399999999999
0.4719499999999999
0.4738599999999997
0.4711199999999998
0.47332
0.47272000000000014
0.47449000000000013
0.4717100000000002
0.47344999999999976
0.47382000000000013
0.4735499999999999
0.47155
0.47105000000000025
0.47065000000000007
0.47157
0.46985999999999994
0.4687799999999999
0.47018999999999983
0.4713200000000002
0.47179999999999994
0.47208000000000006
0.47243
