0.19999999999999962
0.29242
0.3837700000000001
0.44237000000000004
0.47445999999999977
0.48707000000000006
0.4922900000000001
0.49515999999999993
0.4930899999999999
0.49565
0.49795
0.5002900000000002
0.49837
0.4994000000000002
0.49763999999999997
0.49675999999999987
0.49581
0.4950999999999998
0.49380000000000007
0.4970400000000001
0.49378
0.4944400000000001
0.49361999999999995
0.49335000000000007
0.49597999999999975
0.49582
0.49490999999999985
0.49611999999999995
0.4964800000000001
0.49771
0.49624999999999986
0.49832000000000015
0.49695000000000006
0.4965400000000001
0.4972199999999999
0.49849999999999994
0.4983799999999999
0.49822999999999995
0.4946800000000002
0.49723999999999985
0.49485999999999997
0.4992099999999999
0.49631000000000014
0.4989699999999999
0.4966699999999999
0.49685000000000007
0.49654000000000037
0.4962499999999998
0.4954199999999998
0.49771
0.49826000000000015
0.49620000000000014
0.4957199999999998
0.4960000000000001
0.49661
0.49706999999999996
0.4954599999999998
0.49883999999999984
0.4991100000000001
0.49851999999999996
0.49653999999999976
0.49528999999999995
0.4954499999999997
0.49977
0.49974000000000013
0.4982200000000001
0.4984299999999999
0.49725999999999987
0.4969699999999999
0.49681
0.4970500000000001
0.49894000000000005
0.4975499999999999
0.4974200000000002
0.4973999999999999
0.49509000000000003
0.4938099999999999
0.49608
0.49780000000000024
0.49677
0.4959000000000002
0.49733
0.4967499999999998
0.49362
0.49491
0.4977199999999998
0.49549
0.49490999999999985
0.4976000000000001
0.49548000000000003
0.4973100000000001
0.49448000000000014
0.4974699999999999
0.4967899999999999
0.49674
0.49541
0.49573
0.4978600000000001
0.4949400000000002
0.49581
0.49846
0.49563999999999986
0.4953499999999999
0.4972800000000001
0.4955899999999998
0.4959899999999998
0.4987600000000001
0.4979400000000001
0.49914000000000036
0.4980999999999998
0.49821
0.4968999999999997
0.5001700000000001
0.49929000000000007
0.4983699999999998
0.49931000000000003
0.4978399999999999
0.4960899999999999
0.4986100000000001
0.4986499999999999
0.49858
0.49748000000000003
0.49762000000000006
0.4955099999999998
0.49649999999999994
0.49707999999999997
0.4981100000000002
0.49694999999999995
0.4978899999999998
0.4995400000000001
0.4982600000000001
0.49889000000000006
0.4978500000000002
0.4969599999999997
0.49682000000000015
0.49725999999999987
0.49498
0.49554000000000015
0.49772
0.49506000000000017
0.49380999999999986
0.49668999999999996
0.49741
0.4989300000000001
0.5012400000000001
0.4979799999999999
0.4974900000000001
0.4947899999999999
0.49612
0.4981099999999998
0.49580000000000013
0.4969699999999999
0.49729999999999985
0.49866000000000005
0.4976400000000001
0.4954599999999999
0.4973299999999999
0.4955299999999998
0.49666000000000016
0.49963000000000013
0.4963
0.49739000000000005
0.49828999999999973
0.49858
0.4989999999999998
0.4985799999999997
0.49975000000000014
0.4985500000000001
0.49837000000000004
0.4992800000000001
0.49922
0.4988200000000001
0.50015
0.49738
0.49716000000000016
0.49466
0.49635999999999997
0.49950999999999995
0.4967199999999999
0.4961399999999999
0.4968999999999998
0.4975500000000001
0.49652999999999997
0.4980200000000003
0.49462000000000006
0.4950900000000001
0.4935599999999997
0.49644999999999995
0.49389000000000005
0.4967700000000002
0.49643999999999994
0.49645000000000006
0.49389000000000005
0.49668999999999985
0.4945599999999999
0.4978000000000001
0.4956099999999998
0.4969400000000001
0.4969299999999999
0.49847999999999987
0.4969999999999999
0.4960199999999999
0.49823
0.49796
0.49546999999999985
0.4955599999999999
0.49668
0.49741
0.49562999999999996
0.49794000000000005
0.49996
0.49760000000000004
0.49682000000000004
0.4967499999999999
0.49892000000000003
0.49867000000000006
0.49869
0.4966799999999998
0.4940899999999999
0.4991199999999999
0.49971000000000004
0.5009600000000003
0.49416
0.49495
0.49779000000000023
0.49636
0.49512
0.49404999999999993
0.49481
0.4949000000000002
0.49873999999999974
0.49611999999999995
0.49715
0.49925000000000014
0.49705999999999995
0.49618000000000007
0.49649000000000015
0.49578999999999984
0.49773999999999974
0.4943499999999999
0.4929399999999998
0.49698999999999993
0.4962999999999998
0.49654999999999994
0.49664000000000014
0.49683999999999995
0.4936099999999999
0.4949999999999998
0.49229
0.49809000000000014
0.4962900000000002
0.4947700000000001
0.4988500000000002
0.49588999999999994
0.50016
0.4981599999999998
0.49588
0.4964699999999999
0.49923999999999985
0.5002
0.49657
0.5005399999999999
0.49967
0.49759
0.4956799999999999
0.4965599999999999
0.49627000000000016
0.49560999999999994
0.49599000000000015
0.49805
0.49738000000000027
0.4963499999999998
0.49654000000000004
0.4983000000000001
0.4969099999999999
0.49887999999999993
0.4949099999999998
0.49793000000000015
0.4971800000000001
0.49663
0.4979500000000002
0.49801
0.49756000000000017
0.4966099999999998
0.49672
0.4956799999999999
0.49661000000000016
0.49630999999999986
0.49571000000000004
0.49742999999999993
0.4985000000000002
0.4979100000000002
0.49514
0.49533
0.4947699999999998
0.49704
0.49912000000000006
0.49962
0.49743000000000015
0.4975799999999999
0.49811000000000016
0.49844999999999984
0.49604000000000004
0.49499000000000004
0.4976
0.49493999999999994
0.49719
0.49560000000000026
0.49829999999999985
0.4951499999999998
0.49570999999999993
0.4942299999999999
0.4941999999999998
0.49414000000000013
0.4950300000000001
0.4956800000000002
0.4969799999999996
0.49496000000000007
0.4958199999999999
0.49745999999999996
0.4979699999999999
0.49404999999999966
0.49506
0.4976900000000001
0.5002
0.5000800000000001
0.4972899999999999
0.49846999999999997
0.49489
0.49358
0.49804999999999994
0.49531999999999987
0.49693
0.4972699999999998
0.5000799999999997
0.4971400000000002
0.49813000000000024
0.4981899999999998
0.49656999999999984
0.49898
0.4988200000000002
0.4945399999999998
0.49687999999999993
0.4956500000000002
0.49464999999999987
0.4959600000000001
0.4958100000000001
0.4943199999999996
0.49672999999999995
0.4956399999999999
0.49839
0.49716999999999983
0.4981900000000002
0.49632000000000026
0.4947999999999999
0.49724999999999986
0.4939899999999999
0.4957100000000002
0.49290999999999996
0.4931599999999998
0.4957100000000001
0.49652999999999986
0.49548999999999993
0.49613999999999997
0.4989399999999998
0.4970299999999998
0.49744999999999995
0.49622
0.4994199999999997
0.49816999999999984
0.49789
0.4973999999999999
0.49549000000000004
0.4983699999999997
0.49909999999999966
0.49904000000000004
0.49890999999999996
0.49773
0.5016299999999999
0.49822999999999984
0.49922
0.4970299999999998
0.49502000000000007
0.49705000000000005
0.49735000000000007
0.49622
0.49759
0.4965900000000001
0.49439999999999984
0.49448999999999993
0.4971699999999998
0.49667000000000017
0.49309999999999987
0.49422
0.49788000000000004
0.49684999999999996
0.49782000000000004
0.5014
0.49699000000000004
0.49855000000000005
0.4973100000000001
0.4971699999999999
0.4960499999999999
0.4976299999999999
0.49886
0.49742000000000025
0.49715000000000026
0.4959999999999999
0.49676999999999993
0.49816000000000005
0.49823999999999996
0.4981299999999999
0.49229999999999985
0.4972499999999998
0.49645999999999985
0.49465999999999993
0.49616999999999983
0.49799
0.49687999999999993
0.49468
0.49804999999999994
0.49638999999999994
0.49700999999999995
0.49885999999999997
0.4973999999999997
0.49690999999999996
0.4961200000000001
0.4967099999999999
0.4973400000000002
0.49660999999999994
0.49673
0.49401000000000017
0.49458000000000013
0.4983099999999998
0.49842000000000014
0.4955099999999998
0.49761999999999995
0.4979699999999998
0.4978
0.49750000000000005
0.4996600000000001
0.49753000000000014
0.4989300000000001
0.49583999999999995
0.49588
0.49597999999999987
0.49707999999999997
0.49896999999999975
0.5011899999999999
0.49682999999999994
0.49837000000000026
0.49489999999999995
0.49754999999999994
0.49876000000000004
0.4989200000000001
0.4969600000000001
0.4953800000000001
0.49678000000000005
0.49569
0.4952100000000001
0.49526
0.49584000000000034
0.4969600000000001
0.4981599999999999
0.49829000000000007
0.49693
0.49897999999999987
0.4969100000000001
0.4959899999999999
0.49477000000000015
0.49435
0.4961399999999999
0.5014500000000003
0.4977800000000001
0.49817999999999985
0.49907999999999975
0.49946999999999997
0.49392999999999987
0.49688000000000015
0.49523999999999985
0.4961899999999999
0.4957500000000001
0.49832999999999994
0.50137
0.49999999999999983
0.4961399999999999
0.5007299999999999
0.49833000000000005
0.4963500000000001
0.49783
0.49968999999999986
0.49753000000000014
0.4979400000000001
0.49659000000000036
0.49946999999999986
0.49646999999999997
0.4985300000000001
0.49851999999999985
0.4988600000000003
0.49573000000000006
0.49686000000000013
0.49668
0.4951500000000001
0.49693999999999994
0.49692000000000003
0.4947399999999999
0.49483999999999995
0.49517000000000005
0.49708999999999987
0.49584000000000034
0.49645999999999996
0.49295999999999984
0.49625
0.4969799999999998
0.4974000000000003
0.49487000000000014
0.49369999999999997
0.4958599999999999
0.49803000000000025
0.4982799999999999
0.4968
0.49517000000000017
0.4971400000000001
0.4982200000000002
0.49583999999999984
0.49643999999999994
0.49822000000000005
0.4952499999999999
0.4977800000000002
0.4975399999999999
0.49699999999999983
0.49561999999999967
0.4958199999999998
0.4959900000000001
0.49459000000000003
0.4938099999999999
0.49355000000000004
0.4981399999999997
0.4978099999999999
0.5004000000000001
0.4953299999999999
0.4959100000000001
0.4951500000000001
0.49705999999999984
0.4962499999999999
0.4965999999999998
0.49702999999999986
0.49847
0.4997800000000001
0.4989699999999999
0.4956899999999998
0.5004399999999999
0.4950999999999998
0.4989500000000001
0.4977700000000001
0.4937899999999999
0.4933999999999999
0.4955399999999999
0.4968599999999999
0.49451999999999985
0.4937999999999996
0.4936799999999999
0.49567999999999995
0.49526
0.49625
0.49837999999999993
0.49874
0.4980499999999999
0.49416000000000004
0.49598999999999976
0.49423
0.4959499999999999
0.4946599999999999
0.49616000000000005
0.4978999999999999
0.49748000000000003
0.49876000000000004
0.49853999999999987
0.49567
0.49616
0.49821999999999983
0.4956999999999998
0.49540000000000023
0.4986400000000002
0.49611
0.49790999999999996
0.49968999999999997
0.49710999999999994
0.4977699999999999
0.49614
0.49495999999999996
0.49718999999999997
0.49935999999999986
0.4955600000000001
0.4940599999999998
0.4959600000000002
0.49513999999999975
0.49694999999999995
0.49439000000000005
0.49382000000000004
0.49336999999999975
0.49689999999999995
0.49530000000000013
0.4954200000000001
0.49554999999999993
0.49733000000000005
0.49747000000000013
0.4984199999999999
0.4942899999999998
0.49766000000000005
0.4975700000000002
0.4958200000000001
0.49782
0.4950800000000001
0.49653999999999987
0.4940899999999999
0.4945699999999998
0.49440999999999996
0.49480999999999986
0.4964900000000001
0.49740000000000006
0.49671000000000015
0.4979000000000003
0.49755999999999995
0.4990900000000002
0.50079
0.4997300000000001
0.49644999999999995
0.4964900000000001
0.4978200000000001
0.4983899999999999
0.5000900000000004
0.49618
0.49786000000000014
0.49679000000000006
0.4936200000000002
0.49514
0.4964900000000001
0.49680000000000013
0.4948599999999999
0.4963600000000001
0.4967800000000001
0.4970199999999999
0.49666999999999994
0.49594999999999984
0.49901999999999985
0.49773
0.4973399999999999
0.4965499999999997
0.4964000000000003
0.4966799999999998
0.4974000000000002
0.4977699999999999
0.49656000000000006
0.49610000000000026
0.49566999999999983
0.49678000000000005
0.49405999999999983
0.49361
0.4971900000000001
0.49784
0.49733999999999995
0.49826999999999994
0.49599000000000004
0.49830000000000024
0.49800999999999973
0.49618
0.49555
0.49688999999999994
0.4974000000000002
0.4971399999999999
0.4958799999999998
0.49278
0.4962999999999998
0.49639999999999973
0.4989000000000001
0.4988
0.49794999999999995
0.49961
0.49713999999999986
0.4975099999999999
0.4970200000000001
0.49814999999999976
0.4952099999999999
0.49707000000000007
0.49745000000000017
0.4976499999999999
0.4982800000000001
0.4974199999999999
0.49953
0.4973400000000002
0.49441999999999986
0.4975099999999998
0.49666
0.49713
0.49664
0.49506999999999995
0.49564
0.49681000000000003
0.4965200000000001
0.49670000000000003
0.49700999999999984
0.49523000000000006
0.49517000000000033
0.4938100000000002
0.49585
0.4947300000000001
0.49758
0.49535999999999997
0.49321
0.49684000000000017
0.49925999999999987
0.5004700000000001
0.4966100000000001
0.49639000000000005
0.49817999999999985
0.4969400000000001
0.4973699999999998
0.4954399999999998
0.4954599999999999
0.49423999999999957
0.4981499999999999
0.49729999999999996
0.49777
0.4983599999999999
0.49738
0.49759999999999993
0.49739000000000005
0.49580999999999986
0.4953000000000003
0.4957299999999997
0.49591999999999986
0.4977299999999999
0.49923000000000006
0.4984899999999998
0.49674999999999975
0.4965399999999998
0.4944999999999999
0.49690000000000006
0.49601
0.4946400000000002
0.49454
0.49607999999999997
0.4969799999999999
0.49826000000000015
0.49847999999999987
0.4977900000000002
0.4979500000000002
0.49701000000000023
0.49775000000000025
0.49703000000000025
0.49656999999999996
0.49724
0.49503999999999976
0.49816999999999967
0.4950999999999998
0.4938199999999999
0.49571
0.49693000000000004
0.4969199999999999
0.49882999999999994
0.49763000000000035
0.49676999999999993
0.49384999999999984
0.4932899999999998
0.49298
0.4951699999999999
0.49685999999999986
0.4994800000000001
0.4971100000000001
0.49674000000000007
0.4950600000000002
0.4962399999999998
0.49696000000000007
0.49782000000000026
0.49548000000000014
0.49791000000000013
0.4977699999999999
0.4968600000000001
0.49313000000000023
0.4952900000000001
0.4966300000000002
0.49644
0.49594
0.4969199999999999
0.49334999999999973
0.4953400000000002
0.4939799999999998
0.49473999999999996
0.49726000000000004
0.49784999999999996
0.49587000000000003
0.49554999999999977
0.49710000000000015
0.49627999999999994
0.4948899999999999
0.4966999999999999
0.49695
0.49549999999999983
0.49789
0.49945
0.4970099999999997
0.49888000000000005
0.4976300000000002
0.49636999999999987
0.49679000000000006
0.49405
0.4941299999999999
0.49466999999999994
0.4936399999999999
0.4954300000000002
0.49686
0.49607999999999974
0.4966100000000003
0.49565
0.4989
0.49896999999999997
0.4953899999999998
0.4967000000000001
0.4968599999999999
0.4992600000000001
0.4975200000000001
0.4970199999999999
0.49678
0.49952000000000013
0.4984400000000001
0.4972299999999998
0.49652999999999986
0.49686000000000013
0.49707
0.49824000000000007
0.4972999999999999
0.49892000000000003
0.49754
0.49763000000000024
0.49746
0.49691
0.4975299999999999
0.4950599999999997
0.49354
0.4941099999999999
0.49565999999999993
0.49435000000000007
0.4961499999999998
0.4959600000000002
0.49633999999999984
0.4972299999999998
0.49605999999999995
0.49739999999999995
0.4964
0.49772999999999995
0.4975999999999997
0.4982699999999998
0.4999099999999999
0.49689999999999984
0.49841999999999975
0.49707
0.49808999999999976
0.4949799999999999
0.49649000000000015
0.4953899999999999
0.4991199999999999
0.4975900000000002
0.49630999999999986
0.4968199999999999
0.49845000000000006
0.49846
0.4965299999999999
0.49805999999999995
0.49583999999999984
0.49818999999999997
0.4949500000000001
0.49560000000000004
0.4954899999999999
0.49944000000000005
0.4976000000000002
0.4971900000000001
0.49514999999999987
0.49622000000000027
0.49644
0.49771
0.49777
0.49957999999999986
0.4974
0.49771
0.49671
0.49872999999999995
0.5004799999999999
0.4969000000000002
0.49660000000000015
0.49399999999999994
0.49409000000000014
0.4941699999999999
0.4958499999999998
0.49667
0.49668
0.49893999999999994
0.49702000000000013
0.5002700000000001
0.4979499999999999
0.4965300000000001
0.4966799999999999
0.49685
0.49583999999999984
0.4934700000000001
0.4969099999999999
0.49355000000000004
0.49666000000000016
0.49832
0.5008099999999999
0.4980899999999999
0.4977900000000002
0.49613
0.4962700000000001
0.49729999999999996
0.4988100000000002
0.49781000000000025
0.49436
0.49686999999999976
0.4984500000000001
0.49765000000000015
0.4976299999999999
0.4978900000000001
0.49753000000000003
0.4987
0.49839
0.4982
0.49784000000000006
0.4961099999999999
0.49694000000000016
0.4952200000000001
0.49465
0.49561000000000016
0.49528
0.49201000000000006
0.49611
0.50011
0.49662999999999985
0.4964899999999999
0.4956399999999999
0.49590999999999996
0.4967300000000001
0.4987699999999999
0.49553000000000014
0.4952099999999999
0.49427999999999983
0.49467999999999984
0.4968800000000002
0.4979699999999999
0.49926000000000004
0.4976300000000002
0.49474
0.49616
0.4951400000000002
0.4947000000000002
0.4936199999999999
0.4949299999999999
0.4949199999999997
0.4949799999999999
0.49813999999999986
0.49652999999999997
0.49882
0.50143
0.4983600000000001
0.49885999999999975
0.49841
0.49786999999999987
0.49765
0.4963400000000002
0.49778999999999995
0.4980399999999999
0.4963699999999999
0.4997700000000001
0.5005199999999999
0.49728
0.4973700000000001
0.4983800000000002
0.4962300000000001
0.4957599999999999
0.4986800000000002
0.4980999999999996
0.4975
0.49538999999999994
0.4956999999999997
0.49826
0.4979499999999997
0.49899
0.49702999999999986
0.49568999999999996
0.49706000000000017
0.49676000000000003
0.4959400000000001
0.49744000000000005
0.49760000000000004
0.495
0.49788999999999994
0.49766999999999995
0.4971699999999999
0.4939899999999999
0.4962499999999999
