0.19999999999999962
0.4754999999999999
0.6399200000000002
0.6307100000000001
0.6365900000000001
0.6294400000000002
0.63505
0.6339900000000003
0.63504
0.63426
0.6337900000000001
0.6315000000000001
0.6338000000000003
0.6327200000000002
0.63237
0.6324600000000004
0.6341400000000001
0.6354100000000003
0.6322200000000004
0.63356
0.63323
0.6333100000000003
0.63426
0.6333099999999999
0.6353900000000003
0.6359900000000002
0.6305700000000001
0.6334800000000002
0.63097
0.6331300000000001
0.6349000000000001
0.6344000000000001
0.6324300000000002
0.6319100000000002
0.63195
0.6333100000000003
0.63463
0.6314200000000001
0.6318600000000001
0.6321900000000005
0.6341899999999999
0.6348200000000003
0.6326900000000001
0.6335
0.63398
0.6346500000000003
0.6340100000000003
0.6344299999999997
0.6330100000000004
0.6331200000000001
0.6338199999999999
0.6342700000000003
0.6320900000000002
0.63456
0.63313
0.6354000000000002
0.63344
0.637
0.6354900000000001
0.6337100000000001
0.6361800000000002
0.6307300000000001
0.6357200000000003
0.6322300000000002
0.6330100000000001
0.6336800000000001
0.6303700000000001
0.6340600000000003
0.6340299999999996
0.63442
0.6315300000000001
0.6353300000000004
0.6324499999999997
0.6323300000000003
0.6323799999999999
0.63107
0.6354799999999999
0.6318699999999999
0.63259
0.6328800000000002
0.63386
0.6325900000000001
0.6335000000000001
0.63404
0.6360300000000002
0.6346400000000002
0.6317000000000002
0.6335600000000001
0.6360099999999997
0.63287
0.6345900000000001
0.6343099999999999
0.63086
0.6332700000000002
0.6344300000000002
0.6334000000000001
0.6346600000000001
0.63278
0.63386
0.6296400000000002
0.6324300000000002
0.6358300000000002
0.6334800000000003
0.6345699999999996
0.6312099999999999
0.6322800000000002
0.6350900000000004
0.6328500000000001
0.6337000000000003
0.6330600000000002
0.63342
0.63387
0.6349500000000001
0.6333100000000002
0.6338100000000002
0.6316899999999999
0.6350800000000002
0.63245
0.63333
0.63489
0.6314300000000002
0.6345500000000001
0.6344100000000001
0.6309599999999999
0.6323600000000001
0.6313200000000002
0.63403
0.6331800000000002
0.6346400000000001
0.63272
0.6330500000000004
0.6334600000000001
0.6346599999999999
0.6352599999999999
0.6334200000000003
0.6362400000000002
0.63385
0.6346799999999999
0.63253
0.63127
0.63596
0.63284
0.6325300000000001
0.6356900000000002
0.6336600000000003
0.6311800000000001
0.6366400000000002
0.63104
0.6359700000000001
0.6339500000000003
0.6319100000000002
0.6342700000000003
0.6338300000000004
0.6337799999999999
0.63361
0.6356900000000002
0.6319
0.6352300000000001
0.6339500000000001
0.6311300000000002
0.63194
0.6364
0.6305400000000002
0.6344400000000001
0.6334300000000003
0.6354900000000001
0.6308099999999999
0.6344100000000001
0.6333500000000001
0.6357200000000001
0.6330300000000001
0.6330500000000001
0.63388
0.63203
0.6352400000000001
0.6348800000000001
0.6321100000000002
0.6350000000000002
0.6308600000000001
0.6337600000000001
0.6345600000000001
0.6353699999999998
0.6339400000000002
0.6357100000000001
0.6306399999999999
0.6315900000000003
0.6320600000000001
0.6347000000000002
0.6311399999999998
0.6341600000000002
0.6324300000000002
0.6337399999999997
0.6364900000000003
0.63296
0.63234
0.6339100000000002
0.6320900000000002
0.63499
0.63198
0.6339800000000003
0.6324599999999999
0.63397
0.6316800000000005
0.6335299999999999
0.63339
0.6344600000000001
0.6334800000000002
0.6348300000000002
0.6320699999999999
0.6346200000000002
0.6327099999999999
0.6310000000000001
0.6346200000000001
0.6331700000000001
0.6348200000000004
0.6375000000000002
0.6317599999999999
0.6309900000000002
0.6324400000000003
0.6331900000000001
0.6357900000000004
0.6348800000000003
0.6328000000000001
0.6330600000000001
0.6343700000000001
0.6343400000000001
0.6316400000000002
0.6351500000000001
0.6327600000000001
0.6342800000000001
0.63292
0.6340600000000002
0.6351900000000001
0.6326900000000003
0.6340100000000002
0.6307500000000004
0.6341200000000001
0.63176
0.6358400000000002
0.6332200000000002
0.6336200000000002
0.6333000000000005
0.633
0.6300200000000001
0.63431
0.6324299999999999
0.6334700000000003
0.63229
0.6313000000000002
0.6336600000000002
0.6344100000000004
0.6330600000000002
0.6319000000000004
0.6347799999999999
0.63277
0.6325800000000001
0.6352600000000002
0.6338900000000003
0.63252
0.6362100000000002
0.6329699999999999
0.6331300000000002
0.6325299999999999
0.6333199999999998
0.6332000000000001
0.6335999999999999
0.6313799999999998
0.6341900000000003
0.6310800000000001
0.63501
0.6318000000000003
0.63534
0.6359500000000002
0.6328999999999999
0.63403
0.6331500000000001
0.6326500000000003
0.63164
0.6362400000000001
0.6331500000000002
0.6331
0.6327600000000001
0.6341200000000001
0.63249
0.6321899999999999
0.63384
0.63137
0.6340400000000004
0.63516
0.6324999999999996
0.63366
0.6336300000000002
0.6333800000000003
0.6324600000000001
0.6348199999999999
0.6329500000000001
0.6338600000000004
0.6324600000000001
0.6348000000000001
0.6325800000000001
0.63092
0.6335000000000004
0.6348300000000002
0.6327300000000003
0.6324700000000001
0.63334
0.63361
0.6312100000000004
0.6326800000000002
0.63378
0.6300700000000001
0.6352700000000002
0.6307699999999999
0.6337000000000003
0.6355000000000001
0.6336700000000001
0.63193
0.6328199999999999
0.63634
0.6346500000000003
0.63339
0.6335200000000004
0.6327200000000001
0.6349599999999996
0.6310700000000005
0.6362000000000003
0.6323500000000002
0.6346800000000001
0.6337200000000003
0.6340400000000002
0.6337500000000001
0.6329800000000001
0.6323000000000002
0.63498
0.6311900000000005
0.6371800000000001
0.63052
0.6333600000000001
0.6353200000000002
0.6355399999999998
0.6314200000000002
0.6340600000000001
0.6325800000000001
0.63337
0.63446
0.63408
0.63183
0.6356700000000001
0.6330400000000002
0.6345700000000001
0.63394
0.6329000000000004
0.6359000000000001
0.6344500000000002
0.6315699999999999
0.6351999999999999
0.6316400000000002
0.6345000000000002
0.6349699999999999
0.6323
0.6344900000000002
0.6341800000000002
0.6319700000000001
0.6345700000000001
0.6341600000000002
0.6363400000000002
0.6327100000000001
0.6316400000000002
0.6320100000000002
0.6349200000000003
0.6313000000000002
0.6337800000000001
0.6324100000000002
0.63398
0.6337400000000006
0.6346800000000004
0.6332500000000002
0.6325999999999999
0.6334999999999998
0.6332199999999999
0.6326900000000001
0.6343400000000001
0.6354700000000001
0.6343699999999999
0.6344100000000003
0.6352900000000002
0.6327600000000002
0.6344100000000001
0.6342100000000002
0.63233
0.63336
0.6341500000000002
0.6337000000000002
0.6320600000000003
0.6303700000000002
0.6318700000000002
0.6339400000000002
0.63314
0.63804
0.6307800000000001
0.6348500000000002
0.6333100000000002
0.63441
0.63426
0.6337700000000001
0.63296
0.6330100000000001
0.6313299999999998
0.6343300000000002
0.6359999999999999
0.63484
0.6326300000000004
0.63304
0.6320900000000002
0.6342900000000002
0.6335800000000001
0.63192
0.6341500000000001
0.6354000000000003
0.6352099999999999
0.6342200000000002
0.6343000000000003
0.6294299999999998
0.6328099999999999
0.63509
0.6316100000000001
0.6343700000000002
0.6341700000000003
0.6328500000000002
0.6332599999999999
0.6337999999999995
0.6340400000000002
0.6336099999999999
0.6336100000000002
0.6323000000000001
0.6345399999999999
0.6344800000000003
0.63386
0.6351600000000002
0.63325
0.6319000000000004
0.6362099999999999
0.6336700000000001
0.6333800000000003
0.6330700000000001
0.63249
0.6342399999999998
0.6340700000000002
0.6306500000000002
0.63325
0.6333600000000001
0.6340799999999999
0.6328600000000002
0.6314599999999999
0.6328600000000002
0.6337900000000001
0.6333900000000002
0.63325
0.6318500000000001
0.6338
0.6337300000000002
0.6327499999999999
0.6345600000000002
0.6332300000000002
0.6327800000000001
0.6333800000000003
0.6341600000000002
0.6326400000000004
0.63168
0.6367900000000001
0.6362000000000004
0.6362600000000002
0.6351000000000002
0.6338100000000002
0.63216
0.6330600000000001
0.6350900000000003
0.6351300000000002
0.6313200000000002
0.6328000000000001
0.6335299999999999
0.6310100000000002
0.6323199999999998
0.6339300000000002
0.6311399999999999
0.6324500000000002
0.6356300000000003
0.63217
0.6344600000000005
0.6358300000000001
0.63466
0.63137
0.6339200000000003
0.6345999999999998
0.63324
0.6332000000000001
0.6329
0.6331200000000002
0.6329400000000001
0.6339600000000003
0.6316600000000002
0.6325500000000003
0.6341300000000001
0.6333300000000002
0.63249
0.6337100000000002
0.63235
0.6302700000000001
0.6320100000000001
0.6335799999999999
0.6346600000000003
0.6327200000000002
0.63258
0.6354100000000005
0.6341199999999999
0.6302100000000003
0.63466
0.63391
0.63261
0.6313300000000001
0.6336800000000001
0.6343500000000004
0.6325800000000001
0.6335699999999997
0.6321800000000001
0.6333700000000004
0.63363
0.6329800000000002
0.63484
0.63361
0.6352399999999998
0.6337000000000003
0.6319400000000001
0.6352900000000001
0.6347300000000003
0.6328900000000001
0.6328700000000002
0.6346200000000004
0.6323900000000001
0.6312100000000002
0.6337700000000004
0.6348799999999997
0.6320999999999998
0.6340900000000002
0.63225
0.6347300000000001
0.6328100000000003
0.6340600000000003
0.6312099999999997
0.6345400000000002
0.6334600000000001
0.6346399999999998
0.6331000000000001
0.6333000000000001
0.6346100000000003
0.6331600000000001
0.63518
0.63332
0.6335400000000002
0.6304000000000001
0.63546
0.63138
0.63409
0.6359500000000005
0.63298
0.6370700000000001
0.6329399999999998
0.6325300000000003
0.6323999999999999
0.63436
0.6328499999999998
0.63347
0.6335600000000005
0.6323300000000002
0.6338299999999998
0.6341300000000003
0.6354200000000001
0.6351000000000001
0.6319300000000001
0.6344200000000001
0.63355
0.6339100000000001
0.63231
0.6320900000000003
0.6340900000000004
0.6315799999999999
0.6347700000000001
0.6337599999999999
0.6329999999999999
0.6333200000000001
0.6334200000000003
0.6329600000000002
0.63314
0.6315100000000002
0.6324200000000002
0.6355900000000001
0.6339999999999999
0.6337500000000004
0.6322100000000002
0.6336800000000001
0.6321500000000001
0.6327099999999999
0.6352499999999999
0.6323300000000001
0.6347000000000004
0.63116
0.6319300000000002
0.6322500000000004
0.6327600000000002
0.6296000000000002
0.63524
0.6330700000000002
0.63763
0.6322700000000003
0.6315800000000001
0.6330599999999997
0.63245
0.6348199999999999
0.63507
0.6326600000000002
0.6308700000000002
0.63372
0.63203
0.6330100000000001
0.6362600000000002
0.6338900000000001
0.6352300000000001
0.6314700000000001
0.63117
0.6328300000000003
0.63557
0.6334599999999999
0.6344300000000002
0.6327799999999999
0.6349400000000002
0.6323200000000002
0.6313700000000002
0.6361300000000003
0.63388
0.63223
0.63277
0.6334700000000002
0.6330999999999999
0.6341500000000001
0.6346400000000003
0.63336
0.6334000000000003
0.6314100000000001
0.6353300000000001
0.6336400000000001
0.6307699999999999
0.6305900000000001
0.6351300000000001
0.6360699999999998
0.6349199999999999
0.6331
0.6328100000000003
0.6304800000000003
0.6328599999999999
0.6339899999999998
0.6351399999999999
0.6312599999999999
0.6338
0.6340499999999999
0.6322400000000001
0.6328400000000002
0.63482
0.6361600000000004
0.6319600000000001
0.6337
0.63222
0.63384
0.6345200000000003
0.6328999999999998
0.6314800000000002
0.6327200000000002
0.6331100000000002
0.6338200000000005
0.6312600000000002
0.63191
0.6339200000000002
0.6356600000000001
0.63248
0.6327300000000002
0.6319599999999999
0.6336800000000001
0.6304800000000003
0.63342
0.6316400000000002
0.6351300000000005
0.63285
0.6312499999999998
0.6340400000000003
0.6350500000000001
0.6337000000000003
0.63225
0.6351500000000001
0.6332800000000004
0.6325800000000003
0.63582
0.6321700000000001
0.6332000000000001
0.6333700000000002
0.6324899999999998
0.6317300000000006
0.6345300000000003
0.6334700000000002
0.6316000000000003
0.63153
0.6319100000000004
0.6324000000000001
0.6347200000000002
0.6310100000000002
0.6349100000000001
0.63294
0.6352600000000002
0.63297
0.6312800000000002
0.6334700000000002
0.635
0.6317100000000001
0.6339999999999999
0.6321800000000001
0.6326400000000002
0.6353600000000003
0.63382
0.6336599999999999
0.6342599999999998
0.6325599999999999
0.6331700000000001
0.6347400000000001
0.6343300000000003
0.6316200000000004
0.63405
0.6348600000000001
0.63404
0.6330700000000002
0.63187
0.6319500000000003
0.6325500000000001
0.63394
0.63414
0.6342400000000006
0.63343
0.6336899999999999
0.6348499999999999
0.6359100000000002
0.6320800000000002
0.63122
0.6341500000000002
0.6334500000000002
0.63152
0.6307200000000003
0.6341900000000003
0.6328200000000002
0.6307300000000001
0.6306699999999998
0.63792
0.6301299999999999
0.63201
0.6360100000000003
0.6324800000000004
0.6337400000000004
0.6344100000000001
0.6311199999999999
0.63503
0.6338100000000003
0.6334600000000001
0.6348200000000002
0.6323000000000001
0.6371999999999999
0.63216
0.6338900000000002
0.6342800000000001
0.63385
0.6328300000000002
0.6348699999999998
0.6334600000000001
0.6342700000000001
0.6315900000000001
0.6360800000000002
0.6316899999999999
0.6356600000000001
0.63158
0.6330199999999999
0.6347600000000003
0.6345900000000002
0.6347600000000001
0.6324000000000002
0.63399
0.6339300000000003
0.6349500000000002
0.6318200000000003
0.6334499999999998
0.6353200000000002
0.6316200000000001
0.63467
0.6329100000000003
0.6339800000000002
0.6336800000000002
0.6322000000000001
0.6336800000000001
0.6311800000000001
0.6327400000000002
0.6331699999999999
0.6320100000000002
0.6339300000000001
0.6338700000000003
0.6330500000000003
0.6309400000000003
0.6352200000000003
0.6317700000000002
0.63106
0.6362500000000003
0.6311299999999997
0.6331500000000001
0.63296
0.6326299999999999
0.6340600000000002
0.63492
0.6336000000000002
0.6336900000000001
0.63305
0.6336900000000002
0.6323400000000003
0.6331400000000003
0.6334100000000003
0.6328800000000003
0.6323
0.6341900000000001
0.6313200000000002
0.6327900000000004
0.6317500000000003
0.6320900000000003
0.6315900000000001
0.6328700000000002
0.6319400000000003
0.6342100000000002
0.6330200000000002
0.6303000000000001
0.6329999999999998
0.6353999999999997
0.6325999999999999
0.63341
0.63203
0.6346800000000001
0.63351
0.63242
0.6345800000000003
0.6329
0.63166
0.6324700000000001
0.6344700000000001
0.6336499999999999
0.6365700000000002
0.6303900000000001
0.6339499999999998
0.6349600000000002
0.63387
0.63323
0.6343900000000001
0.6309100000000002
0.6309999999999999
0.6326999999999999
0.63354
0.6337300000000005
0.6324499999999998
0.6314700000000002
0.6325600000000003
0.6323300000000001
0.63532
0.6310600000000001
0.63494
0.6337100000000003
0.6350200000000001
0.6313400000000001
0.6352700000000002
0.63188
0.6343699999999999
0.63337
0.6328299999999999
0.6357400000000001
0.6312700000000003
0.6343699999999998
0.6319699999999999
0.6357300000000001
0.6353300000000001
0.6334199999999999
0.6326100000000001
0.6320600000000002
0.6346900000000002
0.6336600000000002
0.6331899999999999
0.6318499999999999
0.6327200000000004
0.6352500000000003
0.6324599999999999
0.6335500000000001
0.63454
0.6326600000000003
0.6336100000000001
0.6332500000000003
0.63109
0.6341299999999999
0.6346700000000002
0.6331400000000003
0.63281
0.6334700000000002
0.6326300000000004
0.6344299999999999
0.6320100000000002
0.63257
0.6351100000000005
0.6329800000000001
0.63306
0.63485
0.6323400000000002
0.6316700000000002
0.6322599999999999
0.6349700000000003
0.6352700000000004
0.6325000000000002
0.6330300000000002
0.6353500000000003
0.6333100000000002
0.63416
0.6343900000000002
0.6317300000000001
0.63434
0.6329700000000001
0.6335700000000002
0.6322899999999999
0.6345299999999999
0.6347900000000002
0.631
0.6342500000000001
0.6319099999999999
0.63284
0.6312600000000002
0.6348000000000001
0.6304100000000001
0.633
0.6341700000000002
0.6332400000000002
0.6341200000000001
0.6343200000000004
0.6335600000000003
0.6318
0.6340700000000002
0.6328600000000002
0.6327100000000004
0.6339200000000003
0.63198
0.63264
0.6339
0.6329899999999999
0.63333
0.6331599999999998
0.63284
0.63305
0.6322799999999998
0.6332800000000001
0.6301599999999999
0.6358
0.6311200000000001
0.6322600000000002
0.6335999999999999
0.6363900000000003
0.6343200000000001
0.6334799999999998
0.6334400000000001
0.6316900000000002
0.6348600000000001
0.6330500000000001
0.6302400000000001
0.6333300000000002
0.6325299999999999
0.63388
0.63257
0.6348800000000004
0.6327800000000002
0.6318300000000001
0.6337200000000001
0.6328100000000001
0.6350800000000002
0.6345200000000001
0.63388
0.6329400000000001
0.6351100000000003
0.6343300000000002
0.6316299999999999
0.6347399999999999
0.6346099999999999
0.6322600000000003
0.6344900000000002
0.6313500000000003
0.6316200000000001
0.6323000000000002
0.6343400000000002
0.6326500000000002
