0.19999999999999962
0.40939999999999993
0.6045999999999999
0.6479999999999998
0.6507999999999996
0.6461999999999999
0.6485999999999998
0.6354
0.6559999999999999
0.6458000000000002
0.6633999999999998
0.6596000000000001
0.6535999999999998
0.6645999999999995
0.6496000000000001
0.6489999999999996
0.6452
0.6573999999999998
0.6510000000000001
0.6505999999999996
0.643
0.661
0.6501999999999998
0.6350000000000001
0.6563999999999998
0.6421999999999995
0.6505999999999997
0.6527999999999997
0.6445999999999998
0.6531999999999998
0.6495999999999998
0.6455999999999998
0.6521999999999996
0.6591999999999998
0.6545999999999998
0.6571999999999997
0.6663999999999999
0.6569999999999999
0.6533999999999996
0.6507999999999998
0.6463999999999999
0.6525999999999997
0.6541999999999998
0.6537999999999999
0.6512000000000002
0.6459999999999997
0.6532000000000001
0.6579999999999998
0.6594
0.6441999999999999
0.6475999999999997
0.6496
0.6583999999999994
0.6596
0.6443999999999995
0.6624000000000001
0.6515999999999997
0.6516
0.6638000000000001
0.6553999999999998
0.6561999999999999
0.6465999999999997
0.6521999999999997
0.6507999999999998
0.6579999999999998
0.6543999999999999
0.6499999999999999
0.662
0.6549999999999998
0.6459999999999998
0.6559999999999998
0.6523999999999998
0.6391999999999998
0.6474000000000001
0.6547999999999997
0.6513999999999999
0.6587999999999995
0.6611999999999998
0.6534
0.6460000000000001
0.6531999999999998
0.6497999999999999
0.6421999999999999
0.6653999999999998
0.6543999999999995
0.6466
0.6436
0.6385999999999998
0.6523999999999998
0.6518
0.6463999999999998
0.6479999999999997
0.6611999999999996
0.6571999999999999
0.6529999999999997
0.6533999999999999
0.6483999999999998
0.6427999999999995
0.6599999999999996
0.6447999999999999
0.6563999999999998
0.6569999999999997
0.653
0.6539999999999999
0.6416
0.6520000000000001
0.6571999999999997
0.6481999999999998
0.6525999999999997
0.6459999999999999
0.6499999999999999
0.6545999999999996
0.6431999999999997
0.6443999999999999
0.6466000000000001
0.6551999999999997
0.6452
0.6571999999999999
0.6629999999999998
0.6507999999999996
0.6487999999999998
0.6552000000000001
0.6631999999999998
0.6446000000000001
0.6537999999999998
0.6447999999999996
0.6534000000000003
0.6437999999999998
0.6506000000000001
0.6577999999999998
0.6455999999999998
0.6559999999999997
0.6648
0.6461999999999997
0.6501999999999997
0.6503999999999996
0.6503999999999998
0.6565999999999995
0.6495999999999998
0.6463999999999999
0.6517999999999998
0.6572
0.6631999999999999
0.6399999999999997
0.6459999999999997
0.6529999999999998
0.6564
0.6519999999999999
0.6481999999999998
0.6281999999999998
0.6604000000000001
0.6476
0.6368000000000003
0.6464
0.6481999999999997
0.6365999999999997
0.6419999999999999
0.6448
0.6489999999999999
0.6573999999999997
0.6569999999999997
0.6611999999999995
0.6494000000000001
0.6526
0.6533999999999998
0.6522
0.6459999999999999
0.6539999999999999
0.6641999999999999
0.6506000000000001
0.6457999999999997
0.6495999999999998
0.6519999999999999
0.6481999999999997
0.6534
0.6544
0.6429999999999998
0.6601999999999998
0.6484000000000002
0.6457999999999999
0.6533999999999999
0.6373999999999999
0.6566
0.6444
0.6337999999999998
0.6450000000000001
0.66
0.6567999999999999
0.6565999999999999
0.6395999999999998
0.6561999999999998
0.6511999999999999
0.6429999999999996
0.6501999999999998
0.6511999999999999
0.6553999999999999
0.6345999999999999
0.6565999999999999
0.6653999999999998
0.6505999999999997
0.6619999999999999
0.6603999999999995
0.6514
0.6480000000000001
0.6446
0.6459999999999997
0.6451999999999997
0.6486
0.6559999999999997
0.6395999999999998
0.6530000000000001
0.6531999999999999
0.6511999999999998
0.6513999999999999
0.6586000000000003
0.6557999999999999
0.6549999999999997
0.6581999999999999
0.6469999999999998
0.6623999999999998
0.6491999999999999
0.6571999999999999
0.6596
0.6567999999999996
0.6497999999999996
0.6641999999999999
0.6597999999999997
0.653
0.6594
0.6585999999999999
0.6431999999999999
0.6556000000000002
0.6501999999999998
0.6497999999999997
0.6514
0.6454
0.6491999999999999
0.6460000000000001
0.6535999999999998
0.6417999999999998
0.6453999999999998
0.6523999999999998
0.6531999999999998
0.6515999999999998
0.6461999999999999
0.6457999999999999
0.6639999999999999
0.6599999999999997
0.6535999999999997
0.6527999999999998
0.6497999999999997
0.6623999999999997
0.6623999999999997
0.6619999999999996
0.6477999999999998
0.6546
0.6467999999999996
0.6412
0.6599999999999998
0.6371999999999997
0.6424
0.6597999999999999
0.6424
0.6420000000000001
0.6455999999999996
0.6555999999999996
0.6455999999999998
0.6641999999999999
0.6439999999999998
0.6487999999999998
0.6433999999999997
0.6423999999999996
0.6429999999999998
0.6452
0.6505999999999998
0.6596
0.6521999999999996
0.6593999999999999
0.6512000000000002
0.6483999999999998
0.6629999999999998
0.6572
0.6431999999999999
0.6567999999999998
0.6516000000000003
0.6449999999999999
0.6447999999999999
0.6483999999999998
0.6608000000000002
0.645
0.6485999999999997
0.6566
0.6492
0.6485999999999997
0.6469999999999998
0.6517999999999998
0.6521999999999997
0.6537999999999998
0.6545999999999996
0.6487999999999998
0.6563999999999998
0.6525999999999996
0.6481999999999997
0.6419999999999998
0.6565999999999999
0.6521999999999999
0.6456000000000001
0.6423999999999999
0.6579999999999998
0.6437999999999998
0.6485999999999996
0.6404
0.6511999999999998
0.6519999999999997
0.6542
0.6500000000000001
0.6407999999999998
0.6476
0.6502000000000001
0.6329999999999999
0.6458000000000002
0.6486
0.6531999999999997
0.6481999999999999
0.6493999999999996
0.6456000000000001
0.6509999999999997
0.6544000000000001
0.6510000000000001
0.6575999999999997
0.6476000000000001
0.6465999999999995
0.6541999999999999
0.6457999999999999
0.6514
0.6461999999999998
0.6517999999999999
0.6560000000000001
0.6555999999999998
0.6601999999999998
0.6540000000000002
0.6407999999999998
0.6446
0.6476
0.6569999999999999
0.6505999999999997
0.6459999999999997
0.6517999999999996
0.6481999999999998
0.6533999999999998
0.6671999999999997
0.6563999999999998
0.6506000000000001
0.6547999999999999
0.6546
0.6499999999999997
0.6548
0.6544
0.6591999999999998
0.6451999999999998
0.6585999999999999
0.6465999999999995
0.6434000000000001
0.6461999999999999
0.6439999999999999
0.6552
0.6529999999999998
0.6437999999999998
0.6397999999999998
0.6393999999999997
0.6467999999999998
0.6625999999999997
0.6461999999999998
0.6658
0.654
0.6493999999999999
0.6467999999999999
0.6452000000000001
0.653
0.6479999999999997
0.6522
0.6433999999999997
0.6484000000000002
0.6410000000000002
0.6585999999999995
0.6442
0.6433999999999997
0.6509999999999995
0.6469999999999996
0.65
0.6537999999999995
0.6518000000000002
0.6545999999999998
0.6588000000000003
0.6383999999999999
0.652
0.6489999999999996
0.6421999999999997
0.6463999999999999
0.6379999999999997
0.6655999999999999
0.6539999999999998
0.6511999999999999
0.6445999999999998
0.6471999999999999
0.6502
0.6513999999999998
0.6437999999999999
0.6501999999999997
0.6463999999999999
0.6613999999999995
0.6429999999999998
0.6409999999999998
0.6587999999999998
0.652
0.6569999999999999
0.6483999999999998
0.6537999999999997
0.6475999999999997
0.6436
0.6607999999999999
0.6521999999999999
0.6535999999999998
0.6561999999999995
0.6567999999999999
0.6581999999999998
0.6627999999999998
0.6453999999999996
0.6445999999999996
0.6538000000000003
0.6506000000000001
0.6573999999999998
0.6437999999999998
0.6541999999999998
0.6579999999999997
0.6559999999999999
0.6563999999999998
0.6449999999999996
0.6456000000000001
0.6531999999999999
0.6551999999999998
0.6559999999999999
0.6461999999999998
0.6533999999999998
0.6615999999999996
0.6551999999999996
0.6535999999999997
0.6489999999999999
0.6497999999999999
0.6586
0.6423999999999996
0.6536
0.6459999999999997
0.6521999999999997
0.6567999999999996
0.6363999999999997
0.6492
0.6559999999999998
0.6543999999999996
0.6403999999999997
0.6557999999999999
0.6433999999999999
0.6491999999999998
0.6355999999999997
0.6545999999999996
0.6669999999999997
0.6561999999999998
0.6509999999999999
0.6451999999999998
0.6562
0.6481999999999999
0.6519999999999999
0.6477999999999996
0.6484000000000001
0.6537999999999999
0.6546000000000001
0.6517999999999995
0.6457999999999998
0.6533999999999998
0.6459999999999997
0.6474000000000002
0.6506000000000001
0.6546000000000002
0.6563999999999999
0.6467999999999999
0.6425999999999996
0.6554000000000001
0.6671999999999996
0.6517999999999999
0.6436
0.6643999999999999
0.6552000000000001
0.6491999999999998
0.6539999999999998
0.6584000000000003
0.6479999999999996
0.6535999999999997
0.6513999999999999
0.6625999999999997
0.6417999999999999
0.6517999999999998
0.6539999999999998
0.6569999999999997
0.6607999999999997
0.6527999999999997
0.6496
0.6507999999999998
0.6633999999999999
0.6489999999999996
0.6432000000000001
0.648
0.6527999999999998
0.6552
0.6557999999999996
0.6460000000000001
0.6515999999999998
0.6522
0.6449999999999997
0.662
0.6583999999999998
0.6556000000000001
0.6439999999999998
0.6561999999999995
0.6443999999999996
0.6543999999999999
0.6598
0.6478
0.6503999999999999
0.6594
0.6613999999999998
0.6475999999999997
0.6524000000000001
0.6503999999999998
0.6603999999999998
0.657
0.6578
0.6467999999999996
0.6556000000000001
0.6526000000000001
0.6507999999999999
0.6469999999999998
0.6631999999999998
0.6467999999999999
0.6459999999999997
0.6541999999999998
0.6529999999999998
0.6507999999999997
0.6487999999999998
0.6499999999999999
0.6522
0.6521999999999997
0.6513999999999998
0.6451999999999997
0.6571999999999999
0.6463999999999995
0.6471999999999999
0.6519999999999997
0.6502
0.6555999999999996
0.6513999999999998
0.6514000000000002
0.6507999999999998
0.6547999999999996
0.6409999999999998
0.6491999999999996
0.6550000000000002
0.6375999999999997
0.6499999999999997
0.6528000000000003
0.6408
0.6397999999999996
0.6479999999999997
0.6517999999999999
0.6439999999999998
0.6447999999999999
0.6677999999999996
0.6491999999999996
0.6389999999999998
0.6553999999999998
0.6519999999999996
0.6388000000000001
0.6419999999999999
0.6433999999999999
0.6517999999999999
0.6417999999999998
0.6645999999999996
0.6463999999999998
0.6541999999999998
0.6608000000000002
0.6572000000000001
0.6521999999999999
0.6465999999999997
0.6417999999999998
0.6606000000000001
0.6543999999999999
0.6445999999999998
0.6529999999999996
0.6533999999999998
0.6466
0.6457999999999996
0.6437999999999999
0.6553999999999999
0.6481999999999997
0.6494
0.6546000000000001
0.6555999999999997
0.6431999999999999
0.6452
0.6489999999999998
0.6549999999999998
0.6499999999999999
0.6551999999999998
0.6501999999999997
0.6594
0.6603999999999995
0.6499999999999997
0.6419999999999998
0.6513999999999998
0.6497999999999995
0.6541999999999998
0.6451999999999998
0.6501999999999998
0.6526
0.6549999999999997
0.6559999999999998
0.6533999999999998
0.6483999999999999
0.6566
0.6406000000000001
0.6533999999999996
0.6491999999999998
0.6465999999999998
0.6381999999999998
0.6485999999999997
0.6592
0.6585999999999999
0.6468
0.6585999999999995
0.6394
0.6552000000000001
0.6463999999999999
0.6437999999999997
0.6605999999999999
0.6489999999999999
0.6461999999999997
0.6539999999999998
0.6464000000000002
0.6632000000000002
0.6391999999999994
0.6535999999999995
0.6589999999999995
0.6537999999999997
0.6371999999999999
0.6631999999999998
0.6613999999999998
0.6553999999999996
0.6453999999999995
0.6562000000000002
0.6497999999999997
0.6452
0.6465999999999995
0.6521999999999999
0.6497999999999996
0.6471999999999999
0.6441999999999998
0.6513999999999999
0.6529999999999998
0.6529999999999998
0.6451999999999996
0.6527999999999997
0.6523999999999998
0.6401999999999998
0.6535999999999998
0.6528000000000002
0.6553999999999999
0.6509999999999997
0.6494000000000001
0.6509999999999998
0.6537999999999997
0.6564
0.6517999999999999
0.6514000000000002
0.6572
0.6557999999999998
0.6595999999999997
0.6497999999999999
0.6524
0.6413999999999999
0.6548000000000002
0.6502000000000001
0.6493999999999995
0.6495999999999996
0.6558000000000002
0.6401999999999998
0.6544000000000001
0.6444
0.6481999999999999
0.6520000000000001
0.6497999999999997
0.6505999999999997
0.6449999999999997
0.6297999999999999
0.6557999999999998
0.6536
0.6596
0.6569999999999997
0.65
0.6425999999999997
0.6481999999999998
0.6462
0.6503999999999995
0.6513999999999998
0.6461999999999998
0.6679999999999996
0.6652
0.66
0.6497999999999997
0.6523999999999998
0.6549999999999997
0.645
0.6417999999999995
0.6579999999999996
0.6541999999999999
0.6451999999999998
0.6415999999999997
0.6501999999999996
0.6409999999999999
0.6367999999999999
0.6534
0.6575999999999997
0.6517999999999998
0.6509999999999998
0.6535999999999998
0.6544
0.6443999999999999
0.6562
0.6623999999999998
0.6512
0.6435999999999998
0.6552
0.6527999999999998
0.6543999999999996
0.6525999999999996
0.6615999999999999
0.6493999999999999
0.6449999999999997
0.6545999999999998
0.6467999999999999
0.6419999999999998
0.6513999999999995
0.6585999999999997
0.6575999999999997
0.6441999999999999
0.6553999999999999
0.6457999999999998
0.6537999999999998
0.6607999999999994
0.6507999999999999
0.6509999999999997
0.6409999999999997
0.6519999999999999
0.6614000000000001
0.6528
0.6432000000000001
0.6529999999999997
0.6509999999999999
0.6531999999999998
0.6491999999999998
0.6603999999999997
0.6498
0.6476
0.6407999999999996
0.6501999999999997
0.65
0.6555999999999996
0.6561999999999999
0.6526000000000001
0.6531999999999996
0.6533999999999996
0.6465999999999998
0.6515999999999997
0.6531999999999999
0.6557999999999997
0.6457999999999998
0.6574000000000001
0.6547999999999999
0.6459999999999999
0.6492
0.6476000000000002
0.6474
0.6525999999999997
0.6529999999999998
0.6591999999999999
0.6564
0.6535999999999997
0.6508000000000002
0.6636000000000002
0.6503999999999996
0.6529999999999997
0.6568
0.6539999999999998
0.6524
0.6437999999999999
0.6519999999999996
0.6577999999999998
0.6445999999999995
0.6514
0.6661999999999996
0.6427999999999996
0.6574
0.6533999999999998
0.6477999999999997
0.6437999999999998
0.6377999999999996
0.6399999999999997
0.6529999999999997
0.6461999999999999
0.6533999999999999
0.6596
0.6487999999999999
0.6515999999999995
0.6497999999999999
0.6494000000000001
0.6413999999999999
0.6481999999999997
0.6573999999999998
0.655
0.6497999999999999
0.6554000000000001
0.6463999999999995
0.6447999999999997
0.6585999999999999
0.6573999999999994
0.6453999999999998
0.6509999999999998
0.6502
0.6549999999999998
0.6672
0.6419999999999999
0.6511999999999998
0.6603999999999999
0.6481999999999999
0.6367999999999999
0.6423999999999999
0.6443999999999995
0.6616
0.6461999999999998
0.6582000000000001
0.6459999999999998
0.6502
0.6389999999999998
0.6417999999999998
0.6576
0.6487999999999999
0.6589999999999996
0.6493999999999996
0.6489999999999998
0.6549999999999997
0.6481999999999997
0.6512
0.6557999999999999
0.6566
0.6561999999999998
0.6507999999999996
0.6485999999999997
0.6473999999999998
0.6572000000000002
0.6519999999999999
0.6479999999999997
0.6453999999999998
0.6447999999999999
0.6596
0.6419999999999999
0.6485999999999997
0.6499999999999992
0.6433999999999999
0.6439999999999997
0.6513999999999999
0.6457999999999996
0.6557999999999996
0.6541999999999998
0.6439999999999999
0.6289999999999998
0.6499999999999999
0.6515999999999997
0.6581999999999998
0.6497999999999997
0.6506000000000001
0.6493999999999999
0.6413999999999999
0.6531999999999997
0.6529999999999998
0.6567999999999998
0.6591999999999999
0.6505999999999996
0.6515999999999997
0.6419999999999999
0.6479999999999998
0.6501999999999996
0.6414000000000002
0.6481999999999997
0.6429999999999998
0.6609999999999999
0.6452000000000001
0.6509999999999998
0.6507999999999996
0.6472
0.6405999999999998
0.6499999999999999
0.6523999999999998
0.6342
0.6443999999999999
0.6485999999999994
0.6595999999999997
0.6613999999999999
0.6419999999999998
0.6476
0.6567999999999998
0.6374000000000001
0.6445999999999998
0.6591999999999998
0.6461999999999998
0.6584
0.6566
0.6545999999999996
0.6475999999999997
0.6429999999999998
0.647
0.6645999999999995
0.6476
0.6519999999999999
0.6543999999999999
0.6531999999999998
0.6507999999999998
0.6537999999999999
0.6513999999999995
0.6554000000000002
0.6507999999999999
0.6633999999999998
0.6591999999999998
0.6462
0.6524
0.6501999999999998
0.6517999999999996
0.6501999999999998
0.6485999999999998
0.6529999999999998
0.6493999999999995
0.6455999999999996
0.6579999999999996
0.6505999999999996
0.6479999999999998
0.647
0.6472
0.6516
0.6588
0.6560000000000002
0.6425999999999996
0.648
0.6526000000000001
0.6465999999999997
0.6535999999999997
0.6531999999999998
0.6522
0.6483999999999999
0.6497999999999999
0.6501999999999996
0.6529999999999997
0.6409999999999993
0.6528
0.6617999999999999
0.6479999999999996
0.6593999999999997
0.6495999999999998
0.6529999999999998
0.6494
0.6467999999999998
0.6409999999999997
0.6589999999999999
0.6418
0.6479999999999998
0.6489999999999998
0.6696000000000001
0.6497999999999999
0.6401999999999998
0.6477999999999998
0.6575999999999997
0.655
0.6623999999999997
0.6614
0.6537999999999999
0.6471999999999997
0.6457999999999998
0.6507999999999997
0.6506000000000001
0.6531999999999997
0.6513999999999998
0.6589999999999996
0.6576
0.6447999999999997
