0.19999999999999962
0.3244599999999999
0.46607000000000004
0.60401
0.7090799999999997
0.7738600000000004
0.80866
0.8261199999999999
0.83449
0.8380199999999998
0.8424299999999999
0.8422699999999995
0.8414799999999997
0.8415499999999996
0.8438799999999995
0.8431399999999997
0.84324
0.8428199999999997
0.8434899999999995
0.8417899999999996
0.8449499999999994
0.8443699999999997
0.84271
0.8419800000000001
0.8429799999999998
0.8432699999999993
0.8440399999999997
0.8432899999999998
0.8415299999999994
0.8434899999999997
0.8450799999999997
0.8434399999999997
0.8431499999999998
0.8442799999999994
0.84525
0.8465299999999994
0.8449999999999998
0.8440599999999996
0.8432899999999995
0.8448699999999996
0.84604
0.8450099999999998
0.8446199999999996
0.8441199999999995
0.84425
0.8445599999999994
0.8439799999999997
0.8457299999999993
0.8450099999999998
0.8457799999999996
0.8428399999999998
0.8436699999999999
0.8437699999999996
0.8437699999999992
0.8442399999999998
0.8427599999999995
0.8435000000000001
0.8450199999999995
0.8453499999999999
0.8437399999999995
0.8423599999999998
0.8444499999999998
0.8426199999999996
0.844799999999999
0.8452799999999996
0.8456099999999998
0.8437399999999997
0.8434799999999997
0.8433499999999998
0.8440499999999994
0.8434899999999995
0.8454600000000001
0.8429799999999998
0.8451299999999996
0.8444999999999999
0.8426099999999996
0.8431599999999997
0.8421599999999997
0.8444399999999999
0.8436199999999997
0.8419999999999994
0.8445199999999996
0.8433999999999996
0.8418599999999998
0.8418499999999995
0.8424100000000001
0.8431899999999998
0.8443600000000001
0.8447399999999999
0.8448899999999996
0.8450299999999996
0.8437399999999994
0.8442999999999994
0.8464800000000002
0.8460899999999997
0.8444899999999993
0.8431499999999994
0.8432100000000001
0.8439399999999996
0.8430299999999997
0.84379
0.8436899999999997
0.8449699999999994
0.8469599999999993
0.8449499999999992
0.8440599999999994
0.8436099999999997
0.8445999999999997
0.8442899999999995
0.8440499999999996
0.84461
0.8441999999999996
0.8431499999999994
0.8418599999999998
0.8441899999999998
0.8455299999999992
0.8455099999999994
0.84537
0.8424999999999997
0.8430700000000002
0.8432300000000003
0.8448999999999998
0.8431999999999995
0.8425399999999997
0.8455899999999994
0.8438599999999995
0.8439499999999999
0.8429499999999998
0.8420499999999999
0.8442399999999998
0.8446399999999997
0.8447199999999994
0.8448899999999995
0.8428199999999993
0.8441200000000001
0.8469799999999995
0.8459400000000001
0.8456299999999994
0.8439699999999993
0.8427099999999996
0.8448699999999998
0.8437899999999998
0.8454199999999998
0.8463899999999999
0.8427299999999999
0.8439099999999997
0.8444499999999994
0.8438099999999998
0.8437199999999995
0.84369
0.8435299999999998
0.8436899999999997
0.8433499999999994
0.8442399999999997
0.8457399999999997
0.8433699999999997
0.8426999999999998
0.8435799999999997
0.84589
0.8451399999999996
0.8457800000000003
0.8445900000000001
0.8447899999999996
0.8453199999999995
0.8434799999999997
0.8431299999999997
0.8436799999999998
0.84364
0.8446199999999996
0.8448699999999996
0.8438799999999995
0.8444600000000001
0.8432
0.8412299999999995
0.8422699999999996
0.8428699999999997
0.8439099999999996
0.8437399999999995
0.8438799999999997
0.8442499999999998
0.8432799999999997
0.8449099999999994
0.8441
0.8445599999999996
0.8444699999999996
0.84591
0.8457799999999996
0.8456999999999993
0.8447799999999996
0.8438599999999995
0.8458999999999993
0.8440999999999996
0.8435999999999996
0.8459999999999991
0.8456599999999996
0.8468399999999998
0.8453599999999996
0.8435100000000003
0.8444799999999993
0.8446899999999996
0.8451599999999994
0.8449299999999996
0.8447099999999997
0.8455899999999997
0.84301
0.8433699999999997
0.8445099999999996
0.8435999999999999
0.8416499999999998
0.8433399999999994
0.8440099999999997
0.8451299999999996
0.8453299999999997
0.8438999999999994
0.8449699999999997
0.8451399999999993
0.8435599999999994
0.8438899999999997
0.8457399999999997
0.8435499999999998
0.8436299999999997
0.8447299999999999
0.8441699999999996
0.8449099999999996
0.8426599999999996
0.8453399999999996
0.8452399999999995
0.8449999999999994
0.8454699999999994
0.8443699999999995
0.8441200000000002
0.8455800000000001
0.8457299999999996
0.8457399999999998
0.8456399999999994
0.8466599999999995
0.8450700000000002
0.8450399999999999
0.8445499999999998
0.8452199999999996
0.84493
0.8425700000000002
0.8443599999999997
0.8445699999999999
0.8421699999999998
0.8419699999999998
0.8423899999999992
0.8433199999999994
0.8441899999999996
0.8443199999999994
0.8463299999999994
0.8453899999999996
0.8457999999999996
0.8477699999999997
0.8471699999999998
0.8456599999999997
0.8453599999999998
0.8445999999999992
0.8446099999999995
0.8444799999999995
0.8456999999999992
0.84529
0.8430499999999997
0.8432199999999994
0.84447
0.8441199999999999
0.8433299999999997
0.8444399999999996
0.844289999999999
0.8440599999999998
0.8434199999999993
0.8437499999999999
0.8447599999999995
0.8427499999999988
0.8452399999999999
0.8431399999999997
0.8446299999999998
0.8424999999999998
0.8444099999999994
0.8440599999999994
0.8469599999999992
0.8450399999999996
0.8438399999999996
0.8441199999999995
0.8427899999999993
0.84193
0.8439999999999998
0.8430199999999993
0.8438099999999996
0.8433399999999998
0.8443399999999999
0.8428899999999999
0.8439299999999994
0.8438999999999993
0.8427899999999998
0.8439099999999996
0.8465399999999996
0.8458499999999998
0.8448199999999996
0.8442899999999999
0.8441299999999999
0.8461299999999996
0.8451699999999996
0.8452299999999997
0.8432999999999999
0.8436799999999998
0.8433599999999997
0.8445899999999993
0.8448099999999996
0.84321
0.8434899999999997
0.8449199999999998
0.84276
0.8433499999999999
0.8444799999999997
0.8461699999999996
0.8468699999999996
0.8465699999999995
0.84403
0.8451199999999995
0.8443399999999995
0.8461899999999997
0.8447699999999996
0.8427999999999998
0.8433099999999996
0.8441499999999996
0.8422299999999996
0.8427999999999995
0.8421099999999996
0.8431599999999996
0.8444399999999994
0.8435199999999996
0.8449499999999999
0.8460899999999997
0.8430599999999993
0.8437499999999997
0.8451699999999994
0.8448599999999993
0.8432599999999993
0.8413699999999994
0.8420099999999998
0.84273
0.8435299999999996
0.8446499999999998
0.8445199999999996
0.8424399999999999
0.8424699999999996
0.8442399999999992
0.8445099999999995
0.8436399999999992
0.8449699999999994
0.8453500000000002
0.8421099999999997
0.8417299999999996
0.8430799999999998
0.8444699999999996
0.8462499999999998
0.8450299999999998
0.8450899999999993
0.8456899999999993
0.84447
0.8456199999999997
0.8434800000000001
0.8441499999999996
0.84247
0.8436399999999997
0.8435599999999996
0.8437699999999997
0.8453799999999997
0.8456499999999997
0.8439799999999997
0.8425999999999993
0.8419899999999996
0.8419199999999998
0.8450500000000001
0.8440999999999996
0.8427699999999995
0.8429799999999997
0.8434699999999996
0.8441099999999999
0.8417899999999996
0.8436499999999993
0.8426299999999999
0.8444800000000001
0.8445099999999993
0.8430199999999995
0.8431399999999996
0.8445199999999998
0.8455199999999996
0.846379999999999
0.8452799999999998
0.8453799999999996
0.8448199999999995
0.8426999999999996
0.8431700000000002
0.8448099999999998
0.8442899999999994
0.8450099999999995
0.8455399999999998
0.8443699999999995
0.8437699999999998
0.8432099999999998
0.8439699999999997
0.8429099999999998
0.8404800000000001
0.8416799999999993
0.8436199999999999
0.8435899999999995
0.8425499999999999
0.8437499999999997
0.8434599999999998
0.8417899999999993
0.8428999999999999
0.8435999999999995
0.8453399999999996
0.8425399999999995
0.8436699999999996
0.8420299999999997
0.8434199999999994
0.8408599999999998
0.8423199999999997
0.8429399999999996
0.8412499999999997
0.84179
0.8431800000000002
0.8441299999999994
0.8447899999999994
0.8444799999999998
0.8442599999999996
0.8441799999999999
0.8443899999999996
0.8439899999999995
0.842619999999999
0.8445199999999997
0.8458499999999995
0.8453499999999999
0.8434299999999995
0.8445499999999998
0.8444599999999994
0.8416599999999995
0.8445899999999997
0.8428299999999999
0.8434899999999997
0.8438399999999995
0.84441
0.8426299999999999
0.8439399999999999
0.8442399999999999
0.8438099999999994
0.8441100000000005
0.8428300000000004
0.8419599999999998
0.8434999999999995
0.8430599999999998
0.8432099999999998
0.8429699999999997
0.8448299999999995
0.8464699999999996
0.8447199999999991
0.8453099999999998
0.8467099999999994
0.8454499999999997
0.8449399999999997
0.8462099999999998
0.8437999999999997
0.8437999999999997
0.8444099999999993
0.8452099999999999
0.8445399999999996
0.8426599999999992
0.8441399999999998
0.8454499999999995
0.84478
0.8452299999999998
0.8453199999999996
0.84518
0.8444599999999994
0.8442799999999994
0.8445999999999999
0.8437199999999998
0.8439899999999996
0.8433499999999999
0.84333
0.8433099999999996
0.8426099999999999
0.8439999999999995
0.8444399999999999
0.8438199999999999
0.8435100000000003
0.8446299999999998
0.84356
0.8431399999999998
0.8428500000000001
0.8429699999999992
0.8439099999999995
0.8422699999999999
0.8431899999999998
0.8437599999999993
0.8447999999999999
0.8461599999999998
0.8450199999999997
0.84498
0.8438999999999998
0.8444599999999994
0.8449899999999999
0.8439399999999999
0.8438599999999998
0.8429199999999996
0.8445399999999996
0.8446199999999996
0.8446500000000001
0.8442499999999998
0.8434499999999998
0.8439099999999996
0.8453599999999998
0.8432199999999997
0.8429099999999998
0.8432599999999999
0.8427299999999994
0.8437499999999996
0.8426399999999998
0.8434999999999999
0.8446999999999997
0.8433599999999997
0.84393
0.8438399999999998
0.84425
0.8422899999999994
0.8429899999999997
0.8432899999999995
0.8438199999999995
0.8431600000000004
0.84148
0.8432999999999998
0.8435299999999996
0.84437
0.8450799999999997
0.8447699999999998
0.8437099999999996
0.8445100000000001
0.8430899999999997
0.8448699999999997
0.8442199999999995
0.84282
0.84294
0.8451099999999994
0.8439499999999996
0.8450399999999993
0.8438800000000001
0.8462099999999997
0.846549999999999
0.8452099999999999
0.8445799999999997
0.8460499999999996
0.8458899999999997
0.8442499999999995
0.8432999999999998
0.8426199999999996
0.8440599999999996
0.8440799999999993
0.84437
0.84375
0.8439200000000001
0.8450599999999993
0.84315
0.8453899999999996
0.8449899999999997
0.8443999999999999
0.8436599999999997
0.8454299999999995
0.844699999999999
0.8444599999999999
0.8432899999999995
0.8439899999999996
0.8437700000000001
0.8456699999999998
0.8462999999999998
0.8450199999999995
0.8450799999999994
0.8443599999999993
0.84536
0.8448299999999996
0.8448999999999994
0.8429899999999989
0.8443199999999998
0.8437899999999999
0.8442499999999992
0.8438599999999999
0.8441799999999995
0.8432999999999997
0.8436699999999994
0.8438999999999999
0.8439699999999994
0.8432099999999998
0.84316
0.8431599999999996
0.8449199999999993
0.8452799999999996
0.8439100000000002
0.8438299999999996
0.8449799999999993
0.8446300000000001
0.8443699999999997
0.8441799999999996
0.8428699999999997
0.8418599999999994
0.8421499999999997
0.8429899999999999
0.8439199999999996
0.8426299999999997
0.8434799999999999
0.8441099999999992
0.8437399999999997
0.8438299999999994
0.8438399999999997
0.8449399999999997
0.8429599999999995
0.8443499999999999
0.8441499999999994
0.8438099999999997
0.8429899999999997
0.8433099999999996
0.8449899999999999
0.8445499999999996
0.8444699999999993
0.8450599999999997
0.8435699999999998
0.8417499999999994
0.84149
0.8443499999999993
0.8440499999999994
0.8427899999999997
0.8405899999999994
0.8424099999999995
0.8426799999999995
0.8446899999999996
0.846009999999999
0.8426099999999996
0.8430399999999996
0.8439799999999998
0.8432099999999998
0.8430999999999996
0.8435199999999997
0.8419499999999998
0.8442899999999999
0.8444799999999998
0.8441299999999997
0.8420899999999995
0.8435299999999991
0.8426299999999997
0.8432699999999993
0.8450799999999995
0.84383
0.8438499999999998
0.8434099999999997
0.8437699999999998
0.8434799999999996
0.8442299999999995
0.8448599999999995
0.8431199999999996
0.8441599999999996
0.8435099999999995
0.8434099999999993
0.8436
0.8437499999999997
0.8452399999999999
0.8441799999999996
0.8445500000000001
0.8438599999999998
0.8423899999999995
0.843
0.8427399999999996
0.84632
0.8437399999999997
0.8438599999999999
0.8445699999999995
0.8437999999999997
0.842289999999999
0.8431799999999997
0.8436399999999997
0.8445899999999996
0.8444999999999996
0.8445899999999995
0.8457799999999998
0.8447399999999997
0.8467199999999997
0.8462299999999996
0.8452899999999995
0.8453799999999997
0.8452899999999995
0.8438699999999999
0.8439199999999996
0.8430199999999993
0.8441599999999996
0.8436
0.84152
0.8437
0.8449499999999996
0.8433199999999995
0.8431999999999996
0.8431399999999996
0.8441699999999996
0.8445799999999999
0.8451699999999992
0.8428600000000002
0.8444299999999997
0.8446399999999998
0.8424899999999993
0.8454099999999997
0.8451199999999993
0.8426599999999997
0.8428299999999993
0.8436599999999997
0.8435399999999994
0.8440299999999996
0.8445499999999998
0.8447199999999997
0.8450599999999996
0.8441900000000001
0.84307
0.8446799999999997
0.84485
0.8457899999999994
0.8446899999999994
0.8436099999999997
0.8462899999999998
0.8444099999999999
0.8434999999999998
0.8446600000000001
0.8447999999999998
0.8439299999999996
0.8432699999999995
0.8422799999999999
0.8457699999999998
0.8448199999999996
0.8420099999999995
0.8420499999999995
0.8439499999999996
0.8438599999999997
0.8428199999999993
0.8424699999999998
0.8425499999999999
0.8442099999999997
0.8437399999999997
0.8451299999999996
0.8432899999999995
0.8434799999999996
0.84286
0.8432299999999995
0.8432599999999995
0.8420299999999996
0.8426099999999996
0.8425799999999997
0.8440299999999994
0.8456499999999998
0.8446399999999996
0.8450199999999995
0.8436
0.8430299999999997
0.8421899999999997
0.8429899999999998
0.8432800000000001
0.8441999999999998
0.8430799999999998
0.8441899999999997
0.8448799999999997
0.8455199999999995
0.8452999999999996
0.8443199999999997
0.8441299999999997
0.8430899999999996
0.8435299999999998
0.8452399999999993
0.8443099999999996
0.8443299999999998
0.8463899999999996
0.8436300000000001
0.8423699999999996
0.8442299999999996
0.8444699999999997
0.8443599999999998
0.8431299999999995
0.8443699999999998
0.8442299999999995
0.8429499999999993
0.8414599999999995
0.8445699999999995
0.8435799999999999
0.8420899999999999
0.8446299999999997
0.8432299999999997
0.8434999999999997
0.8459499999999994
0.8458699999999996
0.8457899999999999
0.8444699999999993
0.8446899999999995
0.8455199999999996
0.8448999999999998
0.8460999999999999
0.8452399999999998
0.8467199999999998
0.8444099999999995
0.8437799999999995
0.8433199999999998
0.8430699999999995
0.8429399999999996
0.8436499999999997
0.8442399999999993
0.8438199999999993
0.8452599999999998
0.8435299999999997
0.8430399999999996
0.8430699999999998
0.8439599999999996
0.8444599999999994
0.8461399999999998
0.8449899999999996
0.8417999999999997
0.8419799999999995
0.8429499999999996
0.8439799999999995
0.8433899999999994
0.8442099999999998
0.8426399999999997
0.8432499999999997
0.8452399999999995
0.84458
0.8428699999999997
0.8423399999999998
0.8435199999999997
0.8450999999999993
0.8428899999999996
0.8439099999999997
0.8439699999999999
0.8442299999999996
0.8458000000000001
0.8445299999999999
0.8439399999999996
0.84451
0.8436399999999996
0.8437899999999996
0.8427900000000002
0.8422099999999992
0.8408699999999995
0.8433899999999998
0.8435700000000002
0.8427399999999997
0.8436599999999995
0.8436599999999999
0.8444199999999995
0.8432399999999999
0.8437399999999998
0.8449899999999998
0.8444599999999994
0.8425099999999996
0.84304
0.8448899999999995
0.8445499999999996
0.8445899999999995
0.8437199999999997
0.8416899999999995
0.8432599999999998
0.8443099999999997
0.8463599999999996
0.8460499999999997
0.8460399999999995
0.8445599999999992
0.8451899999999999
0.8444899999999994
0.8437599999999997
0.8429100000000002
0.8453299999999996
0.8429299999999992
0.8421699999999999
0.8429399999999998
0.8446500000000001
0.8427599999999994
0.8440699999999997
0.8438199999999998
0.8433599999999996
0.8433999999999996
0.8434499999999997
0.8430999999999998
0.8422599999999999
0.8431299999999996
0.8432599999999993
0.8443999999999994
0.84478
0.8436999999999999
0.8440399999999993
0.8438499999999998
0.84404
0.8411799999999993
0.8431300000000002
0.8441299999999995
0.8432299999999998
0.8441599999999994
0.8443199999999994
0.8422799999999994
0.8433399999999998
0.84508
0.8443899999999996
0.8428999999999999
0.8434999999999998
0.8437199999999997
0.8440399999999997
0.8444299999999998
0.8452899999999997
0.8469399999999991
0.8458199999999999
0.8450799999999998
0.8422499999999995
0.8429399999999994
0.8436300000000001
0.8442999999999994
0.8413799999999995
0.8434699999999999
0.8439399999999996
0.8431599999999997
0.8445899999999996
0.8436299999999997
0.8445499999999996
0.8419599999999999
0.84313
0.8452199999999993
0.8450399999999995
0.8440699999999999
0.8443399999999996
0.8448899999999996
0.8462100000000001
0.8458199999999994
0.8450099999999998
0.8445100000000001
0.8457299999999996
0.8451199999999995
0.8456299999999999
0.8437199999999991
0.8459899999999998
0.8452399999999994
0.8447799999999995
0.8470099999999999
0.8451100000000001
0.8452299999999999
0.8456599999999994
0.8457399999999996
0.8445899999999998
0.8446399999999994
0.8440299999999992
0.8435799999999994
0.8421399999999999
0.8444799999999998
0.8442400000000001
0.8431499999999997
0.8449399999999995
0.8435499999999998
0.8431799999999997
0.8453199999999994
0.8446199999999994
0.8443899999999995
0.8434299999999998
0.8446399999999996
0.8421299999999999
0.8423699999999995
0.8427199999999998
0.8438200000000002
0.8450799999999993
0.8444900000000001
0.8428199999999998
0.8441399999999996
0.8409599999999995
0.84155
0.8435399999999995
0.8434199999999998
0.8435899999999994
0.8411399999999997
0.8437699999999996
0.8446399999999997
0.8445999999999997
0.8443999999999997
0.8440799999999996
0.8437599999999997
0.8443399999999995
0.8419299999999995
0.8445399999999995
0.8457499999999996
0.8448099999999998
0.8446699999999998
0.8433099999999998
0.8423799999999995
0.8432799999999997
0.8451099999999997
0.8457199999999999
0.8448199999999995
0.8454100000000001
0.84569
0.8455599999999994
0.8422499999999998
0.8426599999999997
0.8444199999999996
