0.19999999999999962
0.2535800000000001
0.30920000000000003
0.3683199999999999
0.42617000000000005
0.4829
0.5337099999999998
0.57528
0.61392
0.6418799999999999
0.6634000000000002
0.68021
0.6943399999999998
0.7064199999999999
0.7132100000000001
0.7165999999999996
0.7209300000000001
0.7239599999999998
0.7269200000000002
0.7317299999999999
0.7324899999999999
0.7329600000000001
0.7321999999999995
0.7346199999999999
0.7342299999999998
0.7339199999999996
0.7350099999999994
0.7336699999999999
0.73505
0.7330799999999997
0.7341699999999995
0.7342099999999999
0.7326799999999996
0.7341299999999998
0.7360800000000001
0.7351599999999999
0.73421
0.7347499999999997
0.73596
0.7341799999999996
0.73444
0.7364699999999995
0.73713
0.7380600000000002
0.7373099999999997
0.7371899999999997
0.7367999999999999
0.73449
0.7360199999999995
0.7355999999999997
0.7359399999999997
0.7360799999999997
0.7375799999999996
0.7368299999999997
0.7354099999999996
0.7355499999999999
0.7336899999999998
0.7342399999999998
0.7357299999999999
0.7337599999999996
0.7347299999999993
0.7345299999999998
0.7350699999999994
0.7355600000000001
0.7360199999999998
0.7350099999999996
0.73611
0.7363299999999994
0.7352099999999999
0.7348399999999999
0.73489
0.7345999999999998
0.7331799999999998
0.7324399999999998
0.73263
0.7326099999999995
0.73321
0.7338500000000002
0.7338799999999999
0.7312799999999997
0.73292
0.7333499999999998
0.7368999999999999
0.7360300000000001
0.7354299999999996
0.7350599999999997
0.7336800000000001
0.7355300000000001
0.7366199999999998
0.7363599999999998
0.7351399999999998
0.73476
0.7347600000000001
0.7345499999999996
0.7331
0.7346899999999994
0.73506
0.73676
0.7363499999999997
0.73704
0.7364899999999999
0.7368499999999999
0.7384999999999998
0.7363099999999997
0.7359399999999998
0.7348599999999996
0.7350900000000005
0.7349899999999997
0.7355199999999997
0.7372799999999997
0.73551
0.7349899999999998
0.7356
0.7361399999999999
0.7369799999999997
0.7365099999999998
0.7351199999999998
0.7348999999999998
0.7348099999999999
0.7347199999999998
0.7341299999999998
0.73296
0.7319200000000001
0.7345099999999999
0.7340599999999996
0.7338799999999996
0.7336699999999997
0.7335499999999994
0.7350399999999995
0.7362299999999997
0.73667
0.7353599999999999
0.7343099999999997
0.7354799999999997
0.7350900000000001
0.7344200000000001
0.7355699999999995
0.7346099999999997
0.7335699999999997
0.7361699999999998
0.7371899999999997
0.7371500000000001
0.7360699999999999
0.7371899999999998
0.7379499999999998
0.7375299999999999
0.73634
0.7384199999999999
0.7367399999999997
0.73757
0.7380699999999998
0.7370299999999996
0.7369499999999999
0.7366600000000001
0.7362899999999998
0.7336399999999996
0.7333900000000001
0.7351699999999997
0.7360899999999998
0.7356799999999997
0.7348699999999997
0.7340499999999995
0.7333999999999996
0.7353299999999998
0.7355299999999996
0.7373399999999996
0.7365799999999997
0.73701
0.73699
0.7375799999999998
0.73456
0.7342300000000002
0.7343999999999997
0.7339999999999997
0.7348899999999997
0.7352799999999998
0.7352
0.7338499999999998
0.7353799999999998
0.7344499999999994
0.7356499999999996
0.7348499999999999
0.7324599999999998
0.7317699999999996
0.7338100000000002
0.7338299999999998
0.7358699999999998
0.7357799999999993
0.7341199999999999
0.7337799999999999
0.7340699999999998
0.7323200000000003
0.7339699999999998
0.7336899999999994
0.7336099999999998
0.7328199999999997
0.7324299999999999
0.73431
0.7354199999999997
0.7343599999999998
0.7340099999999994
0.7359799999999997
0.7348199999999998
0.7362399999999996
0.7361899999999999
0.73659
0.7348299999999999
0.7338200000000001
0.7343699999999999
0.7353499999999997
0.73295
0.7319199999999999
0.7326500000000001
0.7323
0.7352399999999997
0.7358999999999996
0.73529
0.7369399999999995
0.7375699999999997
0.7354399999999996
0.7354900000000001
0.7361099999999997
0.7376399999999994
0.7370599999999997
0.7375000000000003
0.7359899999999997
0.73628
0.7367800000000001
0.7363
0.7352500000000001
0.7344499999999998
0.7348999999999998
0.7351399999999992
0.7362399999999997
0.7364699999999997
0.7369899999999997
0.73584
0.73586
0.7350799999999998
0.7354000000000002
0.7333500000000002
0.7338899999999999
0.7343399999999999
0.7344800000000004
0.7349299999999996
0.7342
0.73352
0.7357499999999999
0.7369499999999997
0.7369999999999999
0.7354999999999998
0.73661
0.7354199999999999
0.7345099999999997
0.7335699999999996
0.7343999999999999
0.7339
0.7341399999999997
0.7362899999999997
0.7368099999999994
0.7360199999999999
0.73717
0.7350199999999996
0.7357
0.7343199999999996
0.7353799999999999
0.73689
0.7347100000000002
0.7347999999999995
0.7362900000000002
0.7361
0.7375399999999996
0.7378699999999998
0.7364799999999999
0.7371199999999999
0.7377399999999997
0.7371299999999998
0.73767
0.73482
0.7365999999999994
0.7370099999999999
0.7353099999999995
0.7348199999999998
0.7340899999999998
0.7327799999999998
0.7345099999999999
0.7345799999999998
0.7341900000000001
0.7353399999999999
0.73508
0.7349499999999999
0.7335199999999995
0.7351899999999998
0.7371899999999998
0.7369300000000004
0.73563
0.7345099999999997
0.73346
0.7348299999999999
0.7346
0.7352799999999999
0.7356999999999998
0.7339499999999998
0.7367000000000001
0.7366099999999995
0.7353999999999999
0.7351399999999998
0.73622
0.7344999999999996
0.7334599999999999
0.7343699999999999
0.7364200000000001
0.7367199999999998
0.7340800000000001
0.73369
0.7340899999999998
0.73473
0.7337899999999996
0.7342299999999995
0.7335299999999999
0.7324899999999995
0.7297100000000003
0.7310799999999997
0.7321299999999995
0.7331900000000001
0.7315899999999997
0.7319999999999998
0.7350699999999999
0.73427
0.7350999999999999
0.73497
0.7339799999999995
0.7362799999999998
0.7356099999999997
0.7344099999999998
0.7347399999999997
0.73588
0.7345699999999995
0.7360799999999998
0.7360099999999999
0.73544
0.73476
0.73402
0.7330999999999999
0.7331599999999999
0.7336999999999995
0.7340699999999997
0.7325399999999999
0.73249
0.7322
0.73054
0.7317699999999999
0.7317599999999996
0.7331399999999999
0.7339699999999997
0.73524
0.7356599999999999
0.7352099999999996
0.7357199999999996
0.7351199999999999
0.7354299999999995
0.7367799999999999
0.7342799999999998
0.7352199999999998
0.7347499999999993
0.7339199999999999
0.7336999999999995
0.7326999999999998
0.7348699999999995
0.73446
0.7334199999999998
0.7348799999999998
0.7352499999999995
0.7351000000000001
0.7348499999999999
0.73577
0.7361199999999998
0.7343899999999998
0.7362799999999997
0.7389500000000004
0.73917
0.7380800000000001
0.7380199999999997
0.7346499999999995
0.7356299999999998
0.7351300000000001
0.7359499999999999
0.7368700000000001
0.7358399999999996
0.7365699999999998
0.7372899999999994
0.7380199999999997
0.7360100000000002
0.7351799999999998
0.73517
0.7345399999999995
0.7339099999999995
0.7338999999999996
0.7350599999999993
0.7336
0.7325799999999997
0.7322099999999998
0.7339599999999993
0.7348799999999999
0.7351300000000002
0.7336099999999993
0.7339799999999996
0.7339899999999996
0.7358299999999997
0.7356199999999997
0.7359899999999997
0.7348899999999997
0.7356999999999995
0.7355700000000002
0.7349699999999997
0.7365599999999999
0.7341500000000001
0.7339799999999999
0.7349099999999998
0.73452
0.7343099999999997
0.7330399999999999
0.7343999999999995
0.7342799999999994
0.7355899999999999
0.7339399999999999
0.7336999999999996
0.7319099999999998
0.7344699999999997
0.7353699999999996
0.7355799999999997
0.7336500000000002
0.7333099999999999
0.7352799999999998
0.7342999999999995
0.7359900000000001
0.7349299999999996
0.7327399999999997
0.7338499999999998
0.7342599999999996
0.73446
0.7339200000000003
0.7350499999999998
0.7354999999999994
0.7365499999999998
0.73474
0.7340299999999996
0.7354299999999999
0.7342899999999999
0.7340899999999999
0.7333899999999997
0.7345900000000002
0.7354399999999999
0.7372
0.7357899999999996
0.73385
0.7335299999999998
0.7359599999999997
0.7339800000000003
0.73426
0.7355399999999997
0.7361
0.7354899999999995
0.7346099999999995
0.73488
0.7369599999999997
0.7370699999999998
0.7361699999999998
0.7355099999999998
0.7346999999999997
0.7334899999999998
0.7336799999999993
0.7345700000000001
0.73512
0.7347899999999998
0.7362799999999997
0.7356599999999999
0.7350999999999998
0.7338599999999996
0.7331400000000001
0.7331299999999996
0.7363
0.7341100000000003
0.7335199999999997
0.7334899999999996
0.7341799999999996
0.7349399999999998
0.73532
0.7339899999999997
0.7366899999999997
0.7362599999999996
0.7351599999999998
0.7343699999999999
0.7344999999999996
0.7343499999999996
0.7341099999999998
0.7351200000000001
0.7361799999999996
0.7363999999999997
0.7362799999999996
0.73496
0.73505
0.7350199999999998
0.7359299999999999
0.7351600000000004
0.7349499999999997
0.73322
0.7344300000000001
0.7327399999999998
0.7331799999999998
0.7331299999999995
0.7336900000000002
0.73326
0.73332
0.7310699999999999
0.7329699999999996
0.7328399999999998
0.7321599999999998
0.7316099999999995
0.7330399999999996
0.7323499999999997
0.7329499999999999
0.7334499999999994
0.7320199999999997
0.7340199999999997
0.7359099999999995
0.7354199999999993
0.7357899999999996
0.7349699999999996
0.7351399999999999
0.7357999999999996
0.7376699999999999
0.7371500000000001
0.7346899999999996
0.7349999999999995
0.7357799999999998
0.7340599999999996
0.73454
0.7338999999999999
0.7332499999999998
0.7346899999999994
0.7355599999999997
0.73395
0.7335799999999999
0.73327
0.7340999999999996
0.73327
0.7326199999999997
0.7321699999999999
0.73397
0.7340800000000001
0.7349499999999999
0.7362099999999997
0.7367599999999999
0.73615
0.73591
0.7356599999999999
0.7368399999999999
0.7354599999999997
0.7354599999999998
0.7348499999999997
0.7337399999999996
0.73386
0.7346899999999996
0.7352599999999998
0.7323599999999993
0.7327800000000001
0.7345999999999995
0.7349499999999997
0.7343500000000001
0.7339999999999997
0.7328600000000002
0.73406
0.73485
0.7360499999999999
0.73667
0.7357299999999999
0.7347699999999999
0.7346699999999998
0.7351299999999996
0.73379
0.7340299999999997
0.7350899999999997
0.7339799999999999
0.7331899999999996
0.7334299999999996
0.7355800000000002
0.7361200000000001
0.7376299999999997
0.7373299999999996
0.73753
0.7367700000000003
0.7347199999999998
0.7359700000000001
0.7355799999999999
0.7343900000000001
0.7343699999999999
0.7340599999999999
0.7333099999999998
0.7329999999999999
0.7346999999999998
0.7356599999999996
0.7367999999999999
0.7360099999999999
0.7383699999999999
0.7367899999999996
0.7353599999999996
0.7345499999999998
0.7333900000000003
0.7329499999999998
0.73406
0.7337299999999998
0.7333899999999997
0.7346599999999998
0.7354399999999999
0.7354999999999997
0.7355000000000002
0.7360799999999998
0.73734
0.7373900000000002
0.7355299999999998
0.7342399999999999
0.7340199999999999
0.7334900000000001
0.73615
0.7357999999999998
0.7346699999999997
0.7367399999999997
0.7371999999999995
0.7367299999999999
0.73824
0.7375199999999998
0.7367799999999995
0.7367299999999998
0.7373999999999995
0.73818
0.7372799999999995
0.7373499999999994
0.7367599999999997
0.7378999999999993
0.7357999999999997
0.7354099999999997
0.7372900000000001
0.73675
0.73598
0.7366399999999999
0.7354299999999995
0.7350299999999999
0.7352499999999997
0.7371299999999998
0.7362899999999998
0.7358399999999997
0.73641
0.7368799999999998
0.7362599999999998
0.7348599999999998
0.7379899999999996
0.7389199999999999
0.7376699999999999
0.7368199999999999
0.7362099999999998
0.73571
0.7369700000000003
0.7365799999999999
0.7343499999999996
0.7340800000000001
0.7355999999999996
0.7343299999999999
0.7342799999999999
0.7349199999999998
0.73395
0.7341399999999997
0.73532
0.7348699999999999
0.7352099999999997
0.7347800000000001
0.7353299999999998
0.7356499999999997
0.7357099999999999
0.7366799999999997
0.7379999999999999
0.7367999999999995
0.7376900000000002
0.7395500000000002
0.7382099999999997
0.7384899999999996
0.7393399999999997
0.7382199999999998
0.7387100000000002
0.7378100000000002
0.7378999999999999
0.7379299999999998
0.7354199999999999
0.7340599999999998
0.7337000000000002
0.7337999999999993
0.7337199999999996
0.7342400000000001
0.7352599999999999
0.73496
0.73425
0.7356900000000002
0.7345799999999998
0.7348399999999999
0.7354299999999996
0.7349599999999998
0.7361899999999997
0.7347299999999996
0.7349299999999995
0.73342
0.7340599999999996
0.7345499999999994
0.7344899999999995
0.7348599999999996
0.7343799999999997
0.7350999999999995
0.7357699999999998
0.7371299999999996
0.73739
0.7382099999999998
0.7373699999999995
0.7356699999999998
0.7346399999999998
0.735
0.7362500000000003
0.73764
0.7378699999999995
0.7383099999999998
0.7375499999999999
0.7380599999999997
0.7363399999999998
0.7365699999999998
0.7352500000000001
0.7350300000000002
0.7333899999999999
0.73513
0.7360099999999998
0.73658
0.7359899999999997
0.7361499999999999
0.7366099999999998
0.7365099999999998
0.7373599999999996
0.73681
0.7361799999999995
0.7348699999999997
0.73647
0.7355599999999997
0.7367500000000001
0.73423
0.7332499999999998
0.7334799999999998
0.73403
0.7348900000000002
0.7359399999999995
0.7355499999999996
0.7358300000000001
0.7349699999999999
0.73525
0.7363399999999998
0.7371299999999998
0.7375499999999997
0.7343699999999991
0.73336
0.73281
0.73398
0.7349699999999996
0.73591
0.73751
0.7363599999999999
0.7350299999999994
0.7345099999999998
0.73677
0.7373299999999996
0.7362799999999998
0.7345999999999997
0.7360300000000001
0.7343699999999999
0.7335699999999997
0.7336199999999994
0.7340400000000001
0.7343599999999999
0.7335099999999997
0.7345399999999997
0.7335899999999999
0.7327199999999999
0.7344599999999997
0.7346699999999994
0.7351999999999999
0.7338599999999998
0.7339699999999998
0.735
0.7341799999999994
0.73273
0.7341199999999997
0.7346799999999996
0.7349799999999997
0.73544
0.7349899999999999
0.7360999999999995
0.7359399999999999
0.7353800000000001
0.73669
0.7372199999999997
0.7389899999999998
0.7377699999999997
0.7373999999999998
0.7367699999999995
0.7360699999999994
0.73624
0.7364299999999997
0.7352199999999999
0.73484
0.7360500000000001
0.73586
0.7352999999999998
0.7343199999999999
0.7341599999999997
0.7326899999999997
0.7333199999999996
0.7334199999999997
0.7336299999999999
0.7340000000000002
0.7364199999999999
0.7353799999999998
0.73373
0.7347299999999997
0.7330099999999998
0.7319899999999996
0.73246
0.7328599999999994
0.7345699999999994
0.7366199999999998
0.7368899999999995
0.73658
0.7345399999999997
0.7343
0.7341799999999999
0.7325799999999997
0.7309899999999998
0.7334299999999999
0.7323899999999997
0.7336999999999996
0.7346599999999998
0.7349099999999997
0.7341
0.7339499999999998
0.7322199999999996
0.7328299999999999
0.7343199999999996
0.7342899999999998
0.7335599999999998
0.7353399999999997
0.7361099999999997
0.7346
0.7337599999999997
0.7346300000000002
0.7338499999999998
0.7336299999999996
0.73368
0.73699
0.7360299999999999
0.7362599999999995
0.7352399999999997
0.7373399999999998
0.7370200000000001
0.7383599999999997
0.7377799999999994
0.7357799999999999
0.7332399999999999
0.7333299999999998
0.7352400000000001
0.73418
0.7362799999999998
0.7346199999999996
0.7335499999999996
0.7351399999999997
0.7345499999999998
0.7349599999999996
0.7349099999999998
0.7387399999999998
0.7388599999999999
0.7354999999999997
0.7334799999999997
0.7324700000000004
0.7304899999999998
0.7310499999999996
0.7324899999999995
0.7323700000000001
0.73049
0.73346
0.7330099999999996
0.7345
0.7355799999999997
0.7350599999999997
0.73425
0.73446
0.7352999999999998
0.73259
0.7332199999999998
0.7352
0.7347899999999997
0.7351899999999999
0.73576
0.7348199999999998
0.7351899999999995
0.7346099999999999
0.7356399999999997
0.7352399999999997
0.7344199999999997
0.7338300000000001
0.73474
0.7356799999999999
0.73552
0.7359900000000001
0.7364900000000002
0.7362299999999997
0.7364599999999999
0.7356199999999998
0.73587
0.7348999999999996
0.7356200000000002
0.7349099999999997
0.7339199999999997
0.7338499999999998
0.7333299999999994
0.7340599999999999
0.7354899999999998
0.7339299999999995
0.7353399999999998
0.7367299999999999
0.7379399999999997
0.7367199999999999
0.7350599999999997
0.7350499999999998
0.7371399999999998
0.7361799999999996
0.7370899999999999
0.7347699999999997
0.7363600000000001
0.7363199999999998
0.7337499999999997
0.7331899999999998
0.7339799999999999
0.7346999999999996
0.7359999999999997
0.7339999999999999
0.7312199999999995
0.7314399999999998
0.7324499999999999
0.73265
0.7331599999999999
0.7371499999999999
0.7340699999999997
0.7357299999999998
0.7359299999999998
0.7339999999999998
0.7345099999999999
0.7351200000000001
0.7353400000000001
0.73385
0.7348599999999997
0.73535
0.7362399999999997
0.7379599999999995
0.7364999999999999
0.73681
0.7367499999999998
0.7370299999999997
0.7352999999999997
0.7339699999999997
0.73218
0.7346699999999996
0.7348299999999998
0.73371
0.7332000000000001
0.73527
0.7356300000000001
0.73469
0.73612
0.7348599999999998
0.7360399999999998
0.7368399999999999
0.7365999999999997
0.7334600000000002
0.7357000000000002
0.7360399999999995
0.7357399999999998
0.7362499999999998
0.7370799999999998
0.7361199999999998
0.7354499999999996
0.7363000000000001
0.7358299999999999
0.7357199999999999
0.7353399999999998
0.7341099999999997
0.73442
0.7314199999999995
0.7321800000000002
