0.19999999999999962
0.3662999999999999
0.56168
0.7212799999999996
0.8083500000000001
0.8465299999999994
0.8606299999999999
0.8650899999999999
0.86777
0.8685899999999996
0.8669200000000002
0.8685400000000001
0.8675599999999996
0.86977
0.8686699999999997
0.8685199999999998
0.8692599999999996
0.8688900000000003
0.8673299999999999
0.8676299999999999
0.8674299999999998
0.8699599999999996
0.8675599999999999
0.8686700000000003
0.8675699999999997
0.8699399999999997
0.8696699999999998
0.8707199999999996
0.8677899999999995
0.8684699999999999
0.8679099999999998
0.8677999999999996
0.8688299999999997
0.8670899999999997
0.8679599999999995
0.8671199999999999
0.8681499999999995
0.86887
0.8700000000000001
0.8667999999999995
0.8688500000000002
0.8676400000000002
0.86922
0.8703999999999996
0.8693399999999996
0.8700999999999999
0.8694400000000004
0.8697299999999996
0.8683199999999998
0.8670999999999998
0.8693800000000002
0.8702599999999999
0.8703999999999997
0.86954
0.8665199999999996
0.8701099999999999
0.8668499999999998
0.8691600000000002
0.8674099999999996
0.8668599999999997
0.8669199999999999
0.86846
0.86966
0.8683199999999998
0.8684899999999999
0.8681799999999995
0.8685200000000001
0.8675499999999997
0.86882
0.8687800000000003
0.8678699999999998
0.8674800000000001
0.8686799999999996
0.8685599999999998
0.8677999999999997
0.8683599999999997
0.8690199999999997
0.8695299999999996
0.8691399999999995
0.8673099999999998
0.8676
0.8695699999999996
0.8684099999999998
0.8682900000000001
0.8687199999999997
0.86856
0.87007
0.8672299999999994
0.8664499999999999
0.8692899999999999
0.8677399999999996
0.86902
0.8698599999999999
0.86893
0.8660299999999996
0.8691399999999997
0.8713599999999998
0.8696899999999992
0.8697999999999998
0.8679800000000002
0.8696999999999998
0.8678699999999996
0.8700799999999995
0.8701499999999999
0.8678399999999996
0.8659799999999999
0.8681399999999999
0.8689199999999996
0.8699099999999997
0.8682900000000002
0.86797
0.8680699999999998
0.86883
0.8687199999999996
0.8696299999999997
0.8699000000000002
0.8676800000000001
0.86897
0.8672299999999994
0.8683499999999998
0.8682700000000001
0.8690199999999999
0.8701199999999997
0.8697900000000004
0.8686499999999994
0.86866
0.8678699999999999
0.8687900000000001
0.8683999999999997
0.86917
0.8692799999999999
0.86875
0.8687100000000001
0.8665100000000002
0.8692699999999998
0.8697799999999997
0.8682999999999998
0.8688399999999998
0.8667799999999999
0.8686899999999999
0.8682999999999997
0.8687799999999993
0.86851
0.8689099999999996
0.8693499999999994
0.8688000000000003
0.8686499999999998
0.8698
0.8689599999999997
0.8675300000000001
0.86918
0.8698199999999996
0.8695200000000003
0.8703299999999998
0.8686399999999999
0.8697099999999997
0.8703200000000004
0.8669399999999999
0.8684600000000002
0.8679399999999999
0.8654899999999998
0.8683299999999998
0.8666799999999999
0.8683899999999997
0.8684000000000003
0.8691599999999995
0.8695100000000001
0.8690799999999999
0.8686799999999998
0.8690399999999999
0.8695199999999997
0.8686599999999995
0.8675299999999995
0.8684499999999998
0.87009
0.8694200000000001
0.8675499999999998
0.8674900000000001
0.8684399999999993
0.8686800000000001
0.8688599999999999
0.8691099999999998
0.8691
0.8689700000000004
0.8669899999999998
0.8679300000000002
0.8696499999999995
0.8673399999999998
0.8674200000000001
0.8669500000000001
0.8672099999999999
0.8689
0.8674900000000002
0.8690499999999999
0.8670299999999997
0.8678699999999998
0.86639
0.8672499999999995
0.8697799999999997
0.8691999999999994
0.8672599999999997
0.8696799999999999
0.8689400000000004
0.8684999999999999
0.8687699999999997
0.8680400000000003
0.8688499999999998
0.8689100000000001
0.87078
0.8692299999999997
0.8688099999999997
0.86989
0.8684600000000003
0.8709499999999997
0.8679000000000001
0.8688399999999994
0.8684999999999995
0.8672900000000002
0.8667899999999997
0.8675699999999995
0.8684099999999998
0.87163
0.8681799999999998
0.8683300000000003
0.8688800000000002
0.86846
0.8700299999999999
0.8699599999999998
0.86844
0.8704599999999999
0.8670899999999999
0.8694999999999999
0.8695999999999998
0.8692099999999999
0.8702599999999994
0.8690299999999997
0.8684900000000003
0.86887
0.8685699999999997
0.8677199999999996
0.8686699999999996
0.8684399999999997
0.8664199999999995
0.8683699999999994
0.8690199999999997
0.8695900000000001
0.8689299999999994
0.8681800000000003
0.8687799999999997
0.8683399999999994
0.8694500000000004
0.8687299999999997
0.86815
0.8671
0.8659600000000003
0.8685999999999997
0.86814
0.8670899999999995
0.86768
0.8669299999999996
0.8682599999999998
0.8685699999999994
0.8670599999999996
0.8680599999999997
0.8677400000000002
0.8678000000000001
0.8681
0.86922
0.86843
0.8695599999999996
0.8701399999999998
0.86725
0.8673599999999999
0.8682399999999996
0.8686400000000002
0.8671299999999998
0.8678499999999998
0.8681999999999997
0.8680999999999996
0.8665999999999999
0.86807
0.8687999999999999
0.8675199999999993
0.86882
0.8681099999999999
0.8675099999999994
0.8694
0.8666299999999998
0.8679300000000002
0.86857
0.8691199999999997
0.8687799999999999
0.8672300000000002
0.8682899999999998
0.8682899999999998
0.8680600000000002
0.8685499999999996
0.8704899999999997
0.8694099999999999
0.8699199999999996
0.8692599999999995
0.86874
0.86726
0.8665
0.8676799999999997
0.86781
0.8676599999999994
0.8689099999999996
0.8684499999999998
0.87021
0.8679399999999997
0.8666700000000002
0.8680999999999998
0.8671399999999998
0.8684899999999998
0.8688399999999994
0.8673599999999998
0.8691900000000001
0.8683999999999995
0.86871
0.8669400000000002
0.8674699999999997
0.8682399999999996
0.8698400000000003
0.8701700000000001
0.8701099999999994
0.8691900000000002
0.8683200000000001
0.8678099999999997
0.8695499999999997
0.8684400000000001
0.8680599999999997
0.86834
0.8677599999999996
0.86797
0.8692799999999997
0.86807
0.86869
0.86785
0.8690799999999996
0.8675899999999999
0.86994
0.8696299999999997
0.8687099999999998
0.8693999999999998
0.8684499999999997
0.8692100000000003
0.8669899999999998
0.8671299999999996
0.8665799999999995
0.8701799999999998
0.8695799999999996
0.8676399999999999
0.8668299999999992
0.86708
0.8693400000000002
0.8691999999999998
0.8694299999999996
0.8691000000000002
0.8703000000000002
0.8680000000000001
0.8696900000000002
0.8689100000000002
0.8695000000000002
0.8686799999999998
0.8694199999999997
0.8676099999999997
0.8679899999999999
0.8690999999999999
0.8684799999999997
0.8681900000000006
0.8676899999999997
0.8677499999999998
0.86717
0.8688500000000005
0.8689899999999998
0.86924
0.8693600000000004
0.8686899999999997
0.8670899999999996
0.8683699999999999
0.86779
0.8683999999999997
0.8700299999999999
0.8698999999999998
0.87076
0.8681600000000002
0.8679000000000001
0.8663599999999998
0.8661899999999999
0.86804
0.8679999999999994
0.86862
0.8682199999999993
0.8709700000000001
0.8684199999999997
0.86861
0.8676599999999999
0.8674999999999998
0.8698499999999997
0.8677800000000003
0.8677100000000003
0.8674599999999998
0.86861
0.8681399999999997
0.8681099999999996
0.87019
0.8691399999999996
0.8702100000000003
0.8700900000000001
0.8690199999999999
0.8681200000000001
0.8687999999999999
0.8696199999999998
0.86969
0.8681099999999998
0.8686699999999999
0.8699199999999996
0.8692700000000002
0.8684199999999994
0.8678799999999999
0.8677000000000001
0.8677699999999997
0.8676899999999997
0.8676500000000001
0.8678699999999998
0.8689499999999997
0.8686299999999996
0.8695599999999998
0.8690099999999997
0.8693800000000002
0.8688799999999999
0.86866
0.8676399999999994
0.8690900000000003
0.86808
0.8697399999999998
0.8690199999999999
0.8687099999999998
0.8680399999999999
0.8685299999999998
0.8678
0.8686700000000002
0.8695499999999998
0.8675499999999995
0.87028
0.8705800000000002
0.8685699999999997
0.8690899999999996
0.86815
0.8689100000000003
0.8691600000000002
0.86889
0.8697799999999996
0.8697400000000002
0.8693799999999999
0.8705400000000003
0.8695999999999999
0.8698899999999995
0.8686399999999999
0.8680099999999995
0.8667299999999999
0.8686099999999999
0.8680299999999999
0.8684299999999999
0.8685799999999996
0.8687199999999998
0.8691199999999999
0.8680400000000001
0.8702199999999998
0.8687599999999999
0.8678800000000002
0.8674
0.86921
0.8686400000000001
0.8675899999999998
0.8695700000000001
0.8675199999999998
0.8670300000000001
0.8663199999999999
0.8687399999999994
0.8707700000000003
0.8684299999999995
0.86779
0.8689800000000002
0.8678500000000003
0.8679999999999999
0.8690099999999998
0.8695
0.8697799999999993
0.8699099999999995
0.8667299999999998
0.8683599999999997
0.8686099999999997
0.8670999999999995
0.8673899999999999
0.8693299999999999
0.8692300000000002
0.8684400000000001
0.8688799999999999
0.8679300000000001
0.86971
0.8693200000000003
0.8688299999999998
0.8686799999999997
0.8694599999999998
0.86659
0.8691899999999997
0.86866
0.8686000000000001
0.8699800000000002
0.86906
0.8672699999999993
0.8688099999999995
0.8687199999999998
0.87051
0.8687199999999998
0.8691100000000003
0.8679300000000006
0.8689199999999998
0.8679200000000001
0.8694499999999996
0.8686499999999999
0.8691399999999999
0.8696000000000003
0.8697499999999999
0.86902
0.8678699999999999
0.8675199999999995
0.8678500000000001
0.8666199999999996
0.8677399999999996
0.8697299999999996
0.8696400000000001
0.8675299999999996
0.8661400000000001
0.86682
0.8674400000000001
0.86926
0.8687500000000002
0.8703199999999999
0.86931
0.8700099999999997
0.8693299999999999
0.8706399999999996
0.8700499999999997
0.8709899999999999
0.8706600000000003
0.8696200000000003
0.8687600000000003
0.8687200000000002
0.8690199999999997
0.86971
0.8697899999999998
0.8684399999999997
0.8691599999999997
0.8687299999999999
0.8674
0.8675099999999998
0.8691500000000001
0.8682999999999997
0.8697299999999997
0.8690899999999999
0.86953
0.8693999999999997
0.86908
0.8690799999999994
0.86886
0.8692399999999997
0.8694899999999999
0.86929
0.8669200000000004
0.8687899999999996
0.8666799999999999
0.8680800000000005
0.8686999999999999
0.8693099999999998
0.86924
0.8690799999999996
0.86835
0.8695199999999995
0.8686299999999999
0.8682699999999995
0.8681299999999998
0.8686199999999998
0.8679899999999998
0.8697900000000004
0.8707399999999997
0.8699399999999997
0.8704999999999997
0.8699799999999998
0.8690300000000001
0.8692000000000002
0.8683399999999999
0.8694699999999997
0.86849
0.8669699999999998
0.8673199999999999
0.8657700000000003
0.8681600000000003
0.86842
0.8692099999999996
0.8693599999999997
0.8681299999999996
0.86769
0.8684299999999996
0.8652999999999994
0.8688699999999995
0.8682399999999998
0.8679600000000002
0.8689799999999999
0.8687599999999998
0.86862
0.8695299999999999
0.86992
0.8699299999999995
0.8682899999999996
0.8669399999999999
0.8688899999999995
0.86881
0.8678100000000002
0.86855
0.8684099999999998
0.8676399999999999
0.8691000000000001
0.86768
0.8696799999999995
0.8698799999999999
0.8698500000000001
0.8679500000000001
0.86945
0.8700299999999997
0.86818
0.8679899999999998
0.8685199999999997
0.8678199999999997
0.8684000000000002
0.8692099999999999
0.8692699999999995
0.8693800000000002
0.86734
0.8693799999999999
0.8681099999999999
0.86784
0.8687299999999994
0.8686899999999999
0.8691799999999995
0.8694199999999994
0.8696700000000006
0.87083
0.8700599999999998
0.8690999999999999
0.8696400000000001
0.8693499999999998
0.8665999999999999
0.8670999999999992
0.8687999999999999
0.8693199999999998
0.8711399999999996
0.8688500000000002
0.8684099999999999
0.86832
0.8686499999999999
0.86891
0.8681299999999998
0.8674499999999999
0.8691299999999995
0.8706500000000001
0.8681300000000001
0.8689900000000003
0.8699799999999998
0.8695199999999997
0.8687800000000003
0.8697899999999996
0.8692099999999995
0.86999
0.8703299999999997
0.87064
0.8703700000000002
0.87059
0.8707999999999997
0.8701699999999998
0.8692200000000001
0.86635
0.8693000000000001
0.8686799999999998
0.8685900000000001
0.8667099999999998
0.8684699999999996
0.8677899999999994
0.8678400000000002
0.8684299999999999
0.8688300000000004
0.8670399999999995
0.86826
0.8696199999999998
0.8681699999999998
0.8691000000000005
0.8681799999999998
0.8684999999999998
0.8683299999999993
0.8691299999999998
0.8680100000000001
0.8690999999999999
0.8688399999999997
0.8692800000000002
0.8686599999999994
0.8692399999999999
0.8684099999999993
0.8677399999999996
0.8679799999999999
0.8702999999999999
0.8689499999999997
0.8690399999999997
0.8681199999999998
0.8680699999999993
0.8681799999999998
0.8661999999999997
0.8690300000000002
0.8680699999999998
0.8685199999999998
0.86922
0.8692499999999995
0.8673099999999997
0.86867
0.8688099999999995
0.8697899999999997
0.8692699999999998
0.8707900000000001
0.8697799999999996
0.8690600000000002
0.8680699999999999
0.8685399999999993
0.8687199999999998
0.86849
0.86733
0.8673699999999998
0.8684700000000002
0.8678199999999999
0.86926
0.8704599999999998
0.8701200000000004
0.8691499999999998
0.8679200000000001
0.8698999999999998
0.8706499999999998
0.8704699999999996
0.8690700000000001
0.87062
0.86934
0.8692799999999999
0.8685900000000002
0.8675600000000003
0.8682799999999999
0.8691599999999999
0.86869
0.8691699999999998
0.8683499999999994
0.8685799999999999
0.8685999999999998
0.8681699999999999
0.8685499999999996
0.8669199999999995
0.86785
0.8663899999999998
0.8679300000000002
0.8674999999999997
0.8688799999999998
0.8691799999999997
0.8672300000000002
0.8683499999999998
0.8689899999999996
0.8687500000000001
0.8682299999999998
0.8685399999999999
0.86886
0.8685499999999996
0.8683300000000002
0.8684899999999997
0.8677899999999998
0.8684599999999995
0.87051
0.8704499999999998
0.8695599999999998
0.86854
0.8687699999999995
0.8705599999999998
0.8684099999999995
0.8687999999999999
0.8687699999999999
0.8683499999999995
0.8672399999999992
0.8690299999999995
0.8680099999999995
0.8658899999999994
0.8681499999999996
0.8686999999999999
0.86834
0.8690799999999999
0.8670000000000003
0.8691899999999998
0.8690799999999997
0.8688199999999996
0.8669299999999995
0.8675499999999998
0.86763
0.8693999999999997
0.8682900000000002
0.8685699999999996
0.8685599999999998
0.8675
0.8694999999999997
0.87035
0.8696599999999993
0.8686099999999999
0.87017
0.8695999999999998
0.8675799999999998
0.8690499999999994
0.8699899999999995
0.8694199999999996
0.8710399999999994
0.8706099999999997
0.8682299999999996
0.8675700000000001
0.8682999999999998
0.8689099999999997
0.8691300000000001
0.8700399999999999
0.8696300000000001
0.8685299999999995
0.8665099999999994
0.8667300000000001
0.8680499999999999
0.8681300000000001
0.8681700000000001
0.8685
0.8679600000000001
0.8688799999999999
0.8677600000000002
0.8676299999999998
0.8704200000000002
0.8688399999999996
0.8667600000000002
0.86929
0.8698699999999999
0.87193
0.8692
0.8693000000000001
0.8673199999999998
0.8669699999999999
0.8675499999999999
0.8683699999999999
0.8697799999999996
0.8679400000000002
0.8692300000000002
0.8704400000000001
0.8714599999999999
0.86843
0.8665099999999997
0.86651
0.8672199999999995
0.8680099999999995
0.8677799999999994
0.8684000000000001
0.8684199999999999
0.8668199999999996
0.8672600000000003
0.8666399999999996
0.8681099999999996
0.8678599999999997
0.8685699999999998
0.8679199999999997
0.8688899999999999
0.8669799999999998
0.8665699999999995
0.8677999999999996
0.8677199999999998
0.8686699999999999
0.8683100000000005
0.8685899999999995
0.8667499999999994
0.8676299999999998
0.8680999999999996
0.8683999999999997
0.8681599999999999
0.8686200000000001
0.8692399999999997
0.8696799999999993
0.86964
0.8662599999999995
0.8673900000000002
0.8682900000000001
0.8692599999999995
0.8686800000000002
0.8671699999999996
0.8673699999999995
0.8681799999999998
0.8704199999999996
0.8697700000000002
0.86816
0.8701799999999998
0.8702799999999995
0.86977
0.8677899999999995
0.8681500000000004
0.8676099999999997
0.8673200000000004
0.8689200000000001
0.8702199999999994
0.8684099999999997
0.8683300000000003
0.8699999999999999
0.8685899999999996
0.8675099999999999
0.8685100000000006
0.86796
0.86689
0.8674199999999997
0.8661600000000003
0.86797
0.8667899999999998
0.8666099999999995
0.8671199999999999
0.8678799999999997
0.8685699999999998
0.8675800000000002
0.86812
0.86918
0.8703699999999998
0.86922
0.8697599999999999
0.8692199999999995
0.8695099999999999
0.8682799999999997
0.8676099999999997
0.86702
0.8687699999999997
0.8694899999999999
0.8673299999999999
0.8684000000000003
0.8669599999999994
0.86784
0.8694899999999999
0.8681199999999997
0.8701199999999997
0.86764
0.8690099999999994
0.8682399999999996
0.8672099999999997
0.8693100000000002
0.8689500000000002
0.8706399999999995
0.8677799999999997
0.8677099999999995
0.86881
0.8685100000000002
0.8665299999999999
0.8677199999999994
0.8678199999999999
0.8693699999999995
0.8691299999999997
0.8686700000000002
0.8689699999999998
0.8691199999999997
0.8675899999999998
0.8689499999999998
0.86848
0.8681199999999998
0.87019
0.8691000000000002
0.8688699999999996
0.8676299999999999
0.8691799999999996
0.86948
0.8694399999999994
0.8677700000000002
0.8691400000000002
0.8690800000000002
0.86885
0.8669599999999997
0.8693700000000001
0.86862
0.8680200000000002
0.8696699999999998
0.8690199999999999
0.86903
0.8691599999999997
0.8686099999999998
0.8686999999999996
0.8671799999999998
0.8678399999999997
0.8684599999999996
0.8687199999999996
0.8692799999999999
0.87005
0.8700500000000001
0.8696699999999998
0.8682799999999999
0.8668299999999998
