0.19999999999999962
0.32893000000000017
0.4772299999999997
0.6208700000000001
0.7247999999999999
0.7855
0.8179899999999998
0.8342200000000001
0.8417299999999998
0.84631
0.8478699999999998
0.8474499999999995
0.8479899999999995
0.8486899999999999
0.8498699999999998
0.8487299999999993
0.8471599999999995
0.8472799999999993
0.8466999999999996
0.8470199999999997
0.84525
0.8464599999999993
0.8453699999999996
0.8495099999999997
0.8471299999999998
0.8477600000000001
0.8475399999999997
0.8464399999999993
0.8466399999999994
0.8461999999999997
0.8466299999999995
0.8478699999999995
0.8491499999999996
0.8489399999999995
0.8501299999999997
0.8468799999999997
0.8462399999999997
0.8456199999999996
0.8471699999999998
0.8478999999999999
0.8486299999999996
0.8484999999999997
0.8477199999999998
0.84864
0.8481899999999999
0.8475799999999996
0.8471299999999995
0.84724
0.8479399999999997
0.8479699999999998
0.8490099999999997
0.8501399999999998
0.8496399999999994
0.8492399999999998
0.8487699999999997
0.8468899999999993
0.8475499999999999
0.8482199999999998
0.8479299999999996
0.8496499999999996
0.8477299999999995
0.8454899999999995
0.8468699999999998
0.8482900000000001
0.8486899999999993
0.8490799999999997
0.84895
0.8487499999999997
0.8470299999999993
0.8479700000000002
0.8474099999999996
0.8462399999999997
0.8465699999999999
0.8478099999999996
0.8464599999999999
0.8467899999999995
0.84848
0.8475999999999998
0.8465799999999994
0.8487799999999995
0.8479999999999999
0.8475699999999996
0.8483899999999995
0.8474599999999998
0.8476999999999997
0.84808
0.8471
0.8471899999999998
0.8487799999999994
0.8469
0.8473199999999995
0.8495299999999999
0.8497699999999995
0.8486099999999996
0.8478399999999995
0.8470299999999998
0.8486799999999994
0.8492800000000001
0.8493599999999997
0.8471999999999995
0.8495099999999998
0.8488299999999996
0.8476899999999996
0.8481299999999995
0.8473599999999999
0.8489299999999994
0.84872
0.84773
0.8472099999999994
0.8475299999999996
0.8466399999999994
0.8469699999999992
0.8468299999999996
0.8491999999999996
0.8491899999999996
0.8490899999999998
0.8485799999999998
0.84811
0.8482299999999994
0.84601
0.8477899999999999
0.8488699999999997
0.8475199999999997
0.8480999999999999
0.8484299999999996
0.8476200000000002
0.84649
0.8454799999999996
0.8480200000000001
0.8478099999999994
0.8492799999999994
0.8479099999999995
0.8477399999999997
0.8475099999999998
0.8486999999999999
0.8492099999999989
0.84921
0.8481999999999996
0.8474299999999998
0.8462799999999997
0.8468799999999996
0.8459399999999995
0.8481899999999994
0.8489399999999998
0.8486799999999995
0.8489499999999994
0.8490099999999997
0.8474099999999991
0.8481399999999998
0.8473099999999998
0.8470499999999994
0.8464800000000001
0.8468799999999994
0.8476499999999997
0.8481799999999992
0.8460999999999989
0.8476499999999996
0.8499199999999996
0.8481399999999998
0.8480699999999999
0.8499999999999993
0.8490199999999996
0.8479399999999997
0.8492599999999997
0.8470299999999995
0.8477799999999998
0.8471199999999994
0.8474099999999991
0.8468999999999997
0.8491499999999996
0.8472899999999999
0.8472999999999996
0.8480699999999994
0.8485999999999998
0.8498399999999993
0.8493599999999994
0.8492099999999997
0.8493699999999995
0.8486999999999995
0.8481099999999998
0.8481099999999999
0.8471199999999998
0.8487699999999992
0.8483099999999993
0.8490699999999997
0.8455399999999997
0.8471899999999993
0.8433199999999996
0.8449399999999996
0.8473499999999993
0.8448899999999996
0.8460599999999995
0.8478599999999997
0.8495999999999992
0.8497500000000001
0.8504999999999994
0.8502899999999994
0.8484799999999997
0.8476899999999996
0.8470599999999996
0.8452699999999997
0.8446499999999996
0.8471399999999992
0.8460599999999999
0.8453599999999994
0.8462699999999996
0.8486899999999996
0.8478399999999995
0.8444799999999998
0.8467899999999992
0.8470999999999996
0.8479999999999991
0.84742
0.8469099999999996
0.8466999999999995
0.8467799999999995
0.8472199999999996
0.8464099999999997
0.8471699999999995
0.8482199999999996
0.8485199999999996
0.84729
0.8474399999999995
0.8486099999999993
0.8496299999999997
0.8498499999999994
0.8488799999999997
0.8499199999999998
0.8489599999999993
0.8478199999999992
0.8476800000000001
0.8482199999999996
0.8457999999999997
0.8470099999999995
0.8472799999999999
0.8480599999999997
0.8471299999999996
0.8468599999999996
0.8476599999999996
0.8460099999999997
0.8471599999999995
0.8482599999999997
0.8465699999999998
0.8477599999999993
0.8475099999999997
0.8472999999999995
0.8480999999999994
0.8471399999999997
0.8464899999999996
0.8473699999999994
0.8473699999999996
0.8477699999999997
0.8482599999999995
0.8482499999999995
0.8487399999999999
0.8474799999999998
0.8483699999999998
0.84804
0.8478499999999995
0.84787
0.8482399999999997
0.8487999999999996
0.8478699999999997
0.8471299999999993
0.8466899999999995
0.8465299999999994
0.8453899999999993
0.84805
0.8481699999999998
0.8485499999999991
0.8484599999999997
0.8491599999999997
0.8490399999999996
0.8487099999999999
0.8461299999999997
0.8485099999999995
0.8500999999999997
0.8480799999999996
0.8484899999999997
0.8480099999999997
0.8481199999999999
0.8472199999999998
0.8467100000000002
0.8483599999999996
0.8481199999999999
0.8485599999999995
0.8489999999999996
0.8490799999999997
0.8476999999999993
0.8477099999999996
0.8472499999999996
0.8483599999999992
0.8495999999999997
0.8462399999999994
0.8468399999999997
0.8466699999999993
0.8481799999999997
0.8473399999999996
0.8471899999999996
0.8458099999999995
0.84813
0.8482099999999995
0.8470499999999994
0.8463499999999997
0.8482599999999997
0.8498399999999997
0.8465899999999995
0.8465599999999995
0.8472599999999995
0.8464099999999997
0.8460799999999996
0.8479800000000001
0.8459399999999992
0.8478899999999995
0.8471600000000002
0.8475999999999995
0.84809
0.8477099999999997
0.8459099999999998
0.8474599999999995
0.8486199999999995
0.8455099999999994
0.8487199999999995
0.8494099999999996
0.8491799999999996
0.8478699999999995
0.8485399999999994
0.8491699999999998
0.8492099999999998
0.8477399999999996
0.8466499999999997
0.8462499999999997
0.8476599999999996
0.8491599999999997
0.8488399999999997
0.8467899999999999
0.8483599999999996
0.8466399999999998
0.8462599999999996
0.8475099999999993
0.8469799999999996
0.84616
0.84864
0.8474799999999992
0.84699
0.8488899999999994
0.8486500000000002
0.8477299999999999
0.84748
0.8476199999999995
0.8461399999999993
0.8480499999999997
0.8463299999999998
0.8453099999999998
0.8474899999999996
0.8477099999999997
0.8473599999999993
0.8478399999999999
0.8468399999999999
0.8475499999999997
0.8470799999999996
0.8479499999999995
0.8480199999999999
0.84612
0.8471999999999997
0.8477699999999996
0.8479899999999999
0.8485299999999997
0.8479899999999995
0.8480599999999998
0.8490999999999995
0.8489499999999999
0.8480699999999998
0.8466399999999996
0.8470099999999998
0.8467699999999995
0.8475499999999996
0.8495699999999994
0.8469899999999998
0.8475199999999998
0.8466199999999999
0.8471699999999994
0.8472499999999998
0.8482799999999997
0.8489799999999994
0.8491099999999999
0.8475499999999996
0.84997
0.8479799999999998
0.8478799999999999
0.8492699999999997
0.8481199999999997
0.8483099999999999
0.8472600000000001
0.8471699999999998
0.8487899999999999
0.8486599999999997
0.8475199999999997
0.8462099999999999
0.8466799999999995
0.8475099999999998
0.8496299999999996
0.84827
0.8483399999999996
0.8468499999999995
0.8445199999999996
0.8454799999999998
0.8458799999999992
0.8471199999999993
0.84828
0.8470499999999997
0.8501399999999991
0.8486799999999997
0.8478799999999994
0.8483699999999995
0.8492299999999995
0.8499199999999999
0.8487999999999998
0.8490699999999995
0.8485199999999996
0.8467399999999996
0.846229999999999
0.8476099999999999
0.8478899999999997
0.84847
0.8488000000000001
0.8471199999999999
0.8468299999999995
0.8480999999999994
0.84815
0.8499899999999997
0.8480499999999997
0.8463399999999998
0.8483299999999997
0.8488799999999997
0.8481199999999995
0.8479299999999995
0.8478399999999995
0.8462399999999998
0.8468299999999996
0.8458799999999994
0.8477599999999995
0.8481799999999993
0.8488799999999996
0.8474099999999997
0.8476199999999996
0.8475799999999997
0.8471699999999998
0.8454899999999995
0.8453799999999998
0.8460999999999997
0.8487599999999997
0.8495599999999993
0.8482399999999997
0.8468100000000001
0.8469099999999998
0.8497199999999994
0.8484499999999993
0.8500399999999996
0.8493499999999997
0.8494399999999994
0.8490099999999995
0.8506199999999997
0.8487199999999995
0.8493899999999995
0.8490399999999998
0.8477799999999998
0.8479199999999996
0.8477499999999993
0.8498299999999996
0.8490799999999998
0.8475699999999999
0.8476499999999995
0.8488099999999996
0.8488599999999998
0.8484899999999997
0.84754
0.8468099999999997
0.8481399999999998
0.8463299999999996
0.8483199999999995
0.8484399999999997
0.8466899999999998
0.8461799999999998
0.8463199999999997
0.8474899999999999
0.8473399999999998
0.8470199999999999
0.8467699999999997
0.8469599999999996
0.8477199999999999
0.8489699999999997
0.8487899999999997
0.8475899999999994
0.84817
0.8471499999999998
0.8464899999999997
0.8480899999999995
0.84774
0.8477399999999997
0.8469699999999999
0.8455599999999995
0.8466600000000001
0.8475999999999995
0.8472699999999997
0.8473300000000001
0.8468499999999999
0.8472999999999997
0.84694
0.84572
0.8475899999999994
0.8477399999999995
0.84624
0.8445799999999996
0.8474199999999995
0.8472999999999992
0.8470599999999996
0.8477900000000002
0.8478999999999995
0.8481099999999994
0.8479099999999994
0.8495799999999999
0.8469399999999999
0.8490799999999998
0.8484999999999991
0.8493699999999993
0.8477299999999999
0.85045
0.8481799999999998
0.84946
0.8488000000000001
0.8482599999999997
0.8466800000000001
0.8463299999999997
0.8477699999999999
0.8495099999999997
0.8489499999999995
0.8478899999999997
0.8473399999999994
0.8466099999999992
0.8484999999999997
0.8486399999999997
0.8481799999999993
0.8500199999999997
0.8485699999999997
0.8504499999999996
0.8493199999999993
0.8468699999999996
0.8471399999999996
0.8489799999999996
0.8486399999999993
0.8487099999999996
0.8487099999999999
0.8484499999999997
0.84863
0.8488499999999999
0.8490599999999996
0.8464799999999996
0.8467099999999996
0.84753
0.8493799999999991
0.84707
0.8484399999999996
0.8473599999999998
0.8475199999999995
0.8485299999999993
0.8468699999999996
0.84819
0.8482099999999998
0.8492899999999999
0.8485300000000001
0.8487499999999991
0.8462599999999993
0.8493400000000001
0.8492299999999997
0.8484199999999993
0.8471399999999994
0.8476699999999999
0.8487499999999997
0.8496999999999996
0.8471299999999999
0.8474699999999994
0.8491099999999995
0.8490199999999998
0.8499499999999994
0.8488099999999996
0.8477399999999998
0.8491999999999996
0.8458599999999997
0.8462999999999998
0.8487699999999997
0.8471599999999994
0.8483399999999996
0.8476599999999997
0.8482999999999996
0.8456499999999992
0.8479099999999997
0.8453800000000001
0.8472599999999997
0.84463
0.8463999999999998
0.8502399999999996
0.8483799999999995
0.8483999999999996
0.8473199999999992
0.8485199999999996
0.8457599999999995
0.8473399999999995
0.8477199999999996
0.8485799999999998
0.8486599999999999
0.8480799999999996
0.8472399999999998
0.8458299999999997
0.84774
0.8474899999999995
0.84792
0.8458199999999994
0.8467199999999994
0.8469299999999995
0.8452299999999998
0.8460499999999996
0.8453599999999996
0.8463499999999994
0.8475199999999998
0.8466699999999996
0.8478099999999997
0.8493899999999995
0.848
0.848839999999999
0.8490299999999997
0.8485499999999995
0.8485999999999995
0.8487899999999994
0.8484
0.8494299999999997
0.8473799999999998
0.8472500000000001
0.8488599999999994
0.8488700000000001
0.8514699999999994
0.8490199999999996
0.8509700000000002
0.84852
0.8484299999999999
0.8487699999999998
0.8482
0.8477299999999995
0.8467499999999998
0.8475999999999995
0.8494299999999997
0.8472599999999992
0.8489099999999996
0.8463499999999995
0.8469799999999996
0.8460799999999996
0.8461799999999998
0.8458899999999997
0.8475499999999994
0.8482600000000001
0.8470399999999998
0.8464
0.8472599999999997
0.8480399999999996
0.8483799999999997
0.8454599999999997
0.8490099999999998
0.8479499999999994
0.8491399999999995
0.8487799999999999
0.8492399999999999
0.8469099999999993
0.8477499999999998
0.8489799999999998
0.8478399999999998
0.84722
0.8467299999999999
0.8483099999999996
0.8474499999999991
0.8465099999999997
0.8476299999999998
0.8464399999999993
0.8460299999999998
0.8475899999999997
0.8475099999999999
0.8470200000000001
0.8490599999999998
0.8494399999999998
0.8456899999999997
0.8476999999999998
0.8467199999999997
0.8485699999999994
0.8493299999999999
0.8496699999999997
0.8491499999999997
0.8502399999999994
0.8485599999999995
0.8481099999999999
0.8473900000000002
0.8465299999999997
0.8471099999999997
0.8477499999999999
0.8483099999999992
0.8483399999999996
0.8486599999999995
0.8474299999999996
0.84785
0.8473599999999994
0.8489299999999994
0.8487699999999996
0.8460599999999997
0.8475499999999994
0.8486999999999993
0.84742
0.8485899999999993
0.8463999999999998
0.8472299999999994
0.8461999999999996
0.8478899999999993
0.8478299999999993
0.8477600000000001
0.8480499999999993
0.8482599999999995
0.8500299999999996
0.8513599999999993
0.8488399999999997
0.84906
0.8468299999999997
0.8463799999999995
0.8483399999999993
0.8479399999999996
0.8474799999999995
0.8482299999999998
0.8453499999999993
0.8465699999999999
0.8475399999999996
0.8480099999999995
0.8481499999999997
0.8471599999999995
0.8468699999999995
0.8472099999999999
0.8479499999999998
0.8482599999999997
0.8489499999999996
0.8478299999999999
0.8457999999999992
0.8465799999999991
0.8465999999999991
0.8472299999999997
0.8479099999999995
0.84592
0.8479099999999998
0.8496199999999997
0.8480699999999994
0.8488199999999998
0.8486300000000001
0.8503799999999998
0.8491199999999997
0.8479899999999994
0.8470100000000003
0.8453399999999998
0.8452899999999999
0.8466299999999995
0.8459599999999996
0.8463199999999995
0.8469199999999993
0.8464999999999993
0.8489599999999996
0.8480999999999996
0.84691
0.8458299999999999
0.8478599999999998
0.8466999999999998
0.8482199999999999
0.8493999999999997
0.8483999999999995
0.8482199999999998
0.8491699999999994
0.8500099999999995
0.8489199999999996
0.8487300000000001
0.8482099999999997
0.8478999999999995
0.8481299999999996
0.8490300000000001
0.8472899999999997
0.8487699999999994
0.8494599999999994
0.8492499999999997
0.8475600000000001
0.8470699999999998
0.8475899999999997
0.84906
0.84878
0.8491599999999998
0.8474099999999996
0.8489999999999996
0.8489499999999995
0.8479799999999996
0.8477699999999997
0.8468799999999989
0.8476599999999995
0.8480899999999995
0.8482399999999995
0.8498999999999997
0.8497399999999997
0.8488599999999994
0.84776
0.84698
0.84765
0.8468999999999997
0.8487300000000002
0.8489299999999996
0.84725
0.8460399999999997
0.8471899999999992
0.8473899999999999
0.8477699999999999
0.8463599999999991
0.8482299999999996
0.8495599999999996
0.8463599999999997
0.8474199999999995
0.8502699999999997
0.8495399999999997
0.8495499999999996
0.8498999999999997
0.8487999999999993
0.8498799999999997
0.8484199999999997
0.8479599999999996
0.8467499999999996
0.8473199999999999
0.8484799999999992
0.8480499999999997
0.8490899999999997
0.8495099999999998
0.8489299999999996
0.8490099999999993
0.8504599999999993
0.8479199999999995
0.8484799999999996
0.8490299999999992
0.8485399999999993
0.8467499999999998
0.8483299999999998
0.8466799999999997
0.8479799999999994
0.84744
0.8462099999999997
0.8469399999999997
0.846
0.8484699999999996
0.8471499999999997
0.8471
0.8504600000000001
0.84694
0.8489199999999997
0.8476799999999995
0.8470399999999997
0.8491899999999997
0.8470699999999995
0.8472499999999996
0.84693
0.8475099999999994
0.8473799999999991
0.8472099999999996
0.8472799999999998
0.8474899999999994
0.8472499999999998
0.8467299999999999
0.8468899999999999
0.8460900000000002
0.8444699999999997
0.8461999999999995
0.8480799999999996
0.8466600000000001
0.8467599999999997
0.8493699999999997
0.8481799999999994
0.8482099999999996
0.8481700000000002
0.8478099999999997
0.85015
0.8481099999999999
0.85049
0.8474099999999994
0.8483599999999994
0.8470799999999996
0.8487399999999994
0.8495699999999994
0.8484399999999996
0.8471799999999999
0.8488799999999996
0.8464899999999999
0.8470999999999994
0.8477599999999994
0.8492499999999995
0.8472599999999996
0.8469199999999997
0.8457899999999999
0.8465699999999999
0.848069999999999
0.8488199999999999
0.8470199999999996
0.8492000000000002
0.8488499999999998
0.8478399999999995
0.8487799999999998
0.8493099999999998
0.8485499999999999
0.8472999999999996
0.8456099999999992
0.8473999999999994
0.84626
0.8465599999999998
0.8472399999999998
0.8471799999999997
0.84958
0.8466499999999993
0.8480799999999998
0.8481099999999997
0.8499900000000001
0.8484999999999999
0.8461999999999997
0.8484800000000001
0.8487199999999997
0.8484599999999998
0.8491299999999998
0.8493999999999994
0.8511300000000002
0.8503799999999997
0.8498299999999993
0.8493499999999997
0.8491799999999995
0.8492299999999995
0.8474099999999999
0.8486099999999999
0.8485399999999998
0.8484099999999997
0.8493499999999996
0.84781
0.8485399999999998
0.8499499999999994
0.8487299999999997
0.8473899999999999
0.8463099999999999
0.8469800000000001
0.8484799999999999
0.8466899999999997
0.8484499999999998
0.8489199999999997
0.8482299999999996
0.8471399999999994
0.84588
0.8479299999999997
0.8487099999999996
0.8485699999999998
0.8478499999999998
0.8497099999999996
0.8480899999999998
0.8476399999999998
0.8475099999999998
0.8474399999999997
0.8464899999999997
0.8480999999999996
0.8480499999999993
0.8484199999999998
0.8459699999999997
0.8458599999999996
0.8489799999999998
0.8493099999999996
0.8471599999999998
0.8481899999999999
0.8478299999999999
0.8473999999999997
0.8473499999999998
0.8482399999999994
0.8501399999999997
0.8495299999999995
0.8483599999999999
0.8461599999999996
0.84671
0.8494299999999997
0.8466299999999997
0.8473299999999991
0.8468599999999994
0.8466499999999997
0.8455899999999995
0.8466299999999995
0.8480199999999996
0.8481100000000003
0.8471399999999997
0.8470099999999998
0.8484199999999997
0.8481299999999997
0.8480499999999997
0.848009999999999
0.8459199999999996
0.8471799999999994
