0.19999999999999962
0.8157499999999994
0.9184800000000007
0.9078200000000008
0.9092600000000003
0.9091500000000008
0.9087500000000004
0.9098200000000003
0.9095900000000001
0.9092999999999999
0.9079000000000005
0.9084300000000008
0.9070200000000002
0.9091400000000004
0.9090700000000005
0.9093000000000002
0.9068699999999998
0.9078400000000005
0.9089400000000003
0.9101299999999999
0.9095700000000002
0.9089000000000003
0.9086600000000006
0.9087700000000006
0.9084700000000006
0.9090800000000003
0.9078700000000004
0.9089699999999997
0.9091000000000001
0.9101300000000007
0.90901
0.9085900000000003
0.9082800000000008
0.9097000000000005
0.9078900000000003
0.90973
0.9083100000000006
0.9101
0.9088800000000005
0.9078200000000004
0.9111000000000002
0.9095000000000006
0.9096800000000003
0.9094100000000005
0.9096400000000002
0.9076100000000009
0.9105500000000005
0.9089100000000003
0.9094900000000007
0.9098500000000007
0.9096199999999999
0.9108400000000003
0.9082600000000005
0.9097500000000005
0.9080300000000002
0.9071700000000003
0.9080800000000007
0.90825
0.9097200000000002
0.9092500000000002
0.9081600000000006
0.9098500000000007
0.9105900000000006
0.9114599999999998
0.9101100000000004
0.9080300000000002
0.9088100000000003
0.9101700000000005
0.9080800000000003
0.9075300000000003
0.9105800000000002
0.9098100000000003
0.9101400000000001
0.9101800000000004
0.9082500000000003
0.9076400000000006
0.9080400000000003
0.9106400000000003
0.9074500000000002
0.9091000000000004
0.90828
0.9092900000000003
0.9089000000000003
0.9102200000000006
0.9085500000000002
0.9093000000000001
0.9092699999999998
0.9097300000000004
0.9098600000000006
0.9078200000000003
0.9101200000000003
0.9102300000000004
0.9083000000000004
0.9105800000000004
0.9080700000000005
0.9072500000000006
0.9085800000000006
0.9087800000000007
0.9106100000000005
0.9093300000000005
0.9100500000000005
0.9076900000000002
0.90978
0.9081000000000001
0.9093400000000003
0.9101
0.9088200000000005
0.9090400000000005
0.9090700000000002
0.9077399999999998
0.90923
0.9093600000000001
0.9095700000000002
0.9086000000000005
0.9081700000000004
0.9095400000000005
0.9081400000000002
0.9082600000000002
0.91018
0.9092000000000005
0.9065700000000004
0.90838
0.9087900000000007
0.9088200000000007
0.9080100000000004
0.9106400000000007
0.9081000000000005
0.9091499999999999
0.9095100000000003
0.9090800000000006
0.9089700000000006
0.9088600000000002
0.90853
0.9101000000000005
0.9078200000000004
0.9084200000000002
0.9087300000000005
0.9098900000000006
0.9095
0.9075200000000007
0.9094800000000005
0.9077500000000006
0.9099900000000004
0.90978
0.9076099999999999
0.9094100000000005
0.9083800000000004
0.9083000000000004
0.9095200000000007
0.90901
0.9080500000000005
0.9092100000000006
0.9094999999999998
0.9098400000000005
0.9081800000000005
0.90837
0.9103400000000008
0.90758
0.9083900000000004
0.9093300000000001
0.9076800000000006
0.9080900000000003
0.9090700000000007
0.9076100000000001
0.9090600000000006
0.9082200000000009
0.9088500000000005
0.9087800000000007
0.9076700000000002
0.9093800000000007
0.9087400000000003
0.9077400000000004
0.9094900000000002
0.9094200000000007
0.9102300000000002
0.9078400000000002
0.9081800000000002
0.9077100000000001
0.9084099999999999
0.9092600000000008
0.9104400000000006
0.9074800000000005
0.9084200000000006
0.9079600000000005
0.9080400000000007
0.9084900000000005
0.9089600000000004
0.9089300000000005
0.9073700000000003
0.9094100000000003
0.9104300000000005
0.9094200000000003
0.9091600000000004
0.9083400000000005
0.9102800000000003
0.9088700000000008
0.9106600000000001
0.9075800000000003
0.9079000000000004
0.9092300000000005
0.9100900000000004
0.9085100000000004
0.90978
0.9076200000000001
0.9109700000000006
0.907480000000001
0.9078000000000002
0.9084500000000003
0.9094499999999998
0.9089400000000001
0.9097600000000005
0.90897
0.9075300000000006
0.9103200000000004
0.9088200000000005
0.9072000000000002
0.9097400000000002
0.9082600000000004
0.9099000000000003
0.9080600000000005
0.9080300000000004
0.9096900000000003
0.9072100000000001
0.9093100000000003
0.9095700000000007
0.9094300000000003
0.9091300000000005
0.9097700000000009
0.9079000000000005
0.9081400000000002
0.9076300000000004
0.9103200000000007
0.9084599999999999
0.9086700000000004
0.9086500000000001
0.9088400000000008
0.9092600000000002
0.9083100000000005
0.9077800000000005
0.9079100000000005
0.9111600000000005
0.9076500000000002
0.9081500000000002
0.9083400000000004
0.9103300000000005
0.9073000000000004
0.9096800000000003
0.9091899999999998
0.9092200000000004
0.9088700000000003
0.9109200000000007
0.9093500000000005
0.9081100000000005
0.9099800000000002
0.9085500000000004
0.9087400000000005
0.9078100000000008
0.9090900000000004
0.9081200000000007
0.9109900000000001
0.9073100000000003
0.9092500000000004
0.9095100000000003
0.9110800000000003
0.9099700000000004
0.9095800000000004
0.9091600000000003
0.9097900000000007
0.9088300000000001
0.9074600000000003
0.910090000000001
0.9108400000000002
0.9094300000000003
0.9080200000000005
0.9087900000000007
0.9073600000000003
0.9090000000000005
0.9095400000000005
0.9093000000000002
0.9096300000000005
0.9081600000000007
0.9100400000000001
0.9098700000000002
0.9095999999999997
0.9103200000000007
0.9082600000000007
0.9104200000000001
0.9083900000000003
0.90949
0.9092900000000002
0.9068100000000006
0.9084
0.9092000000000001
0.9103100000000004
0.9091699999999997
0.9079900000000006
0.9089300000000002
0.9081300000000002
0.9092300000000004
0.9094800000000004
0.9090000000000003
0.9091500000000003
0.9073100000000008
0.9093300000000006
0.9094000000000005
0.9088400000000004
0.9088600000000008
0.9095200000000006
0.9097000000000004
0.90884
0.9094900000000001
0.9105900000000006
0.9082500000000002
0.90781
0.9101600000000007
0.9098300000000008
0.9083400000000001
0.9085500000000002
0.9096200000000002
0.9103200000000001
0.9102600000000003
0.9083700000000001
0.9087500000000004
0.9091800000000005
0.9096200000000004
0.9088700000000008
0.9112100000000004
0.9099600000000003
0.90795
0.9090300000000004
0.9093200000000005
0.9080600000000006
0.9091400000000002
0.9103900000000006
0.9093500000000003
0.9109200000000004
0.9088100000000001
0.9095000000000004
0.9080900000000003
0.9105000000000001
0.9093300000000007
0.9101900000000005
0.9081900000000008
0.90798
0.9083600000000008
0.9094400000000007
0.90941
0.9086900000000006
0.9080300000000004
0.9087900000000003
0.9087900000000004
0.9073900000000001
0.9090900000000006
0.9099500000000006
0.9087700000000002
0.9094200000000001
0.90943
0.9104100000000002
0.9073600000000003
0.9094800000000001
0.9112900000000005
0.9087600000000003
0.90865
0.9072500000000003
0.9109300000000004
0.9097100000000001
0.9081700000000009
0.9082000000000005
0.9083000000000002
0.9078000000000008
0.9092200000000007
0.9090300000000004
0.9107000000000004
0.9095400000000007
0.9105300000000005
0.9109600000000004
0.9098799999999998
0.9081300000000003
0.9087300000000001
0.9089500000000004
0.9085800000000005
0.9086900000000004
0.90893
0.9087200000000003
0.9094200000000002
0.9096
0.9085700000000003
0.9079600000000001
0.9103900000000001
0.9088999999999998
0.9082500000000006
0.9083200000000003
0.9066500000000005
0.90912
0.9091699999999995
0.9068000000000002
0.908140000000001
0.9103600000000003
0.9096100000000001
0.9084800000000003
0.9096300000000004
0.9075600000000005
0.9090800000000006
0.9099200000000007
0.9087100000000006
0.9092700000000002
0.90865
0.9093000000000008
0.9087600000000003
0.9100000000000006
0.9095800000000007
0.9089500000000004
0.9076700000000005
0.9101000000000004
0.9086600000000006
0.9089800000000003
0.9096900000000006
0.9085900000000002
0.9090600000000002
0.9096100000000006
0.9087199999999999
0.9093300000000002
0.9092200000000001
0.9081300000000003
0.9092799999999996
0.9102000000000003
0.9117400000000004
0.9074600000000004
0.9092200000000001
0.9065400000000006
0.9089200000000004
0.9081600000000006
0.9101100000000002
0.9082900000000005
0.9088100000000003
0.9096400000000001
0.9099900000000006
0.9081200000000001
0.9094100000000003
0.9101900000000006
0.9098100000000007
0.9098500000000006
0.9080500000000007
0.9089600000000001
0.9088
0.9087700000000004
0.9071000000000009
0.9103300000000004
0.9102700000000002
0.9096999999999998
0.9089800000000002
0.9090400000000004
0.9105200000000001
0.9090400000000003
0.9110700000000003
0.9088300000000002
0.9096700000000003
0.9088100000000001
0.9073400000000007
0.9092500000000004
0.9077399999999999
0.9091600000000003
0.9087099999999999
0.90978
0.9086900000000006
0.9094400000000006
0.9077200000000005
0.9085300000000005
0.9097400000000002
0.9101700000000005
0.9073400000000003
0.9106400000000002
0.9090100000000001
0.9100900000000006
0.909480000000001
0.9086900000000001
0.9098500000000004
0.9094600000000004
0.9092800000000001
0.9097200000000004
0.9098600000000002
0.9088300000000001
0.9075100000000005
0.90856
0.9092400000000004
0.9079200000000006
0.9089100000000001
0.9088500000000004
0.9097000000000003
0.9086200000000002
0.9086700000000004
0.9097400000000002
0.9084500000000005
0.9094099999999998
0.9104100000000005
0.91018
0.9102400000000006
0.9089100000000009
0.9090800000000004
0.91033
0.9090000000000004
0.9092500000000006
0.9089600000000004
0.9080000000000006
0.9098400000000006
0.9094000000000007
0.9094500000000002
0.9087000000000002
0.9092900000000003
0.9083500000000002
0.9074200000000003
0.908690000000001
0.9105199999999999
0.9082100000000005
0.9084799999999998
0.9086800000000007
0.9085900000000002
0.9083700000000003
0.909
0.9087400000000005
0.9099300000000002
0.9085800000000003
0.9094100000000005
0.9089600000000004
0.9099600000000005
0.9094000000000004
0.91039
0.9094300000000003
0.9083700000000003
0.9096500000000002
0.9090300000000008
0.9094300000000001
0.9091600000000003
0.9092100000000003
0.9081300000000005
0.9087500000000002
0.9089600000000001
0.9092900000000005
0.9095200000000009
0.911130000000001
0.908650000000001
0.9080000000000006
0.9095700000000012
0.9106100000000006
0.9088799999999995
0.9092200000000003
0.9092300000000003
0.9069600000000002
0.9111900000000006
0.9078900000000004
0.9085900000000002
0.9110900000000002
0.9088600000000006
0.9104800000000001
0.9086300000000004
0.9092700000000002
0.9090200000000003
0.9083100000000003
0.9078300000000007
0.9081900000000003
0.9078599999999999
0.9091000000000006
0.9093400000000004
0.9082900000000005
0.9098500000000003
0.9084900000000005
0.9088500000000002
0.9083700000000001
0.9096800000000006
0.9087200000000003
0.9096800000000005
0.9101500000000002
0.9093000000000001
0.9097300000000006
0.9083800000000002
0.9094400000000004
0.9103700000000003
0.9089100000000003
0.9081600000000006
0.9113200000000002
0.9084700000000002
0.9089400000000006
0.9092200000000007
0.9085200000000003
0.9087300000000001
0.9079600000000002
0.9092
0.9095300000000002
0.9085500000000009
0.9091100000000009
0.9082200000000004
0.9099400000000002
0.9104800000000004
0.9099800000000005
0.9094900000000006
0.9100800000000003
0.9102300000000006
0.9094600000000002
0.9101900000000006
0.9093400000000003
0.9087700000000001
0.9096600000000001
0.9074400000000001
0.9108800000000004
0.9084900000000006
0.9084100000000004
0.9087400000000005
0.9090000000000003
0.9091600000000005
0.9088799999999999
0.9096100000000001
0.9087300000000005
0.9093500000000004
0.9099400000000002
0.9110600000000006
0.9077300000000004
0.9087000000000007
0.9090100000000002
0.9095900000000003
0.9079599999999999
0.9076500000000003
0.9097500000000001
0.9105000000000003
0.9089499999999999
0.9088
0.9080800000000007
0.9083100000000006
0.9101600000000001
0.9102100000000003
0.9086800000000007
0.9084100000000003
0.9082300000000002
0.9069000000000002
0.9088100000000001
0.9089200000000001
0.9091800000000007
0.9095900000000003
0.9077900000000001
0.9086600000000001
0.9086600000000001
0.9097700000000004
0.9094600000000002
0.9084000000000008
0.9082700000000001
0.9092800000000005
0.9090900000000005
0.9085300000000004
0.9093700000000006
0.9082200000000005
0.9085200000000003
0.9115400000000002
0.9102900000000005
0.9103300000000007
0.9088800000000005
0.9094599999999998
0.9094400000000006
0.9088000000000005
0.9093800000000007
0.9085300000000001
0.9104100000000002
0.9094400000000005
0.9092600000000006
0.9084600000000003
0.9090800000000004
0.9087100000000008
0.90986
0.9093700000000005
0.9109900000000002
0.90893
0.9087200000000002
0.9079500000000003
0.9101700000000004
0.9090900000000007
0.9107300000000004
0.9086700000000002
0.9107800000000005
0.9102600000000005
0.9091400000000003
0.9089099999999999
0.9088200000000003
0.9084500000000003
0.9083500000000003
0.9085400000000002
0.9087200000000003
0.9081500000000001
0.9088600000000006
0.9098700000000001
0.9067500000000003
0.9081200000000003
0.9090900000000001
0.9095000000000006
0.9077000000000005
0.9091800000000003
0.9079900000000005
0.9098000000000007
0.908370000000001
0.9098900000000004
0.9085300000000004
0.9087600000000002
0.9097700000000006
0.9106900000000008
0.9100700000000004
0.9085600000000004
0.9104900000000008
0.9086600000000002
0.9104400000000001
0.9100700000000006
0.9076500000000006
0.9083100000000008
0.90683
0.9077100000000005
0.9095300000000002
0.9087800000000006
0.9104900000000005
0.9082900000000004
0.9094300000000005
0.9089900000000002
0.9092199999999999
0.9099100000000003
0.9087500000000004
0.9113400000000007
0.9096500000000002
0.9099600000000005
0.9082600000000001
0.9101000000000002
0.9093000000000007
0.9102000000000011
0.9100800000000001
0.9091000000000001
0.9104400000000007
0.9097899999999997
0.9082800000000004
0.9091899999999999
0.9110900000000005
0.9095300000000003
0.9086100000000001
0.9086200000000005
0.9093900000000005
0.9085800000000005
0.9095200000000004
0.9110100000000003
0.9093600000000005
0.9099200000000003
0.9108200000000005
0.9080700000000008
0.9096700000000003
0.9078999999999999
0.9080200000000002
0.9096100000000006
0.9082600000000005
0.9091600000000001
0.9084400000000004
0.9088900000000002
0.9084900000000004
0.9095200000000004
0.9077200000000003
0.9086500000000004
0.90971
0.9071500000000009
0.9079800000000007
0.9085600000000005
0.9083000000000009
0.9082200000000006
0.9080400000000002
0.9096500000000006
0.90878
0.9075400000000008
0.9092400000000004
0.9087200000000003
0.9113700000000005
0.9079400000000005
0.9080500000000005
0.9087200000000007
0.9087400000000008
0.9087100000000004
0.9102900000000004
0.9098700000000004
0.9088900000000004
0.9084000000000003
0.9104900000000004
0.9082100000000004
0.9084300000000006
0.9077800000000008
0.9089600000000005
0.9088000000000007
0.9089600000000001
0.9075400000000005
0.9099600000000007
0.9099400000000004
0.9083999999999999
0.9103900000000005
0.9094200000000002
0.9097100000000006
0.9103700000000005
0.9091300000000004
0.9088600000000003
0.9102900000000002
0.9081900000000002
0.9091300000000001
0.9080300000000008
0.9090100000000007
0.9086100000000004
0.9100300000000003
0.9075200000000003
0.9080900000000004
0.9099300000000002
0.9098100000000002
0.91176
0.9089000000000003
0.9071200000000004
0.9104400000000006
0.9097500000000008
0.9097100000000006
0.9092400000000004
0.9090400000000003
0.9094500000000003
0.9088100000000003
0.90869
0.9079900000000005
0.9088500000000002
0.9088300000000002
0.9094500000000002
0.9081700000000003
0.9106500000000003
0.9079600000000005
0.9072100000000003
0.9097000000000004
0.9092800000000001
0.9096700000000005
0.9092100000000001
0.9102900000000004
0.9080200000000004
0.9101800000000001
0.9093700000000006
0.9077200000000003
0.9087500000000004
0.9091200000000002
0.9096200000000004
0.9098000000000006
0.90795
0.9095300000000002
0.9080500000000005
0.9090200000000007
0.9094800000000004
0.9085000000000006
0.9098100000000002
0.9090600000000002
0.9094300000000003
0.9074800000000002
0.90913
0.9101399999999998
0.9091699999999997
0.9097100000000004
0.9095400000000005
0.9078600000000003
0.9080400000000002
0.9085300000000005
0.9092800000000001
0.90902
0.9084400000000004
0.9070500000000007
0.9093100000000007
0.9091600000000006
0.9079100000000002
0.9093800000000002
0.9083999999999998
0.9099200000000003
0.90876
0.9093700000000005
0.9089600000000008
0.9086500000000006
0.9103900000000005
0.9101900000000009
0.9085600000000004
0.9085800000000005
0.9091800000000003
0.9096600000000001
0.9090700000000003
0.91012
0.90945
0.9075200000000003
0.9088700000000003
0.9096100000000003
0.9084800000000003
0.9088300000000004
0.9093200000000001
0.9096000000000006
0.9076700000000005
0.9091200000000008
0.9091200000000009
0.9092200000000004
0.9086100000000001
0.9096400000000001
0.9100400000000001
0.9103100000000002
0.9090200000000002
0.9103100000000004
0.9085000000000004
0.908740000000001
0.9108300000000007
0.9088300000000001
0.9086200000000005
0.9081600000000003
0.9094000000000004
0.9081000000000005
0.9092700000000005
0.9105800000000001
0.9091799999999999
0.9082200000000007
0.9084699999999999
0.9084800000000003
0.9078799999999998
0.9082000000000003
0.9083900000000004
0.9081900000000008
0.9084800000000005
0.9092800000000005
0.9106700000000011
0.9090800000000001
0.9092300000000009
0.9097300000000006
0.9076700000000002
0.9086100000000005
0.9086700000000006
0.9092600000000008
0.9080700000000008
0.90945
0.9093700000000005
0.9073600000000003
0.909840000000001
0.9091000000000004
0.9082600000000007
0.9093100000000003
0.9087000000000006
0.9086099999999998
0.9084800000000004
0.9072100000000002
0.9090700000000005
0.9094900000000004
0.9087700000000004
0.9079300000000003
0.9106100000000003
0.9099000000000005
0.9097300000000007
0.9088000000000003
0.9070200000000007
0.9098300000000001
0.90884
0.91006
0.9090000000000004
0.9103500000000002
0.9082200000000004
0.9087500000000004
0.9090500000000002
0.9081500000000002
0.9084199999999999
0.9092000000000001
0.9088800000000002
0.9100600000000008
0.9083800000000001
0.9104800000000004
0.9084299999999998
0.90943
0.9096000000000004
0.9098800000000006
0.9096600000000002
0.9104300000000002
0.9081400000000002
0.9081500000000001
0.9096400000000004
0.9084000000000007
0.9091499999999999
0.9094700000000002
0.9092600000000004
0.9089300000000006
0.9098800000000006
0.9088500000000006
0.9078000000000003
0.9091900000000005
0.9088400000000005
0.9081900000000003
0.9092300000000008
0.9099100000000006
0.9086100000000004
0.9101500000000002
0.9098500000000008
0.9090100000000002
0.9079000000000002
0.9099700000000004
0.90856
0.9081900000000006
0.9079100000000007
0.9092800000000003
0.9096600000000004
0.9077600000000002
0.9101700000000004
0.9098900000000002
0.9075500000000002
0.9090600000000002
0.9092900000000002
