0.19999999999999962
0.3152399999999999
0.45065999999999995
0.5830199999999999
0.68624
0.7531600000000002
0.79682
0.8157300000000004
0.8243299999999998
0.8308000000000003
0.83419
0.83646
0.8362899999999996
0.8377899999999991
0.8385299999999998
0.8394699999999997
0.8361699999999997
0.8391199999999998
0.8365299999999997
0.8385299999999998
0.8387300000000001
0.8373899999999996
0.8380699999999993
0.8385699999999994
0.8396099999999995
0.8381699999999996
0.8387299999999996
0.8393299999999999
0.83878
0.8376099999999995
0.8401000000000001
0.8391599999999996
0.8397299999999995
0.8370099999999997
0.8383899999999997
0.8373600000000002
0.8353899999999996
0.8368199999999999
0.8370299999999995
0.8370499999999994
0.8370099999999999
0.8379099999999997
0.8377099999999996
0.8376199999999993
0.8383599999999997
0.8371199999999998
0.8368899999999998
0.8378599999999996
0.8365899999999996
0.8378699999999997
0.8389899999999997
0.83675
0.8367499999999994
0.8379000000000001
0.8380699999999999
0.8385499999999996
0.8386299999999999
0.8378199999999997
0.8390499999999996
0.8370200000000001
0.8369399999999998
0.8385199999999996
0.8372300000000001
0.8377899999999999
0.8371299999999999
0.8377899999999998
0.8397799999999996
0.8389799999999995
0.8385199999999999
0.8386699999999998
0.8383199999999998
0.8378399999999999
0.8354799999999999
0.8373899999999997
0.8375599999999994
0.8380599999999997
0.8371899999999992
0.8386699999999996
0.8378699999999993
0.8374900000000001
0.8394999999999996
0.8384899999999998
0.8385399999999997
0.8387099999999996
0.8407599999999996
0.8397599999999993
0.8389599999999997
0.8388899999999992
0.8388499999999994
0.8393099999999992
0.8386099999999996
0.8369199999999996
0.8392099999999998
0.8370899999999996
0.8360099999999997
0.8368199999999996
0.8371900000000002
0.83733
0.8381200000000004
0.8375799999999998
0.8383399999999996
0.8386699999999995
0.8374099999999999
0.8372099999999998
0.8392699999999995
0.8383599999999993
0.8384899999999996
0.8368899999999995
0.83663
0.8391499999999996
0.8369199999999992
0.8370499999999995
0.8368800000000001
0.8351199999999994
0.8363600000000002
0.8386099999999996
0.8390099999999998
0.83698
0.8367699999999999
0.8357099999999998
0.836469999999999
0.8365199999999993
0.8364000000000001
0.8378699999999997
0.8387599999999992
0.8382499999999996
0.8384299999999998
0.83953
0.8393599999999992
0.8414
0.8387299999999998
0.83786
0.8376299999999999
0.83658
0.8381099999999997
0.8393799999999996
0.8377499999999997
0.8387799999999994
0.8371200000000001
0.8371200000000001
0.8373699999999996
0.8352899999999996
0.83701
0.8390099999999996
0.8370099999999999
0.8392599999999995
0.8402200000000002
0.8406699999999995
0.8400699999999994
0.8377799999999996
0.8381499999999995
0.8379499999999998
0.8399899999999996
0.8400899999999997
0.8378899999999999
0.8366499999999999
0.8382299999999997
0.8374999999999997
0.8391199999999996
0.8371100000000001
0.8392999999999996
0.8373899999999997
0.8365699999999999
0.8380099999999999
0.8379699999999997
0.8362899999999998
0.8382099999999998
0.8379899999999998
0.8371099999999997
0.8390799999999997
0.8379099999999999
0.8393899999999997
0.8401
0.8407199999999995
0.8393099999999997
0.8398799999999995
0.8369799999999998
0.8384799999999997
0.8368699999999997
0.8363899999999994
0.83744
0.8379700000000001
0.8374200000000002
0.8403799999999998
0.8382599999999997
0.8377299999999994
0.8395499999999998
0.8383399999999994
0.8376899999999995
0.8371799999999997
0.8378999999999995
0.8378099999999995
0.8378899999999999
0.8376899999999996
0.8378499999999994
0.8375999999999998
0.8393900000000001
0.8384499999999997
0.8361099999999999
0.8362499999999994
0.8391799999999994
0.8377499999999998
0.8388899999999994
0.8394400000000001
0.8381599999999995
0.8373000000000002
0.8390799999999993
0.8385399999999994
0.8370099999999999
0.8384499999999997
0.8392999999999995
0.8388199999999998
0.8390799999999997
0.8389699999999994
0.8374599999999995
0.8375299999999997
0.8376299999999998
0.8380099999999999
0.8379599999999998
0.8369
0.8373199999999996
0.8366299999999999
0.8374699999999996
0.8384399999999999
0.83962
0.8392299999999995
0.8392699999999996
0.8377399999999996
0.8372299999999996
0.8374999999999995
0.8379099999999997
0.8394899999999997
0.8377599999999997
0.8374799999999997
0.8358199999999997
0.8370299999999995
0.8378599999999998
0.8370799999999996
0.8375799999999998
0.8381399999999998
0.8372299999999996
0.8389499999999995
0.8368099999999997
0.8376199999999998
0.8381299999999993
0.8404899999999996
0.8394699999999995
0.8394499999999998
0.8371899999999993
0.8382499999999993
0.8373999999999997
0.8377099999999993
0.83774
0.8394999999999995
0.8392999999999996
0.8385099999999995
0.8389799999999997
0.8396799999999996
0.8401599999999998
0.8395799999999999
0.8389899999999996
0.8378799999999995
0.8367799999999995
0.83916
0.83843
0.8385199999999997
0.8377199999999999
0.8363799999999997
0.8376399999999997
0.8362799999999996
0.8364600000000002
0.8391699999999999
0.8378700000000001
0.8371500000000001
0.8396600000000002
0.8385499999999998
0.8383899999999999
0.8381899999999998
0.8379799999999997
0.8370599999999996
0.8385199999999996
0.8399699999999997
0.8386299999999995
0.8374699999999994
0.83636
0.83689
0.8385699999999997
0.8385099999999993
0.8374799999999998
0.8374599999999998
0.8379499999999996
0.8385999999999996
0.8375799999999998
0.8380099999999996
0.8391699999999994
0.8389500000000002
0.8395699999999999
0.8395699999999998
0.8397499999999997
0.8397299999999999
0.83812
0.8384099999999997
0.8365199999999996
0.8395499999999998
0.8387699999999996
0.8383599999999997
0.8400699999999998
0.8377099999999997
0.8389699999999998
0.8383899999999993
0.8391399999999998
0.8386299999999999
0.8386799999999992
0.8402199999999997
0.8391600000000004
0.8380999999999993
0.8378099999999995
0.8367199999999996
0.8388999999999998
0.8402400000000001
0.83895
0.8400699999999997
0.83868
0.8376100000000001
0.8369499999999995
0.8390299999999997
0.8375799999999998
0.8379999999999999
0.8374499999999996
0.8373800000000002
0.8385099999999999
0.8366599999999998
0.8375400000000001
0.8373499999999993
0.8376599999999995
0.8379799999999997
0.8370699999999995
0.8366699999999996
0.8391099999999997
0.8376199999999996
0.8350799999999995
0.8362800000000002
0.8379000000000001
0.83816
0.8388099999999996
0.8376699999999997
0.8374799999999999
0.8383999999999996
0.8393
0.8381800000000001
0.8378700000000002
0.8375999999999999
0.8381399999999997
0.8391299999999994
0.8388199999999993
0.8394499999999997
0.8368199999999999
0.8379499999999992
0.8370799999999997
0.8385799999999999
0.8390799999999993
0.8389899999999997
0.8376599999999995
0.8368299999999995
0.8382199999999997
0.8365199999999995
0.83561
0.8385599999999998
0.8392299999999997
0.8371299999999998
0.8368099999999995
0.8378999999999995
0.8378999999999998
0.8372699999999993
0.8393499999999997
0.8382999999999994
0.8377599999999994
0.8393299999999995
0.83856
0.83966
0.8391099999999997
0.8390099999999994
0.8379599999999994
0.8396199999999997
0.8380099999999996
0.8358999999999994
0.8366399999999997
0.8366099999999997
0.8358399999999996
0.8371199999999999
0.8388399999999996
0.8375500000000001
0.8386100000000001
0.8395199999999993
0.8388500000000001
0.8377999999999998
0.8385199999999997
0.8388899999999998
0.8406799999999995
0.8384299999999999
0.8375500000000001
0.8385699999999994
0.8378499999999994
0.8368199999999999
0.8370699999999993
0.8361999999999996
0.8369
0.8395099999999993
0.8368499999999996
0.8377799999999995
0.83788
0.8377299999999999
0.83731
0.8364000000000001
0.8346899999999999
0.8361599999999999
0.8363299999999997
0.8371899999999998
0.8394799999999996
0.8389199999999997
0.8391399999999993
0.8372299999999991
0.8377799999999992
0.8365299999999999
0.8371099999999995
0.8395999999999998
0.8376199999999995
0.8359799999999996
0.8371299999999995
0.8383599999999997
0.83976
0.8380200000000001
0.8394099999999999
0.8377399999999996
0.8387899999999998
0.8384699999999996
0.8380199999999998
0.8374499999999999
0.8367699999999995
0.8361800000000001
0.8368299999999996
0.8384399999999995
0.8377700000000003
0.8382399999999995
0.8390499999999997
0.83709
0.8358199999999998
0.8387499999999999
0.8378599999999992
0.8366899999999995
0.8367499999999995
0.8354100000000001
0.8372199999999999
0.8381699999999997
0.8364899999999998
0.8365299999999998
0.8380299999999998
0.8383899999999994
0.8385699999999998
0.8392599999999995
0.8386800000000004
0.8363199999999997
0.83663
0.8365900000000004
0.8369699999999998
0.8360799999999997
0.8383799999999998
0.8373999999999997
0.8380799999999996
0.8386299999999995
0.8395999999999999
0.8399400000000002
0.8376899999999998
0.83884
0.8375999999999998
0.8383399999999996
0.8410299999999998
0.83968
0.8380000000000001
0.8368299999999996
0.8363499999999995
0.8370799999999999
0.8375699999999995
0.8386199999999999
0.8377
0.8374699999999997
0.8390899999999999
0.8393199999999997
0.8374499999999996
0.8389199999999997
0.8370099999999993
0.8377300000000005
0.8376799999999998
0.8376899999999996
0.8381900000000002
0.8383899999999999
0.8386500000000001
0.8377199999999999
0.8394799999999996
0.8364100000000001
0.8359399999999992
0.8363099999999999
0.8361999999999995
0.8347499999999998
0.8361499999999998
0.8376799999999998
0.8388499999999994
0.83893
0.8392699999999996
0.8383299999999996
0.8379899999999998
0.8376799999999995
0.8379799999999996
0.8387399999999997
0.83989
0.8400799999999995
0.8390599999999999
0.8402999999999997
0.8396599999999994
0.8371499999999997
0.8391099999999996
0.8370499999999994
0.8375999999999997
0.8379699999999999
0.8383099999999999
0.8372499999999996
0.8377399999999998
0.8377699999999996
0.8382
0.8365699999999998
0.8380199999999995
0.8371199999999996
0.8399199999999994
0.8385799999999998
0.8374399999999995
0.8381599999999995
0.8386599999999997
0.83502
0.8348299999999997
0.8339300000000002
0.8359699999999998
0.8381199999999999
0.8382099999999998
0.8391100000000002
0.8385599999999998
0.83773
0.8385099999999998
0.8385199999999997
0.8379499999999999
0.8362399999999997
0.83813
0.8398099999999996
0.83804
0.8387599999999997
0.8368599999999995
0.8350500000000001
0.8357999999999995
0.8364299999999996
0.8379400000000002
0.8382200000000001
0.8370999999999994
0.83863
0.8392499999999997
0.8370899999999999
0.8360500000000002
0.8378399999999996
0.8371199999999996
0.8374900000000001
0.8365699999999996
0.8362300000000004
0.83684
0.8362599999999997
0.8369999999999999
0.8384399999999999
0.8382500000000002
0.8376599999999997
0.8377799999999997
0.8385599999999996
0.8375299999999991
0.83509
0.8367599999999995
0.8362499999999997
0.8366999999999993
0.8380499999999997
0.8402199999999997
0.8375999999999995
0.8369899999999997
0.8378299999999997
0.8371099999999998
0.8390099999999997
0.8408299999999995
0.8393699999999998
0.8385999999999997
0.8385900000000001
0.83817
0.8384600000000002
0.8377099999999998
0.83812
0.8381899999999995
0.8395399999999998
0.8400099999999995
0.8387499999999999
0.8380199999999999
0.8369299999999998
0.8371600000000001
0.8395999999999997
0.8372199999999996
0.8377199999999998
0.8382200000000001
0.8395899999999996
0.83978
0.8395899999999998
0.8392399999999997
0.8373099999999993
0.8388399999999995
0.8366399999999996
0.83545
0.83609
0.8372699999999998
0.8395399999999995
0.8371700000000001
0.83782
0.8360799999999995
0.8363099999999993
0.8388699999999997
0.8390899999999994
0.8373799999999995
0.8364699999999998
0.8380799999999996
0.8370099999999997
0.8384099999999995
0.8375100000000001
0.8370200000000001
0.8363399999999998
0.8374099999999999
0.8372599999999996
0.8379799999999997
0.8361999999999996
0.83584
0.8353099999999999
0.8349499999999997
0.8342899999999994
0.8368899999999999
0.8388599999999995
0.8370299999999995
0.83689
0.8376999999999996
0.83809
0.8377000000000002
0.8380099999999999
0.8375099999999995
0.83832
0.8402199999999996
0.8410799999999999
0.8394299999999998
0.8388699999999994
0.8371899999999997
0.8380299999999995
0.8375699999999998
0.8368299999999997
0.8371699999999995
0.8351800000000001
0.8376799999999995
0.8371899999999997
0.8379599999999996
0.8364799999999997
0.83632
0.8375299999999997
0.8367599999999996
0.8377999999999999
0.83628
0.8383799999999995
0.8400099999999998
0.8393199999999997
0.8390499999999996
0.8399899999999996
0.8387899999999996
0.8388699999999997
0.8384799999999999
0.8398999999999996
0.8400899999999999
0.8371199999999994
0.8385699999999996
0.8383999999999995
0.8377899999999999
0.8350999999999997
0.8366699999999994
0.8377199999999998
0.8363699999999997
0.8386499999999996
0.83672
0.8370599999999997
0.8376799999999994
0.83884
0.8374599999999995
0.836699999999999
0.8379299999999997
0.8375699999999995
0.8366999999999994
0.8387199999999997
0.8384900000000001
0.8396399999999997
0.8390599999999994
0.8395899999999997
0.8387099999999995
0.8396499999999999
0.8371299999999998
0.8398799999999995
0.8386599999999997
0.8372699999999997
0.8357099999999998
0.8363499999999995
0.8361399999999999
0.8358799999999996
0.8354799999999996
0.8373999999999994
0.8355499999999999
0.83771
0.8385699999999996
0.8377599999999995
0.8385100000000003
0.84053
0.8378899999999997
0.8372999999999999
0.8383599999999997
0.8384699999999996
0.8362600000000004
0.8378500000000001
0.8384399999999994
0.8402399999999999
0.8391199999999995
0.8373099999999991
0.8393399999999996
0.8378699999999999
0.8369399999999995
0.8379399999999998
0.8381199999999999
0.8392099999999998
0.8363499999999991
0.8366799999999993
0.8377900000000001
0.8379699999999999
0.8391500000000001
0.8401699999999999
0.8399499999999999
0.8380799999999998
0.8389599999999997
0.8384999999999997
0.8390099999999997
0.8375900000000002
0.8376399999999995
0.8373899999999996
0.8381899999999995
0.8383699999999997
0.83765
0.83624
0.8367099999999997
0.8348499999999998
0.8361699999999996
0.8378499999999992
0.8384299999999996
0.8384499999999996
0.8379899999999995
0.8377399999999993
0.8353399999999997
0.8356499999999996
0.8368499999999996
0.8368100000000002
0.83632
0.8377099999999997
0.8382699999999997
0.8365099999999999
0.8377999999999994
0.8370199999999997
0.8364399999999993
0.8352899999999995
0.8336299999999998
0.8342
0.8365299999999997
0.8375599999999993
0.8363499999999998
0.8383699999999997
0.8399699999999994
0.8376099999999996
0.8391299999999997
0.8389400000000002
0.8383700000000002
0.8381799999999993
0.83878
0.8392199999999995
0.8398299999999999
0.8392699999999997
0.8374300000000002
0.83883
0.8375799999999992
0.8360199999999998
0.8375799999999997
0.83811
0.8382500000000003
0.8392799999999997
0.8361999999999994
0.8367099999999994
0.8360499999999995
0.8359699999999997
0.83733
0.83656
0.8389199999999996
0.8370699999999995
0.83844
0.8361700000000001
0.8378999999999998
0.8370399999999993
0.8399199999999998
0.8378799999999995
0.8405999999999999
0.83819
0.8374699999999994
0.8382499999999996
0.8378999999999992
0.8374799999999999
0.8384999999999997
0.8389600000000003
0.8383999999999999
0.8384299999999999
0.8402599999999998
0.8384599999999998
0.8371399999999997
0.83782
0.8379199999999991
0.8388999999999995
0.8390199999999998
0.8373299999999996
0.8364100000000001
0.8361499999999993
0.8367299999999999
0.8386499999999998
0.8366199999999996
0.8383399999999998
0.8365
0.8369199999999997
0.8380799999999999
0.8370499999999997
0.83627
0.8377500000000001
0.8378499999999999
0.83717
0.8377899999999999
0.83699
0.8359300000000002
0.8375600000000002
0.8379899999999999
0.8373699999999996
0.8387099999999998
0.8359699999999995
0.8377899999999996
0.8377899999999994
0.8388800000000001
0.8383199999999995
0.8384899999999996
0.83816
0.8376299999999994
0.8391599999999997
0.8378100000000002
0.8385299999999998
0.8388599999999997
0.8373499999999998
0.83539
0.83799
0.8368800000000001
0.8381000000000001
0.8385499999999999
0.8384799999999994
0.8377900000000001
0.83864
0.8378399999999998
0.8377099999999996
0.8355
0.8377999999999999
0.8377199999999995
0.8382399999999997
0.8388699999999996
0.8388299999999995
0.8374399999999997
0.83825
0.8368699999999997
0.8367199999999998
0.8368699999999997
0.8368799999999997
0.8381499999999997
0.8371499999999997
0.8376999999999996
0.8392399999999997
0.84005
0.8383099999999999
0.8385599999999992
0.8394799999999996
0.8391299999999997
0.8373599999999998
0.8383799999999997
0.8396199999999997
0.8400599999999995
0.8396099999999993
0.8399899999999997
0.8390299999999995
0.8374099999999999
0.8365
0.8395199999999998
0.8394599999999997
0.8375899999999997
0.8386499999999993
0.8381099999999994
0.8377299999999996
0.8348000000000002
0.8351299999999998
0.8359999999999994
0.8366699999999995
0.8355599999999996
0.8367599999999998
0.8379599999999996
0.8378499999999995
0.83917
0.8380199999999997
0.8377499999999998
0.8394499999999997
0.8383399999999994
0.83797
0.8378999999999999
0.8368899999999994
0.8365600000000002
0.8389099999999996
0.8403299999999999
0.8396899999999999
0.8372899999999998
0.8363599999999997
0.83719
0.83658
0.8361599999999997
0.8363199999999997
0.8362500000000002
0.8369899999999998
0.8380299999999995
0.8372800000000002
0.8375199999999994
0.8362899999999996
0.8361699999999997
0.8366999999999996
0.8356200000000001
0.8376299999999999
0.8383399999999999
0.83679
0.83603
0.8377299999999996
0.8386999999999998
0.8378899999999995
0.8381599999999995
0.8391599999999998
0.8402099999999999
0.8384399999999996
0.8359599999999996
0.8354099999999997
0.8391599999999996
0.8386499999999999
0.8368799999999996
0.8372299999999996
0.8372499999999998
0.8361899999999999
0.8377599999999997
0.8383799999999998
0.8377299999999995
0.8377699999999996
0.8383499999999995
0.8375100000000001
0.83461
0.8364
0.8371000000000002
0.8381499999999997
0.8381899999999995
0.8380599999999994
0.8378899999999999
0.84052
0.8404199999999995
0.8406099999999996
0.8385699999999996
0.8381599999999998
0.8359399999999998
0.8391799999999995
0.8406699999999997
0.8388500000000003
0.8395099999999998
0.8389399999999995
0.8385499999999999
0.8404899999999996
0.8387199999999995
0.8380299999999998
0.8388299999999999
0.8372299999999996
0.8378799999999997
0.8388199999999995
0.8399399999999996
0.8398299999999997
