0.19999999999999962
0.43168
0.6899499999999997
0.83404
0.87371
0.8865199999999998
0.8868799999999999
0.8892400000000006
0.8880400000000005
0.8886000000000004
0.8896800000000004
0.8900400000000005
0.8885600000000007
0.8899800000000007
0.8881
0.8899900000000005
0.8898500000000001
0.8899600000000005
0.8884100000000005
0.8882599999999998
0.8879500000000004
0.8889200000000003
0.8879500000000001
0.8886000000000002
0.8882200000000005
0.8875800000000004
0.8883200000000001
0.8893899999999999
0.8873900000000003
0.8895900000000005
0.8888500000000001
0.8890200000000005
0.8894100000000001
0.8905500000000004
0.8890700000000001
0.8897699999999997
0.8897000000000002
0.8888300000000006
0.8889200000000003
0.8873600000000001
0.88869
0.8890900000000005
0.8895900000000002
0.8897200000000004
0.8900199999999997
0.8874200000000002
0.88854
0.887480000000001
0.8885800000000001
0.8884000000000003
0.8896600000000002
0.8907400000000004
0.8897600000000001
0.8885800000000001
0.8888200000000004
0.8883000000000003
0.89058
0.8882000000000005
0.88866
0.8896900000000005
0.8882800000000003
0.8897700000000007
0.8868300000000005
0.888
0.8892299999999997
0.8895300000000002
0.8888700000000004
0.8887100000000006
0.8905299999999999
0.8891500000000004
0.8880800000000006
0.8876400000000007
0.8887800000000005
0.8896300000000007
0.89018
0.88813
0.8893100000000003
0.8890299999999997
0.88819
0.8869700000000001
0.8890300000000003
0.8879200000000003
0.8890200000000001
0.8877799999999999
0.8865100000000004
0.8894999999999998
0.8876100000000001
0.8903299999999998
0.88945
0.8891500000000004
0.8902800000000006
0.8887800000000002
0.8888300000000006
0.8894200000000005
0.88926
0.8898700000000004
0.8885600000000001
0.8882000000000005
0.8882400000000007
0.8906500000000002
0.8876400000000001
0.8867600000000004
0.8881800000000003
0.8890200000000003
0.8889800000000005
0.8891900000000001
0.8889400000000001
0.8881600000000002
0.8894800000000005
0.8895800000000006
0.8885700000000003
0.8888000000000004
0.8909000000000007
0.8889700000000001
0.8871500000000003
0.8882800000000004
0.8889200000000007
0.8885200000000001
0.8891100000000002
0.8876600000000009
0.8902300000000005
0.8879300000000004
0.8885000000000001
0.8867000000000005
0.88882
0.8891800000000005
0.88969
0.8882700000000002
0.8895300000000009
0.8887600000000004
0.88858
0.8890600000000002
0.8888399999999999
0.8901200000000005
0.8875500000000003
0.8884000000000003
0.8872799999999998
0.8895300000000003
0.8882500000000002
0.8889300000000006
0.88997
0.8899400000000002
0.8900800000000005
0.8891500000000007
0.8889600000000004
0.8884600000000004
0.8873200000000006
0.8885000000000002
0.8886400000000001
0.8903000000000004
0.8906000000000001
0.8895500000000002
0.8891300000000002
0.8907600000000003
0.8891999999999999
0.8897100000000004
0.8883400000000004
0.8869800000000005
0.8863500000000005
0.8880900000000004
0.8868900000000001
0.8896900000000008
0.88739
0.8893000000000009
0.8864500000000001
0.8882899999999999
0.8882900000000004
0.8881800000000005
0.88652
0.8865899999999998
0.8883000000000004
0.8900200000000001
0.8894100000000001
0.88841
0.8896300000000003
0.8892600000000005
0.8876900000000002
0.88796
0.88851
0.8889000000000001
0.8884500000000003
0.8889700000000008
0.8888700000000003
0.8893500000000003
0.88732
0.8877500000000006
0.8862700000000006
0.8895400000000002
0.8890100000000004
0.8887400000000001
0.8881700000000008
0.8882800000000006
0.8878
0.8887900000000005
0.88889
0.8903700000000009
0.8897000000000004
0.88958
0.8882100000000002
0.8891400000000003
0.8907900000000006
0.8905400000000001
0.8898600000000004
0.88975
0.8878100000000003
0.8891600000000003
0.8870600000000003
0.8900200000000003
0.8880100000000003
0.8889900000000002
0.8881000000000006
0.8884500000000003
0.8903000000000002
0.8904500000000003
0.88814
0.8887300000000004
0.8895299999999999
0.8906300000000007
0.8881100000000006
0.8906900000000008
0.8895000000000003
0.8902300000000004
0.8898600000000002
0.8884599999999998
0.8895400000000003
0.8898799999999999
0.8890800000000005
0.8896200000000006
0.8899100000000003
0.8878100000000004
0.8888000000000004
0.8894500000000004
0.8889100000000003
0.8896700000000003
0.8893200000000003
0.88752
0.8901500000000003
0.8900500000000002
0.8886800000000008
0.8859600000000002
0.8888800000000004
0.8893399999999997
0.8892300000000002
0.8898600000000007
0.8893600000000004
0.8887500000000003
0.89022
0.8895700000000004
0.8890400000000003
0.8873899999999999
0.8861900000000003
0.8891100000000007
0.8882000000000002
0.8894900000000001
0.8875500000000004
0.8903100000000004
0.8882899999999999
0.8905700000000002
0.8903400000000006
0.8890000000000002
0.88964
0.8878600000000002
0.8875399999999999
0.8886300000000005
0.8892400000000006
0.8892200000000003
0.8873800000000006
0.88741
0.8870800000000005
0.8878700000000004
0.8884200000000001
0.8882199999999999
0.8887599999999999
0.8882600000000006
0.8907200000000001
0.8892500000000005
0.8889200000000003
0.8886500000000003
0.8882100000000002
0.8893200000000006
0.8911
0.8885300000000005
0.8868600000000003
0.8882099999999999
0.88952
0.8894300000000004
0.8884699999999998
0.8892399999999999
0.8890699999999998
0.8879400000000003
0.8898300000000002
0.8897200000000004
0.8907700000000005
0.8911000000000002
0.8879800000000003
0.8883300000000003
0.8901500000000001
0.8886400000000003
0.8891400000000003
0.8881700000000003
0.88945
0.8881400000000003
0.8890000000000002
0.8889800000000004
0.8883599999999998
0.8877600000000008
0.8885200000000002
0.8878900000000003
0.8895400000000003
0.8876500000000006
0.8877000000000005
0.8895700000000007
0.8874800000000004
0.8889400000000006
0.8882599999999999
0.8881600000000006
0.8887599999999998
0.8884300000000002
0.8888100000000003
0.8887400000000006
0.8887400000000002
0.8883900000000001
0.8880200000000005
0.8891300000000001
0.88936
0.8884900000000002
0.8887899999999999
0.8879600000000003
0.8882600000000003
0.8887800000000001
0.8860800000000002
0.8898199999999998
0.8894700000000003
0.8904100000000003
0.8885599999999999
0.8896200000000004
0.8881900000000006
0.8885500000000008
0.88909
0.8886600000000004
0.88861
0.8871799999999997
0.8884000000000004
0.8903200000000002
0.8904600000000003
0.8893400000000001
0.8899000000000007
0.8879800000000002
0.8894500000000001
0.88925
0.8873100000000004
0.8892400000000005
0.8882400000000001
0.8886700000000007
0.8880000000000001
0.890280000000001
0.8883100000000005
0.8882499999999999
0.8896300000000003
0.8892100000000005
0.8878700000000002
0.8890000000000002
0.8872300000000004
0.8881200000000001
0.8887500000000004
0.8888600000000004
0.8894400000000003
0.8880200000000004
0.8883500000000006
0.8875100000000006
0.8885200000000004
0.8900800000000005
0.8887000000000004
0.8884900000000002
0.8874100000000006
0.8905900000000005
0.8886600000000002
0.8887100000000002
0.88812
0.8896700000000003
0.8900600000000003
0.8896199999999999
0.8882300000000002
0.8898000000000005
0.8889900000000007
0.8887400000000005
0.8891099999999998
0.8876700000000004
0.8893700000000002
0.8877200000000002
0.8867700000000004
0.8887100000000003
0.8883600000000004
0.8893200000000009
0.8877600000000001
0.88791
0.88894
0.8875400000000003
0.89008
0.8883700000000004
0.8866700000000003
0.88861
0.8890900000000004
0.8904000000000002
0.8909000000000006
0.8890300000000004
0.88863
0.8879100000000002
0.8887800000000002
0.8873000000000002
0.8889000000000006
0.88901
0.8882300000000001
0.8888100000000001
0.8886000000000002
0.8893900000000005
0.8888400000000002
0.8898500000000006
0.88878
0.8881300000000004
0.8884400000000003
0.88886
0.8892900000000004
0.8893300000000002
0.8887100000000006
0.8882200000000001
0.8893399999999997
0.8900600000000003
0.8887100000000003
0.8897800000000007
0.8890000000000003
0.8881400000000008
0.8894500000000002
0.8866900000000005
0.8878700000000006
0.8878900000000006
0.8877100000000004
0.8892900000000006
0.8900400000000005
0.8889000000000007
0.8891400000000005
0.8892799999999998
0.8883800000000006
0.8878900000000003
0.8902800000000002
0.8878200000000007
0.8882300000000005
0.8896700000000004
0.8899200000000002
0.8884700000000002
0.8884800000000004
0.8892200000000001
0.88729
0.8906000000000006
0.8887600000000004
0.8889699999999998
0.8897200000000005
0.8895200000000003
0.8871300000000006
0.8874600000000002
0.8889900000000004
0.8894800000000004
0.8880300000000004
0.8895600000000005
0.8881900000000005
0.8881900000000005
0.8907400000000006
0.8890200000000001
0.8876400000000005
0.8891700000000009
0.8873400000000002
0.8867300000000004
0.8909200000000003
0.8887100000000003
0.8883699999999999
0.8881000000000004
0.8882100000000003
0.8911600000000003
0.8881200000000002
0.8865900000000002
0.8877600000000002
0.8888400000000005
0.8884100000000007
0.8890500000000003
0.8897300000000007
0.8895400000000001
0.8881200000000001
0.8890000000000005
0.8883400000000005
0.8887700000000003
0.8888300000000008
0.8889699999999999
0.8880300000000002
0.8883600000000004
0.8892500000000001
0.8888900000000004
0.8898000000000001
0.8895700000000005
0.8855600000000007
0.8884400000000001
0.8879200000000003
0.8881900000000005
0.8886500000000003
0.8894500000000007
0.8885400000000004
0.8877300000000002
0.8887800000000002
0.8894400000000005
0.8884400000000003
0.89003
0.8878000000000001
0.8882900000000004
0.8891900000000003
0.8884200000000005
0.8898200000000007
0.8888400000000005
0.88854
0.8890600000000002
0.8896200000000004
0.8886900000000001
0.8893700000000001
0.8878200000000003
0.8891800000000005
0.888
0.8879900000000006
0.8890000000000005
0.8884500000000002
0.8883300000000004
0.8884700000000005
0.8907000000000003
0.8887700000000004
0.8881000000000008
0.8890400000000007
0.8886200000000004
0.8886000000000007
0.8905100000000004
0.89045
0.8903800000000005
0.8896900000000003
0.8894900000000006
0.8891500000000003
0.8866100000000001
0.8888100000000001
0.8884400000000003
0.8883700000000009
0.8894899999999999
0.8893200000000001
0.8885200000000004
0.8898299999999999
0.88801
0.8868600000000001
0.8882599999999999
0.88676
0.8885600000000002
0.8886800000000002
0.89006
0.8882100000000003
0.8887700000000005
0.8880400000000005
0.8882799999999997
0.8886000000000006
0.8892500000000001
0.8880500000000002
0.8876000000000002
0.8888900000000005
0.8895300000000002
0.8873500000000001
0.8888800000000003
0.8892500000000004
0.8890200000000005
0.8909100000000001
0.88878
0.8886300000000006
0.8891700000000001
0.8891600000000005
0.8894300000000002
0.8889400000000003
0.8887100000000001
0.8894900000000001
0.8889900000000002
0.8896600000000001
0.88715
0.8876700000000001
0.8877900000000004
0.88944
0.8901900000000004
0.8903299999999998
0.8910600000000005
0.88866
0.8887499999999998
0.8893400000000007
0.8892100000000001
0.8884199999999999
0.8876400000000002
0.8890000000000009
0.88889
0.8900300000000001
0.8887300000000004
0.8875800000000004
0.8876700000000005
0.8892200000000001
0.8893100000000004
0.8879400000000001
0.8895200000000004
0.8903100000000004
0.8890700000000001
0.8883400000000004
0.8892299999999999
0.8886600000000006
0.8899800000000004
0.8878800000000002
0.8905500000000006
0.8904600000000005
0.8894900000000007
0.8900200000000004
0.8885800000000001
0.8883600000000003
0.8903400000000006
0.88843
0.8906600000000005
0.8892300000000006
0.8894300000000003
0.8893300000000001
0.8880500000000003
0.8881600000000003
0.8880000000000002
0.8888700000000004
0.8879600000000001
0.88794
0.8874400000000005
0.8884600000000005
0.8886900000000004
0.89004
0.88719
0.8893799999999997
0.8880500000000007
0.8876500000000004
0.8877100000000001
0.8884000000000002
0.8886099999999999
0.8907600000000001
0.8894800000000006
0.8892700000000004
0.8889400000000003
0.8893100000000004
0.8886200000000004
0.8894900000000001
0.8894500000000005
0.8889700000000006
0.8896400000000004
0.8885400000000001
0.8887100000000006
0.8888900000000003
0.8873100000000004
0.8889600000000004
0.8883600000000004
0.8878700000000006
0.8884800000000002
0.8890500000000006
0.8900200000000007
0.8907800000000006
0.8876200000000003
0.8891699999999999
0.89028
0.8901300000000003
0.8887400000000005
0.8888000000000003
0.8905600000000001
0.8874500000000003
0.8888400000000007
0.8882100000000004
0.8879600000000007
0.8897900000000001
0.8900500000000002
0.8894399999999999
0.8892400000000004
0.8892599999999998
0.8900800000000005
0.8894299999999999
0.8872000000000005
0.8893100000000003
0.8889200000000005
0.8893900000000002
0.8886100000000003
0.8872100000000003
0.8904400000000003
0.8871700000000005
0.8903299999999998
0.8882000000000001
0.8883900000000001
0.8885800000000005
0.8898099999999998
0.8882400000000004
0.88934
0.8890500000000005
0.8884100000000005
0.8891600000000004
0.8909299999999998
0.8893900000000003
0.8890700000000002
0.8887300000000004
0.8879900000000002
0.8907200000000004
0.8893700000000004
0.8891399999999996
0.8893400000000002
0.8876600000000002
0.8873100000000003
0.88949
0.8879300000000001
0.8885000000000002
0.8898800000000001
0.8885500000000005
0.8889400000000002
0.8888400000000002
0.8873200000000004
0.8894300000000004
0.8895600000000004
0.8893100000000003
0.8901800000000003
0.8892100000000005
0.8890700000000004
0.8881000000000001
0.8884000000000003
0.8888600000000002
0.8884700000000008
0.8908000000000001
0.8882100000000002
0.8882200000000005
0.8892300000000006
0.8905700000000004
0.8901000000000003
0.8883400000000006
0.8873100000000004
0.8890600000000002
0.8876800000000001
0.88857
0.8888000000000003
0.8897600000000007
0.8901300000000001
0.8889100000000002
0.8885800000000006
0.8894800000000004
0.8881000000000001
0.8882100000000004
0.8879100000000004
0.8902300000000005
0.8879099999999996
0.8895500000000002
0.8885300000000005
0.8868700000000003
0.8900500000000003
0.8879200000000007
0.8892400000000005
0.8883800000000002
0.8893300000000005
0.8872600000000003
0.8905300000000002
0.8887500000000006
0.8905300000000003
0.8876000000000004
0.8884700000000006
0.8894799999999999
0.8887100000000003
0.88831
0.8891600000000003
0.8877700000000006
0.8870600000000006
0.8878500000000004
0.8903300000000003
0.8885800000000004
0.8885100000000001
0.8900200000000005
0.8888200000000002
0.8898600000000004
0.8893300000000001
0.8886700000000002
0.8867900000000002
0.8873300000000005
0.8870400000000003
0.8878500000000001
0.8897000000000004
0.8887300000000004
0.8893900000000003
0.8892100000000004
0.8890200000000003
0.8894800000000004
0.8895000000000003
0.8912300000000006
0.8886700000000002
0.8879700000000004
0.8894000000000003
0.8904199999999999
0.8903000000000003
0.8902500000000004
0.8878699999999998
0.88842
0.8882400000000003
0.8884000000000001
0.8881600000000003
0.88725
0.88837
0.8880400000000006
0.8906700000000002
0.8902200000000007
0.8893100000000004
0.8895200000000001
0.8884200000000005
0.8886600000000007
0.8883999999999999
0.8893300000000002
0.8885800000000005
0.8897400000000003
0.8900300000000003
0.8891300000000001
0.8904700000000001
0.8896699999999998
0.8883300000000004
0.8879799999999998
0.8906900000000006
0.8902000000000004
0.8906300000000001
0.88905
0.8903300000000001
0.8882500000000002
0.8896400000000003
0.8867000000000002
0.8891099999999996
0.8884900000000003
0.8900900000000002
0.8895900000000003
0.8909600000000004
0.8900600000000004
0.8883800000000004
0.89009
0.8887599999999998
0.8901700000000002
0.8876800000000001
0.8879500000000005
0.8878499999999996
0.8888900000000001
0.8881800000000005
0.89
0.8882400000000004
0.8887300000000004
0.8897200000000001
0.8887900000000003
0.8888800000000003
0.8881100000000002
0.8886000000000008
0.88801
0.8886400000000002
0.8897400000000004
0.8876100000000006
0.8872700000000004
0.89004
0.8887800000000011
0.8882300000000004
0.8882300000000001
0.8891500000000007
0.8896000000000006
0.8873200000000006
0.8885900000000003
0.8893600000000005
0.8902400000000003
0.8888500000000001
0.8881600000000003
0.8892800000000001
0.8889000000000001
0.8889300000000004
0.8888900000000004
0.8877300000000006
0.88923
0.8891900000000004
0.8885300000000005
0.8877200000000001
0.8877400000000003
0.8882300000000002
0.8891200000000002
0.8880299999999999
0.8886100000000003
0.8903600000000003
0.8882900000000004
0.8884500000000004
0.8893500000000002
0.8876199999999999
0.8862800000000006
0.88741
0.8883800000000002
0.8892700000000004
0.8900900000000003
0.88904
0.8891300000000004
0.8889700000000005
0.8876400000000005
0.8905000000000003
0.8905700000000006
0.8882500000000002
0.8901500000000001
0.8893300000000001
0.8895500000000002
0.8887400000000005
0.8889700000000005
0.8891000000000006
0.8875800000000005
0.8891900000000003
0.8894300000000004
0.8894400000000003
0.8888100000000003
0.88812
0.8884600000000001
0.88766
0.8884300000000007
0.8867200000000001
0.8878500000000008
0.8887200000000002
0.88902
0.8890600000000003
0.8892000000000004
0.8896700000000002
0.8885400000000003
0.8889700000000001
0.8881700000000005
0.8888300000000006
0.8892500000000007
0.8895500000000003
0.8898900000000005
0.8889700000000006
0.8887000000000004
0.8875600000000002
0.8902300000000004
0.8888000000000004
0.8903500000000004
0.8889800000000004
0.8880999999999998
0.8886400000000004
0.89082
0.8895900000000003
0.8889200000000007
0.8888100000000005
0.8903300000000001
0.8894200000000005
0.8885800000000001
0.8883199999999999
0.8884400000000002
0.88917
0.8888500000000004
0.8865500000000004
0.8862500000000005
0.8869700000000005
0.8891899999999999
0.8900700000000005
0.8902200000000002
0.8889400000000005
0.8892900000000007
0.8890999999999998
0.8893900000000002
0.8870500000000002
0.8891600000000007
0.8889300000000006
0.8885800000000004
0.8895000000000002
0.8885600000000001
0.8904500000000002
0.8889100000000001
0.8891899999999999
0.8888700000000007
0.8885600000000001
0.8887100000000006
0.8886600000000006
0.8888900000000001
0.8885700000000003
0.8885300000000003
0.8886100000000005
0.8870800000000004
0.88916
0.8868500000000004
0.8904700000000001
0.8888800000000002
0.88908
0.8897600000000001
0.8882900000000005
0.8883700000000004
0.8891100000000001
0.8902800000000006
0.8883500000000005
0.8891000000000002
0.8892900000000004
0.8894400000000003
0.8878999999999999
0.8887800000000006
0.8890600000000002
0.8885800000000004
0.8903300000000001
0.8877100000000003
0.8876600000000008
0.8895800000000001
0.888150000000001
0.8894399999999999
0.8876600000000002
