0.19999999999999962
0.7249699999999999
0.9199900000000006
0.9061500000000002
0.9082000000000007
0.9079800000000006
0.9094500000000002
0.9087300000000004
0.9082100000000003
0.9104399999999999
0.9089700000000001
0.9102500000000002
0.9083000000000006
0.9092800000000001
0.9088000000000003
0.9079500000000005
0.9082500000000004
0.9081100000000002
0.9086700000000001
0.91079
0.9087400000000007
0.9089600000000005
0.9094
0.9088099999999999
0.9079500000000001
0.9086200000000005
0.9083200000000002
0.9084200000000006
0.9080800000000002
0.9088000000000005
0.9076000000000002
0.9093100000000003
0.9074900000000006
0.9067900000000003
0.9079200000000006
0.9099300000000001
0.9081600000000006
0.9069700000000005
0.9072200000000004
0.9080800000000002
0.9088500000000007
0.908110000000001
0.9085700000000001
0.9085500000000006
0.9077800000000006
0.9094700000000006
0.9072200000000005
0.9082500000000009
0.9073300000000001
0.9086200000000005
0.90851
0.9089200000000003
0.9091600000000001
0.9067000000000001
0.9075100000000011
0.9100499999999999
0.9086900000000004
0.9080100000000004
0.9099000000000009
0.90834
0.9086400000000006
0.9098200000000005
0.9097400000000007
0.9094000000000004
0.9083900000000003
0.9095000000000002
0.9095000000000004
0.9084300000000005
0.9076700000000001
0.9084400000000004
0.9080200000000002
0.9092100000000003
0.9083099999999998
0.9089699999999997
0.9085900000000006
0.9100500000000002
0.9074600000000007
0.9083500000000005
0.9095400000000007
0.9079500000000001
0.9086400000000004
0.9063800000000003
0.9109800000000006
0.9067300000000005
0.9099699999999998
0.90903
0.9086600000000005
0.9089600000000001
0.9098700000000005
0.9078400000000002
0.9088300000000005
0.9086800000000005
0.9090600000000002
0.9085700000000007
0.9078600000000003
0.9100400000000003
0.90712
0.9090400000000003
0.90849
0.9086400000000002
0.9097900000000003
0.9082600000000002
0.9073900000000005
0.9083700000000005
0.9091000000000004
0.9091
0.909280000000001
0.9088300000000004
0.9094400000000001
0.9092500000000002
0.9095800000000002
0.90765
0.9088900000000001
0.90984
0.9096299999999999
0.9080000000000003
0.9081600000000002
0.9097000000000004
0.9086800000000004
0.9082600000000002
0.9089100000000003
0.9092500000000007
0.9080700000000005
0.9084399999999998
0.9089400000000003
0.9098600000000008
0.9069300000000005
0.9077300000000001
0.9083600000000008
0.9102100000000002
0.9089800000000008
0.9084500000000006
0.9074200000000002
0.9090500000000005
0.9079500000000003
0.909
0.9100500000000001
0.9089800000000003
0.9095900000000006
0.9091800000000005
0.9088800000000004
0.9075900000000006
0.9087100000000002
0.9089600000000003
0.9087000000000003
0.9075800000000003
0.90743
0.9091900000000003
0.9099700000000002
0.9078700000000002
0.9073900000000001
0.9086499999999998
0.9072900000000002
0.9089900000000009
0.9085900000000002
0.9067700000000003
0.9089000000000002
0.9074900000000006
0.9095900000000006
0.9079500000000006
0.9085500000000004
0.9086200000000002
0.9071900000000008
0.9087900000000003
0.9081000000000001
0.9085
0.9086000000000007
0.9085300000000003
0.9081100000000002
0.9110800000000004
0.9088500000000004
0.9091400000000006
0.9100800000000003
0.9092300000000005
0.9073300000000003
0.9092500000000001
0.9085500000000003
0.9081800000000005
0.9085300000000011
0.9099400000000002
0.9075200000000003
0.9083100000000003
0.9081700000000003
0.9093300000000005
0.9093700000000001
0.9084200000000006
0.9083700000000005
0.9063700000000003
0.9096900000000008
0.9069799999999998
0.9098700000000001
0.9084300000000001
0.9091600000000001
0.9085900000000003
0.9098100000000003
0.9076700000000002
0.9099400000000004
0.9088300000000001
0.9070200000000003
0.9104899999999999
0.90948
0.90921
0.9085200000000004
0.9082600000000005
0.9065000000000006
0.9095500000000007
0.9078900000000008
0.9098100000000002
0.9081900000000005
0.9069000000000002
0.9074899999999999
0.9092700000000009
0.9074000000000005
0.90814
0.9088200000000005
0.9083800000000005
0.9087400000000007
0.9082600000000005
0.90856
0.9080000000000004
0.90758
0.9084700000000002
0.9080500000000004
0.9088500000000002
0.9086700000000003
0.9096400000000002
0.9079100000000004
0.9089900000000004
0.9085900000000001
0.9095400000000003
0.9086600000000001
0.9094700000000003
0.9070300000000004
0.90821
0.9091500000000005
0.9083200000000009
0.9091800000000008
0.9080100000000003
0.908720000000001
0.90778
0.9091199999999996
0.9083400000000004
0.9077700000000003
0.9084900000000005
0.9099000000000005
0.9089200000000004
0.9100000000000005
0.9088800000000006
0.9081300000000003
0.9095900000000008
0.9089500000000003
0.9074200000000002
0.9076300000000006
0.9088500000000005
0.9073700000000003
0.9098100000000007
0.9089600000000003
0.9072000000000001
0.9083700000000003
0.9080500000000005
0.9093100000000007
0.9078000000000007
0.9068200000000006
0.9094000000000004
0.9088300000000002
0.9088300000000002
0.9076500000000006
0.9093500000000004
0.9091700000000003
0.9088300000000004
0.9089300000000009
0.9064900000000005
0.9091000000000006
0.9087300000000004
0.9083600000000007
0.90826
0.9081100000000002
0.9081900000000003
0.9064700000000008
0.9090400000000004
0.9067900000000003
0.90827
0.9089200000000001
0.9080200000000002
0.9077500000000007
0.9077500000000004
0.9092700000000009
0.9083600000000005
0.9090800000000003
0.9096700000000006
0.9082000000000005
0.9093000000000002
0.9083400000000006
0.9086
0.9081400000000002
0.9090900000000002
0.9075500000000001
0.9089
0.9088400000000001
0.9091300000000007
0.9103500000000002
0.9088300000000001
0.9100900000000004
0.9086600000000007
0.9079900000000002
0.9088000000000005
0.9077500000000006
0.9081600000000004
0.9097600000000006
0.9075000000000004
0.9083600000000003
0.9089100000000003
0.9071800000000008
0.9074200000000006
0.9086300000000006
0.9076700000000002
0.9086400000000004
0.9079999999999999
0.91018
0.9068300000000002
0.909040000000001
0.9092600000000006
0.9089399999999997
0.9081600000000002
0.9078700000000001
0.9087900000000004
0.9075300000000007
0.9095300000000005
0.9090000000000004
0.9083100000000006
0.9096000000000005
0.9087099999999999
0.9111300000000007
0.9088700000000003
0.9077500000000002
0.9101300000000001
0.9105500000000001
0.9082499999999998
0.9095500000000003
0.9086700000000004
0.9074200000000003
0.9094
0.9068
0.9088700000000004
0.9074000000000002
0.9077600000000003
0.9054700000000004
0.9094700000000009
0.9088700000000002
0.9087000000000003
0.90856
0.9090900000000004
0.9081400000000002
0.9094699999999998
0.9088099999999999
0.9102500000000004
0.9083900000000003
0.9103400000000001
0.9085600000000005
0.9077000000000003
0.9088800000000002
0.90972
0.9101400000000006
0.9090700000000004
0.9057000000000005
0.9096800000000002
0.9081
0.9079300000000008
0.9088600000000006
0.9098700000000001
0.9076
0.9083200000000001
0.9103999999999999
0.9100800000000002
0.9070600000000002
0.9074199999999999
0.9091500000000002
0.9100500000000002
0.9088400000000004
0.9084400000000005
0.9081699999999999
0.90885
0.90752
0.9107900000000008
0.9082400000000004
0.9090000000000005
0.9086100000000009
0.9067300000000006
0.90852
0.9102400000000003
0.9076000000000003
0.9087800000000003
0.9075400000000003
0.9069000000000004
0.9097500000000004
0.9087800000000005
0.9080000000000003
0.9085900000000002
0.9098600000000002
0.9087800000000005
0.9095500000000003
0.9097100000000001
0.9082900000000008
0.9075300000000003
0.908380000000001
0.9087900000000002
0.9084500000000003
0.9085500000000002
0.90707
0.9110099999999999
0.9091200000000008
0.9080400000000001
0.9086000000000005
0.9089100000000001
0.9077700000000003
0.9088800000000005
0.9089600000000001
0.9075400000000005
0.9105600000000001
0.9083700000000009
0.9078700000000001
0.9094500000000008
0.9091100000000003
0.9072000000000005
0.9081000000000001
0.9069200000000002
0.9088800000000006
0.9083100000000001
0.90751
0.9091400000000004
0.9082199999999999
0.9088000000000003
0.9097300000000004
0.90856
0.9081400000000001
0.9079800000000006
0.9090400000000004
0.9090900000000004
0.90842
0.9090699999999999
0.9072200000000005
0.9092800000000003
0.9095100000000013
0.9078700000000004
0.9096200000000002
0.9085700000000003
0.9093900000000004
0.90838
0.9102000000000002
0.9090900000000004
0.9075300000000007
0.9095100000000006
0.9092500000000004
0.9081400000000004
0.9077900000000005
0.9095500000000003
0.9095100000000003
0.9087200000000004
0.9082700000000002
0.9081200000000001
0.9097600000000006
0.9077900000000005
0.9091700000000006
0.9074400000000006
0.9092200000000006
0.9093500000000005
0.9092400000000006
0.9092500000000002
0.9073000000000007
0.9087500000000007
0.9106700000000002
0.9089600000000003
0.9082000000000008
0.9104800000000003
0.9065700000000005
0.9080700000000002
0.9087000000000007
0.9084400000000005
0.9099800000000002
0.9082400000000007
0.9076800000000005
0.9082700000000007
0.9106800000000004
0.90998
0.9073500000000004
0.9094100000000006
0.9093700000000006
0.9093400000000006
0.9091900000000002
0.9086199999999997
0.9090500000000006
0.9079000000000004
0.9098100000000007
0.9085100000000006
0.9101299999999999
0.9072800000000002
0.9079799999999998
0.9082600000000002
0.9083200000000008
0.9072
0.9098600000000003
0.9088500000000004
0.9073300000000009
0.90857
0.9086200000000005
0.9069500000000003
0.9106800000000006
0.9084300000000002
0.9085400000000002
0.9081500000000005
0.9085200000000002
0.9087100000000008
0.9107700000000001
0.90959
0.9084600000000005
0.9083000000000007
0.9089600000000005
0.9073700000000002
0.9091400000000001
0.9087800000000006
0.9089600000000003
0.9098700000000001
0.90915
0.9087100000000002
0.9082100000000005
0.9095199999999999
0.9079100000000007
0.9080700000000002
0.9080900000000004
0.90707
0.9067100000000002
0.9088300000000004
0.90779
0.9089400000000002
0.9079200000000001
0.9097600000000006
0.9087999999999999
0.9091500000000005
0.9078200000000008
0.9097300000000003
0.9079400000000005
0.90888
0.9084200000000006
0.9074400000000005
0.9080100000000008
0.9091300000000005
0.9102199999999999
0.9085600000000004
0.9074200000000006
0.9090500000000002
0.9089000000000005
0.9072800000000005
0.9077300000000007
0.9067400000000007
0.9087600000000006
0.9077000000000003
0.9076700000000002
0.9096700000000006
0.9077600000000002
0.9092600000000003
0.90878
0.9068900000000006
0.9089599999999999
0.9074200000000004
0.9093800000000003
0.9089500000000004
0.9080900000000007
0.9092200000000004
0.9074200000000004
0.9091100000000008
0.9084800000000005
0.9103900000000006
0.9086900000000003
0.90791
0.9088700000000006
0.9096000000000002
0.9083600000000003
0.9104300000000005
0.9093699999999998
0.9078400000000005
0.90908
0.9086100000000005
0.9079300000000002
0.9091800000000002
0.9091100000000004
0.9091800000000001
0.90992
0.90988
0.91038
0.9079200000000007
0.9091900000000004
0.9085400000000006
0.9104400000000008
0.9090100000000005
0.9097300000000007
0.9086099999999998
0.9060700000000006
0.9083700000000003
0.9107200000000008
0.9099000000000003
0.9083100000000005
0.9104100000000003
0.9082800000000003
0.9091000000000004
0.9097000000000008
0.9085400000000005
0.9077700000000003
0.9089100000000007
0.9075000000000005
0.9086700000000003
0.9084700000000006
0.90848
0.9077400000000009
0.9090600000000008
0.90862
0.9083600000000004
0.9078200000000004
0.9091200000000008
0.9082200000000004
0.9073500000000003
0.9086200000000006
0.9091800000000005
0.90888
0.9086100000000004
0.9115499999999999
0.9087600000000006
0.9080400000000001
0.9077700000000004
0.9097200000000001
0.9094700000000003
0.9074700000000001
0.9096100000000003
0.9092000000000006
0.9092
0.9074100000000007
0.9081099999999998
0.9100599999999999
0.9100800000000006
0.90853
0.9090400000000005
0.9099700000000004
0.9076599999999998
0.9099
0.9083600000000002
0.90828
0.9079900000000003
0.9099100000000006
0.90861
0.9097500000000004
0.9081500000000002
0.9080800000000002
0.9087900000000004
0.9079600000000005
0.9098000000000005
0.9071900000000003
0.9092700000000007
0.9081100000000003
0.9087000000000003
0.9082700000000006
0.9070600000000002
0.9084700000000003
0.9096500000000003
0.9084500000000001
0.9093700000000002
0.9081200000000003
0.9081900000000008
0.9084200000000001
0.9078300000000002
0.9071900000000003
0.9087800000000005
0.9092100000000003
0.9105100000000006
0.9079499999999999
0.9067100000000003
0.9082200000000006
0.9094600000000004
0.9092300000000002
0.9075700000000009
0.9085000000000004
0.9073000000000004
0.9078100000000003
0.9086900000000006
0.9077000000000005
0.90754
0.9097700000000004
0.9096300000000004
0.9081700000000005
0.9087800000000003
0.9061900000000004
0.9085500000000004
0.9085300000000006
0.9093000000000007
0.9090400000000003
0.9097799999999999
0.907820000000001
0.9093700000000001
0.9081100000000005
0.9102400000000008
0.9076500000000002
0.91054
0.9073300000000003
0.9083900000000004
0.9082300000000005
0.9104500000000003
0.9081900000000006
0.9084500000000004
0.9101700000000003
0.9087699999999999
0.9094500000000005
0.9076900000000001
0.9057700000000013
0.9094400000000005
0.9071800000000004
0.9085699999999999
0.9098
0.9088600000000001
0.9081299999999998
0.9095200000000004
0.9072200000000007
0.9070400000000004
0.9099300000000006
0.9095000000000006
0.9083700000000003
0.9069500000000003
0.9065900000000005
0.9093400000000006
0.907870000000001
0.9102500000000003
0.9074699999999999
0.9083900000000001
0.9076700000000001
0.90899
0.9099600000000005
0.9075500000000001
0.90908
0.9086799999999998
0.9088700000000003
0.910260000000001
0.9074900000000001
0.9087800000000007
0.9080500000000002
0.9090400000000005
0.9094299999999998
0.9086800000000004
0.9103300000000009
0.9091700000000003
0.9102399999999998
0.90888
0.9096100000000006
0.9070400000000007
0.9113899999999998
0.9072000000000005
0.9085400000000002
0.9085200000000009
0.91062
0.9071100000000004
0.9088400000000004
0.9086600000000005
0.9080900000000007
0.9087700000000004
0.9082100000000004
0.9091400000000004
0.9090500000000007
0.9088600000000007
0.9085500000000007
0.9097000000000003
0.9084700000000006
0.9086300000000006
0.9086000000000002
0.9088
0.9075900000000003
0.9081800000000004
0.9098300000000001
0.9083400000000004
0.9081700000000006
0.9104300000000005
0.9091599999999996
0.9093699999999998
0.9076900000000008
0.9095800000000005
0.90786
0.9096100000000004
0.9093100000000001
0.9085300000000005
0.9079900000000005
0.9097700000000001
0.9079800000000005
0.9085300000000003
0.9070800000000004
0.9081900000000007
0.9074500000000001
0.9099000000000004
0.9086400000000008
0.9107000000000004
0.9081100000000002
0.9096600000000005
0.9084700000000002
0.9092599999999998
0.9083300000000009
0.90856
0.90984
0.9094700000000009
0.9072200000000005
0.9076200000000001
0.9079199999999998
0.9091500000000009
0.9083200000000007
0.9083100000000005
0.9089000000000002
0.9090100000000004
0.9081600000000006
0.9082000000000005
0.9086000000000002
0.9085800000000002
0.9078200000000004
0.9093500000000004
0.9070900000000002
0.9092800000000005
0.9064800000000001
0.9089600000000008
0.9077800000000004
0.90874
0.9098100000000011
0.9094400000000005
0.9105000000000006
0.9093500000000008
0.9079600000000002
0.9098500000000007
0.9074100000000007
0.9119800000000001
0.9088500000000005
0.91065
0.9081000000000005
0.9094200000000005
0.9097100000000004
0.9066100000000001
0.90973
0.9075100000000004
0.9095800000000004
0.9088
0.9086099999999999
0.9082300000000005
0.9090400000000004
0.9105700000000004
0.9081800000000002
0.9089600000000004
0.9086600000000002
0.9081000000000007
0.9093200000000006
0.9077700000000007
0.9090200000000003
0.9072700000000004
0.9071300000000007
0.90897
0.90944
0.9085200000000002
0.9098800000000002
0.9079000000000002
0.9085900000000002
0.9082100000000005
0.9101900000000002
0.90767
0.9090100000000005
0.9082399999999998
0.9080300000000006
0.9089700000000005
0.9087100000000002
0.9091500000000005
0.9081100000000003
0.9087199999999999
0.9094600000000003
0.9080400000000002
0.9086500000000001
0.9075800000000003
0.9089800000000002
0.9065800000000004
0.90872
0.9079500000000006
0.908110000000001
0.9086100000000004
0.9074600000000007
0.9086
0.9094200000000003
0.9073900000000001
0.9062800000000002
0.9091900000000002
0.9075700000000003
0.9096700000000001
0.9083400000000004
0.9073800000000007
0.9078000000000003
0.9094800000000002
0.9094599999999999
0.9093700000000002
0.9082700000000001
0.9084300000000006
0.9073200000000005
0.9081600000000006
0.9092500000000001
0.9068100000000007
0.9083799999999997
0.9088100000000001
0.9080300000000004
0.9085600000000005
0.9068800000000001
0.9092700000000002
0.9081900000000003
0.90875
0.9093900000000004
0.9090700000000007
0.9105300000000004
0.9095200000000007
0.9093700000000005
0.9098400000000002
0.9076300000000002
0.90856
0.9081400000000005
0.9085900000000003
0.9084000000000002
0.9074500000000004
0.9085000000000005
0.9085000000000004
0.90854
0.90929
0.9098900000000003
0.9076700000000002
0.90788
0.9105500000000005
0.9076199999999998
0.9095900000000001
0.9096800000000002
0.9080600000000003
0.90856
0.9088900000000002
0.9085800000000005
0.9097200000000001
0.9084600000000005
0.9082000000000001
0.9076900000000003
0.9089300000000007
0.9083100000000005
0.9095000000000004
0.9091399999999998
0.9076500000000002
0.9089300000000002
0.9092700000000009
0.9079299999999999
0.9087500000000002
0.9085100000000003
0.9097200000000008
0.9090800000000003
0.90858
0.9090500000000002
0.9088200000000007
0.9082700000000002
0.9075100000000005
0.9100900000000002
0.9084200000000001
0.9090700000000003
0.9100700000000004
0.9093700000000006
0.9076900000000004
0.9092400000000005
0.9086200000000002
0.9075800000000003
0.9080499999999999
0.9087100000000001
0.9090100000000001
0.9091000000000004
0.9093800000000003
0.9077699999999999
0.9100400000000003
0.9101600000000006
0.9087800000000006
0.9089100000000002
0.90979
0.9072700000000009
0.90656
0.9092700000000002
0.9074300000000001
0.9070800000000007
0.9075400000000003
0.9087200000000004
0.9077300000000011
0.9086100000000005
0.9092800000000006
0.9079200000000001
0.9098800000000001
0.9077100000000006
0.9068500000000003
0.9084900000000001
0.9091699999999997
0.9090400000000005
0.90987
0.9106900000000002
0.9085000000000002
0.9096400000000007
0.9082000000000005
0.9090100000000004
0.9072700000000004
