0.19999999999999962
0.2721700000000001
0.3533699999999998
0.43642000000000003
0.5182899999999999
0.5888699999999999
0.64519
0.6863199999999999
0.7195300000000003
0.7405599999999999
0.7532300000000001
0.7613900000000003
0.7680000000000002
0.7715400000000002
0.7750000000000006
0.7785300000000003
0.78095
0.7807
0.7801899999999999
0.7811300000000005
0.7819800000000005
0.7796300000000005
0.7832000000000002
0.7828500000000002
0.7841899999999999
0.7831600000000003
0.7820900000000003
0.7802500000000001
0.7813499999999999
0.7806900000000002
0.7813100000000002
0.7817000000000001
0.7819800000000007
0.78168
0.7823500000000001
0.7812500000000003
0.7801000000000002
0.7792100000000001
0.7798500000000007
0.7807900000000002
0.7821200000000006
0.7825700000000007
0.7811200000000003
0.7808000000000006
0.7785600000000005
0.7798299999999996
0.7816300000000002
0.7823500000000004
0.7844300000000001
0.78281
0.78203
0.7824700000000003
0.7812100000000002
0.7833600000000004
0.7838800000000008
0.7845500000000001
0.7840400000000001
0.7824899999999999
0.7849300000000007
0.7848599999999999
0.7837800000000001
0.7831900000000002
0.7852300000000002
0.7836100000000001
0.78412
0.7844900000000002
0.7832500000000002
0.7830399999999998
0.7801400000000001
0.7806900000000004
0.7813500000000002
0.7826000000000001
0.7823300000000001
0.7806700000000001
0.7817800000000001
0.7830800000000002
0.7833000000000001
0.7847299999999998
0.7831900000000003
0.7837000000000005
0.7827600000000003
0.7829100000000002
0.7821500000000001
0.7806100000000007
0.77971
0.7812500000000006
0.7815599999999999
0.7831500000000001
0.7826900000000003
0.7802100000000004
0.78144
0.7825999999999997
0.7836700000000002
0.7840300000000002
0.78376
0.7835999999999999
0.7842800000000003
0.7829400000000004
0.7829700000000002
0.7829600000000001
0.7843499999999999
0.7837800000000001
0.7830900000000001
0.7827400000000001
0.7825400000000002
0.78427
0.7829500000000005
0.7823899999999999
0.7825100000000004
0.7830600000000003
0.7830300000000001
0.7829200000000002
0.7835099999999998
0.7818900000000002
0.7834100000000004
0.7820700000000005
0.7817999999999998
0.7827900000000008
0.7824700000000006
0.7815500000000002
0.7834
0.7833
0.7827600000000001
0.7840600000000001
0.7837800000000003
0.7811800000000002
0.7818500000000005
0.7803300000000004
0.7812000000000004
0.7817799999999999
0.7838699999999998
0.7833000000000004
0.78382
0.7827500000000005
0.7825700000000002
0.7808100000000003
0.7814200000000001
0.7819099999999995
0.7838599999999998
0.7826600000000002
0.7827199999999997
0.7830900000000001
0.7841100000000003
0.7850100000000007
0.7845600000000004
0.78491
0.78348
0.7818700000000005
0.7814799999999998
0.7803000000000001
0.7823900000000004
0.7819900000000003
0.7827000000000001
0.7836100000000001
0.7825300000000004
0.7824200000000004
0.7836700000000006
0.7823500000000001
0.7813399999999998
0.7831000000000004
0.7838400000000004
0.7802600000000003
0.7797500000000003
0.7805600000000003
0.7794100000000003
0.7788699999999997
0.78112
0.7821400000000002
0.7834599999999999
0.7840800000000003
0.7832300000000005
0.7834800000000004
0.7830600000000001
0.7842000000000001
0.7827299999999999
0.7818700000000005
0.7815500000000003
0.7825600000000003
0.7825900000000003
0.7829400000000001
0.7817300000000001
0.7825700000000002
0.7842500000000002
0.78268
0.7829900000000003
0.7822999999999999
0.7832800000000003
0.7822099999999998
0.7820100000000003
0.7824900000000002
0.7843200000000006
0.7850400000000002
0.7833800000000004
0.7819400000000004
0.7818100000000002
0.78047
0.7805600000000004
0.7794800000000004
0.7802300000000004
0.7804400000000002
0.78018
0.7816700000000002
0.7838200000000001
0.78428
0.7846000000000004
0.7845900000000003
0.7841300000000002
0.7825400000000005
0.7830800000000003
0.7824300000000002
0.7842500000000001
0.7840900000000004
0.7839200000000001
0.7832100000000001
0.7830400000000002
0.7833699999999999
0.7821700000000004
0.7808400000000002
0.7819500000000005
0.7817000000000001
0.7807499999999998
0.7822200000000001
0.7823900000000004
0.7811900000000004
0.7809600000000007
0.7828700000000002
0.7829500000000007
0.7834500000000001
0.7837900000000002
0.7839800000000001
0.7839300000000005
0.7851699999999998
0.7828000000000002
0.7824900000000002
0.7807200000000002
0.7837000000000006
0.7841600000000004
0.7858200000000001
0.7845200000000006
0.7821600000000002
0.78124
0.7826000000000002
0.7837199999999999
0.78176
0.7811600000000003
0.7836200000000004
0.7830300000000001
0.7833100000000003
0.7819600000000001
0.7821799999999999
0.7835800000000002
0.7843200000000001
0.7830100000000002
0.7827700000000002
0.7793899999999999
0.7814900000000001
0.7832400000000006
0.7835600000000008
0.7827100000000001
0.7824800000000002
0.7819600000000005
0.7788300000000002
0.7794000000000005
0.7799300000000003
0.7810299999999998
0.78128
0.7818800000000001
0.7825700000000003
0.7827000000000003
0.7822400000000002
0.78313
0.7830600000000005
0.7826300000000005
0.7825600000000001
0.7806300000000002
0.7794300000000005
0.7815600000000004
0.7837800000000003
0.7838300000000001
0.7825199999999998
0.7833499999999998
0.7826800000000005
0.7824000000000002
0.7830300000000004
0.78399
0.7819900000000007
0.7824900000000002
0.7836100000000004
0.7831100000000002
0.7805300000000003
0.7819600000000005
0.7810099999999998
0.7815200000000005
0.7830000000000003
0.7810200000000003
0.78262
0.78353
0.7836600000000002
0.78372
0.7849
0.7834600000000002
0.7826599999999999
0.7838100000000005
0.7817100000000003
0.7816500000000002
0.7818400000000004
0.7818100000000002
0.7819000000000004
0.7814300000000004
0.7802700000000002
0.7796000000000006
0.7798500000000004
0.7797400000000003
0.7808900000000003
0.7820199999999998
0.7837200000000004
0.7814800000000003
0.7828400000000001
0.7822800000000001
0.7847100000000001
0.78334
0.7829900000000003
0.7834900000000004
0.7831000000000005
0.7832000000000003
0.7839300000000007
0.7844200000000002
0.7837800000000001
0.7833000000000001
0.7826499999999998
0.7841100000000005
0.77982
0.7808000000000004
0.7789300000000001
0.7803000000000004
0.7796800000000002
0.7821600000000006
0.7819400000000003
0.7791600000000001
0.7823400000000005
0.7832300000000005
0.7841300000000004
0.7824500000000003
0.7821400000000003
0.78266
0.7836799999999998
0.78085
0.7803400000000003
0.7814100000000004
0.7822800000000006
0.7813199999999999
0.7796300000000004
0.77988
0.7822100000000003
0.7822400000000003
0.7804600000000002
0.7832300000000005
0.7826400000000001
0.7834400000000005
0.7833200000000001
0.7841000000000001
0.7825200000000003
0.7823499999999999
0.7834400000000001
0.7822399999999999
0.7833000000000004
0.7843000000000002
0.7839300000000006
0.7835700000000003
0.7836900000000001
0.7825600000000001
0.7815000000000001
0.7812900000000004
0.7800400000000002
0.7791400000000002
0.7802600000000006
0.7790500000000006
0.77964
0.7797500000000004
0.7815600000000003
0.7815700000000002
0.7819200000000004
0.7838599999999998
0.78413
0.7836
0.7849499999999999
0.7861100000000006
0.7849900000000001
0.7835800000000003
0.7831899999999998
0.7839300000000002
0.7846900000000007
0.7838400000000001
0.78444
0.7825400000000003
0.7825300000000003
0.7819300000000001
0.7809200000000003
0.7831300000000004
0.7827000000000003
0.7850200000000004
0.78276
0.7824000000000005
0.7826700000000001
0.7844200000000001
0.7842800000000004
0.78336
0.7846500000000001
0.7843300000000003
0.7823800000000005
0.7820000000000001
0.7824000000000005
0.7835800000000002
0.7843800000000001
0.7849200000000002
0.7834200000000002
0.7823000000000007
0.7834800000000002
0.78327
0.7835000000000005
0.78321
0.7831800000000005
0.7852899999999997
0.7847
0.7831900000000003
0.7844000000000004
0.7855000000000001
0.7843200000000004
0.78563
0.7838900000000004
0.7816000000000004
0.7826700000000001
0.7818100000000002
0.78171
0.7813500000000002
0.7809100000000005
0.7790500000000005
0.7811700000000004
0.77937
0.78045
0.7793000000000001
0.7789300000000006
0.7795600000000005
0.7801600000000001
0.7819600000000002
0.7799400000000002
0.78069
0.7826200000000004
0.7833800000000001
0.7819700000000002
0.7802700000000001
0.7813600000000003
0.7824200000000003
0.7824100000000004
0.7854500000000002
0.7842500000000001
0.7856200000000002
0.78647
0.7844400000000005
0.7842600000000001
0.7843100000000001
0.7843200000000005
0.7838400000000001
0.78287
0.7805600000000001
0.7812000000000006
0.7814800000000005
0.7819000000000006
0.7812700000000002
0.7810000000000004
0.7819999999999999
0.7823800000000003
0.7822300000000001
0.7835800000000002
0.7836200000000002
0.78317
0.7827500000000002
0.7834200000000002
0.7823000000000004
0.7830400000000003
0.7819200000000002
0.7812000000000003
0.78236
0.7832600000000001
0.7828900000000003
0.7832400000000002
0.7807300000000004
0.7804099999999998
0.7813499999999999
0.7830199999999999
0.7836600000000001
0.78363
0.7822699999999995
0.7804900000000005
0.7809800000000002
0.7822700000000001
0.7831499999999998
0.78152
0.7812500000000001
0.7818700000000001
0.7814300000000002
0.7826100000000002
0.7813400000000006
0.7818500000000002
0.78016
0.7803600000000003
0.7819600000000005
0.7828
0.7814100000000002
0.7820500000000002
0.7819900000000004
0.7823500000000001
0.7828600000000001
0.7829000000000004
0.7841900000000002
0.7817700000000001
0.7834200000000002
0.7819600000000001
0.7834800000000003
0.7827600000000002
0.7837600000000002
0.7829300000000007
0.7831100000000002
0.7830600000000004
0.78288
0.7830000000000006
0.7834800000000003
0.7843500000000002
0.7846000000000002
0.7819700000000006
0.78358
0.7825600000000003
0.7837800000000001
0.7839300000000005
0.78389
0.7841900000000003
0.7838400000000004
0.7803900000000006
0.7795500000000005
0.7819699999999998
0.78102
0.7814200000000002
0.7842000000000001
0.7843700000000006
0.7841900000000003
0.7862200000000005
0.7845600000000004
0.7836600000000002
0.7820200000000003
0.7824500000000001
0.7824200000000003
0.7825300000000003
0.7833100000000003
0.7824900000000002
0.7831100000000002
0.7815100000000003
0.7829100000000002
0.7817700000000001
0.7792700000000005
0.7819200000000004
0.78258
0.7831300000000003
0.7824600000000003
0.78462
0.78565
0.7847500000000005
0.7829100000000001
0.7832300000000002
0.7837700000000004
0.78173
0.7825200000000002
0.7826700000000002
0.7841900000000002
0.7833100000000003
0.7819400000000006
0.7815500000000003
0.7832500000000002
0.78256
0.7840199999999997
0.78546
0.78253
0.7807300000000004
0.78242
0.7814200000000002
0.7806600000000004
0.78235
0.7829100000000004
0.7833800000000004
0.7810700000000003
0.7817300000000005
0.7820500000000004
0.7830900000000003
0.78246
0.7841000000000002
0.7815700000000002
0.7828400000000006
0.7812600000000003
0.7811300000000003
0.7820500000000004
0.7828700000000004
0.7841400000000001
0.7843399999999999
0.7846900000000002
0.7840800000000003
0.7818100000000001
0.78077
0.78447
0.7864000000000003
0.7855800000000002
0.7850100000000001
0.7836200000000002
0.7834000000000003
0.7829600000000001
0.7825000000000004
0.7825700000000004
0.7835800000000003
0.7824800000000001
0.7810100000000003
0.7818700000000003
0.7816200000000003
0.78137
0.7811100000000002
0.7800000000000002
0.7816100000000007
0.7819200000000004
0.7840800000000004
0.7827
0.7833800000000002
0.7830299999999998
0.7832200000000005
0.7829700000000002
0.7827500000000005
0.7840000000000004
0.7840600000000003
0.7838300000000005
0.7823800000000002
0.7819200000000001
0.7824200000000002
0.7825800000000004
0.7844900000000006
0.7834400000000005
0.7821600000000002
0.7818800000000005
0.7817600000000005
0.7814800000000004
0.7833200000000001
0.7821900000000004
0.7839900000000003
0.7832100000000001
0.7831299999999999
0.7844200000000002
0.7822400000000005
0.7813300000000004
0.7810000000000008
0.7803800000000001
0.7820899999999997
0.7821399999999998
0.7811300000000003
0.7832900000000003
0.7824699999999997
0.7830300000000001
0.7855400000000001
0.7855500000000003
0.7822599999999998
0.7827900000000001
0.7832500000000004
0.7838300000000004
0.7852900000000004
0.7851500000000002
0.7849400000000002
0.7818900000000001
0.7821900000000004
0.7823499999999999
0.7843300000000006
0.7846799999999999
0.7834300000000001
0.7815100000000004
0.7820999999999999
0.7827300000000004
0.7830700000000005
0.7854200000000001
0.7865800000000002
0.7845400000000005
0.7838400000000004
0.78342
0.7842200000000001
0.7821000000000001
0.7811999999999998
0.7820600000000002
0.7804300000000005
0.7803100000000006
0.7813700000000003
0.7817900000000002
0.78377
0.7837500000000003
0.78463
0.7836000000000004
0.7830700000000005
0.78423
0.7847000000000002
0.7820700000000004
0.7818799999999999
0.7842200000000003
0.78608
0.7839999999999999
0.7836500000000006
0.7846600000000001
0.7840699999999997
0.7819700000000003
0.7814800000000005
0.7818
0.78166
0.7824099999999996
0.7812000000000002
0.78156
0.7827299999999999
0.7822400000000002
0.7819200000000002
0.7838100000000001
0.7841400000000003
0.7827900000000001
0.7806300000000005
0.7815300000000005
0.7829100000000002
0.7821700000000003
0.7813700000000006
0.7813999999999994
0.7793800000000003
0.7806000000000003
0.7818300000000002
0.7820800000000006
0.7811499999999999
0.7818299999999999
0.7817800000000001
0.7808000000000003
0.7777000000000005
0.77935
0.7804000000000006
0.7813900000000001
0.7818100000000006
0.7814100000000004
0.78236
0.7805599999999998
0.7803600000000003
0.7833800000000004
0.7801900000000004
0.7804300000000001
0.7816600000000004
0.7832100000000001
0.78153
0.7835100000000007
0.7823300000000004
0.7822100000000001
0.7826000000000001
0.7818200000000002
0.7831700000000005
0.78244
0.7828600000000003
0.7829000000000002
0.7811500000000006
0.7820799999999999
0.78107
0.7816500000000001
0.7818599999999998
0.7830100000000004
0.7815399999999997
0.78213
0.7847500000000003
0.7847000000000004
0.78358
0.7833600000000003
0.7833000000000002
0.7832000000000002
0.78357
0.7844700000000003
0.7826800000000007
0.7822400000000002
0.7823200000000002
0.78176
0.7833700000000001
0.7827700000000004
0.78234
0.7839800000000002
0.7846500000000003
0.7820800000000006
0.7825400000000005
0.7816800000000002
0.7829400000000001
0.7846399999999999
0.7837
0.7824800000000001
0.7816400000000003
0.7826100000000004
0.7828300000000005
0.7827099999999999
0.7820199999999998
0.7815900000000003
0.7813899999999999
0.7835000000000002
0.7828900000000004
0.7830800000000001
0.7825900000000001
0.7834700000000001
0.7831500000000002
0.7829000000000005
0.7829800000000001
0.7836700000000002
0.7817000000000006
0.7832200000000004
0.7831100000000002
0.7825600000000001
0.7832200000000004
0.7817800000000003
0.7820400000000005
0.78339
0.7839400000000002
0.7845600000000004
0.7845400000000001
0.7822900000000002
0.7813500000000001
0.77963
0.7799400000000003
0.7804300000000005
0.7815800000000002
0.7826100000000002
0.7820699999999999
0.7815100000000004
0.78131
0.7813399999999998
0.7826100000000001
0.7844000000000007
0.7840500000000002
0.7855700000000002
0.7849600000000003
0.7848599999999999
0.7844400000000001
0.7820500000000004
0.7817099999999998
0.7828100000000003
0.7809900000000005
0.7814700000000002
0.78251
0.7831000000000004
0.7841800000000002
0.78401
0.78116
0.7814200000000003
0.7792700000000002
0.78073
0.7825500000000002
0.7831000000000004
0.7843100000000001
0.7833200000000001
0.7858299999999998
0.7837100000000004
0.78197
0.7829900000000001
0.7832800000000002
0.7839700000000005
0.7832100000000001
0.7825799999999999
0.7809800000000002
0.7836100000000001
0.7840400000000001
0.7836199999999998
0.78341
0.7829299999999999
0.7825699999999997
0.7840999999999998
0.78532
0.7832600000000002
0.78172
0.7803900000000003
0.7813200000000005
0.7820800000000002
0.7816600000000007
0.7849699999999998
0.7822600000000002
0.7824199999999999
0.7835800000000002
0.7851199999999998
0.7839700000000002
0.7822900000000003
0.78176
0.7832600000000004
0.7836400000000004
0.7845500000000005
0.78263
0.7851500000000006
0.7859800000000001
0.7849300000000001
0.7845200000000001
0.7834300000000001
0.7813300000000001
0.7806200000000004
0.7796000000000002
0.7805700000000004
0.7821400000000003
0.7838500000000006
0.7831400000000005
0.7821100000000001
0.7829900000000003
0.7811500000000001
0.7798800000000002
0.78299
0.7833800000000004
0.7845200000000004
0.7849
0.7848700000000001
0.7833600000000004
0.7820600000000003
0.7817099999999999
0.7816200000000005
0.7800600000000002
0.78263
0.7828400000000003
0.7828400000000006
0.7843200000000005
0.7826400000000003
0.7836
0.78256
0.7808800000000002
0.7797800000000001
0.7807800000000001
0.7845700000000002
0.78433
0.7843400000000004
0.7825599999999997
0.7836300000000003
0.78345
0.7832400000000006
0.78117
0.7842800000000003
0.7831800000000002
0.78101
0.7822199999999999
0.7829300000000002
0.7801900000000002
0.7799100000000003
0.7826500000000002
0.7836599999999997
0.7838700000000003
0.7840200000000006
0.7838200000000001
0.78349
0.7819600000000002
0.7813899999999999
0.7814400000000004
0.7827200000000003
0.7822400000000002
0.7824
0.7811499999999999
0.7813300000000001
0.7822199999999999
0.7822400000000003
0.7834899999999999
0.7829200000000001
0.7844900000000006
0.7835500000000002
0.7828899999999998
0.7832100000000001
0.7825100000000001
0.7824300000000004
0.7829900000000002
0.7814400000000006
0.78105
0.7812700000000004
0.7835
0.78339
0.7841299999999997
0.7851900000000004
0.7844100000000005
0.7835800000000002
0.78535
0.7844900000000006
0.7856100000000003
0.7859200000000003
0.7831400000000004
0.7833200000000007
0.7816100000000002
0.7829800000000003
0.7842200000000003
0.7815400000000002
0.7811600000000004
0.7827600000000002
0.7850600000000003
0.7840200000000004
0.7822500000000001
0.7828500000000004
0.7840800000000004
0.7825400000000003
0.7812700000000004
0.7820199999999999
0.7822900000000003
0.7812999999999998
0.7835600000000005
0.7823200000000005
0.7830000000000001
0.7816600000000006
0.7828300000000001
