0.19999999999999962
0.3100300000000001
0.43799
0.5641100000000001
0.6684
0.7393499999999998
0.7812200000000001
0.8068200000000003
0.8187000000000003
0.8248199999999997
0.8294499999999999
0.8311799999999997
0.8329399999999997
0.8341099999999997
0.8329399999999996
0.83235
0.8336399999999995
0.83143
0.8320899999999996
0.8327399999999996
0.83107
0.8321799999999996
0.8338099999999998
0.8341799999999994
0.8336200000000001
0.83451
0.8325399999999995
0.8325100000000001
0.8323899999999995
0.8321999999999997
0.8324099999999994
0.8326999999999997
0.8338199999999999
0.8336599999999997
0.8324999999999996
0.8322999999999997
0.8318499999999999
0.8338
0.8339299999999996
0.83308
0.8343900000000004
0.8339799999999998
0.8334699999999998
0.8336299999999999
0.8333699999999997
0.8325799999999998
0.8328500000000001
0.8321399999999999
0.8318499999999994
0.8347599999999998
0.8332300000000004
0.8334299999999999
0.83277
0.8336500000000001
0.8332499999999992
0.8315299999999999
0.8316699999999999
0.83344
0.8332499999999999
0.8346499999999998
0.83276
0.8342700000000001
0.8341499999999996
0.8338599999999998
0.8341899999999995
0.8339999999999995
0.8353699999999997
0.83387
0.8339400000000002
0.8341399999999998
0.8340699999999999
0.8331499999999997
0.8322199999999995
0.8320899999999999
0.8317399999999998
0.8312199999999998
0.8323999999999998
0.8315399999999995
0.8313099999999999
0.8332499999999997
0.83447
0.8343699999999997
0.83542
0.8325600000000002
0.8323699999999996
0.8319099999999996
0.8330200000000001
0.8312299999999998
0.8332499999999999
0.8324199999999999
0.8324699999999994
0.8307899999999995
0.8312800000000001
0.8330299999999997
0.8341699999999997
0.8324199999999996
0.8331399999999997
0.8343199999999998
0.8335599999999999
0.83388
0.83205
0.8348899999999996
0.83307
0.8345800000000001
0.8329399999999998
0.8332499999999996
0.8337599999999994
0.8332799999999999
0.8327600000000003
0.8335199999999997
0.8325999999999997
0.8344799999999996
0.8336500000000002
0.8327799999999997
0.8331299999999996
0.8339399999999995
0.8341599999999998
0.8336199999999998
0.8320299999999999
0.8325600000000002
0.8342599999999999
0.8330399999999999
0.8322099999999996
0.8338599999999997
0.8334399999999996
0.8340699999999999
0.83466
0.8347399999999995
0.8344999999999999
0.8353499999999998
0.8347999999999994
0.8356399999999998
0.8352999999999998
0.8352699999999998
0.8330899999999994
0.8325999999999993
0.8325499999999998
0.8331799999999997
0.8341799999999998
0.8328299999999998
0.8327399999999996
0.83226
0.8332399999999996
0.8322599999999996
0.8307399999999997
0.8325099999999996
0.8325999999999999
0.8324499999999995
0.8327399999999997
0.8334800000000001
0.8332299999999999
0.8344599999999995
0.8306499999999996
0.8323599999999994
0.8317500000000001
0.8321500000000001
0.8325499999999997
0.8333399999999997
0.8329099999999994
0.8334399999999998
0.8320099999999999
0.8319900000000001
0.8339099999999994
0.8328099999999996
0.8350799999999998
0.8342199999999999
0.8337300000000002
0.8338099999999997
0.83445
0.8342500000000004
0.8326199999999996
0.8326299999999999
0.8334099999999998
0.8305299999999991
0.8327399999999997
0.8329599999999996
0.8322799999999998
0.8332699999999998
0.8346599999999996
0.8334999999999997
0.8337799999999997
0.8334799999999996
0.8332999999999998
0.8323199999999998
0.8326399999999998
0.8348699999999998
0.8332499999999997
0.83214
0.8320700000000001
0.8314199999999995
0.8344999999999995
0.8327800000000001
0.8330299999999995
0.8326299999999995
0.8337899999999995
0.8334199999999996
0.8333600000000001
0.8316199999999996
0.8333699999999997
0.8325699999999999
0.8326999999999997
0.83403
0.8339899999999995
0.8332799999999998
0.8323799999999999
0.83122
0.83237
0.8337099999999995
0.8346099999999993
0.8334500000000001
0.8314399999999995
0.8314699999999996
0.8327399999999995
0.8316699999999995
0.83455
0.8352599999999997
0.8336099999999996
0.83658
0.8345999999999996
0.8356900000000002
0.8315999999999997
0.8332499999999997
0.8330799999999998
0.8342299999999999
0.8329599999999994
0.8343799999999995
0.8318399999999996
0.8337899999999996
0.8363599999999997
0.8373299999999999
0.8350700000000003
0.83698
0.8335899999999996
0.8342299999999997
0.8336099999999995
0.8323500000000001
0.8345499999999998
0.8345200000000002
0.8339299999999996
0.8339999999999996
0.8342199999999995
0.8335499999999999
0.83405
0.8326999999999996
0.8335199999999995
0.8333599999999997
0.8331099999999997
0.8306199999999998
0.8312099999999997
0.8312099999999997
0.8343199999999996
0.8341999999999996
0.8338099999999997
0.8333799999999998
0.8293899999999997
0.8320599999999996
0.83493
0.8338800000000001
0.8329799999999996
0.8352099999999996
0.8341599999999997
0.8315499999999999
0.8311699999999999
0.8331199999999999
0.8334199999999998
0.83398
0.8340599999999999
0.8350600000000001
0.8325200000000001
0.8326599999999996
0.8329
0.8337299999999996
0.8324699999999997
0.8324599999999995
0.8341900000000001
0.8339199999999998
0.83354
0.8345199999999998
0.8321399999999995
0.8312099999999997
0.8331899999999994
0.83489
0.8344499999999997
0.8352599999999998
0.8338599999999999
0.8333800000000001
0.8309699999999997
0.8315899999999996
0.8324599999999998
0.8336299999999998
0.8330799999999994
0.83196
0.8344399999999997
0.8364899999999996
0.8351499999999994
0.8337099999999995
0.8320499999999997
0.8336099999999996
0.8345199999999993
0.8338599999999995
0.83311
0.8327499999999994
0.8316999999999999
0.8320399999999998
0.8326099999999996
0.8334299999999998
0.83445
0.83415
0.8339799999999994
0.8340399999999997
0.8347200000000001
0.8342699999999997
0.8335699999999997
0.8326199999999996
0.8329299999999995
0.8340599999999996
0.8323999999999999
0.8331400000000002
0.8325999999999997
0.8333499999999998
0.8344299999999997
0.8349799999999995
0.8342499999999998
0.8353399999999996
0.8322199999999995
0.8316299999999999
0.8339399999999993
0.8337799999999995
0.8334799999999993
0.8341400000000001
0.8338399999999995
0.8351200000000002
0.8338999999999999
0.8338500000000002
0.8326299999999996
0.8315699999999994
0.83365
0.8344599999999995
0.83284
0.8319599999999998
0.8339099999999995
0.8313799999999997
0.8312
0.8330899999999997
0.8331699999999996
0.8331099999999998
0.8334299999999999
0.8352099999999995
0.8341699999999997
0.8345
0.8354499999999997
0.83354
0.8340999999999995
0.8318199999999999
0.83184
0.8334899999999995
0.8331499999999998
0.8340299999999994
0.8338599999999998
0.8321999999999993
0.8321099999999997
0.8331399999999995
0.8334799999999996
0.8337200000000001
0.8334899999999995
0.8326999999999996
0.83329
0.8347999999999994
0.8322899999999998
0.8322700000000001
0.8325999999999999
0.83451
0.8343299999999995
0.8345500000000002
0.8331099999999999
0.8326899999999999
0.831859999999999
0.8319399999999996
0.8342899999999996
0.8335799999999998
0.8329599999999999
0.8335199999999997
0.8324899999999995
0.8340899999999999
0.8313699999999998
0.8329199999999994
0.8324699999999998
0.8312399999999992
0.8296699999999996
0.8319200000000001
0.8330300000000003
0.8320799999999998
0.8320399999999998
0.83233
0.8310699999999995
0.8325099999999998
0.8340099999999996
0.8337399999999997
0.8328999999999996
0.8329900000000002
0.8323499999999997
0.83446
0.8332599999999998
0.8335099999999995
0.8328399999999996
0.8332099999999996
0.8343099999999999
0.8356100000000001
0.8352799999999998
0.8336199999999998
0.83522
0.8353399999999997
0.8336799999999994
0.8335499999999998
0.8347099999999995
0.8338700000000001
0.83286
0.8334399999999996
0.8336899999999997
0.83354
0.8357699999999995
0.8332799999999998
0.8322899999999998
0.8320399999999997
0.8339199999999998
0.83161
0.8332799999999998
0.8331399999999998
0.8325299999999999
0.8330299999999999
0.8334199999999997
0.8341799999999998
0.8327899999999999
0.8322999999999997
0.8330999999999997
0.8342299999999995
0.8358499999999996
0.8324999999999997
0.8327200000000003
0.8336699999999999
0.8323299999999998
0.8312899999999996
0.8332099999999995
0.8332399999999996
0.8335399999999998
0.8340799999999998
0.8334300000000003
0.8327399999999995
0.8330099999999996
0.8327500000000001
0.8310199999999998
0.8331899999999997
0.8345000000000001
0.8331499999999995
0.8328500000000001
0.8316599999999998
0.8325699999999998
0.8329599999999998
0.8334599999999993
0.8319999999999996
0.8327299999999996
0.8329399999999992
0.8337099999999995
0.8314799999999997
0.8328599999999995
0.8308100000000003
0.8319899999999997
0.8312199999999996
0.8333499999999997
0.8326299999999996
0.8321299999999999
0.8327099999999998
0.8333799999999996
0.8328099999999995
0.8312599999999998
0.8334400000000001
0.8336899999999997
0.8317799999999997
0.8341500000000001
0.8338399999999999
0.8328700000000001
0.8304499999999999
0.8317499999999994
0.8337300000000001
0.8329899999999998
0.8332499999999999
0.8310199999999994
0.83215
0.8314099999999998
0.8312100000000001
0.8289899999999999
0.8316499999999999
0.8320299999999996
0.8316499999999994
0.8324599999999994
0.83384
0.8325599999999999
0.8345799999999999
0.8330099999999997
0.8327499999999999
0.8325599999999995
0.8343900000000001
0.8338299999999995
0.83214
0.8333299999999997
0.8334699999999998
0.8342699999999997
0.8324599999999995
0.8318299999999994
0.8334800000000001
0.8325499999999996
0.8338800000000001
0.8342399999999998
0.8342399999999993
0.8337399999999999
0.8328399999999998
0.8327499999999997
0.8339600000000001
0.8331599999999999
0.8332299999999998
0.8346199999999996
0.8338499999999996
0.8303599999999995
0.8345299999999998
0.8340399999999996
0.83318
0.83285
0.8335499999999995
0.8332599999999997
0.8352099999999999
0.83347
0.8332600000000003
0.8327199999999998
0.83332
0.8326700000000001
0.8329599999999998
0.8320599999999989
0.8335300000000001
0.8336499999999998
0.83404
0.8333999999999999
0.8324099999999999
0.8317399999999996
0.83435
0.8332100000000001
0.8333899999999999
0.8345099999999995
0.83392
0.8334699999999997
0.83246
0.8333499999999998
0.8328100000000004
0.8341999999999997
0.8330000000000001
0.8314499999999999
0.8315499999999996
0.8328999999999998
0.8331399999999999
0.83324
0.8346299999999995
0.8344099999999994
0.83387
0.83333
0.8341799999999995
0.8329899999999999
0.83344
0.8330999999999997
0.8328499999999994
0.8334999999999997
0.8345099999999994
0.8326099999999993
0.8339199999999997
0.83476
0.8340599999999996
0.8356099999999996
0.8338499999999999
0.8361199999999996
0.8343499999999997
0.8322799999999999
0.8304099999999999
0.8324699999999998
0.8333699999999997
0.83199
0.8306299999999998
0.8337400000000001
0.8316599999999997
0.8314500000000001
0.8303800000000001
0.8326099999999999
0.8331099999999995
0.8314699999999999
0.8336799999999996
0.83272
0.8335599999999999
0.8357400000000003
0.8352099999999996
0.8334900000000002
0.8322599999999997
0.8333900000000001
0.8334199999999997
0.8330099999999999
0.8329099999999996
0.8329799999999995
0.8323799999999999
0.8316799999999998
0.8336399999999994
0.8333700000000002
0.8321199999999997
0.8328699999999999
0.83412
0.8341399999999999
0.8319599999999998
0.8323099999999996
0.8339000000000002
0.8353600000000001
0.8347399999999996
0.8333399999999996
0.8306199999999997
0.8339799999999998
0.8343399999999995
0.8330199999999996
0.8310399999999996
0.8300799999999998
0.8319699999999993
0.8325799999999998
0.8320499999999994
0.8340099999999998
0.8311799999999995
0.83151
0.8297699999999999
0.8306399999999995
0.8313499999999998
0.8326399999999995
0.8341
0.83193
0.8319399999999999
0.8308599999999999
0.8313399999999992
0.8319299999999994
0.8330799999999995
0.8345399999999996
0.83313
0.8344999999999999
0.8347799999999996
0.8340200000000002
0.8335600000000001
0.8333099999999996
0.8344099999999992
0.8343999999999996
0.8333299999999998
0.8336599999999998
0.8337899999999999
0.8337599999999994
0.8335000000000002
0.8340899999999999
0.8343199999999996
0.83453
0.8327699999999995
0.8322700000000002
0.8325699999999998
0.8328099999999998
0.8318299999999996
0.8320399999999999
0.8314900000000002
0.8314100000000001
0.8313699999999998
0.8320799999999997
0.8319300000000004
0.8295599999999994
0.8315799999999999
0.8315799999999998
0.8322199999999992
0.831
0.8293
0.8300000000000002
0.8315899999999994
0.8320000000000001
0.8326499999999997
0.8314899999999996
0.8314499999999997
0.8330500000000002
0.8331099999999999
0.8342399999999996
0.8346799999999994
0.8330499999999995
0.8326799999999995
0.8332999999999994
0.8317799999999994
0.8330999999999997
0.8341199999999996
0.8329799999999996
0.83273
0.8337600000000001
0.8303999999999999
0.83125
0.8319700000000002
0.8316599999999995
0.8317299999999999
0.8313999999999993
0.8320499999999997
0.8319200000000001
0.82988
0.8296899999999998
0.8310600000000001
0.8321099999999997
0.8328599999999998
0.8315099999999995
0.8324100000000001
0.8319799999999998
0.8348299999999998
0.8328199999999998
0.8332
0.8324899999999998
0.8312400000000001
0.8343499999999996
0.8327299999999996
0.8326199999999999
0.8308199999999998
0.83108
0.8344399999999997
0.8331400000000002
0.8342400000000001
0.8346899999999997
0.8327399999999996
0.8321699999999997
0.8328999999999996
0.83494
0.8337999999999998
0.8331399999999999
0.8319899999999997
0.8323599999999998
0.8328500000000002
0.8322499999999995
0.8324799999999997
0.8352799999999995
0.8344599999999996
0.8342499999999997
0.8324799999999999
0.8323900000000001
0.8326300000000001
0.8333299999999997
0.8321899999999998
0.8322899999999999
0.8335399999999994
0.8334100000000002
0.8337699999999999
0.8331199999999996
0.8331399999999999
0.8324499999999999
0.83381
0.8344799999999999
0.8349
0.8350599999999997
0.8349400000000001
0.8323799999999997
0.8342699999999995
0.83388
0.8321700000000003
0.8326599999999997
0.8337499999999995
0.8338099999999998
0.8320299999999999
0.8338299999999996
0.8356099999999992
0.8349399999999997
0.8346499999999998
0.8328099999999996
0.8339799999999998
0.8323199999999998
0.8338499999999996
0.8349299999999994
0.8344499999999998
0.8329100000000002
0.8311399999999999
0.83056
0.8309199999999995
0.8305299999999999
0.8317399999999996
0.8325499999999997
0.8319900000000001
0.8324200000000002
0.8301699999999994
0.8307800000000001
0.8319699999999999
0.8310999999999992
0.8322699999999997
0.8318099999999995
0.8334499999999998
0.8321999999999997
0.8331299999999996
0.8312999999999998
0.8313699999999998
0.8318699999999997
0.8316599999999997
0.8345199999999994
0.8333000000000002
0.8341200000000001
0.8345500000000001
0.8334999999999998
0.8352799999999998
0.8348300000000001
0.8362699999999995
0.8337499999999999
0.8323299999999995
0.8337000000000002
0.8328399999999995
0.8351199999999999
0.8348299999999997
0.8335999999999997
0.8352199999999997
0.8330299999999999
0.8357099999999998
0.8352199999999993
0.8348399999999998
0.8346899999999997
0.8345400000000001
0.8344099999999999
0.83378
0.8337800000000002
0.8305899999999995
0.8311699999999997
0.8329699999999997
0.8322399999999996
0.8325999999999997
0.8330299999999998
0.8360799999999996
0.8348299999999995
0.8331399999999999
0.8322099999999998
0.8327999999999998
0.8304500000000004
0.8313599999999997
0.8327799999999996
0.8338200000000002
0.8334299999999998
0.8324999999999996
0.83311
0.8347799999999999
0.8331099999999998
0.8334800000000002
0.8323699999999998
0.8357299999999996
0.8337700000000001
0.8324899999999993
0.8330499999999997
0.8328399999999996
0.8342999999999993
0.8343299999999995
0.8364199999999999
0.8327399999999998
0.8356599999999996
0.83494
0.8358399999999996
0.8343899999999996
0.8349899999999999
0.83365
0.8314999999999998
0.8331099999999992
0.8315699999999997
0.8317299999999999
0.8332899999999998
0.8325300000000001
0.8315299999999998
0.83285
0.8323599999999994
0.8333599999999994
0.8332699999999995
0.8322599999999996
0.8314299999999999
0.8313100000000001
0.8300799999999998
0.8322099999999998
0.8336600000000002
0.8341699999999999
0.83184
0.8327599999999995
0.8322099999999999
0.8316099999999996
0.8337299999999996
0.8344299999999997
0.8344
0.8351299999999998
0.8341900000000001
0.8332499999999997
0.8335499999999996
0.8312900000000002
0.8334499999999997
0.8335699999999997
0.8330999999999996
0.8333499999999999
0.8326399999999997
0.8332999999999996
0.8315399999999998
0.8334700000000004
0.8327299999999996
0.8325299999999999
0.8312299999999998
0.8327899999999997
0.8346299999999995
0.8344299999999998
0.8351399999999998
0.8334399999999995
0.8314400000000002
0.83339
0.8344899999999995
0.8315699999999996
0.8320899999999998
0.8311799999999997
0.8327399999999998
0.8330999999999997
0.8332199999999998
0.8321899999999995
0.8298399999999997
0.83073
0.8322799999999994
0.83225
0.8330700000000002
0.8342599999999998
0.8349499999999997
0.8327099999999993
0.8311899999999998
0.8332399999999996
0.8329099999999997
0.83404
0.8355399999999996
0.8342499999999998
0.8335099999999999
0.8354600000000002
0.8330199999999998
0.8327599999999998
0.8334999999999994
0.8317299999999996
0.8323799999999995
0.8331499999999997
0.8335799999999998
0.8329099999999997
0.83293
0.8333799999999998
0.83396
0.8322099999999998
0.83381
0.8359699999999997
0.8339699999999999
0.8339800000000003
0.8314099999999995
0.8338799999999993
0.8351699999999999
0.8346100000000004
0.83297
0.8333499999999997
0.8337799999999994
0.8337699999999999
0.8326800000000002
0.8320199999999996
0.8299899999999997
0.8327099999999997
0.8335400000000002
0.8303899999999997
0.8326599999999993
0.8338399999999999
0.8339199999999998
0.8341999999999996
0.8322699999999995
0.8350200000000001
0.8346799999999996
0.8341099999999999
0.8333099999999996
0.8322999999999996
0.8340500000000003
0.835519999999999
0.83489
0.8345499999999998
0.8349600000000001
0.8348599999999992
0.8351799999999995
0.8338399999999999
0.8355499999999999
0.8346499999999998
0.8344399999999997
0.8345699999999997
0.8340099999999997
0.8353699999999997
0.8348300000000001
0.8327799999999996
0.83405
0.83194
0.8325999999999997
0.8336399999999996
0.8334599999999996
0.8341999999999998
0.8332499999999996
0.8339099999999998
0.83288
0.8350899999999993
0.83327
0.8336999999999998
0.8329999999999991
0.8339899999999999
0.8332200000000001
0.8349599999999998
