0.19999999999999962
0.20707999999999996
0.2790600000000001
0.26820000000000005
0.29382000000000014
0.27625
0.2944800000000001
0.28258999999999995
0.29442000000000007
0.28105
0.2923699999999999
0.28350000000000003
0.29056999999999983
0.28598
0.28901999999999994
0.28344999999999987
0.29014
0.28459999999999996
0.28661999999999993
0.2895200000000001
0.28750999999999993
0.28741000000000005
0.28914999999999996
0.28585999999999995
0.28971
0.2850899999999999
0.2876599999999999
0.28726
0.28895
0.28661999999999993
0.28813
0.28657
0.29157000000000005
0.2874400000000001
0.29012999999999994
0.28771
0.28787000000000007
0.28570999999999996
0.29042999999999997
0.2857599999999999
0.28733000000000003
0.28675
0.2869200000000001
0.2874400000000001
0.28594
0.29068
0.28679999999999994
0.2891500000000001
0.28667000000000015
0.28863000000000016
0.2897199999999999
0.28822
0.28567000000000015
0.28937000000000007
0.28618
0.28878
0.28772999999999993
0.28940000000000005
0.28866000000000014
0.29022
0.2874999999999999
0.28791999999999995
0.2871999999999999
0.2848899999999999
0.28711
0.2841400000000001
0.28586
0.28594
0.2872700000000001
0.28669999999999995
0.28982
0.2863900000000001
0.2882900000000001
0.28844999999999993
0.28566999999999987
0.28634
0.28686999999999996
0.2866099999999997
0.2861700000000001
0.2871599999999999
0.28847000000000006
0.28703999999999996
0.2907100000000001
0.2877699999999999
0.28887999999999997
0.2866500000000002
0.29033999999999993
0.28930999999999996
0.28769
0.28503000000000006
0.28622000000000003
0.28792999999999996
0.2882
0.28569
0.2854399999999999
0.2866699999999998
0.28969
0.2879300000000001
0.29007
0.28744
0.28976
0.28834000000000004
0.28853000000000006
0.28740999999999994
0.2857799999999998
0.28796000000000005
0.28634000000000004
0.2866
0.28595
0.28802999999999995
0.2866600000000001
0.28541000000000005
0.28551000000000004
0.2893500000000001
0.2849199999999999
0.28867999999999994
0.2865
0.28658
0.28548
0.2895800000000001
0.28665999999999997
0.28796000000000005
0.28728
0.2859399999999999
0.2864599999999999
0.2906500000000001
0.28829
0.28599
0.28692999999999996
0.2882199999999999
0.28900000000000003
0.28861000000000003
0.28672
0.28801000000000004
0.2862
0.2868500000000001
0.28755000000000014
0.28606999999999994
0.28626999999999997
0.2863200000000002
0.28967
0.28566999999999987
0.29013
0.28601000000000004
0.2903099999999999
0.28599
0.28814
0.2852700000000001
0.28943
0.28707
0.28781000000000007
0.28485000000000005
0.2883799999999999
0.2854999999999998
0.28678
0.28769000000000006
0.28777
0.28739000000000003
0.2857800000000002
0.2882100000000001
0.28705
0.28930999999999996
0.28513999999999995
0.28786
0.2879400000000001
0.2869900000000001
0.28988
0.2891
0.2880499999999999
0.2861300000000001
0.2883799999999999
0.28692999999999985
0.2884799999999999
0.28546000000000005
0.2866799999999999
0.28752000000000016
0.28791000000000005
0.2864
0.28535
0.28517000000000003
0.28537999999999986
0.2863200000000001
0.2876999999999999
0.2880599999999998
0.28611000000000003
0.28526
0.28631999999999996
0.28682999999999986
0.28726
0.29075999999999996
0.28630999999999984
0.2878699999999999
0.28492999999999996
0.28839000000000015
0.28725
0.28833000000000003
0.28662000000000004
0.28589
0.2866500000000001
0.28817
0.2878700000000001
0.28600000000000003
0.28694999999999987
0.28829000000000005
0.2885400000000001
0.28683
0.28526999999999986
0.28684999999999994
0.2855599999999999
0.28852000000000005
0.29112
0.28893
0.2873299999999999
0.28596
0.28748000000000007
0.28897000000000006
0.28838999999999987
0.2856999999999999
0.28741000000000005
0.28772
0.28893
0.28775
0.2852300000000001
0.28668999999999994
0.28987000000000007
0.2877000000000001
0.2867799999999999
0.28932
0.28976
0.28859999999999997
0.28718
0.28584
0.28835
0.28714
0.28599000000000013
0.28861999999999993
0.28625999999999996
0.28896000000000005
0.28900000000000015
0.28862999999999983
0.28796999999999995
0.2875
0.2867500000000001
0.28562000000000004
0.28850000000000003
0.2866800000000001
0.28830000000000017
0.28633
0.28894000000000003
0.28948
0.29035
0.28566
0.2873499999999999
0.28609
0.28710999999999987
0.2856000000000001
0.2859499999999999
0.2866399999999999
0.28653
0.28688999999999987
0.28873999999999994
0.28788000000000014
0.28702
0.2890499999999999
0.2872200000000001
0.28859999999999997
0.2861499999999998
0.2866499999999999
0.28847
0.28711000000000003
0.28939
0.2878899999999999
0.29202
0.2866400000000001
0.2888199999999999
0.28701
0.28839000000000004
0.28528
0.28850999999999993
0.28593
0.28924999999999995
0.28640000000000004
0.28884999999999994
0.28916999999999987
0.28957
0.28811
0.28981000000000007
0.28769999999999996
0.28935
0.28951
0.2853399999999999
0.2863300000000001
0.2877499999999999
0.28735000000000005
0.2865
0.28819
0.28811000000000014
0.28592999999999996
0.2874200000000001
0.28969
0.2887499999999999
0.28844
0.2843200000000001
0.28731000000000007
0.2845
0.28553999999999996
0.28808000000000006
0.28924999999999995
0.28615000000000007
0.28814
0.28783000000000003
0.28735999999999995
0.2871699999999999
0.2869
0.28680999999999984
0.2889999999999999
0.28620000000000007
0.2885399999999999
0.28485000000000016
0.28699000000000013
0.28674000000000005
0.28699999999999987
0.28684999999999994
0.2890800000000001
0.29133000000000014
0.29069000000000006
0.2860699999999998
0.28654999999999997
0.28521
0.28773
0.2885600000000002
0.28482999999999997
0.28383999999999987
0.2869200000000001
0.28762
0.28936000000000006
0.28828000000000004
0.2896699999999999
0.28591
0.28813999999999984
0.28717
0.28565000000000007
0.2885599999999999
0.28634000000000004
0.28948999999999986
0.2865999999999999
0.28568000000000005
0.2864899999999999
0.2852299999999999
0.2862700000000001
0.2873099999999999
0.28545
0.2872
0.28783000000000003
0.28652
0.2871899999999999
0.28507
0.28808
0.28757999999999995
0.28956000000000004
0.28844000000000014
0.2869400000000001
0.2862400000000001
0.28412000000000015
0.2886599999999999
0.2890499999999999
0.28857000000000005
0.2883799999999999
0.28891
0.28795000000000004
0.2888900000000001
0.2899900000000001
0.28883000000000003
0.28744999999999993
0.28512
0.28794999999999993
0.28780000000000006
0.28910000000000013
0.28931000000000007
0.28756999999999994
0.2865
0.28846000000000016
0.2868099999999999
0.28570999999999996
0.2870999999999999
0.28592999999999996
0.2858100000000001
0.28663000000000005
0.28876999999999997
0.28904
0.28930999999999996
0.28825999999999996
0.2879199999999998
0.28708000000000006
0.28689
0.28659
0.28820999999999997
0.2863399999999999
0.2872599999999999
0.28696999999999995
0.28714999999999996
0.2864999999999999
0.2881400000000001
0.2887700000000001
0.29040999999999995
0.2866599999999999
0.28473999999999994
0.28829999999999995
0.28652000000000005
0.29017000000000015
0.2874600000000001
0.2882900000000001
0.28788
0.29020000000000007
0.28678000000000003
0.28711000000000003
0.2867600000000002
0.2881100000000001
0.28531
0.28667
0.28917000000000004
0.28755000000000014
0.28818
0.28617
0.28797999999999996
0.28970999999999997
0.28781
0.28703000000000006
0.28487999999999997
0.28889000000000015
0.28916000000000014
0.2868199999999999
0.2890400000000001
0.2883899999999999
0.28890000000000005
0.28972
0.28584999999999994
0.2884
0.28623
0.28748
0.2870900000000001
0.2878099999999999
0.28844000000000003
0.28712000000000004
0.2886600000000001
0.28620000000000007
0.28905999999999993
0.28477999999999987
0.2893900000000001
0.28547
0.28726999999999997
0.28674999999999995
0.29132
0.28684999999999994
0.2903
0.28587
0.28721
0.28748000000000007
0.28874999999999995
0.28611
0.29008999999999996
0.28777000000000014
0.2885
0.28788
0.29151
0.2865000000000001
0.28816999999999987
0.28564000000000006
0.28697
0.28542000000000006
0.28866999999999987
0.28714999999999996
0.28746
0.28836000000000006
0.2897100000000002
0.28897999999999996
0.28672000000000003
0.2872499999999999
0.2873200000000001
0.28564999999999996
0.2852900000000001
0.28606
0.28663000000000005
0.28804000000000013
0.28684
0.28905000000000003
0.28611999999999993
0.2883
0.2883599999999999
0.28925
0.28687999999999986
0.2879400000000001
0.2856699999999999
0.28501
0.28648999999999997
0.28603999999999996
0.2879999999999999
0.2878499999999998
0.2880299999999999
0.28847999999999996
0.28768000000000005
0.28956
0.28898
0.28795000000000015
0.29111999999999993
0.28647999999999996
0.28719000000000006
0.2858200000000001
0.28870999999999997
0.2880200000000001
0.28804999999999986
0.28613000000000016
0.29058999999999996
0.28794999999999993
0.28750999999999993
0.28485999999999995
0.2865999999999999
0.2885999999999999
0.28768
0.28604999999999997
0.28783000000000003
0.28696999999999995
0.28734000000000004
0.28638
0.2860399999999998
0.28776
0.28752999999999995
0.28935999999999995
0.28553999999999996
0.28841
0.2845299999999999
0.2859200000000001
0.28664999999999996
0.28931000000000007
0.2882100000000001
0.2907399999999999
0.28754
0.28358999999999995
0.28669999999999995
0.28856000000000004
0.28526000000000007
0.28668000000000005
0.28595999999999994
0.2904000000000002
0.2851400000000001
0.28979999999999984
0.2864400000000001
0.28936999999999996
0.28753999999999974
0.28906000000000004
0.28735999999999995
0.28863
0.28934
0.2894399999999999
0.28977000000000014
0.2885599999999999
0.28711000000000003
0.28910000000000013
0.28910000000000013
0.28651000000000015
0.2884300000000001
0.28428000000000003
0.28893
0.28664
0.28648
0.28707000000000005
0.28729000000000016
0.28622999999999993
0.28767
0.2869300000000001
0.28567999999999993
0.2886999999999999
0.28822
0.28947
0.28253000000000006
0.2884400000000001
0.2846400000000001
0.28706
0.28432999999999997
0.28828000000000004
0.28736999999999996
0.29100999999999994
0.28478000000000003
0.2901
0.28731000000000007
0.28807
0.2878
0.28825999999999996
0.28617999999999993
0.28994999999999993
0.28746000000000005
0.29268999999999984
0.28552999999999995
0.28581999999999996
0.28845000000000004
0.28607999999999995
0.28641999999999995
0.28807000000000005
0.28652
0.28806
0.28514999999999996
0.28696000000000005
0.28535
0.28855000000000003
0.28895
0.28954
0.28999
0.2899300000000001
0.28683999999999993
0.2872699999999999
0.28801000000000004
0.28819999999999996
0.28804
0.28701
0.2864700000000001
0.28687
0.28593999999999986
0.2890500000000001
0.28765
0.28641
0.28739999999999993
0.2892199999999999
0.28781
0.28962000000000016
0.2882899999999999
0.28754000000000013
0.28526999999999997
0.28565999999999997
0.28625000000000006
0.28631
0.28731000000000007
0.2885499999999999
0.2881500000000001
0.28846
0.28725
0.28887999999999997
0.28662999999999994
0.28789000000000003
0.28726
0.28774999999999984
0.28697
0.2887100000000001
0.28626
0.28869999999999985
0.28698999999999997
0.2867700000000001
0.2860099999999999
0.2877200000000001
0.28538000000000013
0.2902399999999999
0.2862999999999999
0.28839
0.28894
0.28953999999999996
0.28922999999999993
0.28716
0.2844
0.28805000000000003
0.2870599999999999
0.28953
0.28796
0.2885500000000001
0.28714
0.2888999999999999
0.28786000000000017
0.28945
0.28582000000000013
0.28926
0.28629000000000004
0.28786000000000006
0.286
0.28775999999999996
0.28624999999999995
0.28857000000000005
0.2842299999999999
0.2902399999999998
0.28374999999999995
0.28691
0.28466999999999987
0.28732
0.28987000000000007
0.2876500000000001
0.28692999999999996
0.28808999999999996
0.2893899999999998
0.28641000000000005
0.28934
0.28765000000000013
0.28724000000000005
0.28756
0.2875800000000001
0.28469000000000005
0.28645999999999994
0.28552999999999995
0.28344
0.28564999999999996
0.28603000000000006
0.2892199999999999
0.28877
0.28557999999999995
0.28559000000000007
0.28928
0.28498999999999997
0.28686
0.28552999999999995
0.2867200000000001
0.28545
0.28422
0.28518000000000004
0.28673999999999994
0.28711000000000014
0.28686000000000006
0.2880100000000001
0.28835
0.28773999999999994
0.29075999999999996
0.28696
0.28909000000000007
0.2846999999999999
0.28637
0.28653
0.28895
0.28492000000000023
0.2889999999999999
0.28802000000000005
0.28608999999999996
0.28983000000000003
0.28766999999999987
0.2891599999999999
0.28509999999999996
0.2872799999999999
0.28869999999999996
0.2877599999999999
0.28919999999999996
0.2859999999999999
0.2881
0.28681999999999996
0.2879200000000001
0.28521
0.28721000000000013
0.2881300000000001
0.29014999999999985
0.28769
0.28693999999999986
0.2875499999999999
0.28961000000000003
0.28958999999999996
0.28748
0.28984
0.2865
0.28904
0.29027
0.2892799999999999
0.2858500000000001
0.28917999999999994
0.28984000000000004
0.28813
0.2869700000000001
0.2871799999999999
0.28636000000000006
0.2887899999999999
0.2884
0.28963
0.2876200000000001
0.28930999999999996
0.2867000000000002
0.2903999999999998
0.28848
0.28797999999999996
0.2891499999999999
0.28680000000000005
0.28705
0.28817
0.28352
0.2851600000000001
0.28807999999999995
0.28569000000000006
0.28544
0.28483
0.28929000000000005
0.2853399999999999
0.28809
0.2865200000000001
0.2882600000000001
0.2876300000000001
0.28687999999999997
0.28810999999999987
0.2901800000000001
0.2854399999999999
0.28746000000000005
0.28680999999999995
0.28928999999999994
0.28521
0.2871200000000001
0.2872
0.2887500000000001
0.28947000000000006
0.2893400000000001
0.28821999999999987
0.28802000000000005
0.28578
0.28663000000000005
0.28681000000000006
0.2883500000000001
0.28647999999999996
0.2904299999999998
0.28768
0.29172
0.28557000000000016
0.28783999999999993
0.28864000000000006
0.29048000000000007
0.2870099999999999
0.28708
0.28653
0.2895400000000001
0.28661000000000003
0.2883500000000001
0.28725
0.2879499999999998
0.2865
0.28877999999999987
0.28620000000000007
0.2859499999999999
0.2858200000000001
0.29028
0.2891000000000002
0.2894100000000001
0.28629000000000004
0.28866999999999987
0.28755
0.2870600000000001
0.29044000000000003
0.2875500000000001
0.2878999999999999
0.2865999999999999
0.2889100000000001
0.2861599999999999
0.28823999999999994
0.28681999999999996
0.28763999999999984
0.2866600000000002
0.2859499999999999
0.28792999999999996
0.28563000000000005
0.2897000000000001
0.28720000000000007
0.2874300000000002
0.2871399999999999
0.28669999999999995
0.28787
0.2844199999999998
0.28637999999999986
0.28650000000000003
0.28604
0.28742
0.28557
0.2878199999999999
0.28659999999999997
0.28731
0.28794000000000003
0.28675999999999996
0.28362999999999994
0.28831
0.28795999999999994
0.28915000000000024
0.28823999999999983
0.28725
0.28856
0.28726
0.28384999999999994
0.2875000000000001
0.2867799999999999
0.28852999999999995
0.2881000000000001
0.28913999999999995
0.28817
0.28613
0.29004999999999986
0.2863900000000001
0.28713999999999995
0.28735000000000016
0.28768999999999995
0.28761999999999993
0.28731999999999996
0.28580999999999984
0.2878899999999999
0.2901400000000001
0.28887999999999997
0.2870599999999999
0.2907099999999999
0.2889199999999999
0.28808000000000006
0.2862499999999999
0.2886600000000001
0.28809999999999997
0.2885400000000001
0.2891599999999999
0.28859999999999997
0.28872999999999993
0.28851999999999994
0.28656000000000004
0.28572000000000003
0.28562999999999994
0.28865999999999997
0.28505999999999987
0.28703
0.28741
0.2891
0.28628
0.2859699999999999
0.2888300000000001
0.2864300000000001
0.28950999999999993
0.28585
0.28802000000000016
0.28856000000000004
0.28568999999999994
0.28380999999999995
0.2877
0.2865999999999999
0.28639
0.28636999999999996
0.28741000000000005
0.28614000000000006
0.28674000000000016
0.2875899999999999
0.2861100000000001
0.2868200000000001
0.28719000000000006
0.2857200000000001
0.2878199999999999
0.2879200000000001
0.28746999999999995
0.2900600000000001
0.2858000000000001
0.28676999999999997
0.2867799999999999
0.28807
0.28697
0.29028999999999994
0.2885600000000001
0.2870400000000001
0.28752
0.2908199999999999
0.28622
0.2882800000000001
0.2888900000000001
0.28921
0.28809999999999997
0.28585
0.28716
0.2848600000000001
0.28442
0.28558
0.2878299999999999
0.28715
0.2876499999999999
0.28507999999999994
0.2923299999999999
0.2880100000000001
0.29042
0.28859000000000007
0.29243000000000013
0.28671
0.28694
0.28488
0.28866
0.2877099999999999
0.28994
0.2867399999999999
0.28976
0.2879399999999999
0.2874899999999999
0.2872999999999999
0.28846
0.28386999999999996
0.28841
0.28833
0.28837999999999997
0.28546
0.28929000000000005
0.28719
0.2873400000000001
0.28722999999999993
0.28777
0.28761
0.28827
0.2868000000000001
0.28735
0.2876800000000001
0.28499
0.2894
0.2882100000000001
0.28818
0.2867099999999999
0.28685999999999995
0.28767999999999994
0.28662999999999994
0.2865
