0.19999999999999962
0.09274000000000003
0.07113
0.054240000000000003
0.047869999999999996
0.04083999999999998
0.037089999999999984
0.03581999999999999
0.03213999999999998
0.03144999999999998
0.02939999999999998
0.02828999999999999
0.02627999999999999
0.026609999999999988
0.025339999999999988
0.024129999999999985
0.02397999999999999
0.023319999999999976
0.023219999999999977
0.022819999999999983
0.022619999999999994
0.021039999999999993
0.020279999999999992
0.020359999999999986
0.02015999999999999
0.019629999999999995
0.020079999999999997
0.019699999999999992
0.019049999999999987
0.01875999999999999
0.017999999999999988
0.01738999999999999
0.016459999999999995
0.015659999999999993
0.015889999999999987
0.015529999999999993
0.015009999999999994
0.014309999999999996
0.014219999999999997
0.014159999999999997
0.014659999999999996
0.014549999999999993
0.013629999999999991
0.012959999999999998
0.013819999999999994
0.0128
0.012350000000000002
0.011830000000000002
0.011430000000000003
0.010550000000000002
0.011070000000000002
0.010020000000000005
0.009820000000000006
0.009740000000000006
0.009300000000000004
0.009970000000000005
0.009700000000000005
0.009680000000000005
0.010320000000000005
0.010330000000000004
0.010470000000000004
0.010160000000000004
0.010270000000000007
0.009930000000000005
0.009280000000000005
0.009300000000000004
0.009410000000000005
0.009630000000000005
0.009490000000000005
0.008940000000000005
0.008730000000000005
0.008640000000000004
0.008330000000000004
0.008390000000000003
0.008220000000000003
0.008090000000000003
0.008020000000000003
0.007390000000000003
0.007370000000000002
0.0069200000000000025
0.006910000000000003
0.006830000000000002
0.006650000000000002
0.006090000000000002
0.0055800000000000025
0.005680000000000003
0.005420000000000003
0.005460000000000001
0.0049400000000000025
0.005270000000000002
0.005550000000000002
0.005290000000000001
0.0053900000000000016
0.005230000000000001
0.005310000000000001
0.004720000000000001
0.0052
0.005460000000000001
0.005210000000000001
0.00511
0.004380000000000002
0.004320000000000002
0.004160000000000001
0.004250000000000001
0.004300000000000002
0.003920000000000002
0.0036000000000000008
0.0032600000000000007
0.0033900000000000015
0.0035200000000000006
0.0038900000000000007
0.003310000000000001
0.0031700000000000005
0.0031300000000000004
0.00315
0.0030499999999999998
0.0030500000000000006
0.0031800000000000005
0.00286
0.0026599999999999996
0.0024399999999999995
0.0025800000000000003
0.00266
0.0024999999999999996
0.00216
0.0020499999999999997
0.00234
0.0020700000000000007
0.0021100000000000003
0.0020000000000000005
0.0020300000000000006
0.0017900000000000001
0.00192
0.0014800000000000002
0.00156
0.00123
0.0014800000000000002
0.00126
0.0012100000000000001
0.00127
0.00149
0.0015000000000000002
0.0012900000000000001
0.00136
0.0013899999999999997
0.00188
0.0017000000000000001
0.0017400000000000002
0.00179
0.0017399999999999998
0.0017399999999999998
0.0020599999999999998
0.00216
0.00225
0.0024700000000000004
0.0021400000000000004
0.0022400000000000002
0.00178
0.0017800000000000001
0.0016900000000000003
0.00168
0.0015900000000000003
0.0018800000000000004
0.0018100000000000002
0.00179
0.00203
0.0018000000000000004
0.00184
0.0021100000000000003
0.00215
0.0017699999999999999
0.00169
0.0015400000000000004
0.0015600000000000002
0.0015600000000000002
0.0020599999999999998
0.00209
0.00209
0.00181
0.0018100000000000004
0.00166
0.0020300000000000006
0.0017300000000000002
0.0019600000000000004
0.0018
0.0017900000000000001
0.0017000000000000001
0.00159
0.0015199999999999999
0.0013
0.0014000000000000002
0.00154
0.00143
0.00127
0.00134
0.0012499999999999998
0.00103
0.0011099999999999999
0.00114
9.7E-4
0.0010500000000000002
8.900000000000001E-4
8.799999999999999E-4
8.3E-4
8.9E-4
0.001
7.9E-4
6.000000000000002E-4
7.8E-4
7.5E-4
7.100000000000001E-4
0.00134
0.0012199999999999997
0.0011200000000000001
9.4E-4
6.9E-4
7.700000000000002E-4
8.2E-4
8.799999999999999E-4
9.8E-4
0.00109
9.9E-4
8.799999999999999E-4
0.001
6.4E-4
6.8E-4
6.6E-4
8.5E-4
8.5E-4
7.500000000000001E-4
8.3E-4
6.2E-4
6.1E-4
6.0E-4
4.3E-4
3.2E-4
3.3E-4
3.3E-4
3.7999999999999997E-4
2.0999999999999998E-4
2.7000000000000006E-4
3.3E-4
4.0E-4
4.3999999999999996E-4
3.0E-4
2.7E-4
1.6E-4
1.0E-4
1.5E-4
1.2E-4
1.2E-4
8.999999999999999E-5
7.000000000000001E-5
8.0E-5
4.0E-5
2.0E-5
3.0E-5
6.0E-5
4.0E-5
2.0E-5
3.0E-5
1.0E-5
0.0
0.0
0.0
0.0
0.0
0.0
0.0
0.0
0.0
0.0
0.0
0.0
0.0
0.0
0.0
0.0
0.0
0.0
0.0
0.0
0.0
0.0
0.0
0.0
0.0
0.0
0.0
0.0
0.0
0.0
0.0
0.0
0.0
0.0
0.0
0.0
0.0
0.0
0.0
0.0
0.0
0.0
0.0
0.0
0.0
0.0
0.0
0.0
0.0
0.0
0.0
0.0
0.0
0.0
0.0
0.0
0.0
0.0
0.0
0.0
0.0
0.0
0.0
0.0
0.0
0.0
0.0
0.0
0.0
0.0
0.0
0.0
0.0
0.0
0.0
0.0
0.0
0.0
0.0
0.0
0.0
0.0
0.0
0.0
0.0
0.0
0.0
0.0
0.0
0.0
0.0
0.0
0.0
0.0
0.0
0.0
0.0
0.0
0.0
0.0
0.0
0.0
0.0
0.0
0.0
0.0
0.0
0.0
0.0
0.0
0.0
0.0
0.0
0.0
0.0
0.0
0.0
0.0
0.0
0.0
0.0
0.0
0.0
0.0
0.0
0.0
0.0
0.0
0.0
0.0
0.0
0.0
0.0
0.0
0.0
0.0
0.0
0.0
0.0
0.0
0.0
0.0
0.0
0.0
0.0
0.0
0.0
0.0
0.0
0.0
0.0
0.0
0.0
0.0
0.0
0.0
0.0
0.0
0.0
0.0
0.0
0.0
0.0
0.0
0.0
0.0
0.0
0.0
0.0
0.0
0.0
0.0
0.0
0.0
0.0
0.0
0.0
0.0
0.0
0.0
0.0
0.0
0.0
0.0
0.0
0.0
0.0
0.0
0.0
0.0
0.0
0.0
0.0
0.0
0.0
0.0
0.0
0.0
0.0
0.0
0.0
0.0
0.0
0.0
0.0
0.0
0.0
0.0
0.0
0.0
0.0
0.0
0.0
0.0
0.0
0.0
0.0
0.0
0.0
0.0
0.0
0.0
0.0
0.0
0.0
0.0
0.0
0.0
0.0
0.0
0.0
0.0
0.0
0.0
0.0
0.0
0.0
0.0
0.0
0.0
0.0
0.0
0.0
0.0
0.0
0.0
0.0
0.0
0.0
0.0
0.0
0.0
0.0
0.0
0.0
0.0
0.0
0.0
0.0
0.0
0.0
0.0
0.0
0.0
0.0
0.0
0.0
0.0
0.0
0.0
0.0
0.0
0.0
0.0
0.0
0.0
0.0
0.0
0.0
0.0
0.0
0.0
0.0
0.0
0.0
0.0
0.0
0.0
0.0
0.0
0.0
0.0
0.0
0.0
0.0
0.0
0.0
0.0
0.0
0.0
0.0
0.0
0.0
0.0
0.0
0.0
0.0
0.0
0.0
0.0
0.0
0.0
0.0
0.0
0.0
0.0
0.0
0.0
0.0
0.0
0.0
0.0
0.0
0.0
0.0
0.0
0.0
0.0
0.0
0.0
0.0
0.0
0.0
0.0
0.0
0.0
0.0
0.0
0.0
0.0
0.0
0.0
0.0
0.0
0.0
0.0
0.0
0.0
0.0
0.0
0.0
0.0
0.0
0.0
0.0
0.0
0.0
0.0
0.0
0.0
0.0
0.0
0.0
0.0
0.0
0.0
0.0
0.0
0.0
0.0
0.0
0.0
0.0
0.0
0.0
0.0
0.0
0.0
0.0
0.0
0.0
0.0
0.0
0.0
0.0
0.0
0.0
0.0
0.0
0.0
0.0
0.0
0.0
0.0
0.0
0.0
0.0
0.0
0.0
0.0
0.0
0.0
0.0
0.0
0.0
0.0
0.0
0.0
0.0
0.0
0.0
0.0
0.0
0.0
0.0
0.0
0.0
0.0
0.0
0.0
0.0
0.0
0.0
0.0
0.0
0.0
0.0
0.0
0.0
0.0
0.0
0.0
0.0
0.0
0.0
0.0
0.0
0.0
0.0
0.0
0.0
0.0
0.0
0.0
0.0
0.0
0.0
0.0
0.0
0.0
0.0
0.0
0.0
0.0
0.0
0.0
0.0
0.0
0.0
0.0
0.0
0.0
0.0
0.0
0.0
0.0
0.0
0.0
0.0
0.0
0.0
0.0
0.0
0.0
0.0
0.0
0.0
0.0
0.0
0.0
0.0
0.0
0.0
0.0
0.0
0.0
0.0
0.0
0.0
0.0
0.0
0.0
0.0
0.0
0.0
0.0
0.0
0.0
0.0
0.0
0.0
0.0
0.0
0.0
0.0
0.0
0.0
0.0
0.0
0.0
0.0
0.0
0.0
0.0
0.0
0.0
0.0
0.0
0.0
0.0
0.0
0.0
0.0
0.0
0.0
0.0
0.0
0.0
0.0
0.0
0.0
0.0
0.0
0.0
0.0
0.0
0.0
0.0
0.0
0.0
0.0
0.0
0.0
0.0
0.0
0.0
0.0
0.0
0.0
0.0
0.0
0.0
0.0
0.0
0.0
0.0
0.0
0.0
0.0
0.0
0.0
0.0
0.0
0.0
0.0
0.0
0.0
0.0
0.0
0.0
0.0
0.0
0.0
0.0
0.0
0.0
0.0
0.0
0.0
0.0
0.0
0.0
0.0
0.0
0.0
0.0
0.0
0.0
0.0
0.0
0.0
0.0
0.0
0.0
0.0
0.0
0.0
0.0
0.0
0.0
0.0
0.0
0.0
0.0
0.0
0.0
0.0
0.0
0.0
0.0
0.0
0.0
0.0
0.0
0.0
0.0
0.0
0.0
0.0
0.0
0.0
0.0
0.0
0.0
0.0
0.0
0.0
0.0
0.0
0.0
0.0
0.0
0.0
0.0
0.0
0.0
0.0
0.0
0.0
0.0
0.0
0.0
0.0
0.0
0.0
0.0
0.0
0.0
0.0
0.0
0.0
0.0
0.0
0.0
0.0
0.0
0.0
0.0
0.0
0.0
0.0
0.0
0.0
0.0
0.0
0.0
0.0
0.0
0.0
0.0
0.0
0.0
0.0
0.0
0.0
0.0
0.0
0.0
0.0
0.0
0.0
0.0
0.0
0.0
0.0
0.0
0.0
0.0
0.0
0.0
0.0
0.0
0.0
0.0
0.0
0.0
0.0
0.0
0.0
0.0
0.0
0.0
0.0
0.0
0.0
0.0
0.0
0.0
0.0
0.0
0.0
0.0
0.0
0.0
0.0
0.0
0.0
0.0
0.0
0.0
0.0
0.0
0.0
0.0
0.0
0.0
0.0
0.0
0.0
0.0
0.0
0.0
0.0
0.0
0.0
0.0
0.0
0.0
