0.19999999999999962
0.31162
0.45115000000000033
0.39443
0.44592000000000004
0.4024199999999998
0.43785
0.4057899999999999
0.4343200000000001
0.40800999999999993
0.4319899999999998
0.41191000000000016
0.4294899999999999
0.4145599999999999
0.42890999999999985
0.4145699999999999
0.42643999999999976
0.41713000000000017
0.4249599999999999
0.41806999999999994
0.42765000000000014
0.42076999999999987
0.41963
0.42050999999999983
0.42465
0.4196599999999997
0.41903999999999997
0.42268999999999984
0.4229999999999999
0.42127
0.4212500000000001
0.42014999999999975
0.4226900000000001
0.4194700000000002
0.42396999999999996
0.41916
0.4229300000000001
0.4185600000000001
0.4229399999999998
0.42070999999999986
0.42064999999999975
0.42048999999999964
0.42105999999999993
0.4222999999999999
0.42138
0.4218199999999998
0.4201999999999999
0.42199999999999993
0.4207399999999996
0.42188
0.42259999999999986
0.41972999999999994
0.42407999999999996
0.41977000000000003
0.4220500000000002
0.4188
0.42413999999999985
0.42239999999999966
0.4232699999999999
0.4213899999999998
0.4212899999999999
0.42251999999999995
0.42192999999999986
0.41946999999999995
0.42352999999999996
0.4218500000000001
0.41972999999999977
0.42113000000000006
0.4203899999999999
0.42405999999999994
0.42140000000000005
0.42206999999999995
0.42284
0.42079
0.4205700000000001
0.42223999999999995
0.42007999999999995
0.42113999999999996
0.4200799999999998
0.4233099999999998
0.42178999999999994
0.4210599999999998
0.4194999999999998
0.4222699999999998
0.4208299999999998
0.4206799999999999
0.42183
0.42351999999999995
0.42162000000000005
0.42116000000000015
0.4225500000000001
0.4218399999999997
0.42229
0.4218699999999999
0.42193
0.42021999999999976
0.4203900000000001
0.4217500000000001
0.42099000000000003
0.42072
0.42210000000000003
0.42229999999999995
0.42288999999999993
0.4188999999999998
0.4214099999999999
0.42231
0.4233599999999999
0.4208099999999998
0.42134
0.4221500000000001
0.4231499999999999
0.4215799999999998
0.42152999999999996
0.42112999999999984
0.4201299999999999
0.42252999999999963
0.4208599999999996
0.42094000000000004
0.42056
0.42140999999999984
0.42228999999999983
0.4192499999999999
0.4208999999999999
0.41845
0.42497000000000024
0.41773000000000005
0.42417999999999995
0.41993999999999987
0.42109
0.4225100000000001
0.42143999999999976
0.4203299999999999
0.4226099999999999
0.4209599999999999
0.41834999999999994
0.42221000000000003
0.41990999999999984
0.4233599999999999
0.4196399999999999
0.4203299999999999
0.4217399999999998
0.42446999999999996
0.4181000000000001
0.42319
0.4214
0.41919999999999985
0.4247999999999999
0.4190699999999998
0.42340000000000017
0.42062999999999995
0.42161999999999983
0.41959999999999975
0.42323999999999984
0.4191100000000001
0.4243299999999999
0.41806999999999966
0.42247000000000007
0.42148999999999986
0.42144999999999977
0.42008
0.42255000000000026
0.4208700000000002
0.41931999999999975
0.42223
0.42144000000000004
0.41852000000000006
0.4219700000000001
0.42096000000000017
0.42157999999999984
0.418
0.4255199999999999
0.42045
0.42168
0.4222399999999999
0.42290999999999995
0.41955
0.42389999999999967
0.42134999999999967
0.42305
0.41991999999999996
0.4219699999999998
0.42073999999999984
0.4222200000000001
0.42074
0.42045999999999994
0.42310999999999976
0.4195000000000001
0.42155999999999993
0.4198799999999999
0.42316999999999994
0.42193999999999987
0.42163000000000006
0.4190999999999998
0.4232499999999998
0.42132999999999987
0.42177
0.4207799999999999
0.4226799999999999
0.42223000000000005
0.42266
0.42164999999999997
0.42223
0.42046
0.4239399999999998
0.41891999999999996
0.4233499999999999
0.42127
0.41913999999999996
0.42095999999999995
0.42007
0.41978999999999994
0.42293999999999987
0.4213899999999999
0.4215000000000002
0.4205299999999999
0.4222799999999998
0.42052000000000006
0.4239099999999999
0.42050999999999983
0.42317
0.4186700000000001
0.4225999999999997
0.42141999999999996
0.4225399999999999
0.4201
0.41923999999999995
0.42001999999999995
0.42115
0.4211499999999998
0.42103
0.4195699999999998
0.42081999999999975
0.4213999999999997
0.42241999999999985
0.41955000000000003
0.4241499999999999
0.4224
0.41973
0.42095999999999983
0.42155000000000004
0.4227599999999999
0.42155000000000004
0.42149999999999976
0.42301999999999995
0.42224999999999985
0.42222999999999977
0.4186099999999999
0.42323999999999984
0.42011999999999994
0.42171
0.41996
0.42398
0.41867000000000004
0.4234599999999999
0.41721999999999987
0.42440000000000005
0.4192400000000001
0.42212999999999995
0.41996999999999984
0.42432000000000003
0.4211599999999999
0.4258399999999999
0.41847
0.4241000000000001
0.41985999999999984
0.42406999999999984
0.41943
0.41913999999999996
0.42192999999999997
0.42308999999999986
0.4205200000000001
0.41938999999999993
0.42361
0.4196200000000001
0.4214899999999997
0.4229499999999997
0.41952
0.42242999999999986
0.4197499999999998
0.4236399999999999
0.4211
0.42277999999999993
0.4207000000000001
0.42190999999999995
0.4202100000000001
0.4219599999999999
0.4216099999999999
0.42187999999999987
0.4189199999999999
0.4235199999999999
0.41934
0.4213099999999998
0.4191600000000001
0.4219500000000002
0.4198899999999999
0.42431999999999986
0.4199
0.41995999999999994
0.42225
0.4189700000000001
0.42051
0.42108000000000007
0.4216699999999998
0.42287000000000013
0.4190099999999999
0.4234899999999998
0.4215900000000001
0.4215299999999999
0.42040999999999984
0.42312
0.42177
0.42368
0.4190799999999999
0.42228
0.42125000000000007
0.42230999999999996
0.41778000000000015
0.4231300000000001
0.4182899999999999
0.42273000000000027
0.42003999999999986
0.42256
0.4196299999999998
0.4220599999999998
0.4218900000000001
0.42341
0.4201999999999999
0.42179999999999995
0.4205899999999999
0.42252999999999985
0.42012000000000016
0.42344000000000004
0.41941
0.42112000000000016
0.42247999999999997
0.42234999999999995
0.4219599999999999
0.41961999999999994
0.4196999999999998
0.4243599999999998
0.4211399999999999
0.4210499999999999
0.4228899999999999
0.4219799999999998
0.42067
0.4224599999999999
0.42177000000000014
0.4198999999999999
0.42162999999999995
0.42111000000000004
0.42422999999999994
0.4223100000000001
0.42362999999999995
0.4195199999999999
0.4208199999999999
0.4226099999999999
0.4197099999999999
0.41990000000000016
0.41922000000000004
0.42126000000000013
0.42243999999999976
0.41991
0.41952000000000006
0.42170999999999986
0.42173999999999984
0.4226200000000002
0.4216700000000001
0.42201999999999984
0.4217300000000001
0.4225000000000001
0.42005999999999993
0.4211499999999997
0.42206999999999995
0.41866
0.4226399999999999
0.42066
0.42054999999999976
0.4209299999999999
0.4226700000000001
0.42022999999999994
0.42003
0.42007999999999995
0.42023000000000005
0.42305
0.4237899999999998
0.42181999999999986
0.42286000000000007
0.42165999999999976
0.4201699999999999
0.42148
0.41977000000000003
0.42225999999999986
0.42110000000000014
0.4190099999999998
0.42240999999999995
0.4205499999999999
0.42071999999999965
0.42211999999999994
0.4193699999999999
0.42426999999999987
0.42072999999999994
0.4212599999999999
0.42145999999999995
0.41944000000000004
0.4227899999999999
0.4214699999999998
0.42261999999999994
0.4229700000000001
0.42188
0.4227
0.42150000000000004
0.4223800000000001
0.42065999999999987
0.4228399999999998
0.42065000000000013
0.42202
0.4207000000000001
0.4220499999999998
0.42007000000000005
0.42112999999999984
0.4224500000000001
0.41999999999999993
0.4216800000000002
0.4207
0.42269999999999996
0.4201099999999998
0.42341
0.41932
0.42419999999999985
0.42258999999999974
0.42203999999999986
0.4205599999999999
0.4216000000000002
0.41980999999999985
0.42332999999999993
0.42041999999999985
0.42359999999999987
0.41951
0.42190999999999995
0.42228999999999994
0.42351000000000005
0.41916
0.42351000000000005
0.42137999999999987
0.4216699999999998
0.41832999999999976
0.42343000000000003
0.42012999999999984
0.4238999999999999
0.4195800000000002
0.42136
0.4201900000000002
0.4217299999999999
0.42194999999999977
0.42302999999999985
0.42193
0.42142999999999986
0.4207599999999999
0.4217799999999998
0.4184299999999999
0.42212000000000005
0.4189699999999997
0.4258499999999998
0.42042999999999997
0.42164999999999986
0.41828999999999994
0.42
0.4197799999999999
0.42266
0.42069999999999985
0.4203100000000001
0.42240999999999984
0.42155999999999977
0.42031000000000013
0.4235799999999999
0.4211599999999999
0.4183599999999999
0.42309
0.41957999999999984
0.4246399999999998
0.41929999999999973
0.4224499999999998
0.4203099999999999
0.4231600000000001
0.42040000000000005
0.42239
0.41753999999999997
0.4253499999999997
0.4213899999999999
0.4209199999999999
0.41972000000000004
0.4237999999999999
0.41898999999999986
0.42378000000000016
0.41641999999999996
0.42643000000000003
0.4153899999999999
0.42418000000000006
0.4180300000000001
0.4234199999999999
0.42080999999999996
0.42054
0.4211999999999999
0.42201
0.4215199999999999
0.42056999999999994
0.42173999999999984
0.4216299999999999
0.4185400000000002
0.42364
0.42182999999999987
0.4225999999999999
0.42174
0.41929999999999995
0.42056999999999967
0.42202999999999974
0.4215399999999996
0.42051999999999995
0.42086999999999963
0.42052999999999996
0.4214899999999999
0.4224699999999999
0.42152000000000006
0.42021000000000003
0.4219199999999999
0.42071000000000003
0.42168999999999995
0.4221199999999998
0.4212299999999999
0.42390000000000005
0.42128999999999983
0.41976999999999975
0.42193
0.42089
0.41936999999999997
0.42242999999999986
0.4209499999999998
0.42278000000000004
0.41981000000000024
0.4244000000000001
0.41960000000000003
0.42092999999999997
0.42117000000000004
0.4213099999999999
0.41940999999999984
0.42343
0.41807
0.4225300000000001
0.4202
0.42311
0.42084000000000005
0.42344000000000015
0.4191899999999999
0.4205799999999998
0.42164999999999997
0.42326
0.42017000000000015
0.42311999999999983
0.4209800000000001
0.4220799999999999
0.4213999999999997
0.4238499999999999
0.42210000000000014
0.42153999999999997
0.42019999999999974
0.4217299999999998
0.4227099999999999
0.4224599999999999
0.4196699999999998
0.4223100000000001
0.42176
0.42078000000000004
0.4217899999999999
0.42242999999999986
0.41983999999999994
0.42341999999999985
0.4189399999999999
0.42169000000000006
0.42003999999999997
0.42306999999999995
0.42124
0.4210499999999998
0.4209999999999999
0.4212499999999996
0.41906999999999994
0.4201299999999998
0.41927
0.41996
0.4203699999999999
0.42119999999999985
0.4196399999999998
0.4225499999999998
0.4210500000000002
0.42195999999999984
0.4178399999999998
0.42416000000000004
0.42134000000000016
0.42094999999999994
0.41883000000000004
0.4213500000000001
0.42066999999999993
0.42372
0.4193800000000001
0.42423999999999984
0.41875999999999997
0.4213899999999999
0.42083000000000004
0.42227999999999993
0.41896000000000005
0.42268
0.42218999999999984
0.41888
0.4234299999999999
0.4200799999999998
0.4203399999999998
0.4230699999999999
0.42173999999999995
0.4230599999999998
0.42253999999999986
0.42303999999999975
0.42188999999999993
0.42324000000000006
0.4215599999999998
0.4193899999999999
0.42181
0.41961
0.4245599999999998
0.41854000000000013
0.4245599999999999
0.4188599999999998
0.4246299999999998
0.4183699999999998
0.42131
0.4219099999999998
0.42086999999999997
0.4220999999999999
0.4196599999999999
0.42168999999999984
0.4211699999999999
0.4193600000000001
0.42186999999999986
0.4226499999999998
0.42095
0.4206
0.42175999999999986
0.41961999999999977
0.42217999999999994
0.4218099999999999
0.42298999999999987
0.4205699999999999
0.42272999999999983
0.41837999999999986
0.42405999999999977
0.41937
0.42466000000000004
0.41716999999999993
0.42516000000000015
0.4199499999999999
0.4209799999999998
0.42161999999999994
0.42478
0.41989
0.41864999999999986
0.42274999999999985
0.42118999999999984
0.41966000000000003
0.4204500000000001
0.4218499999999997
0.42251
0.4208399999999999
0.4211
0.42134
0.42096999999999996
0.42205000000000004
0.42005999999999993
0.4226499999999999
0.4200799999999999
0.41992999999999986
0.42202999999999996
0.42078999999999994
0.42277999999999993
0.42012000000000005
0.42304999999999965
0.4172099999999998
0.4223199999999999
0.4208199999999999
0.41977999999999993
0.42420999999999975
0.42053999999999997
0.4203799999999998
0.4210599999999997
0.4225000000000001
0.42183
0.42087999999999987
0.4241899999999999
0.42011
0.42315999999999987
0.4202700000000001
0.42363999999999996
0.4213099999999999
0.4244199999999998
0.4187900000000002
0.42267999999999994
0.42102999999999985
0.42083000000000004
0.42180999999999985
0.4220000000000001
0.42227999999999993
0.42247000000000007
0.42088999999999993
0.42187999999999987
0.42171
0.42064000000000007
0.42304999999999987
0.42041000000000006
0.42311000000000015
0.4219199999999999
0.42007999999999995
0.4218900000000001
0.4193600000000001
0.42033999999999994
0.42023999999999995
0.4214599999999998
0.42213999999999985
0.41932999999999987
0.42175999999999975
0.4216800000000001
0.4197100000000002
0.42238
0.4244199999999999
0.4193400000000002
0.4212300000000001
0.4201399999999998
0.42302999999999996
0.4223099999999998
0.4221299999999999
0.4205599999999999
0.4208499999999998
0.4229099999999996
0.42034999999999995
0.4219599999999999
0.42024
0.42266999999999993
0.42035000000000006
0.42296999999999985
0.4213199999999999
0.41922999999999994
0.4222500000000002
0.42058000000000006
0.42025000000000007
0.42286000000000007
0.41986999999999985
0.42257999999999996
0.42009999999999975
0.42072000000000004
0.4212899999999997
0.4212999999999998
0.42196
0.42041999999999985
0.4228099999999999
0.4209399999999998
0.42101
0.41916999999999993
0.42156
0.4215699999999999
0.42156000000000016
0.41864999999999997
0.42257999999999973
0.42262999999999984
0.42461000000000015
0.4203899999999998
0.4192099999999999
0.42092999999999975
0.4216300000000001
0.4215899999999998
0.42326999999999976
0.4195700000000002
0.42051999999999984
0.4224999999999997
0.42063999999999985
0.4216099999999999
0.4208599999999997
0.4200500000000001
0.42253000000000007
0.4205099999999999
0.42352000000000006
0.42188999999999993
0.4222199999999998
0.42085999999999985
0.42222999999999994
0.4207999999999999
0.4228499999999999
0.42266999999999993
0.4231
0.42206999999999995
0.4211699999999999
0.41922000000000004
0.4222700000000001
0.4194099999999999
0.4247700000000001
0.41939
0.4243599999999999
0.42009
0.42063
0.42091999999999996
0.4237399999999999
0.42114999999999986
0.4218099999999999
0.41916999999999993
0.4233899999999998
0.42086999999999974
0.4230999999999998
0.41779000000000016
0.42328999999999994
0.42039999999999994
0.4229099999999999
0.4199399999999999
0.42294
0.42227
0.42113999999999996
0.4216599999999998
0.4215499999999998
0.4206699999999999
0.42127000000000014
0.42152999999999985
0.4221199999999999
0.42180999999999985
0.4216499999999999
0.42023999999999995
0.4206999999999999
0.4225100000000001
0.42073
0.41842999999999997
0.41972999999999994
0.4233199999999999
0.4221499999999999
0.4211999999999999
0.42066
0.42072
0.41958999999999996
0.4226199999999999
0.4231900000000001
0.42110000000000014
0.41974999999999996
0.42097999999999985
0.42114000000000007
0.4237999999999998
0.41952
0.42245999999999995
0.4253099999999999
0.4240899999999999
0.4215199999999999
0.42078999999999994
0.4230099999999999
0.42126000000000013
0.42386
0.42050000000000004
0.4207999999999999
0.4199499999999999
0.41989999999999994
0.4224499999999999
0.41964999999999997
0.42271999999999993
0.4208299999999998
0.41974999999999996
0.42127999999999977
0.4238399999999999
0.4217899999999999
0.42097999999999997
0.42156999999999994
0.42135000000000006
0.42042999999999986
0.42010000000000014
0.42198
0.42097999999999985
0.42110999999999976
0.4218099999999999
0.42048
0.4239299999999999
0.42175999999999997
0.4223999999999997
0.42217000000000016
0.4223899999999996
0.4191700000000001
0.4221599999999998
0.41850000000000004
0.4212700000000001
0.4196600000000001
0.42151999999999995
0.42124999999999985
0.42095999999999995
0.42005999999999993
0.42050999999999983
0.4213199999999999
0.42047999999999996
0.42233
0.4208399999999999
0.42225
0.42290999999999984
0.42079000000000016
0.4200600000000001
0.42089
0.4213099999999999
0.4201099999999999
0.4227699999999999
0.41829
0.4210599999999998
0.42274999999999996
0.42121
0.4208
0.42028999999999994
0.4227500000000001
0.42300999999999983
0.42222999999999994
0.4198200000000001
0.4230899999999999
0.42028
0.4216700000000001
0.42090000000000005
0.42088999999999993
0.41932999999999976
0.42337
0.41792999999999986
0.4225599999999997
0.4186099999999999
0.42463
0.4216599999999999
0.42307999999999985
0.41969999999999985
0.42303
0.4200699999999998
0.4205599999999999
0.4208799999999999
0.42049
0.42172000000000004
0.41973999999999984
0.4203199999999998
0.4214600000000002
0.4200599999999999
0.4207699999999999
0.4226499999999999
0.4205499999999999
0.42162999999999995
0.4200999999999997
0.42331999999999986
0.4202500000000001
0.4243599999999999
0.42064
0.4230100000000001
0.4206199999999998
0.42339999999999983
0.41922000000000004
0.42316000000000004
0.42191999999999985
0.42379000000000006
0.4186400000000001
0.4229299999999999
0.41923999999999995
0.4222299999999997
0.42304
0.41881999999999975
0.41917999999999994
0.42443
0.41954999999999976
0.4231800000000001
0.4199099999999998
0.42195000000000005
0.42
0.4236
0.4196399999999998
0.4228899999999998
0.4200000000000001
0.4213700000000001
0.4233699999999998
0.41954999999999976
0.42239000000000004
0.42011999999999977
0.42132
0.4238099999999998
0.41973
0.42167999999999983
0.4195199999999999
0.4231999999999999
0.42041999999999996
0.42188999999999993
0.4208799999999997
0.42224999999999985
0.42245999999999995
0.42106999999999983
0.41962999999999995
0.4208000000000002
0.42192
0.42095000000000005
0.4208099999999999
0.41986999999999974
0.42333000000000015
0.4205599999999998
0.41964000000000007
0.4213300000000001
0.42219999999999996
