0.19999999999999962
0.21738000000000007
0.30296999999999996
0.29216000000000003
0.31949999999999995
0.29968000000000017
0.31806999999999996
0.30261999999999994
0.31357999999999986
0.30299
0.3153500000000001
0.30416000000000004
0.3125900000000001
0.30870999999999993
0.31483000000000005
0.30959999999999993
0.31460000000000005
0.30741000000000007
0.31434999999999996
0.30895
0.31078000000000006
0.31118
0.3148299999999999
0.30883999999999995
0.31221000000000004
0.3096100000000001
0.3094300000000001
0.3127100000000001
0.31074999999999997
0.31353999999999993
0.30978
0.30767000000000005
0.31024999999999997
0.3122200000000001
0.30912
0.31055
0.31121000000000004
0.31087
0.3103999999999999
0.3085099999999999
0.31388999999999995
0.31039999999999995
0.31175
0.30826999999999993
0.311
0.31045
0.3102000000000001
0.31206999999999996
0.3070399999999999
0.3104199999999999
0.3105699999999999
0.31017000000000006
0.31133999999999995
0.3093800000000002
0.3112599999999999
0.31022
0.30885000000000007
0.31012000000000006
0.31132999999999994
0.30818000000000006
0.3113300000000001
0.31243999999999994
0.3116999999999999
0.31124000000000007
0.31182000000000004
0.3091900000000002
0.30929999999999996
0.3084599999999999
0.30996
0.31125
0.3098899999999999
0.31132000000000004
0.3097199999999999
0.30863999999999997
0.30954000000000004
0.31079999999999997
0.31239
0.3100300000000001
0.31200999999999995
0.30949000000000004
0.31284999999999996
0.31107
0.3134899999999999
0.31083
0.30859999999999976
0.31004999999999994
0.30876
0.31325
0.30844999999999984
0.31251
0.31086
0.31111999999999995
0.30955
0.30781000000000003
0.3093400000000001
0.31142
0.3087299999999999
0.31212999999999996
0.30935
0.3110799999999999
0.30790999999999996
0.31095000000000006
0.3073500000000002
0.31084999999999996
0.31205
0.31144
0.31162
0.31083000000000005
0.30999000000000004
0.31167
0.31039
0.31072999999999984
0.31035999999999997
0.30912000000000006
0.3120100000000001
0.3097399999999999
0.31129999999999997
0.31045999999999996
0.31140000000000007
0.30802
0.31097
0.3076000000000001
0.30993
0.3100100000000002
0.31257000000000007
0.31154999999999994
0.31034999999999996
0.31011000000000005
0.3124100000000001
0.31137
0.3114099999999999
0.31039
0.31140999999999996
0.3093800000000001
0.31023
0.30795999999999984
0.30909999999999993
0.3100799999999998
0.30884999999999996
0.3100299999999999
0.3081899999999999
0.31071000000000004
0.3077799999999999
0.3114299999999998
0.3089799999999999
0.30929
0.3059000000000001
0.31193
0.30689000000000005
0.31236000000000014
0.30619000000000013
0.31167999999999996
0.30931000000000003
0.3100299999999998
0.31006
0.31188999999999995
0.30879999999999996
0.30859000000000003
0.31091
0.3109300000000001
0.3085899999999999
0.3103599999999999
0.31024999999999997
0.30979999999999996
0.3086
0.31173
0.31018999999999997
0.3089299999999999
0.30793000000000004
0.3085799999999999
0.30911
0.30871
0.3079799999999999
0.3117099999999999
0.31063
0.31114
0.30894000000000005
0.31016999999999995
0.3078800000000001
0.31070000000000003
0.30848
0.30976000000000004
0.30872000000000005
0.3094300000000001
0.31326999999999994
0.31260999999999983
0.31049000000000004
0.31194
0.30982000000000004
0.31227
0.3111800000000002
0.31279000000000007
0.3080100000000001
0.31131
0.3088399999999999
0.3146799999999999
0.30789999999999995
0.31324
0.31139
0.30942
0.31042000000000003
0.31024
0.31036
0.31183000000000005
0.31175
0.31043
0.31084999999999996
0.3110800000000001
0.30957999999999997
0.3084899999999999
0.31239000000000006
0.30804000000000004
0.30824000000000007
0.31235999999999997
0.3101899999999999
0.31246999999999997
0.31124999999999997
0.3101000000000001
0.3114200000000002
0.31135000000000007
0.31120000000000003
0.3110999999999999
0.30965
0.31056
0.30972
0.31054000000000004
0.30919000000000013
0.3127900000000001
0.31037
0.3120499999999999
0.30937999999999993
0.3112000000000001
0.31118999999999986
0.31002999999999986
0.31137
0.31253
0.31079999999999997
0.31246999999999997
0.31201999999999996
0.31083
0.3117599999999999
0.31013
0.31298
0.30878999999999995
0.31017999999999996
0.31140999999999996
0.3133600000000001
0.31006999999999996
0.3135299999999999
0.31068999999999997
0.31138
0.3079299999999999
0.31114000000000014
0.3079499999999998
0.31043000000000004
0.31141
0.31111
0.30993
0.3108799999999999
0.30991
0.31155
0.30861000000000005
0.3106000000000001
0.31078
0.3089899999999998
0.3105
0.30961
0.31072
0.30858
0.3124300000000001
0.3112100000000001
0.3117500000000001
0.31061000000000005
0.31236
0.31225
0.31020999999999993
0.3117399999999999
0.31118999999999997
0.31033
0.30931999999999993
0.30997
0.31018999999999997
0.30981
0.3106900000000001
0.31023
0.3114600000000001
0.31010000000000004
0.30843000000000015
0.3118999999999999
0.31137000000000004
0.3072200000000002
0.30822000000000005
0.3083199999999999
0.30940000000000006
0.30884000000000006
0.30919
0.31066000000000005
0.30942000000000003
0.31203
0.3098300000000001
0.31072999999999995
0.30877999999999994
0.31099000000000004
0.30913999999999997
0.30888
0.30933999999999995
0.3126
0.31006
0.31179
0.31105999999999995
0.3116000000000001
0.31158
0.31098999999999993
0.31098999999999977
0.31077
0.31132000000000004
0.31021999999999994
0.31039
0.31087000000000004
0.31282000000000015
0.3107500000000001
0.31062
0.31062999999999996
0.31159
0.30983
0.3121500000000001
0.3092399999999999
0.3109200000000001
0.3103700000000001
0.31246000000000007
0.30975
0.30877999999999994
0.3110299999999999
0.30979000000000007
0.3098499999999999
0.3104
0.30939999999999995
0.30972999999999995
0.31012999999999996
0.30884000000000006
0.3105299999999999
0.30936
0.30834000000000006
0.30833
0.31057
0.30812999999999996
0.3090500000000002
0.31215
0.30995000000000006
0.30941000000000013
0.31174
0.31135999999999997
0.31032000000000004
0.31284
0.3092300000000001
0.30992999999999993
0.30923
0.31111000000000005
0.31207000000000007
0.30824
0.3117099999999999
0.31038
0.31123
0.31056999999999996
0.3098
0.31025
0.31049000000000004
0.3112799999999999
0.30856
0.3102500000000001
0.31126
0.30779
0.31056000000000006
0.30927000000000004
0.30985000000000007
0.31206999999999996
0.3121400000000002
0.3100200000000001
0.31354000000000004
0.3106199999999999
0.31034000000000006
0.3104200000000001
0.3098400000000001
0.3089500000000002
0.31000999999999995
0.30979
0.3109099999999999
0.30850000000000005
0.31029999999999996
0.3091999999999999
0.31206
0.3110199999999999
0.31093999999999994
0.3094100000000001
0.3120399999999998
0.31212999999999996
0.31098
0.31195
0.31057
0.31218
0.30976
0.3100600000000001
0.31312000000000006
0.3085199999999999
0.31023000000000006
0.3097299999999999
0.31107999999999997
0.3086699999999999
0.3093099999999999
0.3091100000000001
0.30555000000000004
0.30914
0.30924
0.3097699999999999
0.30762
0.30932000000000004
0.31221
0.31134999999999996
0.30844000000000005
0.30889
0.30938999999999994
0.3101499999999999
0.30937
0.3096400000000001
0.30794
0.30933
0.3090999999999999
0.31196999999999997
0.31011000000000005
0.31184000000000006
0.31151000000000023
0.31368999999999997
0.31115
0.31197000000000014
0.3090899999999999
0.3119700000000001
0.30913999999999997
0.3105899999999999
0.31266
0.3108700000000001
0.3130899999999999
0.31333000000000005
0.3115
0.30808
0.31060999999999994
0.30895999999999996
0.30929000000000006
0.3088699999999999
0.30884000000000017
0.31146
0.3102500000000001
0.3089700000000002
0.3119299999999998
0.3100100000000001
0.31268000000000007
0.3119100000000001
0.3101100000000001
0.30991
0.30820000000000014
0.31152999999999986
0.30939
0.30999000000000004
0.30913
0.31016999999999995
0.30915000000000004
0.3090999999999999
0.30986
0.30811000000000005
0.30952999999999997
0.31105999999999995
0.31061999999999995
0.31012999999999996
0.3090599999999999
0.31235
0.3111499999999999
0.30896999999999997
0.30872999999999995
0.30838
0.30894
0.30905999999999995
0.3110600000000001
0.31009999999999993
0.31116
0.3122799999999999
0.31009000000000014
0.31101000000000023
0.3093399999999999
0.3101300000000001
0.30939
0.3091799999999998
0.3101800000000002
0.31031
0.31062999999999996
0.30968000000000007
0.3081199999999999
0.30741
0.3114400000000002
0.30907999999999997
0.3106500000000001
0.31047
0.30903
0.30824
0.31107999999999997
0.3110200000000001
0.3085699999999999
0.30877
0.31061999999999995
0.31028999999999995
0.30986
0.31131
0.31046
0.3099799999999999
0.31043000000000004
0.3114700000000001
0.3106999999999999
0.3102000000000001
0.31075
0.3109499999999999
0.31090999999999996
0.30973999999999985
0.3108799999999999
0.3095800000000001
0.31011999999999995
0.30988000000000004
0.3107500000000001
0.3101900000000001
0.31078999999999984
0.3094200000000001
0.3117
0.31166000000000005
0.30813
0.3104699999999999
0.31187000000000004
0.30827000000000004
0.30839999999999995
0.31139
0.31113
0.31314999999999993
0.30768
0.31054000000000004
0.30698
0.31123999999999996
0.30816000000000004
0.31076
0.31170000000000003
0.30911000000000016
0.30992000000000003
0.3098800000000001
0.31074
0.30908000000000013
0.30824999999999997
0.31079000000000007
0.3105399999999999
0.31024
0.30918
0.30954
0.30939000000000005
0.30922
0.30798999999999993
0.3121599999999999
0.3094600000000002
0.31154000000000015
0.3090899999999999
0.30843999999999994
0.30539
0.3109300000000001
0.30972
0.31034
0.3095399999999998
0.31017999999999996
0.30925
0.31287999999999994
0.31046000000000007
0.31213000000000024
0.3065
0.31114
0.30785999999999997
0.31214000000000003
0.3109599999999999
0.3103400000000001
0.3095299999999999
0.30978
0.3094800000000001
0.3133
0.31268000000000007
0.3097200000000001
0.31078999999999996
0.30937999999999993
0.31124
0.3109900000000001
0.30956
0.31039999999999995
0.30649
0.30876000000000003
0.30787999999999993
0.3110099999999999
0.31015000000000015
0.31115000000000004
0.3072299999999999
0.31164
0.30997
0.30879
0.30895000000000006
0.30907
0.31133
0.31082999999999994
0.30911000000000005
0.3103700000000001
0.3110599999999999
0.3114799999999999
0.31261000000000005
0.30936
0.3112699999999999
0.31167000000000006
0.30916999999999994
0.3110799999999999
0.30787000000000014
0.31131000000000003
0.3099699999999999
0.3110699999999999
0.31018
0.31045000000000006
0.31192
0.30873
0.30842
0.30944999999999995
0.30997
0.3078999999999999
0.3105099999999999
0.30823999999999996
0.31306000000000017
0.30899000000000004
0.31121999999999994
0.31305000000000005
0.3103399999999999
0.31214000000000003
0.30996000000000007
0.3074
0.31055999999999995
0.3114600000000001
0.30939999999999995
0.30695000000000006
0.31100000000000005
0.3100399999999999
0.3112399999999999
0.30830000000000013
0.3120800000000001
0.30889
0.30955999999999984
0.3096599999999998
0.31254999999999994
0.31035
0.31367
0.3099799999999999
0.31256
0.31052
0.3125099999999999
0.31041
0.3095400000000001
0.30982
0.31129000000000007
0.30873
0.31090000000000007
0.3089099999999999
0.31032
0.30809999999999993
0.30909000000000003
0.31000999999999984
0.31103
0.3115000000000001
0.31267
0.31122
0.30958
0.31116
0.30910999999999994
0.31153000000000003
0.30929
0.30951000000000006
0.30896999999999986
0.31167
0.3080399999999999
0.31195
0.31179
0.31207999999999986
0.31128
0.30808
0.3092899999999999
0.30849999999999994
0.3119799999999999
0.31084999999999996
0.3117999999999999
0.3108000000000001
0.31284
0.3102999999999999
0.30958
0.31179
0.30945000000000006
0.30837
0.31059000000000003
0.30747
0.3115
0.30994000000000005
0.30966
0.3101300000000001
0.30841999999999997
0.31206000000000006
0.30775
0.3129300000000001
0.3113
0.30899999999999994
0.30972
0.30835000000000007
0.3102199999999999
0.31523000000000007
0.31018999999999997
0.30983000000000005
0.3107500000000001
0.3097000000000001
0.3107400000000002
0.3109800000000001
0.31183000000000005
0.3086
0.3102400000000001
0.30963000000000007
0.31096
0.3112600000000001
0.30866999999999994
0.31035999999999997
0.3097299999999999
0.31168999999999997
0.30970000000000003
0.3127
0.30959000000000003
0.3108500000000001
0.31041
0.31274
0.3100500000000001
0.3093100000000002
0.31068000000000007
0.31149
0.31356999999999996
0.31003
0.31148000000000003
0.30875000000000014
0.30929
0.31114000000000014
0.3127699999999999
0.3091000000000001
0.30928
0.30913
0.31031
0.30862999999999996
0.31194999999999995
0.30981000000000003
0.31249000000000005
0.30535999999999996
0.3101600000000001
0.3077799999999999
0.31039000000000017
0.3079600000000001
0.31332
0.30890000000000006
0.31176999999999994
0.30761000000000005
0.31079
0.3095599999999999
0.3100199999999999
0.3107299999999999
0.31157999999999997
0.31067000000000006
0.31173000000000006
0.31082
0.31229999999999997
0.3079999999999999
0.31023
0.3103400000000001
0.31065000000000004
0.3076200000000001
0.3102400000000001
0.31061999999999995
0.31332
0.31249000000000005
0.31328999999999996
0.31045
0.31219
0.30987999999999993
0.31085
0.30991
0.30960999999999994
0.3116199999999999
0.31179
0.30873000000000006
0.30929000000000006
0.3100299999999999
0.31106
0.3123699999999999
0.31209000000000003
0.30860000000000004
0.3104399999999999
0.31083000000000016
0.31077000000000005
0.31047999999999987
0.3110099999999999
0.3116799999999999
0.31164000000000014
0.31057
0.31096999999999986
0.30852
0.3097100000000001
0.3112599999999999
0.3122299999999999
0.3100799999999999
0.31172
0.3114099999999999
0.31111999999999995
0.30785999999999997
0.31215
0.30956
0.30793000000000004
0.31
0.30800000000000005
0.31192
0.3090200000000001
0.31266999999999995
0.31501999999999997
0.31396
0.30955999999999984
0.30933000000000016
0.31283
0.30902000000000013
0.3085800000000001
0.3085999999999999
0.30956000000000006
0.31335
0.3064199999999999
0.31242
0.3066900000000001
0.31242000000000003
0.30975
0.31156
0.3105799999999999
0.30960999999999994
0.30626000000000003
0.30752
0.30826000000000003
0.3096000000000001
0.30914
0.31048000000000003
0.3094699999999999
0.3099599999999999
0.3099699999999999
0.31126000000000004
0.3113000000000001
0.31312
0.30957000000000007
0.31195000000000006
0.30888000000000004
0.30774999999999997
0.31239
0.3091099999999999
0.30916000000000005
0.30942000000000003
0.30949000000000004
0.3124100000000001
0.30707999999999996
0.31051000000000006
0.31235
0.30930000000000013
0.30982000000000015
0.3111399999999999
0.30904
0.30941
0.3069000000000001
0.30995000000000006
0.30851
0.3111799999999999
0.30822000000000005
0.30909999999999993
0.30977000000000005
0.31317999999999985
0.30846999999999997
0.30949000000000004
0.3095500000000001
0.30974999999999986
0.31183000000000005
0.30942000000000014
0.31068999999999997
0.30838000000000015
0.31162999999999996
0.31225999999999987
0.31116999999999995
0.31149999999999994
0.31121999999999983
0.3121599999999999
0.30943
0.30943000000000004
0.31062
0.30974999999999997
0.31077000000000005
0.31204999999999994
0.31154
0.31182000000000004
0.31088
0.31016
0.30937000000000003
0.31124
0.30972000000000005
0.31127
0.31023
0.3108300000000001
0.30898999999999993
0.31257999999999986
0.3099099999999999
0.3101000000000001
0.30761
0.3111599999999999
0.3084999999999999
0.30988000000000016
0.3090399999999999
0.3133800000000001
0.30692
0.30991
0.3089699999999999
0.31177999999999995
0.3107799999999999
0.31339999999999996
0.30835999999999997
0.30864
0.31103000000000003
0.31170999999999993
0.31203
0.31212000000000006
0.31085000000000007
0.30992999999999993
0.30949000000000004
0.30989
0.31105000000000005
0.30884000000000006
0.3109900000000001
0.31399
0.3101600000000001
0.3115600000000001
0.3106799999999999
0.31070999999999993
0.30987
0.30946000000000007
0.30967
0.3110199999999999
0.30866000000000005
0.30909000000000003
0.30909
0.30892000000000014
0.31127000000000005
0.31205
0.3129100000000001
0.31242000000000003
0.3111599999999999
0.31255000000000005
0.30962999999999996
0.3114
0.30733
0.31176999999999994
0.30849000000000004
0.31041
0.31017999999999996
0.31145000000000006
0.31248999999999993
0.3114400000000002
0.31071999999999994
0.30872999999999995
0.3102700000000001
0.3094
0.31101
0.30848
0.31162999999999996
0.3088000000000001
0.31120999999999993
0.30838
0.3099699999999999
0.30882999999999994
0.31001999999999996
0.30957999999999997
0.30886
0.3091700000000001
0.31518
0.30931999999999993
0.31010999999999994
0.31212999999999996
0.31032999999999983
0.30996000000000007
0.31081
0.30934999999999996
0.31055000000000005
0.30836000000000013
0.30901
0.30785999999999997
0.31474
0.31184999999999996
0.31073999999999996
0.31018000000000007
