0.19999999999999962
0.18316391359593392
0.1682465057179161
0.15988564167725547
0.15364675984752224
0.14963151207115635
0.14313850063532402
0.14077509529860227
0.13956797966963147
0.1372045743329098
0.13485387547649294
0.135984752223634
0.13396442185514607
0.13287166454891994
0.13104193138500636
0.13167725540025413
0.13091486658195678
0.13182973316391355
0.13219822109275722
0.13228716645489208
0.13329097839898357
0.13249047013977125
0.13095298602287164
0.1329097839898348
0.131448538754765
0.1298221092757306
0.12797966963151197
0.12767471410419315
0.12918678526048288
0.1267852604828463
0.1273062261753494
0.12786531130876752
0.12756035578144861
0.12673443456162647
0.12650571791613727
0.12783989834815757
0.12677255400254128
0.1260101651842439
0.12684879288437104
0.12768742058449806
0.12756035578144856
0.12653113087674706
0.12646759847522238
0.1276620076238882
0.12578144853875473
0.12693773824650573
0.1259339263024142
0.12791613722998724
0.12686149936467594
0.12842439644218553
0.12847522236340533
0.1286149936467598
0.12899618805590854
0.1283100381194409
0.12650571791613724
0.12623888182973317
0.12594663278271923
0.12432020330368485
0.1243456162642948
0.12585768742058445
0.1258831003811944
0.12440914866581959
0.12581956797966967
0.1263151207115629
0.12644218551461253
0.12720457433290977
0.1261880559085133
0.1272045743329098
0.12646759847522235
0.12585768742058454
0.12658195679796694
0.12800508259212187
0.12668360864040662
0.12728081321473952
0.1293392630241423
0.1270266836086404
0.12646759847522232
0.12481575603557812
0.1257687420584498
0.1253748411689962
0.12681067344345623
0.12448538754764925
0.12416772554002543
0.12500635324015255
0.1255019059720458
0.12632782719186783
0.12557814485387545
0.12772554002541298
0.12782719186785266
0.12850063532401518
0.12903430749682332
0.1275476493011437
0.12831003811944092
0.12722998729351973
0.12735705209656922
0.12763659466327826
0.1274714104193139
0.1266581956797967
0.12789072426937736
0.12814485387547647
0.1293900889453621
0.12864040660736983
0.1285133418043202
0.12656925031766197
0.1274459974587039
0.1266073697585769
0.12701397712833543
0.12604828462515882
0.12667090216010166
0.12620076238881828
0.12695044472681066
0.12707750952986024
0.12860228716645491
0.12783989834815757
0.12847522236340533
0.1294917407878018
0.1275222363405337
0.12894536213468863
0.12908513341804323
0.1285260482846252
0.1297712833545108
0.1297585768742059
0.12968233799237608
0.1281194409148666
0.12841168996188052
0.129733163913596
0.13020330368487928
0.13020330368487923
0.12742058449809407
0.1278271918678526
0.1271918678526049
0.1284752223634054
0.12874205844980938
0.12846251588310037
0.12923761118170266
0.1266200762388818
0.12660736975857692
0.1255146124523507
0.12710292249047014
0.12817026683608637
0.1270902160101652
0.12715374841168997
0.1258068614993647
0.1266581956797967
0.12743329097839895
0.12747141041931384
0.12858958068614995
0.1271918678526048
0.1264803049555273
0.12805590851334178
0.12917407878017784
0.12895806861499365
0.1290216010165184
0.12888182973316398
0.1261753494282084
0.12667090216010166
0.12731893265565442
0.1272426937738247
0.1273570520965692
0.12740787801778908
0.12722998729351967
0.12614993646759845
0.1268869123252859
0.1280813214739517
0.12848792884371024
0.12574332909783992
0.12567979669631513
0.12736975857687424
0.12581956797966964
0.1265565438373571
0.12748411689961878
0.1274587039390089
0.12692503176620076
0.12825921219822115
0.12932655654383737
0.12762388818297338
0.12747141041931387
0.12750952986022876
0.12662007623888183
0.12655654383735704
0.12658195679796694
0.1282083862770012
0.1278271918678526
0.1278780177890724
0.12594663278271917
0.1279415501905972
0.12763659466327826
0.126569250317662
0.12679796696315124
0.12930114358322745
0.12726810673443456
0.12749682337992382
0.12758576874205843
0.12650571791613724
0.1281321473951715
0.12566709021601014
0.12660736975857684
0.12668360864040662
0.12772554002541303
0.12644218551461242
0.12673443456162645
0.12616264294790341
0.12622617534942823
0.12817026683608637
0.12839898348157558
0.1279288437102923
0.12757306226175355
0.12753494282083866
0.12914866581956802
0.12844980940279538
0.12608640406607372
0.1264803049555273
0.12517153748411688
0.1255146124523507
0.12728081321473952
0.12852604828462522
0.1283989834815756
0.12781448538754764
0.12786531130876752
0.1270902160101652
0.12803049555273185
0.1278653113087675
0.12838627700127064
0.1285895806861499
0.12856416772554002
0.12750952986022862
0.1283354510800508
0.1266200762388818
0.1265438373570521
0.12557814485387553
0.12736975857687416
0.12613722998729351
0.12618805590851326
0.12475222363405339
0.12554002541296064
0.1256416772554002
0.12724269377382466
0.12692503176620076
0.12736975857687416
0.12777636594663278
0.12820838627700126
0.12825921219822103
0.12730622617534942
0.12681067344345617
0.1251715374841169
0.12508259212198222
0.12533672172808136
0.12707750952986022
0.12878017789072424
0.12932655654383737
0.1288055908513342
0.12742058449809404
0.12761118170266836
0.1266073697585769
0.12748411689961883
0.12866581956797965
0.1280559085133418
0.12803049555273188
0.1275603557814485
0.1266327827191868
0.1275984752223634
0.12636594663278272
0.1268233799237611
0.12864040660736975
0.1294790343074968
0.12928843710292257
0.12707750952986024
0.12683608640406607
0.12627700127064798
0.1263532401524778
0.126277001270648
0.12461245235069883
0.12421855146124518
0.12650571791613718
0.1262515883100382
0.12576874205844982
0.12674714104193138
0.12673443456162647
0.12783989834815754
0.12698856416772553
0.1258831003811944
0.12712833545108004
0.12698856416772547
0.12689961880559086
0.12828462515883104
0.12847522236340528
0.12678526048284625
0.12660736975857687
0.12725540025412957
0.12649301143583228
0.1272426937738246
0.1282083862770013
0.1295171537484117
0.1295171537484117
0.12870393900889454
0.12874205844980943
0.1290978398983482
0.12974587039390084
0.12942820838627694
0.12997458703939016
0.12846251588310037
0.1274841168996188
0.12794155019059725
0.12786531130876747
0.12613722998729351
0.12654383735705213
0.12646759847522238
0.12696315120711563
0.12796696315120712
0.12803049555273188
0.12899618805590854
0.1293392630241423
0.1287928843710292
0.12865311308767474
0.12874205844980946
0.1283481575603558
0.12644218551461248
0.12810673443456164
0.12815756035578146
0.12731893265565442
0.126581956797967
0.12560355781448546
0.12570520965692503
0.1258576874205845
0.12556543837357054
0.1271029224904701
0.12852604828462513
0.12772554002541295
0.12792884371029217
0.12856416772554005
0.1265946632782719
0.12791613722998732
0.12850063532401534
0.12832274459974582
0.12823379923761116
0.12904701397712828
0.128271918678526
0.12966963151207112
0.13029224904701395
0.12973316391359593
0.12824650571791613
0.12939008894536214
0.12999999999999998
0.12975857687420578
0.1307242693773825
0.13045743329097842
0.1296950444726811
0.13027954256670912
0.13083862770012705
0.1288055908513342
0.12851334180432014
0.12944091486658194
0.1296060991105464
0.1308259212198221
0.12811944091486657
0.12869123252858958
0.1289453621346887
0.1264548919949174
0.1253875476493011
0.12719186785260483
0.12734434561626432
0.12968233799237608
0.12997458703939013
0.1292884371029225
0.12870393900889454
0.12991105463786531
0.12791613722998735
0.12794155019059725
0.12742058449809396
0.12634053367217277
0.12742058449809396
0.12869123252858958
0.1278017789072427
0.12754764930114357
0.12815756035578138
0.1283481575603558
0.12752223634053372
0.12865311308767466
0.1284243964421856
0.127992376111817
0.12609911054637868
0.1258322744599746
0.12667090216010168
0.1252986022871665
0.12616264294790341
0.12466327827191868
0.1264548919949174
0.12691232528589574
0.1268106734434561
0.12749682337992377
0.12612452350698863
0.12658195679796702
0.12728081321473958
0.12698856416772558
0.1273189326556544
0.1279415501905972
0.1290216010165185
0.12869123252858952
0.1278271918678526
0.12735705209656925
0.12673443456162645
0.1261118170266836
0.12628970775095297
0.12747141041931387
0.12759847522236348
0.1270648030495552
0.12789072426937736
0.12832274459974585
0.12689961880559086
0.12623888182973314
0.12662007623888186
0.12679796696315124
0.12562897077509524
0.12564167725540026
0.12603557814485397
0.12711562897077508
0.12724269377382463
0.12560355781448534
0.12722998729351967
0.12675984752223637
0.12722998729351973
0.12839898348157558
0.12462515883100378
0.12557814485387545
0.12607369758576875
0.12702668360864042
0.12758576874205846
0.12689961880559086
0.12733163913595932
0.12567979669631513
0.12663278271918682
0.12695044472681064
0.12637865311308766
0.1283227445997459
0.12823379923761122
0.12935196950444722
0.12874205844980935
0.12722998729351961
0.12604828462515885
0.12703939008894533
0.1291105463786531
0.12855146124523503
0.12836086404066072
0.1275476493011436
0.12801778907242697
0.1284752223634054
0.12916137229987293
0.1287801778907243
0.1275476493011436
0.12795425667090218
0.12996188055908509
0.12937738246505714
0.12797966963151203
0.12871664548919948
0.12782719186785252
0.12712833545108
0.12817026683608637
0.12768742058449808
0.12595933926302416
0.12564167725540024
0.12545108005082595
0.12598475222363406
0.12640406607369759
0.1270520965692503
0.12735705209656922
0.1283227445997459
0.12803049555273194
0.12914866581956802
0.1261245235069886
0.12654383735705207
0.1259847522236341
0.12682337992376114
0.12635324015247779
0.12740787801778908
0.1272808132147395
0.12861499364675985
0.1278780177890724
0.1269123252858958
0.127433290978399
0.1278653113087675
0.12692503176620076
0.12728081321473952
0.12731893265565442
0.12900889453621356
0.12884371029224903
0.13064803049555274
0.13041931385006358
0.12937738246505717
0.13031766200762387
0.12947903430749677
0.12736975857687433
0.12813214739517156
0.12703939008894538
0.12714104193138498
0.12744599745870397
0.12878017789072435
0.12725540025412962
0.1274459974587039
0.12560355781448537
0.1256925031766201
0.12664548919949167
0.1258703939008895
0.12636594663278275
0.12590851334180433
0.1269758576874206
0.1261245235069886
0.12740787801778905
0.1254129606099111
0.1266073697585769
0.12871664548919948
0.12753494282083863
0.12664548919949173
0.1283989834815756
0.1286149936467598
0.1297458703939009
0.12944091486658194
0.12753494282083863
0.12663278271918676
0.12720457433290977
0.1271156289707751
0.12623888182973317
0.12817026683608637
0.12559085133418046
0.1278907242693774
0.1275349428208386
0.13001270648030497
0.12987293519695048
0.12997458703939013
0.129440914866582
0.1276111817026684
0.12846251588310043
0.12747141041931387
0.1280559085133418
0.12748411689961878
0.12651842439644212
0.12547649301143582
0.12391359593392633
0.1258322744599746
0.12678526048284622
0.12734434561626432
0.12743329097839898
0.12768742058449808
0.12805590851334178
0.1277382465057179
0.12623888182973317
0.12739517153748417
0.12715374841168997
0.12560355781448534
0.1260991105463787
0.12700127064803052
0.12564167725540026
0.1261118170266837
0.12578144853875484
0.12541296060991108
0.12491740787801776
0.12475222363405339
0.127420584498094
0.1288310038119441
0.12736975857687427
0.12770012706480308
0.12946632782719186
0.12926302414231258
0.1282592121982211
0.12891994917407879
0.129720457433291
0.1278144853875477
0.1275603557814485
0.1274714104193138
0.12773824650571794
0.12858958068614992
0.12747141041931384
0.12825921219822106
0.12930114358322747
0.1261753494282084
0.12682337992376114
0.12786531130876744
0.12991105463786531
0.12932655654383735
0.12686149936467603
0.12772554002541292
0.1281829733163914
0.12715374841168997
0.12611181702668361
0.1285514612452351
0.1276493011435832
0.12665819567979672
0.12573062261753487
0.1253494282083863
0.12461245235069886
0.1241804320203304
0.126010165184244
0.1274968233799237
0.12758576874205846
0.12768742058449808
0.12833545108005076
0.12640406607369756
0.12818297331639136
0.12766200762388819
0.12975857687420583
0.13016518424396442
0.12750952986022873
0.12670902160101652
0.1271664548919949
0.1297839898348158
0.12803049555273194
0.1256797966963151
0.12569250317662006
0.12607369758576875
0.12504447268106741
0.1254764930114359
0.1281575603557814
0.12799237611181702
0.12980940279542566
0.13052096569250318
0.12998729351969504
0.12874205844980943
0.12722998729351973
0.1298475222363405
0.12808132147395168
0.1300762388818297
0.12890724269377382
0.12731893265565433
0.1276620076238881
0.1273062261753494
0.12756035578144856
0.12871664548919953
0.12641677255400255
0.12576874205844985
0.12479034307496825
0.12675984752223632
0.12743329097839895
0.1272681067344345
0.12869123252858958
0.12932655654383735
0.12869123252858963
0.12724269377382463
0.12817026683608637
0.12836086404066074
0.12738246505717915
0.1270775095298602
0.12706480304955525
0.1272681067344346
0.1283989834815756
0.12878017789072424
0.12847522236340533
0.1303684879288437
0.12831003811944094
0.1285387547649301
0.1285006353240153
0.12879288437102923
0.12871664548919953
0.126289707750953
0.12937738246505714
0.12697585768742067
0.12696315120711563
0.12650571791613718
0.126874205844981
0.1292376111817027
0.12874205844980946
0.12752223634053367
0.12846251588310034
0.12632782719186778
0.1260736975857687
0.1271029224904702
0.12683608640406605
0.1278526048284625
0.12744599745870397
0.1272299872935197
0.12734434561626423
0.1265438373570521
0.1274714104193138
0.12975857687420586
0.12955527318932655
0.1277763659466328
0.12750952986022873
0.1284116899618806
0.1268233799237611
0.12750952986022868
0.12833545108005073
0.126556543837357
0.12584498094027954
0.12711562897077505
0.12890724269377382
0.12804320203303687
0.12622617534942823
0.12764930114358322
0.12815756035578144
0.1276238881829733
0.12792884371029223
0.12844980940279546
0.12803049555273188
0.12650571791613724
0.12715374841168994
0.12815756035578146
0.1280813214739517
0.12904701397712834
0.12656925031766203
0.1265311308767472
0.12703939008894538
0.1261753494282084
0.12813214739517154
0.12759847522236337
0.12792884371029223
0.12773824650571788
0.12894536213468866
0.12909783989834817
0.12773824650571788
0.12744599745870394
0.12825921219822106
0.12721728081321476
0.12900889453621345
0.1289199491740788
0.12977128335451082
0.129440914866582
0.12917407878017786
0.12899618805590848
0.12786531130876738
0.12923761118170266
0.1283735705209657
0.12724269377382458
0.12828462515883102
0.12711562897077514
0.1263659466327827
0.1269631512071156
0.127433290978399
0.126848792884371
0.1243456162642948
0.12635324015247776
0.12612452350698866
0.12517153748411697
0.1251715374841169
0.12655654383735698
0.12703939008894535
0.12597204574332918
0.12587039390088953
0.12729351969504443
0.12794155019059725
0.12700127064803055
0.12803049555273188
0.12772554002541292
0.12833545108005084
0.1271918678526048
0.1252477763659466
0.1255908513341804
0.12349428208386279
0.12378653113087675
0.12519695044472684
0.12367217280813213
0.12398983481575603
0.1240533672172808
0.12425667090216008
0.12547649301143576
0.127141041931385
0.1284752223634054
0.1276874205844981
0.12700127064803052
0.12740787801778908
0.1263151207115629
0.12834815756035578
0.1271156289707751
0.12670902160101652
0.12649301143583228
0.12529860228716644
0.1269123252858958
0.1270902160101652
0.12644218551461242
0.12607369758576875
0.12667090216010166
0.12726810673443456
0.12733163913595935
0.12651842439644218
0.12776365946632784
0.12790343074968238
0.12740787801778905
0.1281321473951715
0.12878017789072424
0.1281575603557814
0.12753494282083863
0.12620076238881833
0.1263278271918678
0.12579415501905974
0.12714104193138503
0.12809402795425673
0.12735705209656925
0.12745870393900888
0.1278526048284625
0.12841168996188052
0.12707750952986024
0.12635324015247776
0.126289707750953
0.12668360864040656
0.12736975857687416
0.1284371029224905
0.13008894536213464
0.12898348157560355
0.12829733163913595
0.12756035578144853
0.1280686149936468
0.1293646759847522
0.12889453621346889
0.12804320203303685
0.12785260482846247
0.12719186785260486
0.1289453621346887
0.12926302414231253
0.1295425667090216
0.12888182973316392
0.12834815756035572
0.12684879288437098
0.12627700127064798
0.1259593392630241
0.12645489199491744
0.12599745870393902
0.1261372299872935
0.12801778907242695
0.12768742058449808
0.12814485387547656
0.12715374841168992
0.1259720457433291
0.12665819567979666
0.126848792884371
0.12601016518424396
0.1253367217280813
0.12606099110546373
0.1257941550190597
0.12589580686149937
0.1257433290978399
0.12499364675984749
0.12587039390088944
0.12557814485387545
0.1245235069885642
0.12567979669631513
0.12486658195679791
0.12667090216010166
0.12490470139771284
0.12626429479034307
0.12562897077509536
0.12673443456162647
0.12679796696315127
0.12872935196950447
0.12717916137229993
0.1266581956797967
0.12850063532401523
0.12770012706480302
0.12767471410419318
0.1285260482846252
0.1300254129606099
0.1283481575603558
0.12961880559085132
0.12797966963151208
0.12668360864040662
0.12761118170266836
0.12834815756035575
0.12743329097839898
0.12776365946632787
0.12787801778907246
0.12584498094027954
0.12419313850063535
0.1256416772554003
0.1266836086404066
0.12628970775095302
0.12587039390088944
0.1253240152477764
0.12709021601016518
0.12701397712833548
0.12635324015247776
0.1269250317662008
0.12669631512071156
0.12748411689961872
0.1277636594663278
0.12715374841168994
0.12876747141041933
0.12728081321473955
0.12846251588310043
0.12700127064803052
0.12799237611181705
0.12771283354510798
0.1268742058449809
0.12884371029224895
0.1282337992376112
0.12939008894536216
0.12916137229987298
0.13012706480304956
0.1293900889453622
0.12888182973316384
0.1279034307496823
0.12646759847522243
0.12724269377382466
0.12595933926302413
0.12918678526048283
0.12817026683608637
0.127420584498094
0.12659466327827193
0.12857687420584496
0.12794155019059722
0.127141041931385
0.12715374841168997
0.12879288437102923
0.1286912325285896
0.12946632782719195
0.12800508259212204
0.12833545108005087
0.12829733163913593
0.12969504447268107
0.12811944091486663
0.1289199491740788
0.12843710292249047
0.12858958068614992
0.12864040660736975
0.130292249047014
0.12980940279542572
0.12759847522236334
0.12851334180432017
0.1281956797966963
0.12796696315120706
0.12653113087674714
0.12743329097839892
0.12655654383735704
0.12890724269377382
0.12710292249047014
0.12809402795425665
0.12783989834815757
0.12710292249047017
0.12570520965692503
0.12709021601016518
0.12785260482846256
0.12926302414231258
0.12866581956797962
0.126010165184244
0.1250825921219822
0.12642947903430754
0.12799237611181702
0.13011435832274457
0.12969504447268101
0.12799237611181705
0.1289961880559085
0.12773824650571794
0.12773824650571794
0.1274841168996189
0.12768742058449808
0.12628970775095297
0.12767471410419318
0.12756035578144853
0.12805590851334184
0.12916137229987293
0.12839898348157558
0.1288055908513342
0.12771283354510798
0.12752223634053367
0.1272426937738246
0.1276874205844981
0.12782719186785255
0.127700127064803
0.12663278271918676
0.12767471410419312
0.12785260482846256
0.12889453621346886
0.1293646759847522
0.12895806861499362
0.12931385006353235
0.12724269377382463
0.12775095298602288
0.12805590851334173
0.12836086404066074
0.12818297331639136
0.12775095298602285
0.12795425667090213
0.12895806861499362
0.12881829733163921
0.12889453621346886
0.1297966963151207
0.1281448538754765
0.12715374841168997
0.12719186785260483
0.1261880559085134
0.12776365946632778
0.12598475222363406
0.12843710292249047
0.1294027954256671
0.12650571791613724
0.12626429479034304
0.1278271918678526
0.1266963151207115
0.12794155019059725
0.12831003811944083
0.12871664548919956
0.12811944091486657
0.1280686149936468
0.12789072426937736
0.1256416772554002
0.1245489199491741
0.1266581956797967
0.126569250317662
0.12744599745870394
0.12794155019059722
0.12893265565438378
0.12917407878017784
0.12932655654383737
0.12926302414231258
0.1283227445997459
