0.19999999999999962
0.7301599999999996
0.9253399999999999
0.9074000000000002
0.9113800000000005
0.9101800000000005
0.9064600000000005
0.9081400000000002
0.9093200000000004
0.9093600000000004
0.9068800000000004
0.9090800000000001
0.9089200000000006
0.9067200000000004
0.9088400000000004
0.9081800000000004
0.9083400000000005
0.9094000000000007
0.9090200000000004
0.9106200000000004
0.9078000000000003
0.90986
0.9079400000000003
0.9085200000000009
0.9085800000000003
0.9117800000000003
0.9080400000000002
0.9116400000000007
0.9100200000000003
0.9085000000000001
0.9094400000000005
0.9106600000000001
0.9090600000000008
0.90754
0.9102000000000008
0.9098600000000003
0.9083600000000005
0.9080400000000006
0.9112400000000004
0.9090000000000008
0.9053800000000001
0.9098200000000005
0.9083
0.9088400000000008
0.9088400000000004
0.9108200000000005
0.9087400000000005
0.9069400000000004
0.9078000000000004
0.9079000000000006
0.9078400000000006
0.9114400000000004
0.9090000000000006
0.9108799999999999
0.911340000000001
0.9078800000000001
0.9093999999999999
0.9102400000000006
0.9075600000000007
0.9093800000000004
0.9095000000000006
0.9122600000000005
0.9088000000000004
0.9091800000000005
0.9102800000000002
0.9096400000000001
0.9091000000000006
0.9104400000000001
0.9093999999999999
0.9081200000000001
0.9102000000000003
0.9106000000000004
0.9099800000000002
0.9091
0.9115800000000011
0.9090600000000006
0.9102200000000005
0.9075000000000003
0.9080200000000005
0.9100600000000004
0.9091200000000002
0.9077199999999997
0.9099200000000005
0.9087800000000006
0.9081600000000002
0.90972
0.9088800000000005
0.9073000000000008
0.9111400000000007
0.9091800000000005
0.9078200000000005
0.9093200000000006
0.9112000000000006
0.9106000000000009
0.9086799999999999
0.9092000000000003
0.9087400000000003
0.9093400000000001
0.9113600000000006
0.9101800000000009
0.9076200000000009
0.9098
0.9103400000000006
0.9097200000000002
0.9098600000000003
0.9102800000000005
0.9095200000000004
0.9082599999999998
0.9059600000000003
0.9089400000000005
0.9093800000000006
0.9089400000000001
0.9063000000000001
0.9092400000000009
0.9082200000000006
0.9095800000000003
0.9064400000000008
0.9094600000000003
0.9124600000000003
0.9093200000000006
0.9100800000000002
0.9071800000000003
0.9117000000000006
0.9091199999999999
0.9094000000000007
0.9101600000000003
0.9085600000000005
0.9072800000000004
0.9100800000000007
0.9086800000000007
0.9078600000000003
0.9071400000000004
0.9098400000000006
0.9107400000000002
0.9088800000000004
0.9070400000000004
0.9078200000000004
0.9088000000000005
0.9077400000000005
0.9074800000000005
0.9065000000000002
0.9100400000000005
0.9086399999999999
0.9084000000000002
0.9100800000000006
0.9087600000000005
0.9088200000000003
0.9082600000000006
0.9109800000000005
0.9099200000000003
0.9083200000000002
0.9065600000000005
0.9091400000000003
0.9094599999999999
0.9092800000000001
0.9076400000000006
0.9062600000000007
0.9110400000000002
0.9095000000000008
0.9102799999999999
0.9093200000000006
0.9072200000000004
0.9108200000000002
0.9102800000000002
0.9087200000000003
0.9089200000000004
0.9109999999999998
0.9095000000000002
0.9104800000000003
0.9072000000000005
0.9057600000000001
0.9082800000000004
0.9080400000000007
0.9097000000000002
0.9079000000000005
0.9087200000000003
0.9089399999999997
0.9093400000000006
0.9098800000000007
0.9072800000000002
0.9103600000000006
0.9101800000000003
0.9086600000000006
0.9094400000000006
0.9080400000000004
0.9102000000000003
0.9085800000000003
0.9099800000000003
0.9116200000000002
0.9074800000000007
0.9089200000000005
0.9111800000000001
0.9091400000000002
0.906260000000001
0.9129000000000004
0.9092199999999999
0.9092800000000005
0.9092200000000001
0.90656
0.90866
0.9087800000000003
0.9079
0.9075600000000001
0.9125000000000001
0.9104000000000005
0.9104800000000003
0.9088400000000004
0.9093200000000001
0.9101000000000008
0.9083600000000003
0.9090800000000004
0.9090800000000003
0.9088200000000001
0.9079000000000006
0.9070800000000006
0.9104400000000002
0.9079600000000003
0.9070000000000004
0.9074400000000007
0.9105800000000005
0.9083200000000005
0.90878
0.9101800000000003
0.9091799999999999
0.90778
0.9084800000000002
0.9096200000000002
0.9111000000000002
0.9096000000000002
0.9078200000000001
0.9094000000000001
0.9095200000000004
0.9076400000000003
0.9072400000000003
0.9083600000000002
0.9078600000000001
0.9069800000000002
0.9087400000000007
0.9096200000000002
0.9096000000000001
0.9083400000000006
0.9095000000000006
0.9096200000000003
0.9096600000000007
0.9098000000000003
0.9107199999999999
0.9090600000000003
0.9074800000000001
0.9096600000000009
0.9093800000000006
0.9095000000000003
0.9115000000000002
0.90798
0.9103
0.9069200000000001
0.9085000000000008
0.9091600000000005
0.9078000000000002
0.9100600000000005
0.9083400000000004
0.9098000000000005
0.9058200000000004
0.9089600000000005
0.9073800000000004
0.9091800000000007
0.9091800000000003
0.9081999999999997
0.9090400000000001
0.9101200000000002
0.9093000000000007
0.9094400000000006
0.9100200000000004
0.9091800000000002
0.9096600000000004
0.9103600000000004
0.9073400000000007
0.9101400000000001
0.9083599999999998
0.91062
0.9076000000000001
0.91062
0.9104200000000006
0.9102400000000003
0.9106000000000003
0.9085399999999999
0.9093599999999996
0.9085400000000002
0.9098200000000003
0.9053400000000004
0.9102200000000006
0.90854
0.9087400000000005
0.9101600000000007
0.9128200000000006
0.9076400000000003
0.9090400000000005
0.9061600000000003
0.9107800000000005
0.9086399999999999
0.9068400000000003
0.9100000000000005
0.9094400000000004
0.9077600000000006
0.9093400000000003
0.9068600000000004
0.9089200000000008
0.9083800000000002
0.9100800000000006
0.9081200000000003
0.9089200000000004
0.9088800000000006
0.9095800000000002
0.9058400000000003
0.9076999999999997
0.9086200000000004
0.9075600000000003
0.9081799999999997
0.9108800000000005
0.9086400000000006
0.9107400000000002
0.9086400000000003
0.9079600000000001
0.9094400000000005
0.9077799999999999
0.9100800000000002
0.9101600000000006
0.9088400000000004
0.90794
0.9074800000000003
0.9072800000000001
0.9090800000000003
0.9085800000000005
0.9104800000000004
0.9068200000000006
0.90952
0.9093600000000004
0.9088800000000004
0.9097600000000005
0.9101600000000003
0.9090800000000004
0.9091800000000009
0.9106800000000003
0.9094800000000002
0.9108200000000002
0.9101200000000003
0.9099000000000005
0.9085800000000007
0.91074
0.9092800000000004
0.9099800000000002
0.9078600000000006
0.9098800000000002
0.9088400000000001
0.9082200000000001
0.9103000000000004
0.9093200000000007
0.9100000000000006
0.9089800000000006
0.9109800000000008
0.9092800000000003
0.9096600000000004
0.9104800000000004
0.9075400000000002
0.9083800000000004
0.9092200000000003
0.9110000000000004
0.9081800000000004
0.9104600000000005
0.9094200000000005
0.9089200000000006
0.9086000000000005
0.9093000000000002
0.9079800000000003
0.9072200000000008
0.9082400000000002
0.9121800000000002
0.9077200000000003
0.9094600000000004
0.9073000000000003
0.9102800000000006
0.9078400000000003
0.9084000000000003
0.9077400000000003
0.9082400000000006
0.9085000000000001
0.9117800000000003
0.9091600000000005
0.9096000000000004
0.9082400000000007
0.9067599999999999
0.9088200000000003
0.9094200000000003
0.9086600000000005
0.9101000000000006
0.9079800000000003
0.9089600000000005
0.9088400000000004
0.9094600000000004
0.9104400000000008
0.9110000000000004
0.9093600000000004
0.91144
0.9054800000000004
0.9103800000000006
0.9095800000000004
0.9107200000000002
0.9101400000000003
0.9064000000000003
0.9108399999999999
0.9076200000000004
0.9084600000000005
0.9100600000000005
0.9086800000000005
0.9100600000000001
0.9086200000000005
0.9084400000000005
0.9095000000000003
0.9096000000000001
0.9075600000000001
0.9088800000000004
0.9101200000000007
0.9086600000000005
0.9086000000000004
0.9080600000000001
0.91262
0.9068800000000005
0.9078400000000002
0.9095000000000002
0.9083199999999995
0.9099400000000002
0.9086400000000003
0.9075800000000005
0.9113800000000002
0.9064200000000006
0.9101800000000003
0.90734
0.9089800000000006
0.9093000000000004
0.91006
0.9078400000000006
0.9120200000000004
0.9098400000000002
0.9098800000000005
0.9107800000000001
0.90826
0.9088600000000006
0.9124200000000002
0.9093000000000001
0.90754
0.9108200000000005
0.9077600000000007
0.9090400000000005
0.9085800000000003
0.9068800000000004
0.9087800000000001
0.9079600000000007
0.9093000000000004
0.9093800000000007
0.9081400000000002
0.9096600000000002
0.91176
0.9093000000000001
0.90828
0.9101599999999997
0.9114400000000006
0.9085200000000003
0.9089200000000004
0.9113600000000001
0.9097000000000005
0.9079000000000005
0.9107600000000003
0.9056800000000002
0.9067200000000001
0.9087800000000001
0.90734
0.9116600000000004
0.9094600000000006
0.9091400000000003
0.9108800000000005
0.9092200000000006
0.9093400000000006
0.9078600000000001
0.90968
0.9078200000000006
0.9111800000000007
0.9077600000000003
0.9108400000000003
0.9082200000000006
0.9111600000000005
0.9083000000000001
0.9074600000000004
0.9097
0.9096000000000004
0.9115400000000006
0.9093600000000001
0.9115000000000005
0.9103400000000001
0.90874
0.9108800000000007
0.9073400000000004
0.9096000000000006
0.9090400000000008
0.9085200000000004
0.9096400000000001
0.9096800000000005
0.9114200000000006
0.9101000000000005
0.9083600000000004
0.9072000000000006
0.9079600000000002
0.9086200000000002
0.9089800000000001
0.9091000000000002
0.9085800000000005
0.9088200000000005
0.9081600000000003
0.9088400000000001
0.9095000000000004
0.9094000000000004
0.9089000000000008
0.9095200000000004
0.9072000000000001
0.9127200000000003
0.9101400000000005
0.9096199999999999
0.9074599999999999
0.90636
0.9104800000000003
0.9082200000000006
0.9060400000000005
0.9125600000000001
0.9099800000000005
0.9081200000000007
0.9090200000000003
0.9080199999999999
0.9099600000000007
0.9081400000000004
0.9078600000000001
0.9074200000000003
0.9082000000000007
0.9093800000000006
0.9095400000000002
0.9084800000000003
0.9105800000000008
0.9094600000000007
0.9077600000000003
0.9081800000000004
0.9084000000000004
0.9091400000000002
0.9079400000000001
0.9092800000000001
0.9102800000000005
0.9074200000000013
0.9079200000000004
0.9079000000000006
0.90998
0.9083000000000006
0.9083799999999997
0.9093800000000004
0.9114800000000003
0.9079800000000003
0.90998
0.9079200000000006
0.9105400000000001
0.9109600000000003
0.9105200000000003
0.9089
0.9087400000000003
0.9102400000000002
0.9075400000000003
0.9097400000000004
0.9092199999999998
0.9092200000000004
0.9086400000000008
0.9089200000000006
0.9064200000000002
0.909840000000001
0.9094200000000002
0.9100800000000007
0.9097400000000007
0.9075400000000005
0.9096800000000003
0.9109800000000008
0.90904
0.9069000000000004
0.9100600000000005
0.9077800000000005
0.9106800000000003
0.9093000000000004
0.9095200000000004
0.9101600000000005
0.9100000000000001
0.9085400000000002
0.9100000000000005
0.9084200000000006
0.9090600000000005
0.9074400000000007
0.9093000000000007
0.9093000000000004
0.91018
0.9089400000000001
0.9093600000000002
0.9107400000000002
0.9084400000000002
0.9078400000000006
0.9084400000000005
0.9083999999999999
0.9107600000000002
0.9073800000000007
0.9084000000000002
0.9090000000000008
0.9082400000000002
0.9080400000000004
0.9103800000000006
0.9072200000000005
0.9093800000000001
0.9092799999999999
0.91184
0.9101200000000002
0.9091399999999998
0.9090400000000006
0.9111799999999998
0.90864
0.9085200000000007
0.9082800000000003
0.9116400000000004
0.9100200000000005
0.9099200000000003
0.9088800000000008
0.9092400000000008
0.9094000000000005
0.9104800000000006
0.9096200000000003
0.9070200000000002
0.9090600000000002
0.9107000000000004
0.9072800000000001
0.9091000000000004
0.9104200000000003
0.9097000000000002
0.9091600000000003
0.9103399999999999
0.9110400000000002
0.9077400000000005
0.9073600000000002
0.9087000000000005
0.9061800000000005
0.9082200000000001
0.9079800000000003
0.9085200000000002
0.9081600000000002
0.9080200000000009
0.9092800000000001
0.9092200000000003
0.9090000000000005
0.9102600000000005
0.9078800000000007
0.9092000000000001
0.9089399999999997
0.9096000000000007
0.9089
0.9085400000000005
0.9076200000000003
0.9099000000000008
0.9086800000000004
0.9087200000000002
0.9100400000000006
0.9101200000000003
0.91034
0.9089800000000003
0.9104800000000006
0.9073800000000002
0.9101400000000005
0.9070000000000005
0.9077000000000003
0.9078000000000007
0.9093200000000004
0.9085799999999999
0.9087400000000002
0.9082800000000003
0.9095400000000008
0.9085600000000004
0.9096399999999997
0.9089200000000003
0.9102200000000004
0.9115400000000003
0.9086400000000004
0.9114600000000004
0.9088600000000003
0.9076400000000002
0.9112800000000004
0.9080400000000007
0.9110800000000006
0.9076600000000004
0.9082200000000007
0.9087400000000001
0.9099400000000003
0.9083000000000006
0.9093399999999999
0.9084600000000007
0.9084400000000005
0.9102600000000008
0.9073000000000003
0.9097600000000005
0.9080800000000003
0.9064000000000003
0.9088200000000001
0.9095800000000003
0.9097200000000004
0.9106400000000001
0.9090400000000005
0.9086800000000005
0.9084600000000003
0.9084000000000004
0.9112
0.9082200000000001
0.9097600000000002
0.9088600000000008
0.9086600000000002
0.9080200000000004
0.91154
0.9088000000000005
0.9117400000000008
0.9084000000000007
0.9089200000000005
0.9093000000000002
0.9104800000000002
0.9096400000000002
0.9113400000000006
0.9080600000000005
0.9084600000000002
0.9088000000000004
0.9103000000000006
0.9109200000000003
0.9078800000000004
0.9079200000000001
0.9092400000000005
0.9068200000000007
0.9105200000000004
0.9080000000000001
0.9086
0.9106199999999997
0.9067000000000004
0.9090000000000005
0.9112200000000003
0.9064000000000001
0.9105200000000008
0.90888
0.9098400000000008
0.9086999999999997
0.9084400000000009
0.91006
0.9087000000000005
0.9106200000000004
0.9100200000000004
0.9098000000000006
0.9081800000000004
0.9076800000000006
0.9078000000000002
0.9109400000000001
0.9089600000000005
0.9095000000000002
0.90982
0.9093200000000006
0.90794
0.9085200000000003
0.9118400000000007
0.9073000000000003
0.9094400000000004
0.9099200000000012
0.9102799999999999
0.9085800000000005
0.9082000000000001
0.9078200000000006
0.9086200000000008
0.9093600000000008
0.90758
0.9082199999999999
0.9084600000000002
0.9111000000000005
0.9075200000000008
0.9083800000000002
0.9106800000000004
0.9081200000000004
0.9096800000000003
0.9077600000000003
0.9094000000000002
0.9091600000000003
0.9082800000000003
0.9105200000000008
0.9082800000000002
0.9085800000000009
0.9089400000000003
0.9093600000000005
0.9093600000000008
0.9119400000000006
0.9078400000000003
0.9119400000000004
0.9064200000000003
0.9085400000000005
0.9095400000000007
0.9082000000000005
0.9093200000000001
0.9081800000000007
0.9072400000000006
0.91
0.9123000000000006
0.9094000000000004
0.9094400000000004
0.9100400000000005
0.9061600000000003
0.9111200000000003
0.9109800000000002
0.9131000000000004
0.9100400000000005
0.9080600000000009
0.9089800000000002
0.9106400000000007
0.9079200000000008
0.9105000000000009
0.9076400000000002
0.9083800000000001
0.90708
0.9078200000000001
0.9094400000000005
0.9103600000000002
0.9080800000000001
0.9074200000000006
0.9110000000000007
0.9094200000000007
0.9093600000000002
0.9084399999999999
0.9089200000000001
0.907300000000001
0.9075200000000002
0.9069600000000002
0.9089400000000003
0.9103000000000004
0.9117000000000003
0.9077400000000001
0.9081800000000001
0.9077200000000002
0.9115200000000004
0.9076000000000003
0.9077400000000004
0.9105800000000004
0.9086000000000005
0.9066200000000005
0.9092200000000004
0.9081600000000002
0.9123000000000008
0.9109000000000002
0.90866
0.9098800000000006
0.9082000000000009
0.9091600000000004
0.9081600000000003
0.9100600000000005
0.9085400000000008
0.9088200000000005
0.9110600000000004
0.9124800000000005
0.9073000000000002
0.9082800000000002
0.9094800000000004
0.9110200000000003
0.9097000000000002
0.9095600000000005
0.9092400000000006
0.9086000000000007
0.9080400000000003
0.9103400000000006
0.9084999999999998
0.9103200000000011
0.9105000000000004
0.90862
0.90878
0.9077800000000008
0.9096000000000011
0.9090400000000003
0.9111000000000005
0.9092400000000005
0.9087400000000008
0.9090600000000005
0.9091000000000008
0.9081600000000001
0.9097000000000003
0.9085400000000007
0.9070800000000004
0.9091600000000006
0.9091200000000005
0.9062400000000004
0.9069000000000002
0.9106200000000005
0.9076800000000005
0.9099800000000002
0.9088200000000002
0.9086000000000007
0.9079400000000006
0.9103000000000003
0.9077600000000002
0.9047000000000002
0.9096800000000006
0.9100800000000003
0.9084800000000004
0.9104400000000004
0.9088400000000004
0.9090000000000003
0.9067600000000005
0.9084400000000004
0.9100800000000002
0.90896
0.9078400000000003
0.9062400000000004
0.9100400000000006
0.9091200000000005
0.9087000000000007
0.90988
0.90856
0.9103600000000002
0.9090600000000006
0.9098800000000008
0.9090399999999996
0.90928
0.9098800000000002
0.9077400000000004
0.9088
0.9107200000000008
0.9108200000000001
0.9091000000000002
0.9087800000000003
0.9083600000000002
0.9101600000000005
0.9100000000000006
0.9070800000000004
0.9085400000000006
0.9072200000000001
0.9095200000000004
0.9095800000000004
0.9063200000000003
0.9106400000000007
0.9122200000000004
0.9075600000000003
0.9092200000000006
0.909520000000001
0.9101600000000002
0.9086799999999999
0.9092600000000007
0.9091400000000004
0.9097800000000004
0.9080000000000001
0.9100800000000002
0.9072800000000002
0.9109200000000005
0.9076400000000002
0.9104200000000007
0.9096000000000004
0.9074800000000011
0.9102999999999998
0.9075000000000004
0.9082600000000005
0.9091800000000002
0.90878
0.9107000000000004
0.9116600000000004
0.9106400000000004
0.9079400000000001
0.9105600000000009
0.9085200000000002
0.9087200000000004
0.9108600000000004
0.9079000000000005
0.9108200000000002
0.9089600000000003
0.9063000000000003
0.9106600000000007
0.9084400000000002
0.9074400000000002
0.9088800000000006
0.9097800000000007
0.90856
0.9081199999999999
0.9092800000000001
0.9107200000000004
0.90838
0.9106600000000007
0.9095600000000005
0.9091200000000005
0.9095600000000006
0.9105200000000002
0.9096400000000007
0.9085600000000004
0.9079400000000005
0.9118400000000005
0.9081600000000002
0.9081600000000003
0.9104400000000002
0.9062800000000004
0.9102800000000003
0.9095600000000005
