0.19999999999999962
0.4406400000000001
0.73612
0.8526399999999994
0.8819799999999998
0.8866200000000003
0.8869400000000006
0.88944
0.8896
0.8876000000000005
0.8894399999999999
0.8885200000000008
0.8911400000000002
0.8889600000000009
0.8906000000000006
0.8888800000000004
0.8880399999999998
0.8873200000000004
0.8872000000000003
0.8874600000000004
0.8875200000000002
0.8896200000000002
0.8913400000000007
0.8877400000000004
0.8877000000000004
0.8897400000000003
0.8876000000000004
0.8889800000000002
0.8870999999999999
0.8872200000000006
0.8864400000000007
0.8880599999999998
0.8881000000000003
0.8898199999999999
0.8903400000000005
0.8876600000000004
0.8872000000000001
0.8872400000000004
0.8862199999999997
0.8864
0.8885800000000004
0.8863
0.8886000000000003
0.8878400000000005
0.8873200000000004
0.8894200000000001
0.8905400000000001
0.8909600000000001
0.8903800000000001
0.8885600000000001
0.8885600000000002
0.8877000000000005
0.8884599999999999
0.8893200000000003
0.8893400000000004
0.8906200000000003
0.88932
0.8889800000000008
0.8860200000000004
0.8859200000000002
0.8846
0.8892200000000007
0.8909999999999999
0.8895400000000006
0.8891400000000006
0.8897599999999997
0.886780000000001
0.8888600000000002
0.8882600000000003
0.8875200000000001
0.8881000000000006
0.8864400000000004
0.8836000000000003
0.8851400000000004
0.8876000000000001
0.8879400000000003
0.8873000000000004
0.8866400000000002
0.8860200000000006
0.8883400000000004
0.8892800000000001
0.8886600000000002
0.8867400000000001
0.8902000000000005
0.8896600000000003
0.8892200000000002
0.8863000000000004
0.8877600000000004
0.88796
0.8882600000000003
0.8891600000000003
0.8901600000000006
0.8877600000000002
0.8876000000000002
0.8878600000000003
0.8900999999999999
0.8897399999999998
0.8886400000000003
0.88992
0.8885000000000004
0.8860400000000003
0.8863400000000002
0.8900800000000002
0.8894400000000009
0.8902000000000001
0.8899800000000003
0.8861400000000004
0.8872400000000004
0.8849800000000007
0.8903000000000002
0.88866
0.8889200000000004
0.8875399999999998
0.8869800000000002
0.89022
0.8892400000000003
0.8875000000000002
0.88778
0.8869200000000003
0.8883999999999997
0.88684
0.88806
0.88814
0.8900000000000005
0.88968
0.8884000000000004
0.8848400000000005
0.88738
0.88926
0.88678
0.8864600000000002
0.8853000000000003
0.8871600000000004
0.88656
0.8876400000000002
0.8893399999999996
0.8910800000000006
0.8861200000000001
0.8869200000000004
0.8876800000000005
0.8881800000000001
0.8890200000000003
0.8895800000000007
0.88902
0.8885399999999999
0.8886800000000002
0.8878199999999998
0.8873600000000005
0.8860400000000004
0.8869600000000003
0.8863000000000004
0.8876800000000006
0.8869800000000009
0.8868
0.88774
0.88682
0.8886600000000002
0.8876800000000002
0.8858800000000006
0.88918
0.8859400000000004
0.8886200000000002
0.8903800000000003
0.8868200000000005
0.8851799999999996
0.8905000000000005
0.8893399999999996
0.8866800000000002
0.8865400000000004
0.8866800000000004
0.8881799999999999
0.8873800000000004
0.8889199999999999
0.8897000000000002
0.88618
0.8871600000000004
0.8866799999999997
0.8883200000000002
0.8872200000000001
0.8863800000000002
0.8876199999999997
0.8877600000000002
0.8873599999999999
0.8886200000000004
0.8873800000000006
0.8899200000000004
0.8897400000000003
0.8882800000000002
0.8855800000000004
0.8881200000000001
0.8889000000000006
0.8884000000000002
0.88928
0.8882600000000004
0.8878800000000007
0.8875000000000003
0.8899000000000001
0.8879399999999995
0.8887399999999999
0.8911800000000004
0.8887800000000005
0.8872200000000006
0.8909000000000001
0.8896400000000004
0.8909400000000001
0.8863400000000006
0.8880000000000003
0.8876000000000002
0.8899400000000003
0.88748
0.8896199999999999
0.8920600000000002
0.8897600000000006
0.8901199999999997
0.8881799999999999
0.8885200000000001
0.8883
0.8889400000000002
0.8871000000000002
0.8893600000000003
0.8884000000000001
0.8886200000000002
0.8866000000000004
0.8874400000000002
0.8876000000000001
0.8885600000000002
0.8880800000000006
0.8907200000000002
0.8908800000000006
0.8906999999999999
0.8911200000000008
0.8863200000000004
0.88836
0.8876400000000001
0.8889999999999998
0.8882400000000004
0.8883000000000004
0.8890400000000004
0.8896800000000005
0.8876000000000004
0.8870800000000001
0.8907600000000008
0.8897200000000001
0.8888600000000002
0.8863600000000005
0.8891600000000004
0.8878800000000002
0.8875200000000001
0.8885600000000005
0.8867600000000009
0.8874200000000003
0.8898600000000001
0.8884800000000003
0.8885799999999999
0.8859400000000004
0.8875799999999999
0.8872800000000006
0.8861200000000001
0.8896000000000002
0.89138
0.8874600000000001
0.8884600000000004
0.8862600000000004
0.8860000000000002
0.8869400000000005
0.8887000000000002
0.8879600000000005
0.8895200000000001
0.8905800000000004
0.8882200000000005
0.8890999999999998
0.8907000000000003
0.88674
0.8868600000000002
0.8885200000000006
0.8869800000000001
0.8888200000000004
0.8895000000000004
0.8904800000000003
0.8886400000000001
0.8891400000000005
0.8871200000000001
0.8885000000000002
0.8881200000000001
0.88886
0.8896400000000001
0.8893600000000005
0.8898199999999999
0.8872600000000006
0.8886799999999999
0.8882000000000005
0.8877000000000008
0.8859400000000001
0.88728
0.8879
0.88556
0.8891400000000006
0.8881399999999999
0.8888400000000007
0.8872200000000008
0.8853800000000001
0.8888600000000004
0.8900800000000011
0.8876600000000004
0.8880000000000008
0.8887200000000003
0.8878600000000002
0.8868400000000003
0.88944
0.8888400000000002
0.8869800000000001
0.8894200000000007
0.88752
0.8885399999999997
0.8892200000000003
0.8894800000000003
0.8909400000000002
0.8885599999999998
0.8896600000000003
0.8904800000000003
0.8895800000000004
0.8886200000000006
0.8859599999999999
0.8894000000000001
0.8886400000000004
0.88786
0.88896
0.8897200000000006
0.8896400000000003
0.89146
0.8871400000000007
0.8867200000000005
0.8874200000000004
0.8895599999999999
0.8892
0.8888800000000002
0.8895800000000001
0.8877800000000003
0.8882799999999998
0.8888400000000002
0.88882
0.8876600000000002
0.8887600000000007
0.88888
0.8884200000000001
0.8904000000000001
0.8901600000000006
0.8922200000000005
0.8894799999999998
0.8877000000000002
0.8899000000000007
0.8890800000000002
0.8886600000000002
0.8861200000000001
0.8847
0.88866
0.8876199999999997
0.8872199999999999
0.8868000000000004
0.88626
0.8882400000000006
0.8889200000000005
0.8902600000000004
0.8892000000000002
0.8893800000000002
0.8878800000000006
0.8867400000000003
0.8882000000000007
0.8891400000000006
0.8861600000000002
0.8903000000000002
0.8860000000000001
0.8891199999999999
0.8877200000000002
0.88926
0.8889400000000006
0.8890399999999997
0.8899000000000004
0.8879400000000003
0.8882800000000004
0.8874400000000006
0.8878200000000005
0.8867000000000005
0.8889800000000004
0.8887600000000003
0.8877000000000003
0.8872600000000003
0.8889199999999999
0.88944
0.8878200000000004
0.8861800000000002
0.8887400000000002
0.8879399999999997
0.8899600000000006
0.8887400000000004
0.8859000000000005
0.8869800000000003
0.8896400000000001
0.8871200000000008
0.8875200000000005
0.8874200000000002
0.8873200000000001
0.8895600000000005
0.8902000000000004
0.8895600000000004
0.8878999999999999
0.8884200000000003
0.8887600000000003
0.8887400000000004
0.8911200000000002
0.8885200000000003
0.8900400000000006
0.8898600000000002
0.88896
0.8880000000000001
0.8874000000000001
0.8908600000000009
0.8883200000000007
0.8918
0.8915200000000004
0.8901800000000002
0.88958
0.8886000000000007
0.8875400000000002
0.8863600000000001
0.8909400000000001
0.8890400000000004
0.8876000000000002
0.8899200000000004
0.8878
0.8872600000000002
0.8909000000000001
0.8891
0.8880800000000001
0.8897600000000006
0.8899399999999996
0.8879400000000004
0.8860400000000003
0.8880400000000007
0.8884399999999999
0.8876200000000002
0.8891000000000004
0.8896800000000004
0.8899400000000003
0.8865199999999999
0.8881799999999999
0.8879600000000006
0.8868200000000002
0.8881400000000004
0.8892200000000002
0.8876600000000004
0.8878200000000003
0.8883200000000001
0.8880200000000004
0.8878000000000001
0.8873199999999999
0.8894400000000005
0.8870800000000005
0.8883800000000001
0.8873399999999997
0.8860200000000001
0.8890000000000003
0.8909200000000002
0.8897600000000006
0.8883400000000004
0.8887000000000004
0.8898600000000003
0.8912199999999999
0.8867200000000007
0.8880800000000002
0.88682
0.8922000000000005
0.8865800000000005
0.8885000000000004
0.8890600000000002
0.8892800000000005
0.8894600000000003
0.8902999999999999
0.8883400000000006
0.8853600000000003
0.8869800000000002
0.8900800000000006
0.8896400000000004
0.8880400000000007
0.8878600000000002
0.8868000000000006
0.8868200000000003
0.8884599999999999
0.8869600000000005
0.8880800000000002
0.8899800000000002
0.8893200000000001
0.8888800000000007
0.88696
0.8859400000000002
0.8878400000000003
0.8869
0.8862000000000003
0.8864200000000001
0.8895200000000001
0.8898000000000001
0.8903000000000002
0.8890000000000005
0.8868799999999999
0.8878800000000002
0.8843200000000003
0.8901000000000004
0.8921000000000002
0.8875200000000004
0.8874000000000001
0.8888600000000008
0.8895200000000004
0.8865400000000004
0.8897400000000003
0.8849000000000001
0.8876200000000004
0.8892
0.8866600000000007
0.8887200000000002
0.8873600000000007
0.8882400000000007
0.8867800000000001
0.8868800000000001
0.88854
0.8902399999999999
0.8863600000000001
0.8892800000000004
0.8875799999999999
0.8870799999999999
0.8880399999999998
0.8872000000000003
0.8890200000000003
0.8885000000000002
0.8895400000000006
0.8888200000000004
0.8850199999999999
0.8888000000000003
0.8892
0.8880000000000003
0.8877400000000003
0.8876400000000005
0.8874600000000002
0.8876
0.8880000000000002
0.8878600000000002
0.8880600000000004
0.8891800000000006
0.8900200000000003
0.8891800000000006
0.8901200000000001
0.88872
0.8869400000000005
0.8890800000000002
0.8883800000000002
0.8876800000000002
0.8874200000000007
0.8880600000000001
0.8861799999999999
0.8864400000000002
0.8856200000000003
0.8863000000000006
0.8869199999999998
0.8890400000000003
0.8869800000000002
0.8850599999999998
0.88616
0.8872000000000007
0.8897400000000002
0.8869600000000006
0.8850200000000003
0.8883600000000004
0.8914400000000007
0.8896400000000005
0.8880400000000005
0.8883800000000001
0.8863600000000001
0.8885200000000003
0.8849800000000001
0.8872400000000001
0.8878800000000004
0.8893400000000001
0.88808
0.8867000000000005
0.8900200000000004
0.8883800000000001
0.8880000000000001
0.8877000000000003
0.8884400000000002
0.8916800000000003
0.8880800000000002
0.8868800000000003
0.8873600000000005
0.8873800000000004
0.8900200000000004
0.8889400000000001
0.8903800000000004
0.89334
0.8893199999999998
0.8891000000000006
0.8878000000000001
0.88908
0.8871400000000006
0.8889600000000002
0.8883400000000005
0.8862800000000006
0.8892800000000001
0.8890800000000004
0.8882000000000002
0.8894800000000004
0.8886600000000001
0.8870200000000003
0.8884600000000001
0.8892200000000003
0.8881600000000003
0.8880400000000003
0.8904000000000003
0.8881600000000002
0.8902200000000002
0.8906400000000005
0.88656
0.8874800000000006
0.8906400000000003
0.8882200000000001
0.8873600000000006
0.8901200000000002
0.8876400000000004
0.88824
0.8896200000000011
0.89018
0.88736
0.8882400000000001
0.8898
0.8862600000000007
0.8863600000000003
0.8884800000000003
0.8876599999999999
0.8880600000000005
0.8884200000000003
0.8868999999999998
0.8891000000000004
0.8877200000000005
0.8887399999999999
0.8873600000000005
0.8856000000000003
0.8857
0.8855800000000005
0.8892200000000002
0.8887600000000002
0.8875
0.8899200000000002
0.8893800000000002
0.8898000000000004
0.8907600000000006
0.8883600000000007
0.8885600000000002
0.8896600000000003
0.8898600000000004
0.8860199999999999
0.8879400000000004
0.8888600000000002
0.8894600000000001
0.8867800000000002
0.8887800000000005
0.8902400000000007
0.8894200000000002
0.8875200000000002
0.8884800000000003
0.8911000000000007
0.8875200000000004
0.8877800000000002
0.8883599999999996
0.8892200000000008
0.88882
0.8880200000000005
0.8892000000000002
0.8887999999999998
0.8897400000000004
0.8905600000000004
0.8884800000000004
0.8886
0.8884000000000002
0.8898200000000002
0.8889800000000001
0.8869200000000003
0.88668
0.8884599999999999
0.8861000000000001
0.8869799999999999
0.8882599999999999
0.8897600000000007
0.8897600000000003
0.8906000000000008
0.8882000000000002
0.8897799999999999
0.8875200000000004
0.8872600000000006
0.8865600000000002
0.8887800000000002
0.8894600000000007
0.88616
0.8879600000000002
0.88766
0.8862800000000003
0.8895000000000002
0.8878800000000004
0.8886400000000003
0.8878200000000004
0.8885399999999999
0.8887400000000005
0.88806
0.8889000000000001
0.8862200000000007
0.8883800000000004
0.8890000000000009
0.88854
0.8884000000000001
0.8895600000000005
0.8878000000000005
0.8871200000000005
0.88802
0.8889800000000004
0.8895400000000003
0.8863200000000003
0.8889600000000007
0.8894400000000003
0.8892600000000003
0.8880800000000005
0.8892600000000005
0.8881999999999997
0.8872999999999998
0.8864000000000003
0.8883400000000006
0.8916
0.8881000000000001
0.8885000000000004
0.8871600000000005
0.88814
0.88748
0.8867600000000003
0.8870200000000004
0.8884400000000001
0.8867999999999998
0.8882600000000005
0.8861600000000003
0.8886200000000002
0.8896400000000007
0.8864800000000004
0.8885800000000005
0.8882000000000002
0.8877400000000003
0.8899200000000004
0.8883000000000003
0.8863800000000004
0.88518
0.8883000000000005
0.8865200000000003
0.8862200000000005
0.8882600000000004
0.8867800000000001
0.8893200000000003
0.8884400000000002
0.8885400000000006
0.8880400000000005
0.8907200000000004
0.8877999999999999
0.8877000000000003
0.88888
0.88582
0.8883800000000002
0.8882600000000005
0.8886800000000007
0.8920600000000002
0.8879400000000004
0.8885000000000001
0.8883199999999999
0.8905400000000004
0.8887600000000002
0.8882800000000012
0.8868200000000007
0.8877200000000002
0.8897600000000004
0.8888200000000002
0.8863400000000001
0.8869200000000004
0.8908800000000006
0.88626
0.8904400000000001
0.8895200000000004
0.8870000000000005
0.8896000000000001
0.8876199999999999
0.8871800000000001
0.8902600000000003
0.8893800000000003
0.8876600000000002
0.8866400000000002
0.88674
0.88872
0.8857000000000004
0.8867600000000005
0.8895000000000007
0.88834
0.8884800000000007
0.8905600000000002
0.8894600000000004
0.8876600000000002
0.8896400000000009
0.8859400000000001
0.8883000000000004
0.88786
0.8883000000000003
0.8883800000000004
0.8891199999999999
0.8877000000000003
0.8883800000000002
0.8914200000000002
0.8884200000000005
0.8871000000000003
0.8901
0.88886
0.8875600000000007
0.8881600000000002
0.88878
0.8859999999999999
0.8895200000000004
0.8858200000000005
0.8902000000000004
0.8893600000000004
0.8856200000000001
0.8881400000000005
0.8889400000000002
0.88708
0.8875200000000005
0.8877600000000002
0.8873000000000001
0.8898600000000001
0.8904799999999997
0.88818
0.8867600000000005
0.8893600000000003
0.8904200000000009
0.8887000000000004
0.88894
0.8856200000000003
0.8888000000000004
0.8855000000000004
0.8861800000000001
0.8880600000000003
0.8873000000000001
0.8888200000000004
0.88862
0.88928
0.8886400000000003
0.8879400000000003
0.8887600000000007
0.8869800000000002
0.8878200000000003
0.8864400000000002
0.8886000000000004
0.8884800000000004
0.8898400000000001
0.8876000000000002
0.8860200000000005
0.8865000000000002
0.8882800000000002
0.8885200000000003
0.8873800000000003
0.8872200000000001
0.8871000000000001
0.8876200000000007
0.8884600000000005
0.8879000000000002
0.8891600000000004
0.8878800000000002
0.8893800000000002
0.8872800000000002
0.8885200000000002
0.8869800000000003
0.8905400000000004
0.8894600000000003
0.88894
0.8904200000000003
0.88712
0.8843400000000001
0.8863000000000001
0.8877600000000002
0.8868800000000001
0.8879800000000004
0.8879600000000003
0.8883999999999999
0.8867800000000003
0.8892400000000004
0.8835000000000001
0.8862200000000009
0.8881999999999999
0.8899800000000003
0.8852800000000001
0.8872200000000001
0.8887800000000005
0.8883800000000002
0.8880200000000003
0.8897600000000003
0.8894200000000001
0.8876200000000002
0.8897600000000004
0.8898800000000004
0.8882399999999998
0.88754
0.88448
0.8873199999999999
0.8899400000000002
0.8912200000000001
0.8883600000000006
0.8898399999999999
0.8891000000000007
0.8904600000000004
0.8892400000000005
0.8887600000000002
0.8865800000000005
0.8896800000000006
0.8869000000000002
0.8888600000000008
0.8867800000000006
0.8856000000000002
0.8867200000000003
0.8902999999999999
0.8888400000000003
0.8880800000000001
0.8866400000000003
0.887
0.8856600000000001
0.88826
0.8883400000000001
0.8884400000000002
0.8882800000000002
0.8870600000000003
0.8870200000000003
0.8889999999999998
0.88626
0.88808
0.8862400000000005
0.88798
0.8925
0.8912199999999999
0.8895600000000001
0.8898600000000003
0.8872199999999999
0.8891199999999997
0.8875600000000002
0.8868800000000003
0.8878000000000001
0.8871600000000005
0.8893400000000004
0.8888800000000003
0.8882400000000007
0.8894000000000004
0.8884199999999999
0.8899000000000002
0.8859000000000005
0.8891200000000002
0.8892400000000004
0.8917799999999998
0.8892800000000003
0.8897200000000002
0.8906600000000005
0.8873200000000003
0.8863600000000004
0.8894000000000003
0.88708
0.8894000000000003
0.8919400000000003
0.8883199999999999
0.8902800000000005
0.8904400000000001
0.8879600000000003
0.8879600000000006
0.8850599999999998
0.8864400000000002
0.8857200000000005
0.8869200000000003
0.8858200000000004
0.8873600000000005
0.8874800000000005
0.8910200000000001
0.8874600000000002
0.8904400000000006
0.8864799999999999
0.8889999999999999
0.8908200000000004
0.8901200000000006
0.8877200000000002
0.8896800000000004
0.8886200000000004
0.8874600000000005
0.8864000000000003
0.8878400000000003
0.8896400000000005
0.8869000000000007
0.8900000000000002
0.8885200000000001
