0.19999999999999962
0.7440599999999997
0.9238400000000005
0.9077000000000001
0.9075200000000008
0.9062800000000004
0.9105200000000003
0.9098800000000006
0.9085600000000003
0.9098200000000002
0.90776
0.9105800000000002
0.9100000000000001
0.9080000000000001
0.9097200000000005
0.9099000000000004
0.9101400000000003
0.9095600000000001
0.9109000000000003
0.9099600000000005
0.9089800000000006
0.9085400000000002
0.9083399999999997
0.9091800000000003
0.9105
0.9109800000000006
0.90868
0.9104800000000008
0.90924
0.9072600000000008
0.9075000000000002
0.9073600000000002
0.9092800000000004
0.90798
0.9113400000000003
0.9088800000000008
0.9093199999999997
0.9103200000000004
0.9097800000000004
0.9086600000000002
0.9103800000000003
0.9106000000000001
0.9101600000000005
0.9090400000000005
0.9082800000000008
0.9106400000000001
0.9073400000000004
0.9105800000000001
0.9079000000000002
0.9082400000000003
0.9105600000000006
0.9077200000000003
0.9081600000000002
0.9093200000000005
0.9073400000000005
0.9086200000000004
0.9085000000000001
0.9081200000000004
0.9103600000000001
0.9086999999999997
0.9101400000000008
0.9115000000000002
0.9089000000000005
0.9093200000000005
0.90778
0.9108200000000002
0.9092599999999998
0.9090400000000003
0.9092600000000003
0.9094400000000006
0.9103600000000002
0.9078000000000002
0.9099600000000002
0.9094400000000004
0.9103400000000004
0.9087600000000003
0.9090000000000008
0.9097000000000004
0.9096800000000003
0.9096400000000001
0.9082000000000007
0.9101600000000007
0.9079400000000001
0.9096400000000007
0.9107400000000001
0.9088200000000001
0.9094800000000001
0.9091000000000002
0.9106400000000003
0.9085999999999997
0.9089800000000003
0.9062000000000004
0.9102800000000001
0.9097400000000004
0.9098000000000002
0.9081200000000004
0.9092000000000001
0.9091600000000001
0.9097200000000004
0.9089400000000005
0.9081200000000001
0.9103600000000008
0.9091000000000002
0.9076000000000001
0.9069000000000004
0.9096400000000007
0.9072800000000002
0.9099600000000005
0.9068000000000005
0.9093400000000003
0.9091800000000007
0.9099600000000007
0.9079400000000004
0.9092800000000001
0.9099000000000004
0.9065400000000002
0.9098800000000002
0.9092000000000005
0.9089600000000005
0.9089200000000005
0.9105800000000005
0.9083400000000001
0.9074600000000005
0.9077199999999997
0.9088799999999996
0.9114000000000001
0.9113600000000003
0.9073200000000002
0.9094400000000005
0.9071800000000003
0.90846
0.9107000000000004
0.9089000000000003
0.9085200000000004
0.9065800000000007
0.9113000000000006
0.9078800000000004
0.9090600000000002
0.90864
0.9080200000000006
0.9091800000000003
0.9079199999999998
0.9092800000000006
0.9080400000000007
0.9096400000000002
0.9088400000000001
0.9069200000000002
0.9076600000000006
0.9079200000000003
0.9092600000000004
0.9061800000000005
0.9106200000000004
0.9109400000000002
0.9088800000000002
0.9080200000000005
0.90858
0.9089800000000001
0.9101399999999998
0.9071000000000004
0.9088800000000002
0.9079200000000003
0.9092200000000004
0.9092200000000004
0.9069400000000004
0.9105000000000004
0.9088800000000005
0.9088800000000002
0.9083600000000004
0.9076800000000005
0.9081600000000003
0.9096000000000001
0.908140000000001
0.9087600000000005
0.9075200000000005
0.9090000000000005
0.9093800000000001
0.9089000000000003
0.9080800000000007
0.9082400000000003
0.90948
0.9091800000000001
0.9075800000000005
0.9097400000000003
0.9093200000000006
0.9079800000000005
0.91128
0.9093200000000007
0.9089000000000005
0.9090200000000003
0.9092600000000003
0.9081400000000005
0.9091400000000003
0.9092800000000005
0.9091400000000011
0.9083400000000004
0.9073000000000004
0.90822
0.9104800000000003
0.9076200000000005
0.9085800000000003
0.9085400000000008
0.9098600000000003
0.9077400000000004
0.9105800000000002
0.9057200000000004
0.9110600000000002
0.9084000000000004
0.9109000000000003
0.9070800000000002
0.9089999999999999
0.9088400000000005
0.9074200000000002
0.9065400000000008
0.9085800000000006
0.9100800000000003
0.9076400000000008
0.9100200000000005
0.9088200000000003
0.9090200000000002
0.9089400000000009
0.9097800000000003
0.9084400000000004
0.9093800000000004
0.9109200000000003
0.9104200000000006
0.9111000000000007
0.9090000000000005
0.9092600000000001
0.9079800000000005
0.9062600000000002
0.9097800000000004
0.9103400000000005
0.9078200000000006
0.9074800000000007
0.9098600000000002
0.9118400000000007
0.9096600000000004
0.90982
0.91208
0.9071600000000004
0.91002
0.9091400000000006
0.9106600000000001
0.9077000000000004
0.9079200000000007
0.9099600000000005
0.9081200000000006
0.9091600000000005
0.9104800000000003
0.9100400000000005
0.9089400000000006
0.9093000000000002
0.9091400000000003
0.9080800000000004
0.9088400000000003
0.9051400000000008
0.9101000000000004
0.9072600000000007
0.9089400000000005
0.9088200000000005
0.9099800000000003
0.9101800000000003
0.9061400000000006
0.9101400000000008
0.9105200000000003
0.9103800000000005
0.9107400000000005
0.91086
0.9077800000000004
0.9097800000000007
0.9098200000000002
0.9107200000000004
0.9075800000000005
0.9088200000000003
0.9074800000000006
0.9085800000000007
0.9083199999999998
0.9084000000000002
0.9080000000000003
0.9106600000000006
0.9081800000000005
0.9088000000000004
0.9106200000000001
0.9094200000000005
0.90856
0.9088000000000005
0.9074399999999998
0.9091600000000001
0.9070400000000004
0.9105000000000005
0.90952
0.9093000000000003
0.9079600000000002
0.9070400000000005
0.9101600000000006
0.9109000000000002
0.9098600000000004
0.9082200000000005
0.9106000000000002
0.9093400000000004
0.9079600000000002
0.9079000000000002
0.9098000000000005
0.9083000000000006
0.9100400000000006
0.908720000000001
0.9089800000000006
0.9084200000000004
0.9089600000000004
0.9115400000000001
0.90908
0.9087600000000003
0.9091600000000006
0.909800000000001
0.9107800000000005
0.9078600000000003
0.9080200000000008
0.9091600000000004
0.9069800000000001
0.9083200000000002
0.9077200000000005
0.90956
0.9093600000000004
0.9092000000000003
0.9078600000000004
0.9073200000000006
0.9091600000000003
0.9082000000000009
0.9090400000000003
0.9100400000000002
0.9105600000000003
0.9077200000000003
0.9087000000000005
0.9081600000000004
0.9093600000000004
0.9094200000000003
0.9078000000000004
0.906300000000001
0.9108800000000007
0.9096600000000004
0.9092600000000002
0.9090800000000004
0.9113200000000005
0.9090000000000004
0.9105000000000005
0.9079800000000003
0.9081800000000001
0.9079000000000004
0.9104600000000005
0.9085800000000005
0.9108000000000002
0.9087000000000002
0.9080800000000004
0.9093200000000005
0.9081600000000004
0.9096400000000001
0.9078800000000008
0.9057800000000005
0.9103200000000004
0.9067400000000003
0.9082000000000002
0.9088600000000003
0.9105600000000004
0.9079200000000008
0.9065000000000002
0.9091200000000004
0.9092200000000003
0.9076600000000006
0.9090000000000004
0.9090200000000007
0.9106800000000003
0.9100000000000003
0.9079800000000006
0.9085800000000003
0.9103400000000006
0.9086600000000007
0.9076600000000005
0.9085599999999999
0.9075200000000002
0.9094400000000001
0.9075200000000003
0.9098600000000003
0.9096400000000006
0.9091600000000003
0.9078800000000002
0.9076800000000005
0.909
0.9113800000000009
0.91108
0.9088800000000006
0.9084599999999999
0.9086000000000007
0.9100400000000005
0.9092800000000004
0.9113000000000006
0.9101000000000005
0.9110200000000003
0.9099600000000005
0.9087800000000006
0.9102200000000005
0.9094400000000001
0.9080600000000003
0.9082200000000005
0.9089200000000005
0.9096000000000002
0.9106200000000005
0.9102400000000004
0.9100000000000006
0.9111200000000003
0.9073800000000012
0.9111200000000005
0.9074000000000005
0.9104000000000001
0.9085400000000007
0.9099200000000001
0.9084600000000006
0.9099000000000007
0.9085200000000002
0.9084800000000007
0.9103800000000005
0.9091000000000007
0.9085400000000007
0.9070600000000006
0.90778
0.9097800000000004
0.9087200000000005
0.9100000000000003
0.9111000000000001
0.9089400000000003
0.9086200000000005
0.9092800000000003
0.9110000000000008
0.9088800000000005
0.9100800000000007
0.9075000000000002
0.9081800000000002
0.90928
0.9081600000000002
0.9075400000000002
0.9111799999999998
0.9070600000000003
0.9101800000000005
0.9119400000000004
0.9093200000000007
0.9109800000000006
0.9087000000000005
0.9105000000000003
0.9097800000000007
0.9104600000000004
0.9101999999999997
0.9084800000000004
0.9099600000000005
0.9093200000000004
0.9071800000000002
0.9102000000000007
0.9095599999999999
0.9098800000000005
0.9080800000000004
0.9099400000000002
0.9078000000000004
0.9092200000000006
0.90846
0.9093000000000007
0.90998
0.9112200000000006
0.9105600000000006
0.9079800000000007
0.9091200000000002
0.9114600000000003
0.90658
0.9086800000000005
0.9088400000000003
0.9083600000000004
0.9097800000000003
0.9089000000000007
0.9096000000000004
0.9096400000000004
0.9048800000000005
0.9079800000000005
0.9118000000000002
0.9054000000000002
0.9106600000000005
0.9103400000000004
0.9111800000000003
0.9100800000000006
0.9081800000000002
0.9080000000000006
0.9067000000000002
0.9101800000000004
0.9062400000000007
0.9073600000000002
0.9082000000000005
0.9088800000000005
0.9090800000000008
0.9108200000000005
0.9073400000000004
0.9082600000000004
0.9094000000000004
0.9083200000000003
0.9097000000000004
0.9082600000000005
0.9091200000000006
0.910720000000001
0.9102199999999999
0.9101600000000003
0.9116200000000005
0.90968
0.9085200000000002
0.90924
0.9093000000000004
0.9099800000000005
0.9097200000000002
0.9102600000000004
0.9083200000000001
0.9075000000000005
0.9085200000000002
0.9085200000000008
0.9082200000000004
0.9096200000000007
0.9087000000000002
0.9070400000000002
0.9084000000000003
0.9102600000000004
0.9089600000000005
0.9098000000000005
0.9088400000000003
0.9081999999999999
0.9060600000000005
0.9105600000000006
0.9100600000000005
0.9117400000000003
0.9071800000000008
0.9082399999999998
0.9112200000000006
0.9085800000000003
0.9066800000000004
0.90724
0.9087200000000004
0.9094999999999999
0.9071400000000003
0.9095200000000002
0.9091800000000003
0.9099800000000006
0.9101200000000003
0.9076200000000004
0.9094200000000007
0.9099800000000002
0.9104800000000006
0.9082199999999999
0.9089600000000001
0.9090000000000005
0.90888
0.9088600000000001
0.9103200000000001
0.9084200000000002
0.9104200000000001
0.9079600000000002
0.9105400000000007
0.9102800000000006
0.9097000000000007
0.9084400000000005
0.9094600000000004
0.9096400000000002
0.9068400000000001
0.9091800000000001
0.9090600000000002
0.9113200000000004
0.9083400000000004
0.9102600000000001
0.9091000000000004
0.9096800000000002
0.9080400000000007
0.9090200000000002
0.9098200000000004
0.9104800000000003
0.9099400000000005
0.9089799999999998
0.9077600000000006
0.9085199999999999
0.9097000000000003
0.9093400000000001
0.9085600000000004
0.9096800000000003
0.90752
0.9086400000000004
0.9097600000000001
0.9087000000000001
0.9076000000000002
0.9100200000000003
0.9107600000000002
0.9098200000000007
0.9072200000000005
0.9083800000000004
0.9103000000000003
0.9086000000000003
0.90866
0.9085600000000005
0.9098200000000003
0.9078800000000001
0.9095600000000004
0.9114200000000001
0.9080200000000006
0.9102400000000004
0.9109000000000003
0.9093399999999997
0.9085800000000002
0.9081800000000004
0.9092200000000004
0.9087599999999999
0.9113200000000006
0.9099800000000002
0.9108200000000006
0.9099600000000005
0.9099000000000005
0.9089599999999999
0.9084200000000006
0.9086000000000003
0.9101600000000001
0.9104000000000002
0.9072200000000002
0.9075200000000003
0.9079400000000003
0.9084800000000002
0.9092600000000004
0.9082200000000007
0.9100200000000005
0.9085000000000002
0.9103800000000005
0.9081200000000004
0.9090200000000002
0.9091800000000007
0.9092600000000004
0.9091800000000002
0.9086400000000003
0.9117200000000001
0.9075800000000004
0.9110200000000003
0.9078000000000003
0.9129800000000001
0.9083200000000001
0.9083600000000003
0.9094800000000005
0.9058800000000004
0.9086000000000003
0.9085600000000004
0.9106000000000003
0.9087800000000007
0.9098400000000005
0.9080600000000006
0.9094400000000005
0.9090799999999999
0.9099000000000004
0.9067800000000008
0.9088600000000001
0.9076600000000005
0.9083600000000005
0.9083600000000004
0.9089599999999999
0.9084400000000007
0.9101000000000005
0.9094200000000001
0.9072
0.9094000000000002
0.9079200000000006
0.9074600000000003
0.9102199999999999
0.9096800000000002
0.9075400000000005
0.9079000000000004
0.9091400000000001
0.9089400000000006
0.91146
0.9114000000000008
0.9065400000000001
0.9115400000000003
0.9077200000000002
0.9082600000000004
0.9096400000000007
0.9095800000000004
0.9078000000000003
0.9105200000000004
0.9103000000000006
0.9071199999999996
0.9096800000000007
0.9088600000000001
0.9092000000000005
0.9112600000000006
0.9092600000000004
0.9091200000000005
0.9096000000000004
0.9109800000000002
0.9074999999999999
0.9101000000000006
0.9079200000000002
0.9100599999999998
0.9104000000000005
0.9095400000000007
0.9100400000000005
0.9087600000000005
0.9107600000000002
0.9076200000000005
0.9107600000000002
0.9081000000000005
0.9093200000000004
0.9081200000000006
0.9084000000000003
0.907320000000001
0.9056800000000003
0.9080200000000008
0.9073800000000004
0.9090599999999999
0.9095000000000006
0.9102600000000003
0.9084800000000005
0.9083200000000001
0.90786
0.9085200000000007
0.9081200000000003
0.9103600000000006
0.91084
0.9086399999999999
0.9104000000000005
0.9077200000000003
0.9099600000000002
0.9080400000000007
0.9110600000000006
0.9068600000000003
0.9084600000000002
0.9082400000000004
0.9097400000000002
0.9092600000000007
0.9071000000000004
0.9095800000000003
0.9071800000000007
0.9114600000000003
0.91124
0.9085800000000002
0.9089400000000003
0.9103200000000007
0.9069600000000004
0.9103200000000001
0.9093400000000007
0.9085600000000007
0.9105600000000003
0.9066000000000004
0.9115800000000007
0.9094599999999999
0.9099799999999999
0.9089800000000002
0.9105000000000006
0.9098000000000003
0.9100600000000004
0.9091600000000005
0.9081
0.9093399999999997
0.9101400000000006
0.9098000000000006
0.9118400000000001
0.9075400000000006
0.9089800000000006
0.9093400000000004
0.9087999999999999
0.9084200000000007
0.9100600000000009
0.9104800000000002
0.9067400000000001
0.9083200000000003
0.9071000000000004
0.9076200000000001
0.9093600000000005
0.9083400000000004
0.9084000000000004
0.9089800000000008
0.9098999999999998
0.9091600000000005
0.9082400000000006
0.9101200000000005
0.9097200000000006
0.9092800000000006
0.9078200000000003
0.9093800000000002
0.9104200000000006
0.9090600000000006
0.9094000000000007
0.9083
0.9095400000000003
0.9095200000000007
0.9073600000000002
0.9087000000000006
0.9078200000000001
0.9090000000000003
0.9076400000000008
0.9088200000000006
0.9101400000000004
0.9074999999999999
0.9093600000000002
0.9085800000000002
0.9093400000000007
0.9078400000000005
0.90924
0.9089000000000003
0.9091800000000005
0.9103000000000003
0.9085800000000003
0.9098999999999999
0.9094600000000003
0.9086800000000008
0.9105600000000004
0.9102800000000002
0.9074600000000003
0.9065000000000003
0.9094000000000002
0.9096200000000004
0.9065199999999999
0.90862
0.9091
0.9105600000000006
0.9093800000000003
0.908620000000001
0.9100800000000006
0.9083600000000004
0.9087400000000005
0.9085200000000007
0.9084999999999998
0.9089200000000001
0.90854
0.9078400000000003
0.9080000000000006
0.9111400000000005
0.9095200000000002
0.9107000000000001
0.90862
0.9098
0.9117400000000007
0.90732
0.9096200000000007
0.9097000000000004
0.9100400000000008
0.9093400000000006
0.9105000000000001
0.91034
0.9088400000000008
0.9067400000000003
0.9090400000000005
0.9083800000000001
0.9070600000000003
0.9094400000000006
0.9090600000000001
0.9086800000000004
0.9084400000000005
0.9090200000000004
0.9058200000000006
0.9098000000000006
0.9084400000000004
0.9089000000000005
0.9087600000000006
0.9068800000000006
0.9118200000000001
0.9091800000000007
0.9106800000000006
0.90728
0.91
0.9093999999999999
0.9088400000000005
0.9083200000000007
0.9091600000000003
0.9065200000000003
0.9109600000000003
0.9069200000000005
0.9096000000000001
0.9076200000000004
0.9125200000000002
0.9096400000000004
0.9089
0.9112800000000008
0.9086800000000003
0.908980000000001
0.9076800000000006
0.9094600000000002
0.9077
0.9099
0.9101800000000001
0.9091800000000001
0.9105200000000002
0.9096200000000004
0.9096
0.9114800000000006
0.9077999999999998
0.91018
0.9085800000000003
0.9116200000000003
0.9085400000000001
0.9076400000000002
0.9088800000000002
0.9084200000000011
0.9105000000000006
0.9070600000000008
0.9079200000000004
0.9105600000000006
0.9094200000000002
0.9112200000000005
0.9098800000000006
0.9081400000000002
0.9111200000000005
0.9079400000000006
0.9103400000000001
0.9092400000000004
0.9101400000000006
0.9108200000000005
0.9079400000000004
0.9107200000000006
0.9081200000000004
0.9098200000000002
0.9096000000000004
0.9073600000000003
0.9091600000000004
0.9083800000000004
0.9070200000000006
0.9086200000000001
0.9096800000000005
0.9084800000000005
0.9098400000000005
0.9090200000000003
0.9101400000000001
0.9089600000000004
0.9094599999999999
0.9096400000000009
0.9128799999999996
0.9101400000000006
0.9051600000000005
0.9108600000000006
0.9072000000000006
0.9078200000000006
0.9091600000000004
0.9109800000000006
0.9068600000000007
0.9078400000000005
0.9089399999999999
0.9084800000000002
0.9089600000000003
0.9081000000000006
0.9111800000000002
0.9089000000000005
0.9069800000000005
0.9091800000000007
0.9085599999999999
0.9067200000000005
0.9080800000000008
0.9082200000000001
0.90766
0.9097200000000001
0.9105000000000004
0.9094000000000004
0.9079000000000002
0.9088600000000002
0.91194
0.9067200000000001
0.9101
0.9091600000000009
0.9088400000000004
0.9088000000000003
0.9086799999999998
0.9078199999999994
0.9109400000000004
0.91018
0.9073600000000005
0.9098800000000005
0.9091800000000005
0.90862
0.9088400000000004
0.9083600000000002
0.9096400000000004
0.9062200000000002
0.9088600000000006
0.9079000000000005
0.9103600000000004
0.9085200000000003
0.9086800000000003
0.90864
0.9089400000000003
0.9079600000000001
0.9091400000000006
0.9093000000000008
0.9077000000000004
0.9093800000000004
0.9109200000000004
0.9080000000000001
0.9077600000000006
0.9076400000000006
0.91038
0.9095600000000004
0.9097400000000003
0.9092600000000001
0.9107800000000007
0.9071000000000004
0.9080000000000004
0.9085600000000007
0.9110000000000004
0.9095399999999999
0.9105600000000007
