0.19999999999999962
0.4540000000000003
0.4949999999999999
0.4878000000000003
0.4851999999999999
0.49140000000000006
0.48159999999999975
0.49160000000000004
0.4896000000000001
0.48460000000000003
0.4850000000000001
0.4880000000000001
0.4836000000000002
0.48779999999999996
0.4866000000000003
0.4832
0.4882
0.4906000000000001
0.4862
0.49159999999999976
0.4874000000000004
0.49819999999999987
0.48899999999999993
0.4884000000000001
0.49380000000000007
0.4920000000000001
0.48480000000000006
0.4838
0.5005999999999998
0.48140000000000005
0.4859999999999998
0.4821999999999999
0.49399999999999994
0.49
0.491
0.49420000000000003
0.47819999999999996
0.49560000000000004
0.47740000000000005
0.4851999999999999
0.49360000000000004
0.4912
0.48979999999999996
0.49399999999999994
0.488
0.48080000000000006
0.49440000000000006
0.4814000000000002
0.4882000000000002
0.49160000000000004
0.48900000000000005
0.4918
0.4865999999999999
0.4908000000000002
0.48620000000000013
0.4920000000000001
0.48560000000000003
0.48800000000000027
0.4854000000000001
0.49060000000000015
0.4880000000000001
0.48079999999999984
0.4875999999999998
0.4962
0.48779999999999984
0.4931999999999998
0.48139999999999994
0.4886000000000001
0.4835999999999999
0.49000000000000005
0.4897999999999999
0.48680000000000023
0.4837999999999999
0.4930000000000001
0.4890000000000001
0.48219999999999996
0.5004000000000002
0.4847999999999999
0.48879999999999996
0.48240000000000016
0.49940000000000007
0.4895999999999999
0.49
0.4892000000000001
0.49039999999999995
0.4869999999999999
0.49379999999999996
0.4838000000000002
0.4871999999999999
0.4918
0.49600000000000016
0.4886000000000002
0.4892
0.49160000000000004
0.5025999999999999
0.4845999999999998
0.48879999999999996
0.48219999999999985
0.486
0.48120000000000007
0.48640000000000017
0.49300000000000016
0.4790000000000002
0.4909999999999999
0.49859999999999993
0.4857999999999999
0.4836000000000001
0.48919999999999997
0.48800000000000004
0.49100000000000016
0.48840000000000006
0.4876000000000002
0.4918
0.49220000000000014
0.4866
0.4849999999999999
0.49220000000000036
0.48779999999999996
0.4912000000000002
0.4850000000000001
0.48840000000000006
0.4862000000000002
0.49419999999999986
0.4814000000000002
0.49400000000000027
0.4801999999999998
0.491
0.47860000000000014
0.4916
0.47979999999999995
0.4880000000000001
0.48699999999999993
0.4894
0.49080000000000007
0.48040000000000005
0.4986
0.48619999999999997
0.4808000000000001
0.4907999999999999
0.4856
0.4937999999999998
0.4801999999999999
0.4902
0.494
0.4862
0.49180000000000007
0.49039999999999995
0.4793999999999999
0.4934000000000001
0.4844000000000001
0.49419999999999975
0.4892
0.4905999999999999
0.4836000000000001
0.4871999999999999
0.48960000000000004
0.49000000000000005
0.4845999999999999
0.491
0.4806
0.4964
0.49140000000000017
0.4901999999999998
0.48399999999999993
0.49060000000000004
0.4806000000000001
0.49300000000000005
0.4894000000000001
0.4888
0.49200000000000016
0.49239999999999995
0.4914
0.47859999999999997
0.47779999999999995
0.49699999999999994
0.4836
0.4925999999999999
0.499
0.48080000000000017
0.4898
0.48940000000000006
0.4996000000000001
0.4865999999999998
0.4889999999999998
0.4887999999999998
0.48459999999999986
0.4974
0.4932
0.48160000000000003
0.48900000000000005
0.48619999999999974
0.4884000000000001
0.4834000000000001
0.4895999999999998
0.49139999999999995
0.4812000000000002
0.4844000000000003
0.49060000000000004
0.49639999999999995
0.4902000000000002
0.4883999999999999
0.48719999999999997
0.4856
0.48739999999999983
0.4772
0.49059999999999987
0.4872000000000001
0.48480000000000023
0.5018000000000002
0.4730000000000001
0.4919999999999998
0.48360000000000014
0.4882
0.4944000000000002
0.4875999999999999
0.4884000000000001
0.4912
0.4878000000000002
0.4894000000000001
0.48719999999999997
0.4866000000000001
0.4938
0.49320000000000014
0.48420000000000046
0.482
0.48699999999999993
0.4914
0.4830000000000001
0.49300000000000027
0.4916000000000001
0.4798000000000001
0.49560000000000015
0.484
0.48900000000000005
0.4929999999999998
0.4844
0.49219999999999986
0.48460000000000014
0.4906000000000001
0.4826000000000002
0.4834000000000001
0.49539999999999984
0.48280000000000023
0.49439999999999984
0.4838000000000002
0.4892000000000003
0.4812000000000002
0.4861999999999999
0.4911999999999999
0.4925999999999998
0.48240000000000016
0.4850000000000001
0.49399999999999983
0.48620000000000024
0.4867999999999998
0.4865999999999999
0.4905999999999999
0.49579999999999985
0.4766
0.48620000000000013
0.49180000000000024
0.4808
0.48740000000000017
0.4968000000000003
0.4846000000000001
0.4910000000000001
0.4882000000000003
0.47980000000000006
0.4867999999999998
0.49459999999999993
0.47539999999999993
0.4954000000000001
0.4824000000000001
0.49139999999999995
0.4911999999999999
0.488
0.4868
0.49
0.4872000000000001
0.48779999999999996
0.4876000000000002
0.4910000000000001
0.4902000000000002
0.4836000000000002
0.49099999999999994
0.4790000000000003
0.5017999999999998
0.47680000000000006
0.4881999999999999
0.4911999999999999
0.482
0.4892
0.4914
0.48979999999999996
0.4876
0.49300000000000005
0.49119999999999997
0.49040000000000006
0.4827999999999999
0.49480000000000013
0.48780000000000023
0.4957999999999999
0.486
0.48320000000000013
0.5004
0.47600000000000003
0.491
0.4784000000000001
0.49519999999999986
0.4898
0.4857999999999999
0.49440000000000006
0.49019999999999997
0.49320000000000014
0.48360000000000014
0.495
0.48760000000000014
0.48360000000000025
0.483
0.49140000000000017
0.48819999999999986
0.4816000000000001
0.4954
0.4784000000000003
0.49800000000000016
0.48460000000000003
0.4890000000000001
0.485
0.4884000000000001
0.48619999999999997
0.48620000000000013
0.496
0.4829999999999999
0.4918000000000001
0.47660000000000025
0.5032000000000002
0.4854000000000001
0.4924000000000001
0.4852
0.4953999999999998
0.4874000000000001
0.49320000000000014
0.49199999999999994
0.491
0.48400000000000004
0.4920000000000001
0.4853999999999998
0.49120000000000025
0.4831999999999999
0.4838000000000003
0.4865999999999998
0.49279999999999996
0.4851999999999999
0.4852000000000001
0.49179999999999985
0.4860000000000004
0.4818
0.4873999999999999
0.48260000000000003
0.48540000000000005
0.486
0.4905999999999999
0.4882000000000001
0.4851999999999999
0.4938
0.4832000000000001
0.49500000000000016
0.48860000000000015
0.4852
0.4834000000000001
0.48719999999999997
0.4906000000000001
0.48640000000000005
0.49060000000000004
0.4774000000000001
0.4851999999999999
0.48660000000000003
0.4948000000000002
0.48859999999999976
0.4888
0.48460000000000014
0.4925999999999998
0.48680000000000007
0.4802000000000002
0.4912
0.4925999999999999
0.47920000000000007
0.49660000000000004
0.4832
0.48919999999999997
0.48919999999999997
0.4772
0.48960000000000015
0.4863999999999998
0.4975999999999998
0.4829999999999999
0.48840000000000033
0.493
0.4836000000000004
0.49239999999999995
0.48179999999999995
0.4923999999999997
0.49500000000000016
0.48600000000000015
0.4966
0.4824000000000002
0.49700000000000005
0.48519999999999996
0.4804
0.48580000000000007
0.4892
0.48599999999999993
0.48820000000000013
0.4887999999999999
0.48260000000000014
0.49800000000000005
0.49060000000000004
0.48840000000000006
0.4852000000000003
0.49479999999999996
0.4793999999999999
0.49040000000000006
0.48640000000000017
0.49060000000000004
0.48739999999999994
0.4960000000000004
0.48999999999999966
0.4820000000000001
0.48739999999999994
0.4895999999999999
0.4969999999999999
0.47259999999999985
0.4940000000000002
0.49660000000000004
0.4804
0.49519999999999986
0.48479999999999995
0.49400000000000027
0.4789999999999999
0.49699999999999994
0.48919999999999997
0.48680000000000023
0.48519999999999996
0.4836000000000001
0.4974
0.4870000000000003
0.49
0.4873999999999999
0.4887999999999999
0.4829999999999999
0.49539999999999984
0.48200000000000026
0.4868
0.49060000000000026
0.4926
0.4824000000000001
0.4902
0.48540000000000033
0.48259999999999986
0.48759999999999976
0.4886000000000001
0.4923999999999997
0.48159999999999975
0.49340000000000006
0.4856
0.5046000000000002
0.4768000000000002
0.48919999999999986
0.4972000000000002
0.4809999999999999
0.4893999999999999
0.4852000000000001
0.49699999999999994
0.482
0.4934000000000001
0.49000000000000016
0.489
0.49079999999999996
0.4856
0.49000000000000027
0.48419999999999996
0.48760000000000003
0.4895999999999997
0.4767999999999998
0.4984
0.48500000000000015
0.494
0.48
0.48999999999999977
0.4916000000000003
0.4922000000000001
0.48680000000000007
0.4961999999999998
0.4888000000000001
0.4896000000000002
0.488
0.4886
0.4909999999999997
0.48240000000000016
0.49620000000000014
0.48899999999999993
0.48979999999999996
0.4876000000000002
0.48640000000000005
0.4888000000000003
0.4970000000000001
0.48620000000000013
0.4840000000000002
0.4962000000000002
0.47980000000000006
0.4902000000000001
0.48339999999999994
0.4898000000000002
0.4868
0.48440000000000016
0.49080000000000007
0.49560000000000026
0.48920000000000013
0.483
0.4940000000000002
0.47800000000000004
0.4952000000000001
0.49300000000000027
0.49119999999999986
0.4901999999999999
0.4793999999999998
0.49920000000000003
0.4838000000000001
0.4837999999999999
0.48800000000000004
0.49699999999999983
0.4937999999999998
0.4910000000000001
0.4987999999999999
0.47959999999999986
0.4932000000000001
0.47979999999999995
0.49119999999999997
0.4940000000000001
0.4826000000000002
0.4824
0.49500000000000016
0.4926
0.4812000000000002
0.4961999999999998
0.48920000000000025
0.4876
0.4834000000000001
0.49780000000000013
0.4826
0.49699999999999994
0.48819999999999986
0.4826000000000002
0.4906000000000001
0.4842
0.49460000000000015
0.48739999999999994
0.4847999999999999
0.4888
0.49219999999999997
0.4852
0.4932
0.483
0.49040000000000034
0.48419999999999996
0.4925999999999995
0.485
0.4902000000000001
0.4910000000000002
0.4883999999999999
0.4955999999999999
0.4904000000000002
0.485
0.4830000000000002
0.4914
0.4868
0.49040000000000006
0.4874
0.48900000000000005
0.4778000000000002
0.485
0.49340000000000017
0.4882
0.49339999999999984
0.4875999999999999
0.4870000000000001
0.4954000000000001
0.48479999999999995
0.49500000000000016
0.47699999999999987
0.499
0.47979999999999995
0.48900000000000005
0.4946000000000001
0.49000000000000005
0.4812000000000001
0.48879999999999996
0.4828
0.4868
0.48740000000000017
0.4876000000000002
0.4817999999999996
0.4869999999999999
0.48860000000000015
0.4854000000000002
0.4881999999999999
0.4942000000000001
0.4960000000000001
0.4852000000000001
0.49440000000000006
0.4836000000000002
0.48819999999999986
0.4878000000000003
0.482
0.49899999999999983
0.4808
0.4942
0.4903999999999998
0.4822000000000002
0.4846000000000001
0.48760000000000014
0.4855999999999998
0.49300000000000016
0.4850000000000001
0.489
0.4972000000000001
0.47860000000000014
0.4966000000000001
0.48760000000000014
0.4965999999999998
0.4894
0.4897999999999999
0.4860000000000001
0.48319999999999985
0.4802000000000002
0.48980000000000024
0.48779999999999984
0.49200000000000016
0.48560000000000003
0.48879999999999996
0.4882
0.4918
0.4892000000000001
0.4764
0.4911999999999999
0.488
0.4816000000000001
0.48460000000000003
0.4969999999999999
0.47980000000000006
0.4839999999999998
0.49219999999999986
0.4804000000000002
0.4866
0.4880000000000001
0.4938000000000002
0.48599999999999993
0.4962000000000003
0.4805999999999998
0.4923999999999997
0.48999999999999994
0.48640000000000017
0.48919999999999997
0.4948000000000002
0.4882000000000003
0.484
0.49140000000000017
0.49900000000000005
0.49260000000000015
0.49040000000000006
0.4802000000000001
0.4948
0.48080000000000017
0.4897999999999999
0.4919999999999999
0.4924000000000002
0.4868000000000001
0.48520000000000024
0.48680000000000007
0.48439999999999983
0.48719999999999963
0.48800000000000004
0.48699999999999993
0.48760000000000014
0.4833999999999999
0.4922000000000002
0.4768
0.49979999999999997
0.48260000000000014
0.49620000000000014
0.49200000000000005
0.49260000000000015
0.48499999999999976
0.4986
0.4876000000000002
0.4855999999999998
0.49059999999999987
0.49339999999999995
0.47820000000000007
0.4908000000000002
0.48480000000000006
0.49
0.4936000000000002
0.49039999999999995
0.4967999999999997
0.4921999999999999
0.4884000000000002
0.4892000000000001
0.4888000000000001
0.493
0.4804000000000002
0.49180000000000024
0.4850000000000001
0.49439999999999995
0.4864000000000002
0.49159999999999987
0.48719999999999986
0.4930000000000001
0.4901999999999999
0.49219999999999986
0.48640000000000005
0.48640000000000017
0.4848000000000001
0.4934000000000002
0.49199999999999994
0.4845999999999999
0.48519999999999996
0.4900000000000002
0.49079999999999996
0.4827999999999998
0.49200000000000005
0.47780000000000017
0.5002000000000001
0.4732000000000001
0.49119999999999997
0.4923999999999998
0.4844000000000001
0.4922000000000002
0.48119999999999996
0.4866000000000001
0.48899999999999993
0.48339999999999994
0.4926
0.4982000000000001
0.4857999999999999
0.48599999999999993
0.4847999999999996
0.49280000000000007
0.4907999999999999
0.4849999999999999
0.4902000000000002
0.4835999999999999
0.4880000000000001
0.48979999999999996
0.4985999999999999
0.4848000000000001
0.4944000000000002
0.48480000000000006
0.5005999999999999
0.4887999999999999
0.49500000000000005
0.4909999999999999
0.4879999999999999
0.49419999999999986
0.4814000000000002
0.48660000000000003
0.48899999999999993
0.4884000000000001
0.48700000000000015
0.49260000000000015
0.4902000000000002
0.4929999999999998
0.47839999999999994
0.5066000000000003
0.4850000000000002
0.48999999999999994
0.4845999999999998
0.49300000000000016
0.4804000000000002
0.48979999999999985
0.48719999999999997
0.49380000000000007
0.48280000000000006
0.49520000000000003
0.48440000000000016
0.4946
0.48460000000000014
0.49000000000000005
0.48939999999999984
0.48100000000000004
0.49540000000000006
0.4912
0.4944000000000001
0.48919999999999997
0.4921999999999999
0.48440000000000005
0.4790000000000005
0.4894000000000003
0.48760000000000003
0.4836000000000001
0.4850000000000002
0.49699999999999994
0.4810000000000002
0.49719999999999975
0.48200000000000026
0.48979999999999985
0.4910000000000001
0.4852000000000002
0.49939999999999996
0.4854
0.4910000000000002
0.4795999999999999
0.4904
0.4872000000000003
0.48940000000000017
0.48280000000000006
0.49499999999999994
0.4826000000000002
0.4891999999999996
0.4888000000000002
0.49139999999999995
0.4836000000000001
0.4866000000000001
0.4846000000000001
0.4844000000000001
0.48539999999999994
0.4916000000000002
0.4888
0.49180000000000007
0.48400000000000015
0.4958000000000001
0.4773999999999998
0.4947999999999999
0.4874
0.4876000000000002
0.48160000000000003
0.48959999999999965
0.4882
0.4832000000000001
0.4968000000000001
0.4901999999999998
0.4936
0.4851999999999998
0.49379999999999996
0.48040000000000005
0.5008000000000001
0.48679999999999984
0.4924000000000001
0.4926
0.48539999999999994
0.4926000000000002
0.4960000000000001
0.4832
0.48520000000000024
0.4957999999999998
0.488
0.48620000000000013
0.4906000000000001
0.4929999999999998
0.4866
0.48460000000000014
0.4862000000000002
0.48499999999999993
0.48680000000000007
0.4887999999999998
0.4908000000000001
0.4854
0.48839999999999995
0.4866
0.5036
0.4831999999999998
0.4892000000000003
0.48780000000000007
0.4901999999999999
0.4854000000000001
0.493
0.48219999999999985
0.49739999999999995
0.48179999999999995
0.4925999999999998
0.49339999999999984
0.48540000000000005
0.4862
0.4894
0.484
0.4945999999999999
0.4838000000000001
0.4922000000000001
0.4882000000000003
0.4836000000000002
0.49059999999999987
0.47559999999999986
0.49419999999999986
0.4881999999999998
0.4896000000000001
0.4852000000000002
0.49219999999999975
0.4832000000000003
0.49040000000000006
0.4928000000000001
0.48359999999999986
0.4837999999999999
0.4946
0.48279999999999995
0.4918
0.4871999999999997
0.4874
0.4899999999999997
0.49139999999999995
0.4921999999999999
0.48440000000000016
0.48760000000000014
0.48459999999999986
0.48780000000000023
0.48979999999999996
0.4884000000000001
0.49779999999999985
0.47940000000000005
0.4962
0.4843999999999999
0.48919999999999997
0.4905999999999998
0.4850000000000001
0.49059999999999987
0.47779999999999995
0.4934000000000004
0.49239999999999995
0.4916
0.4899999999999999
0.4926000000000002
0.4858
0.4832
0.49179999999999985
0.4883999999999999
0.4858
0.48879999999999996
0.4958000000000001
0.48080000000000017
0.49660000000000015
0.4825999999999999
0.4951999999999996
0.4869999999999999
0.4948
0.4766
0.49559999999999993
0.48639999999999994
0.49339999999999995
0.488
0.4946000000000001
0.49099999999999994
0.48539999999999994
0.49080000000000007
0.4827999999999999
0.4901999999999999
0.4859999999999998
0.4832
0.49300000000000005
0.5006000000000002
0.4838000000000002
0.483
0.49560000000000004
0.4822000000000001
0.4938
0.49020000000000025
0.48780000000000007
0.48819999999999986
0.48500000000000026
0.4784000000000001
0.4890000000000002
0.4830000000000001
0.4948000000000002
0.483
0.4843999999999999
0.4940000000000001
0.48819999999999986
0.49160000000000004
0.48940000000000017
0.49340000000000034
0.4778
0.4879999999999998
0.49139999999999995
0.4888
0.4930000000000001
0.48400000000000015
0.4826
0.4868000000000001
0.4920000000000001
0.47759999999999997
0.4924
0.49280000000000024
0.4864
0.4833999999999999
0.48400000000000004
0.4860000000000001
0.4912
0.4796000000000001
0.4947999999999999
0.4854000000000001
0.48420000000000024
0.4894000000000001
