0.19999999999999962
0.8795999999999996
0.5592199999999997
0.7225
0.6393200000000002
0.6802999999999999
0.6601400000000001
0.6708600000000005
0.6658599999999999
0.6666000000000001
0.6672800000000001
0.6663999999999999
0.6701599999999998
0.6661199999999999
0.6666200000000001
0.6650600000000001
0.66782
0.66506
0.6681400000000001
0.6669600000000002
0.6666000000000001
0.66484
0.66872
0.6694600000000002
0.6651600000000003
0.6694399999999999
0.6658600000000001
0.6667400000000001
0.6675400000000005
0.6677400000000001
0.6645800000000002
0.6680000000000003
0.6671800000000004
0.6695399999999997
0.6649600000000001
0.6682200000000001
0.6675399999999999
0.6657400000000001
0.6703
0.6673200000000001
0.6669799999999998
0.6655999999999999
0.6675999999999997
0.66444
0.6679999999999999
0.6663
0.66746
0.6658200000000001
0.6668200000000002
0.6681199999999997
0.6654199999999999
0.6657400000000001
0.6697599999999997
0.6692199999999997
0.6636599999999997
0.6691599999999999
0.6705
0.6644799999999997
0.6675000000000001
0.66624
0.6690800000000003
0.66652
0.6654199999999999
0.6671599999999998
0.6658400000000002
0.6672600000000003
0.6667800000000002
0.6692600000000002
0.6634599999999997
0.6698200000000004
0.66262
0.6646800000000003
0.6681
0.6650999999999999
0.66926
0.6662200000000003
0.6666599999999999
0.6700599999999999
0.6660999999999998
0.6667400000000002
0.66524
0.6680200000000002
0.6614999999999998
0.6691399999999997
0.6647799999999999
0.6675200000000002
0.6671400000000003
0.6677200000000001
0.6678400000000002
0.6656400000000001
0.6676799999999998
0.66376
0.66634
0.6664
0.6641199999999998
0.6704600000000001
0.6639600000000001
0.6672000000000001
0.6668400000000004
0.6638799999999998
0.6640799999999999
0.6654000000000003
0.6679599999999998
0.6655200000000002
0.6655
0.6725399999999999
0.66154
0.6688399999999999
0.6645600000000003
0.6685000000000001
0.6672200000000004
0.6678999999999999
0.6664
0.6672800000000001
0.6677599999999997
0.6638600000000002
0.6665199999999999
0.6669200000000001
0.6681999999999999
0.66676
0.6676199999999999
0.6662000000000005
0.66872
0.6624000000000002
0.6699199999999998
0.6657799999999999
0.6648400000000001
0.6672600000000003
0.66498
0.6700800000000001
0.6647400000000002
0.6683599999999998
0.66496
0.6685000000000002
0.6656999999999997
0.66606
0.66716
0.6663600000000001
0.6635999999999997
0.6691799999999999
0.6650599999999998
0.66892
0.6651199999999998
0.6662400000000003
0.6649799999999998
0.664
0.66856
0.6686800000000003
0.6695199999999997
0.6640999999999999
0.66746
0.6660799999999999
0.6666400000000001
0.6691000000000001
0.66498
0.6681399999999997
0.6663999999999999
0.6659799999999996
0.6677999999999997
0.6629000000000002
0.6684800000000004
0.6667000000000003
0.6677400000000003
0.6658799999999999
0.6686799999999999
0.6651600000000001
0.6673000000000003
0.6669000000000003
0.66764
0.6674799999999999
0.66816
0.6631
0.67018
0.6635800000000002
0.6666999999999998
0.6648799999999997
0.6673
0.6659000000000003
0.6666599999999998
0.6670800000000001
0.66752
0.6665000000000001
0.66306
0.66878
0.66562
0.67078
0.6641799999999999
0.66852
0.6649200000000002
0.6685000000000001
0.6664800000000003
0.66428
0.6687400000000001
0.66604
0.6665199999999999
0.6661400000000001
0.6680399999999999
0.6653199999999998
0.6669599999999999
0.6664599999999998
0.6663600000000004
0.6707999999999998
0.6658200000000001
0.6649999999999998
0.6685599999999998
0.6644600000000003
0.66842
0.66484
0.66622
0.67066
0.6668200000000002
0.66486
0.6683000000000002
0.66672
0.66972
0.6673600000000002
0.6646799999999999
0.6672800000000002
0.6624799999999997
0.6694199999999997
0.6653600000000002
0.6672800000000002
0.6659000000000002
0.66526
0.6666600000000004
0.6678200000000001
0.6670600000000003
0.6723600000000002
0.6638799999999998
0.6657399999999999
0.6676999999999998
0.6637599999999999
0.6664199999999998
0.666
0.6680400000000002
0.6666399999999999
0.6669199999999997
0.6624600000000003
0.67062
0.6685400000000005
0.6642200000000003
0.6676599999999998
0.6671199999999997
0.6629399999999999
0.6714600000000002
0.6633200000000001
0.66618
0.6639600000000001
0.6692800000000002
0.66664
0.6680399999999999
0.6691400000000003
0.6671799999999999
0.6669000000000003
0.6670600000000003
0.6687199999999999
0.6650399999999999
0.6686399999999999
0.6690799999999999
0.66378
0.6718000000000002
0.6647000000000004
0.6657200000000002
0.6698000000000001
0.6644999999999999
0.6683200000000002
0.6713600000000001
0.6608000000000003
0.66964
0.6683000000000001
0.6632600000000001
0.6694799999999997
0.6634
0.66872
0.6638399999999999
0.6684200000000001
0.6649400000000001
0.66814
0.6670600000000002
0.6656199999999999
0.6652200000000001
0.6672599999999999
0.6650599999999999
0.66558
0.6640400000000001
0.6673600000000001
0.6635
0.6677
0.6644399999999999
0.6670800000000001
0.66766
0.6673600000000002
0.6642399999999998
0.6644399999999997
0.6656800000000002
0.67088
0.6666200000000003
0.6666200000000003
0.6679599999999997
0.6670800000000002
0.6681600000000003
0.66718
0.6672600000000003
0.6691200000000002
0.6655599999999999
0.6662999999999997
0.6671400000000002
0.6638
0.6689999999999998
0.66668
0.6693199999999999
0.66316
0.67148
0.6604600000000002
0.66886
0.6622999999999998
0.6674
0.66758
0.66546
0.6661400000000001
0.6678400000000002
0.6644800000000001
0.6651799999999998
0.6677200000000003
0.6671000000000002
0.6686199999999998
0.66322
0.6685999999999999
0.6617999999999999
0.6702599999999999
0.66518
0.6678600000000001
0.6675399999999999
0.6663999999999995
0.6662800000000001
0.6611599999999999
0.6674000000000001
0.6656800000000004
0.6677000000000001
0.6684000000000002
0.66408
0.6675999999999999
0.6666200000000001
0.66608
0.6679600000000002
0.6653800000000003
0.66962
0.66474
0.66824
0.6660200000000001
0.6676799999999998
0.6662
0.6672800000000001
0.6706000000000003
0.6658399999999999
0.6677599999999999
0.6672599999999997
0.6664800000000003
0.6669799999999998
0.6641999999999999
0.6665400000000002
0.6667200000000001
0.6685200000000004
0.6645600000000003
0.6678400000000002
0.66794
0.66474
0.6682799999999999
0.665
0.6672400000000003
0.6670200000000002
0.6670399999999996
0.66584
0.6665000000000002
0.6663799999999999
0.6661600000000001
0.66448
0.67164
0.6660600000000001
0.6683800000000001
0.6661199999999999
0.6672
0.6632000000000002
0.6707800000000003
0.66356
0.6667000000000001
0.6658599999999999
0.6699000000000003
0.66486
0.6668400000000002
0.6650799999999998
0.6685800000000002
0.6636000000000004
0.6675599999999997
0.6659000000000003
0.6680000000000001
0.6671800000000002
0.6654599999999999
0.6656399999999997
0.66672
0.6667800000000004
0.66656
0.66616
0.66664
0.6678000000000001
0.66412
0.6714199999999998
0.6626800000000002
0.6672000000000001
0.6679999999999999
0.66832
0.6650400000000001
0.6673599999999997
0.66562
0.6703
0.66968
0.6631399999999998
0.6657600000000001
0.6673399999999999
0.6628799999999999
0.6709599999999999
0.6616000000000003
0.6691200000000002
0.6655999999999999
0.66432
0.6697400000000003
0.66518
0.66714
0.66642
0.6675600000000004
0.6643799999999997
0.66646
0.66582
0.66512
0.6687599999999999
0.6639399999999999
0.6708599999999998
0.6651199999999996
0.6680000000000001
0.6653800000000003
0.6687200000000001
0.6639599999999996
0.66722
0.6682799999999999
0.6634600000000002
0.6670799999999999
0.66212
0.6699199999999998
0.6664799999999996
0.6651600000000002
0.6697000000000002
0.6654400000000001
0.6652800000000002
0.6683199999999999
0.6672399999999997
0.6686600000000001
0.66622
0.6646399999999999
0.6650599999999998
0.6677600000000001
0.6682399999999998
0.6654800000000001
0.6678400000000001
0.6656200000000001
0.6677200000000001
0.6649600000000001
0.6677000000000001
0.66614
0.6670600000000002
0.6666599999999999
0.6697200000000001
0.6636399999999999
0.6703999999999998
0.6678800000000001
0.6635
0.6698000000000001
0.6646000000000001
0.6673200000000001
0.6669400000000002
0.6657600000000001
0.6691600000000001
0.6634200000000001
0.6673600000000002
0.6650999999999999
0.6676000000000001
0.66518
0.6691199999999999
0.66462
0.6687000000000001
0.6646400000000001
0.66634
0.6674400000000001
0.6646599999999999
0.6687000000000001
0.6642800000000004
0.6684599999999996
0.6627599999999998
0.6677000000000001
0.6700800000000002
0.664
0.6671600000000001
0.6680199999999998
0.6652199999999999
0.6689799999999998
0.6668
0.6697
0.66256
0.6712200000000001
0.66242
0.6676199999999998
0.6640000000000001
0.6666000000000001
0.6637000000000001
0.6670200000000003
0.66856
0.6655599999999998
0.6650599999999999
0.6691400000000003
0.6655800000000002
0.6685199999999999
0.6659399999999996
0.6648400000000002
0.6661000000000005
0.6682599999999997
0.6638600000000002
0.6675399999999999
0.6626599999999999
0.6677399999999999
0.6663199999999999
0.66688
0.66782
0.6673600000000001
0.6633599999999998
0.6667200000000002
0.6674800000000002
0.6689400000000002
0.6671400000000003
0.6644400000000004
0.66696
0.6667800000000003
0.6672800000000001
0.6637800000000003
0.6702200000000001
0.66924
0.6630800000000001
0.6703599999999997
0.6647399999999998
0.66804
0.66616
0.6689
0.6639399999999999
0.6683400000000002
0.6631799999999999
0.6692800000000001
0.6663600000000003
0.66428
0.66618
0.6658399999999999
0.6697599999999997
0.66632
0.6694599999999998
0.6679600000000003
0.6672000000000001
0.6696599999999999
0.6650400000000001
0.6662599999999996
0.6669600000000001
0.6652199999999999
0.66746
0.66838
0.6639599999999999
0.6699999999999998
0.6660199999999997
0.6687799999999998
0.66554
0.6671599999999996
0.6673000000000002
0.6694800000000002
0.6654000000000001
0.6655000000000001
0.6670400000000001
0.6640600000000001
0.66718
0.6688000000000001
0.66782
0.6692999999999999
0.6676000000000002
0.6666000000000003
0.6651200000000003
0.6663199999999998
0.66738
0.66346
0.6691600000000001
0.66774
0.6660200000000001
0.66554
0.66628
0.6680400000000002
0.6655800000000001
0.6688600000000002
0.6659400000000001
0.6693400000000002
0.6658200000000001
0.6661999999999999
0.66774
0.66512
0.6667800000000002
0.6688799999999996
0.6661999999999998
0.6686799999999999
0.6673600000000001
0.6652399999999998
0.66842
0.6656599999999999
0.6696199999999998
0.6635000000000001
0.66628
0.6675799999999998
0.6655999999999999
0.6694000000000002
0.6671800000000002
0.6663599999999998
0.6669200000000002
0.6651000000000002
0.6696199999999998
0.66452
0.66688
0.6655
0.66646
0.6674000000000002
0.6647200000000001
0.6685599999999999
0.6642999999999998
0.6678599999999999
0.6635199999999999
0.6660400000000002
0.6674399999999998
0.6651
0.6674200000000002
0.6673000000000004
0.66642
0.6660799999999996
0.6678000000000003
0.6653799999999999
0.66668
0.6665199999999999
0.6701799999999999
0.6653799999999999
0.6681800000000001
0.6650000000000001
0.66756
0.6665399999999998
0.66456
0.6698799999999997
0.6674800000000002
0.6646799999999999
0.6668400000000002
0.6676999999999996
0.6663800000000001
0.6655600000000002
0.6678999999999999
0.66488
0.6670000000000003
0.6688600000000002
0.6651200000000002
0.6682399999999998
0.6659800000000005
0.66712
0.6650800000000006
0.6648799999999998
0.6657200000000002
0.6656799999999998
0.6623400000000003
0.66878
0.6604000000000001
0.66816
0.6673599999999997
0.6632000000000002
0.6675599999999998
0.66744
0.6657800000000003
0.6671999999999998
0.6655999999999999
0.6701400000000001
0.6645200000000001
0.6680999999999999
0.6686399999999999
0.6638599999999998
0.6639800000000002
0.66694
0.6656199999999999
0.6661599999999999
0.6704399999999998
0.6631600000000004
0.6643200000000004
0.6704000000000002
0.6646000000000001
0.6696200000000002
0.6643800000000003
0.67134
0.6621400000000002
0.6698599999999998
0.6651
0.6673000000000002
0.6685199999999999
0.6650200000000001
0.6679200000000001
0.66756
0.6673800000000001
0.6674599999999999
0.6644800000000001
0.6649199999999997
0.66944
0.6670399999999995
0.66624
0.6680399999999999
0.66298
0.6711600000000001
0.6666400000000001
0.6669799999999999
0.66554
0.6615000000000002
0.6674199999999999
0.66236
0.6689000000000002
0.66306
0.6692599999999999
0.6668400000000002
0.6669399999999999
0.6671199999999995
0.66702
0.6645600000000002
0.6688600000000002
0.6645000000000004
0.6652999999999999
0.66738
0.6696
0.6669200000000001
0.6666000000000003
0.66538
0.6683399999999997
0.6696399999999998
0.6641199999999999
0.66916
0.6618600000000001
0.6676000000000003
0.6668599999999998
0.6662
0.66838
0.6676799999999998
0.6667000000000003
0.6677600000000001
0.6672200000000003
0.6678200000000001
0.6633800000000001
0.6671600000000001
0.6674199999999996
0.6671
0.6616399999999999
0.6666399999999996
0.6658200000000002
0.6659599999999999
0.6670600000000004
0.6663800000000001
0.6664800000000001
0.6688000000000001
0.66562
0.6663
0.6669799999999999
0.6662200000000001
0.6656200000000001
0.6653600000000001
0.6681600000000002
0.6673199999999997
0.6650400000000001
0.6674599999999997
0.6658
0.6647200000000001
0.67096
0.6629599999999999
0.6669399999999998
0.6658800000000004
0.6686399999999998
0.66448
0.6677999999999998
0.6685999999999999
0.6640600000000002
0.6673
0.6636600000000001
0.6679799999999999
0.6675799999999998
0.6685000000000002
0.66816
0.6649200000000001
0.6698200000000001
0.6649200000000001
0.6675799999999998
0.6670799999999997
0.66542
0.66908
0.6664999999999996
0.6706799999999998
0.6657199999999999
0.6678200000000001
0.66146
0.6687400000000002
0.6674599999999999
0.6682000000000002
0.6654199999999999
0.6694999999999999
0.66524
0.6692199999999999
0.6648999999999999
0.6682199999999999
0.6666600000000001
0.6649200000000001
0.6680600000000002
0.6668399999999999
0.6636399999999999
0.6676000000000001
0.6656200000000002
0.6672
0.6655199999999998
0.6689400000000002
0.66642
0.6640000000000001
0.6659400000000001
0.66412
0.6717199999999999
0.66566
0.6707799999999999
0.6629200000000001
0.6716200000000002
0.6616799999999999
0.6656399999999999
0.66814
0.6690200000000001
0.666
0.6672000000000001
0.6666999999999998
0.6645800000000003
0.6703600000000002
0.66496
0.66704
0.6666200000000001
0.6622800000000002
0.66634
0.6663400000000002
0.6663
0.6655199999999999
0.6679600000000002
0.6664800000000001
0.66738
0.6650199999999998
0.6679600000000002
0.6607599999999998
0.6715599999999998
0.6639600000000004
0.6676000000000003
0.6685000000000002
0.6659400000000002
0.6673600000000002
0.6662799999999998
0.6652399999999998
0.6655799999999998
0.6671400000000003
0.6675000000000003
0.66344
0.66936
0.6630000000000003
0.6720800000000006
0.6652
0.6673399999999998
0.665
0.6687799999999997
0.6628199999999996
0.6655000000000001
0.66668
0.6658000000000002
0.66612
0.66634
0.6655399999999999
0.6665600000000002
0.66636
0.6664
0.6638200000000001
0.6665799999999998
0.6647200000000002
0.6688400000000003
0.6643400000000002
0.6679200000000004
0.66842
0.6649800000000002
0.6715200000000001
0.6661000000000002
0.6663799999999998
0.6630199999999998
0.6686800000000003
0.6672600000000002
0.6606200000000001
0.6683400000000002
0.6667799999999999
0.6661600000000001
0.67136
0.6623600000000001
0.67194
0.6645200000000002
0.6643800000000002
0.66962
0.67
0.66476
0.6688400000000003
0.6655199999999999
0.6646199999999998
0.6705399999999999
0.66506
0.6667400000000003
0.6659999999999999
0.6696999999999997
0.6662599999999999
0.66574
0.6648000000000003
0.6647599999999998
0.6677799999999999
0.66514
0.66848
0.6669399999999999
0.66566
0.6673199999999997
0.6641199999999999
0.6674200000000002
0.6662999999999997
0.6676000000000001
0.6679199999999998
0.6669400000000002
0.6669800000000004
0.66448
0.6679599999999999
0.6701599999999998
0.6624199999999998
0.6650799999999998
0.67058
0.6642999999999999
0.6664200000000001
0.66628
0.6669200000000002
0.6660799999999999
0.66664
0.6677799999999999
0.6656400000000002
0.6647199999999998
0.6680199999999998
0.66464
0.6685599999999998
0.6668399999999997
0.6674400000000001
0.6639999999999999
0.6698200000000003
0.6650800000000001
0.6661399999999997
0.66754
0.66618
0.6668600000000002
0.6676000000000002
0.66584
0.6654799999999997
0.6687199999999998
0.66468
0.6639800000000001
0.6679800000000004
0.6639399999999999
0.6673800000000003
0.6639599999999999
0.66804
0.66588
0.66632
0.6697399999999999
0.6647400000000002
0.6684800000000002
0.6659999999999999
0.6655999999999999
0.6671800000000002
0.6667000000000001
0.6665000000000003
0.66486
0.66566
0.6652400000000003
0.6661600000000001
0.6681400000000004
0.66786
0.6658800000000002
0.6655400000000004
0.6658599999999997
0.6669799999999999
0.6645200000000001
0.6701000000000001
0.6632599999999996
0.6665199999999998
0.6658400000000003
0.6676200000000001
