0.19999999999999962
0.8378199999999993
0.5799600000000001
0.7106999999999997
0.64388
0.6792600000000002
0.6598599999999999
0.6695800000000003
0.66326
0.67098
0.66386
0.6706200000000002
0.6644199999999999
0.6657400000000004
0.6663799999999999
0.6647800000000005
0.6665599999999996
0.6664799999999996
0.6671199999999999
0.66782
0.6633199999999998
0.66702
0.6644200000000001
0.6712399999999998
0.6640600000000003
0.6697000000000002
0.66172
0.6720199999999995
0.6668200000000002
0.66646
0.6680000000000001
0.6645599999999997
0.6662000000000002
0.6670599999999999
0.6670400000000001
0.6693000000000002
0.6662799999999999
0.6663
0.66624
0.6651200000000002
0.6667599999999999
0.66404
0.66574
0.6658
0.6686200000000001
0.6649599999999998
0.6645799999999998
0.6653399999999999
0.6694399999999997
0.6672999999999999
0.6653799999999996
0.66478
0.6676399999999997
0.6700800000000002
0.6652199999999999
0.6693399999999999
0.6662599999999999
0.66624
0.66346
0.6662200000000001
0.66826
0.66746
0.6655200000000002
0.6672600000000002
0.6656
0.6669800000000001
0.6692799999999995
0.6631199999999999
0.6665800000000002
0.66494
0.67148
0.6618400000000001
0.6669800000000001
0.66488
0.6701600000000005
0.6629600000000003
0.6676400000000001
0.6668599999999999
0.6654799999999997
0.6664199999999997
0.66298
0.6687399999999997
0.6697200000000001
0.6625599999999998
0.6705799999999997
0.6675999999999999
0.66286
0.6667400000000001
0.66432
0.6691200000000002
0.6662600000000003
0.6663800000000001
0.6653400000000002
0.6682000000000001
0.6672000000000001
0.6650399999999997
0.6683
0.6673600000000003
0.6649399999999999
0.6661599999999999
0.6652800000000001
0.6653600000000001
0.6691000000000003
0.6638999999999998
0.6652199999999995
0.6655000000000001
0.66916
0.66644
0.66704
0.6658799999999998
0.66838
0.6639
0.6697000000000003
0.66374
0.6651600000000002
0.66506
0.6680799999999998
0.66204
0.6704600000000002
0.6701599999999998
0.6697400000000002
0.6658399999999999
0.6618799999999999
0.6711199999999997
0.6642399999999996
0.6689399999999999
0.6654799999999998
0.6691000000000001
0.6642600000000002
0.66734
0.6679999999999997
0.6667800000000003
0.6672
0.66632
0.6653799999999999
0.6706200000000001
0.6692800000000001
0.6672000000000001
0.6695600000000002
0.6660400000000003
0.6697400000000002
0.6658200000000002
0.6691600000000002
0.6654800000000001
0.66986
0.6645
0.66926
0.6639400000000001
0.6707
0.6640999999999999
0.6669000000000002
0.66644
0.6655999999999997
0.6655200000000001
0.6678400000000001
0.6689
0.6656799999999998
0.6659999999999999
0.66606
0.6673399999999999
0.6660999999999998
0.66738
0.6661800000000001
0.6661400000000002
0.6656800000000002
0.6658399999999998
0.6683399999999999
0.6675400000000004
0.6641800000000002
0.66634
0.6656799999999999
0.6652999999999998
0.6677199999999998
0.6655400000000001
0.6676400000000001
0.6663799999999999
0.6659199999999998
0.6638800000000002
0.6732800000000002
0.6629999999999999
0.6678599999999999
0.66628
0.66558
0.6677000000000003
0.6642399999999999
0.6700400000000001
0.6656800000000002
0.66628
0.66614
0.6678400000000001
0.6626999999999998
0.6674799999999999
0.66586
0.6689599999999999
0.6624400000000003
0.6675200000000001
0.66586
0.6652600000000001
0.6698999999999998
0.6654800000000002
0.6657199999999999
0.6663999999999999
0.6684000000000002
0.66396
0.6638200000000001
0.6684
0.6648999999999997
0.6706799999999999
0.6659000000000002
0.6658400000000002
0.6653199999999997
0.6671399999999997
0.6639800000000001
0.6659599999999999
0.6684000000000002
0.6669400000000002
0.6675399999999999
0.66514
0.6645400000000001
0.6686399999999998
0.6677399999999998
0.6673999999999997
0.6659000000000002
0.66572
0.66764
0.6674199999999999
0.6672000000000001
0.66814
0.6667999999999998
0.6661800000000002
0.6689400000000001
0.6666800000000002
0.6687400000000002
0.6663800000000003
0.6683400000000002
0.6664799999999999
0.6661400000000001
0.6666000000000001
0.6682000000000001
0.6650200000000001
0.66816
0.6674999999999999
0.6689199999999998
0.6652000000000002
0.6702199999999999
0.6640600000000005
0.6680999999999997
0.6657599999999998
0.6666200000000002
0.66716
0.66462
0.6709599999999999
0.6638600000000001
0.6660399999999999
0.6638199999999999
0.6693600000000001
0.6645600000000002
0.6706199999999999
0.6633
0.6667400000000002
0.6656599999999999
0.6675399999999998
0.6657599999999999
0.6682000000000002
0.6661800000000003
0.6634999999999998
0.6668400000000001
0.6660400000000004
0.66578
0.66756
0.6636400000000002
0.6679999999999999
0.6666200000000002
0.6657400000000002
0.6680000000000001
0.6677
0.6697200000000002
0.6664400000000004
0.66806
0.6666200000000001
0.6651
0.6673800000000001
0.6647599999999997
0.6688799999999999
0.6663800000000001
0.66758
0.6685200000000002
0.6631600000000002
0.6656799999999999
0.6665200000000001
0.6676599999999999
0.6663600000000001
0.66604
0.6672000000000001
0.6675800000000003
0.6655400000000004
0.6690400000000004
0.66452
0.66998
0.6679999999999998
0.6667600000000004
0.6669999999999999
0.6671400000000002
0.6663200000000002
0.6648999999999998
0.6667200000000001
0.6668999999999999
0.6670400000000001
0.6666400000000001
0.6654799999999998
0.66844
0.6679200000000002
0.6656200000000001
0.6688799999999996
0.6653
0.6680999999999999
0.66598
0.6668399999999999
0.6667200000000001
0.6659
0.6643000000000001
0.66782
0.6624800000000001
0.66986
0.66582
0.6667200000000001
0.6652399999999998
0.6669599999999999
0.6701399999999998
0.66238
0.6661400000000001
0.6670800000000001
0.6670400000000004
0.6675200000000001
0.6671199999999997
0.6665599999999999
0.6670999999999999
0.6668000000000001
0.6641600000000001
0.6706400000000001
0.6668000000000004
0.6663800000000001
0.6669400000000003
0.66484
0.6695800000000002
0.66596
0.6692999999999999
0.6641399999999998
0.6685599999999998
0.6634199999999997
0.6680600000000002
0.6676800000000002
0.6642999999999997
0.6716799999999999
0.6670800000000001
0.6679200000000001
0.66966
0.6662599999999999
0.6711800000000002
0.6663000000000001
0.66728
0.6669600000000001
0.6673200000000001
0.6677200000000002
0.6695600000000003
0.66252
0.6717199999999999
0.6628399999999999
0.6697800000000003
0.6619599999999999
0.6680200000000001
0.66508
0.6678999999999999
0.66502
0.6674000000000001
0.6653000000000001
0.6675999999999999
0.6667799999999999
0.6658999999999999
0.6660799999999999
0.6680799999999999
0.6670199999999998
0.6650000000000003
0.6658399999999999
0.6667400000000002
0.6655999999999997
0.6688400000000003
0.6644800000000001
0.6681800000000001
0.6652999999999999
0.6653999999999998
0.66634
0.6669599999999999
0.6667400000000003
0.66852
0.6624200000000002
0.6683199999999998
0.6662599999999999
0.6669400000000002
0.6690799999999997
0.6657000000000001
0.66634
0.6655800000000001
0.6672400000000003
0.6674400000000001
0.6645200000000001
0.6679200000000001
0.6645600000000002
0.6689799999999999
0.66794
0.6670400000000002
0.6656399999999999
0.6686799999999999
0.66712
0.6660400000000004
0.6642600000000001
0.6680999999999997
0.6644400000000001
0.6675800000000001
0.6659200000000003
0.6673799999999998
0.6652800000000001
0.6679999999999998
0.6687599999999999
0.6641600000000003
0.6697000000000003
0.6645600000000002
0.6690200000000002
0.6666199999999998
0.6657599999999998
0.6678600000000005
0.6679799999999999
0.6656399999999999
0.66746
0.6643000000000001
0.6696000000000001
0.6627000000000003
0.6688399999999999
0.6673800000000003
0.6633000000000002
0.6680799999999995
0.6655000000000001
0.6697800000000003
0.6641799999999999
0.6670200000000003
0.66704
0.6679600000000003
0.6654399999999999
0.66866
0.6642
0.66736
0.6651199999999997
0.6658400000000003
0.6682000000000001
0.6632000000000002
0.6660399999999997
0.6654599999999999
0.6656399999999999
0.6634200000000005
0.6631800000000001
0.66726
0.6648400000000001
0.66738
0.6670800000000005
0.6631799999999999
0.6682000000000001
0.6655200000000001
0.6663000000000001
0.6649600000000002
0.6689399999999999
0.6653399999999999
0.6661199999999998
0.6674800000000003
0.6647200000000002
0.6661200000000003
0.6667800000000003
0.6658
0.6688599999999998
0.6633600000000002
0.6687200000000001
0.6674800000000001
0.6666800000000002
0.6669999999999999
0.6646200000000002
0.6684
0.6664399999999999
0.6663600000000003
0.6668400000000001
0.6653800000000003
0.6675000000000001
0.6670200000000002
0.6663000000000002
0.6684599999999997
0.6660200000000001
0.6639399999999998
0.6679200000000003
0.6672600000000003
0.6670600000000002
0.6678999999999999
0.66242
0.6699
0.6622800000000004
0.6683800000000001
0.66584
0.6664400000000001
0.6667800000000002
0.6683199999999999
0.6640600000000003
0.6684400000000003
0.6635999999999999
0.6705999999999999
0.6640199999999998
0.6670599999999999
0.6669200000000002
0.6646200000000003
0.6639200000000005
0.6711399999999997
0.66124
0.67252
0.6640400000000001
0.6708599999999997
0.6610599999999998
0.66642
0.6645
0.6672399999999999
0.6665800000000001
0.6677400000000001
0.6658000000000003
0.6657200000000003
0.6680599999999999
0.6656200000000001
0.6694800000000001
0.66336
0.6688200000000002
0.6668400000000001
0.6657200000000002
0.6689400000000001
0.66846
0.6707400000000001
0.6640600000000001
0.6652600000000003
0.6666800000000002
0.6664799999999999
0.6652000000000001
0.6654600000000004
0.66502
0.6685200000000003
0.6668600000000001
0.6675200000000003
0.6674400000000003
0.6643399999999997
0.6676000000000005
0.6635000000000001
0.66842
0.6642199999999999
0.6718400000000002
0.6658
0.66572
0.6669199999999995
0.6660200000000002
0.66404
0.6657999999999998
0.6698200000000003
0.6624999999999999
0.6663400000000002
0.6677199999999998
0.6639400000000002
0.66936
0.6646
0.6665199999999999
0.6684799999999999
0.6661800000000002
0.6667200000000001
0.66766
0.66804
0.6676200000000001
0.6654999999999999
0.6653999999999999
0.6657600000000002
0.6679200000000002
0.6658000000000002
0.66714
0.6667000000000003
0.6678200000000001
0.6633199999999999
0.6680400000000003
0.6688400000000001
0.66476
0.66634
0.6672000000000001
0.6682600000000002
0.66416
0.6665200000000001
0.6645600000000003
0.6653800000000004
0.66498
0.6683800000000002
0.6646799999999999
0.6636000000000003
0.6639599999999999
0.6687399999999998
0.6666600000000001
0.6646799999999999
0.6641199999999998
0.6682199999999999
0.6655200000000001
0.6652400000000002
0.66566
0.6659799999999998
0.6656200000000002
0.6678200000000003
0.6641600000000001
0.6713600000000003
0.6662
0.6607600000000001
0.66742
0.6630599999999999
0.6683999999999999
0.6650400000000001
0.6691399999999998
0.6624999999999999
0.6668400000000001
0.6671600000000001
0.6649400000000001
0.6650799999999998
0.6674
0.6659400000000001
0.66752
0.6662599999999999
0.6676000000000001
0.6681600000000003
0.66622
0.66702
0.6669999999999999
0.6631800000000002
0.6681200000000003
0.6651
0.6680800000000002
0.6696199999999998
0.6658599999999996
0.6651800000000001
0.6660000000000003
0.6678200000000004
0.66506
0.6672
0.6687599999999999
0.66506
0.6673799999999998
0.6664199999999997
0.6695199999999999
0.6645399999999999
0.66916
0.66588
0.6677799999999996
0.6635
0.6664200000000001
0.6669400000000003
0.6667200000000001
0.6658599999999999
0.6686000000000001
0.666
0.6698600000000003
0.66482
0.6632199999999999
0.6689800000000001
0.66384
0.6676800000000003
0.6659600000000003
0.6668999999999999
0.6654600000000002
0.6660200000000001
0.6653800000000003
0.6701200000000003
0.6664000000000003
0.66868
0.6643399999999998
0.6694599999999999
0.6680800000000001
0.66604
0.66948
0.6681200000000002
0.6666399999999999
0.6641800000000001
0.6664799999999996
0.6652799999999999
0.6687200000000003
0.6651
0.6691599999999999
0.6672800000000003
0.6641599999999999
0.6660400000000002
0.6662000000000002
0.6682199999999997
0.6672
0.66746
0.6642
0.6647199999999998
0.66728
0.6678799999999999
0.6641799999999999
0.6673999999999997
0.6648799999999998
0.6695599999999999
0.6642400000000002
0.6676599999999999
0.6643399999999999
0.6688000000000001
0.6670800000000002
0.6674000000000001
0.6666399999999997
0.6648800000000005
0.6667799999999998
0.66656
0.6683800000000001
0.6653999999999998
0.6698800000000003
0.6637400000000002
0.6665399999999999
0.6663000000000002
0.6663799999999999
0.6675400000000002
0.6672599999999999
0.6692999999999998
0.66348
0.6720599999999999
0.6619600000000001
0.67246
0.6660999999999998
0.66714
0.66432
0.6688399999999999
0.66486
0.6693800000000002
0.6676200000000001
0.6660200000000002
0.6631800000000002
0.6674800000000003
0.66524
0.6667000000000001
0.6663
0.6648
0.6703999999999997
0.66246
0.6693000000000002
0.66298
0.6677000000000003
0.6640400000000001
0.66444
0.6685000000000001
0.6653
0.6710800000000002
0.6660600000000003
0.6663200000000002
0.6680400000000003
0.66758
0.6662200000000001
0.6695400000000004
0.6649
0.6655200000000001
0.6677199999999999
0.6673199999999997
0.6644599999999998
0.6677799999999998
0.6686200000000001
0.6673399999999998
0.6657400000000001
0.6688000000000001
0.6688000000000001
0.6634400000000004
0.66886
0.6658399999999998
0.6688200000000003
0.6679000000000004
0.6672399999999999
0.6654999999999995
0.6651799999999999
0.6658999999999999
0.6660000000000003
0.6683200000000002
0.6639800000000001
0.6684599999999997
0.66974
0.6668600000000001
0.6686
0.6676200000000001
0.6674399999999998
0.6661799999999998
0.6667200000000002
0.6682800000000003
0.6655600000000003
0.6679599999999999
0.6635799999999997
0.66816
0.66614
0.6689400000000002
0.6690400000000001
0.6670599999999999
0.6648200000000003
0.66866
0.6654800000000001
0.6658000000000003
0.6661799999999997
0.6673799999999998
0.6674399999999997
0.6676800000000003
0.6694999999999999
0.6644999999999999
0.6673399999999998
0.6685
0.6649799999999998
0.6681999999999999
0.66706
0.6692599999999997
0.6663600000000001
0.6683600000000002
0.6622399999999997
0.6677799999999999
0.66694
0.6700400000000001
0.6666399999999999
0.6664999999999999
0.6678800000000001
0.6655200000000001
0.6679200000000003
0.6657799999999999
0.6668799999999997
0.6667600000000004
0.66628
0.6636399999999999
0.6692599999999999
0.6648999999999999
0.6672
0.6663
0.6657199999999996
0.6671599999999998
0.66948
0.6650399999999999
0.6655600000000002
0.6684800000000002
0.6672600000000002
0.6675200000000001
0.6645400000000002
0.6674199999999996
0.66574
0.66584
0.6655199999999999
0.6650200000000004
0.6687599999999999
0.65886
0.67076
0.6659400000000001
0.6624799999999997
0.6664800000000003
0.6661199999999999
0.6666199999999999
0.6665199999999999
0.6672600000000002
0.6699799999999999
0.6659999999999999
0.6703199999999998
0.66618
0.6632200000000001
0.6706
0.6655799999999996
0.6652800000000001
0.6664400000000004
0.66644
0.6653600000000002
0.66774
0.6688400000000001
0.6661
0.6670199999999995
0.6657599999999999
0.6688199999999997
0.6657000000000002
0.6665399999999999
0.6667000000000001
0.66438
0.6649999999999998
0.6679200000000003
0.6660599999999998
0.66512
0.66746
0.6663400000000002
0.6669999999999996
0.6682600000000002
0.6651400000000003
0.6714800000000003
0.6680200000000002
0.6665400000000002
0.6678800000000006
0.6680399999999999
0.6658000000000003
0.6654599999999996
0.6678400000000002
0.6681400000000001
0.6685000000000001
0.667
0.6662599999999999
0.6662
0.6633799999999996
0.6703999999999999
0.6616800000000004
0.66996
0.6667399999999999
0.6656200000000002
0.6641400000000001
0.66862
0.6689400000000003
0.66574
0.6670199999999997
0.6701199999999997
0.6655599999999999
0.6694199999999999
0.6667799999999997
0.66904
0.6665599999999999
0.6673200000000001
0.6655800000000005
0.66466
0.6675400000000004
0.6654399999999999
0.6685
0.6681000000000001
0.66334
0.66714
0.66702
0.6662800000000003
0.6679799999999997
0.6641600000000001
0.6678199999999999
0.6634799999999998
0.6694799999999997
0.6653
0.6686
0.6689200000000001
0.6643599999999998
0.6659
0.6655600000000003
0.6690200000000001
0.6654400000000004
0.6663999999999999
0.6625
0.66814
0.6640000000000001
0.6689600000000001
0.6678399999999999
0.66702
0.6663199999999999
0.6620199999999999
0.6682599999999997
0.6629600000000001
0.66352
0.6700399999999999
0.6650400000000001
0.6675000000000003
0.6636400000000002
0.6698600000000003
0.6644800000000001
0.6674199999999999
0.6666600000000001
0.66472
0.6668000000000002
0.6677
0.6652599999999999
0.66844
0.6632400000000004
0.6680200000000004
0.6652000000000001
0.6668800000000001
0.66566
0.66682
0.66486
0.6699799999999999
0.6668400000000002
0.6654799999999997
0.6654400000000003
0.6702000000000002
0.6650200000000001
0.6686999999999999
0.6681200000000003
0.66726
0.66938
0.6616599999999999
0.6696400000000001
0.6665400000000001
0.6639400000000001
0.66582
0.66778
0.66286
0.6695800000000003
0.66276
0.6696000000000001
0.6663599999999995
0.6656199999999999
0.6640999999999999
0.6668999999999998
0.6634799999999997
0.66494
0.6665999999999996
