0.19999999999999962
0.22474000000000008
0.2514600000000001
0.27257999999999993
0.2904999999999999
0.30455999999999994
0.31422
0.3204199999999999
0.32574
0.32693999999999995
0.3303599999999998
0.3326599999999999
0.3304799999999999
0.33388000000000007
0.3351399999999999
0.3347399999999998
0.33957999999999994
0.34212
0.34367999999999993
0.3455
0.34317999999999993
0.33808
0.3414800000000001
0.33914
0.33993999999999985
0.33992
0.33825999999999984
0.3356199999999999
0.3413199999999998
0.3414000000000001
0.33952
0.33715999999999985
0.3364399999999999
0.3334800000000001
0.3387599999999999
0.33814000000000005
0.3386400000000001
0.33659999999999995
0.33569999999999994
0.3344
0.33160000000000006
0.33059999999999995
0.33418
0.3363200000000001
0.33630000000000004
0.33696000000000026
0.33702000000000004
0.3397599999999999
0.3419600000000001
0.33690000000000003
0.3386000000000001
0.33476000000000006
0.33586
0.3351799999999999
0.3348400000000001
0.33240000000000003
0.33222
0.3304800000000001
0.32945999999999986
0.33109999999999995
0.3301
0.33230000000000004
0.3342
0.3348599999999999
0.33834000000000003
0.3385999999999999
0.3389199999999999
0.3344
0.33498000000000006
0.3319399999999999
0.33130000000000004
0.3316400000000001
0.33812
0.33502000000000004
0.33341999999999994
0.33781999999999984
0.33963999999999994
0.34035999999999994
0.34117999999999993
0.3360600000000001
0.33942
0.33945999999999993
0.33760000000000007
0.33446
0.33921999999999997
0.3407600000000002
0.34027999999999997
0.33917999999999987
0.33884000000000003
0.3393999999999999
0.33752000000000004
0.34024000000000015
0.3414000000000001
0.34056000000000003
0.33852
0.34093999999999985
0.3402600000000001
0.33779999999999993
0.3418399999999999
0.33996000000000004
0.3375399999999999
0.33671999999999996
0.33597999999999995
0.33692000000000005
0.337
0.3357399999999999
0.33923999999999993
0.34052
0.3439000000000001
0.34325999999999995
0.3385000000000001
0.3389199999999999
0.33834000000000003
0.3385600000000001
0.33899999999999986
0.33872000000000013
0.3375199999999999
0.33876000000000006
0.3403999999999999
0.3367000000000001
0.33806
0.3368799999999999
0.33845999999999987
0.3355199999999999
0.3391999999999999
0.33918000000000004
0.33994
0.3389399999999997
0.3366600000000001
0.3330200000000001
0.3356599999999999
0.3364600000000001
0.33866000000000007
0.33582
0.33574
0.33476
0.33513999999999977
0.3367799999999999
0.33608
0.33775999999999995
0.34086
0.3399999999999999
0.34156000000000014
0.3460999999999998
0.34429999999999983
0.34190000000000004
0.34298
0.34149999999999975
0.33957999999999994
0.33884000000000003
0.34062
0.3411400000000001
0.33853999999999973
0.3385999999999999
0.33630000000000004
0.3352599999999999
0.33347999999999983
0.33605999999999997
0.33733999999999986
0.33771999999999985
0.34032
0.33975999999999984
0.33953999999999995
0.33882000000000007
0.34032
0.3367
0.34116
0.3388799999999999
0.34190000000000004
0.33992
0.33949999999999997
0.3371199999999998
0.33665999999999996
0.33875999999999984
0.3380999999999999
0.33577999999999997
0.33831999999999995
0.3378799999999999
0.33844
0.34210000000000007
0.3385799999999999
0.33978
0.34202000000000005
0.3400999999999999
0.34181999999999996
0.34308000000000016
0.34245999999999993
0.34021999999999997
0.3376800000000001
0.33526000000000006
0.3381799999999999
0.33566000000000007
0.34022000000000013
0.3378399999999999
0.33892000000000005
0.3402200000000001
0.33344
0.33336
0.33271999999999985
0.33614000000000005
0.3337999999999998
0.3360600000000001
0.33922
0.3376399999999999
0.3363799999999999
0.33687999999999996
0.3388199999999999
0.33846
0.3390199999999998
0.33812
0.33654000000000006
0.3352800000000001
0.33578
0.337
0.34002000000000004
0.33866
0.33535999999999994
0.33654000000000006
0.3397200000000001
0.34043999999999996
0.3372399999999999
0.34043999999999996
0.33714
0.33948000000000006
0.3414400000000001
0.33864
0.33875999999999995
0.34339999999999987
0.34192000000000006
0.33797999999999995
0.33569999999999994
0.33643999999999985
0.33685999999999994
0.3411200000000001
0.3391
0.3398800000000001
0.33696000000000015
0.33545999999999987
0.33599999999999997
0.33565999999999996
0.335
0.34104
0.34077999999999997
0.33948000000000006
0.34218000000000004
0.34234000000000003
0.34415999999999997
0.3439599999999999
0.34176000000000006
0.34368000000000015
0.3441999999999999
0.34157999999999994
0.3406
0.34010000000000007
0.34056
0.33608
0.33709999999999996
0.33332
0.33631999999999984
0.33467999999999987
0.33664000000000016
0.3381199999999998
0.3358199999999998
0.33533999999999997
0.33409999999999995
0.33343999999999996
0.33557999999999993
0.33271999999999996
0.3344
0.3417599999999999
0.3425799999999999
0.34147999999999995
0.34318
0.3397
0.33938
0.3395000000000002
0.33768
0.3376199999999999
0.33902
0.3384400000000001
0.33842000000000005
0.33537999999999984
0.33574000000000004
0.33849999999999997
0.33784
0.3382200000000001
0.33769999999999983
0.34124000000000015
0.3393199999999999
0.3384
0.3386199999999999
0.3387199999999999
0.33779999999999993
0.34118000000000004
0.33896
0.33831999999999995
0.3376399999999999
0.3388600000000001
0.3379
0.3392399999999997
0.3397399999999998
0.3365799999999999
0.33768
0.34034
0.33994
0.3388199999999999
0.3341199999999999
0.3364399999999999
0.33436
0.3325600000000001
0.3373999999999999
0.34014000000000005
0.3405399999999999
0.33866000000000007
0.3412800000000001
0.34286
0.3385599999999998
0.33898000000000006
0.3417
0.34256
0.3366999999999999
0.3336200000000001
0.3368799999999999
0.33982000000000007
0.33832
0.33849999999999997
0.33814
0.3374799999999999
0.33513999999999994
0.33566000000000007
0.33663999999999994
0.33720000000000006
0.33796
0.33796
0.3374999999999999
0.33619999999999983
0.33884000000000003
0.34009999999999996
0.33832
0.33786000000000016
0.33854000000000006
0.34203999999999996
0.3368199999999999
0.33725999999999984
0.33577999999999997
0.3350200000000001
0.33388000000000007
0.33553999999999995
0.33215999999999996
0.3327399999999999
0.3366999999999999
0.3379599999999999
0.34228000000000003
0.34199999999999986
0.34143999999999974
0.3410599999999999
0.3410399999999998
0.34252000000000005
0.33907999999999994
0.3419399999999999
0.34398
0.34093999999999985
0.3416999999999999
0.34446000000000004
0.33976
0.34214
0.3404599999999999
0.3350400000000001
0.3383800000000001
0.3363399999999999
0.33698000000000006
0.3346399999999998
0.3338399999999999
0.33629999999999993
0.33651999999999993
0.33673999999999993
0.33702
0.33572
0.33604
0.33716000000000007
0.3378800000000002
0.3373399999999998
0.33514000000000005
0.3317199999999999
0.33436
0.33521999999999985
0.33721999999999996
0.3379800000000001
0.34047999999999995
0.34207999999999994
0.34239999999999987
0.34185999999999994
0.3412799999999999
0.34145999999999993
0.3422199999999998
0.3425200000000001
0.34221999999999997
0.34354000000000007
0.34213999999999983
0.33907999999999994
0.3386799999999999
0.3370199999999998
0.3361
0.33445999999999976
0.33852
0.34049999999999975
0.34382000000000007
0.34303999999999996
0.3450199999999999
0.34412
0.34157999999999994
0.34259999999999996
0.33938000000000007
0.33494000000000007
0.3354400000000001
0.3382799999999999
0.33873999999999993
0.33808000000000005
0.3378199999999999
0.34166
0.34076
0.34114
0.34036
0.33862000000000003
0.33649999999999997
0.33763999999999983
0.3365599999999999
0.33816
0.33706
0.3340999999999999
0.3390000000000002
0.3393999999999998
0.34047999999999995
0.34191999999999995
0.33854000000000006
0.33711999999999986
0.33667999999999987
0.33684000000000003
0.33628
0.33454
0.33382000000000006
0.3369
0.33968
0.33784
0.33927999999999997
0.34149999999999997
0.3422800000000001
0.34545999999999977
0.34537999999999996
0.34176
0.33831999999999984
0.33759999999999996
0.33699999999999997
0.34094000000000013
0.33698
0.33719999999999994
0.3381
0.33446000000000004
0.3342999999999999
0.33671999999999996
0.3355
0.33599999999999985
0.33403999999999995
0.33447999999999994
0.33446
0.3340800000000001
0.3341799999999999
0.33518000000000003
0.33704
0.33681999999999995
0.3336399999999999
0.3360999999999999
0.3399799999999999
0.3416199999999999
0.33795999999999987
0.33982
0.34005999999999986
0.33824
0.3377800000000001
0.33776000000000006
0.34087999999999996
0.3398
0.3368399999999999
0.3372600000000001
0.3337800000000001
0.33452
0.33477999999999997
0.33385999999999993
0.33659999999999995
0.3394400000000001
0.3405399999999999
0.3435999999999999
0.3413599999999999
0.34042
0.33673999999999993
0.34197999999999995
0.3412400000000001
0.34010000000000007
0.3409799999999999
0.34045999999999993
0.3366799999999999
0.3399599999999999
0.33964
0.3391599999999999
0.33852
0.33859999999999985
0.34025999999999995
0.3405
0.34093999999999985
0.3381799999999999
0.3409199999999999
0.3405199999999999
0.33864
0.33806
0.33984000000000003
0.3388000000000001
0.3386999999999999
0.34117999999999993
0.33818000000000015
0.3390599999999999
0.3373599999999999
0.3389199999999999
0.3405199999999999
0.3396799999999998
0.33934
0.34285999999999994
0.34321999999999986
0.3414
0.34117999999999993
0.33864000000000005
0.33814
0.33677999999999986
0.34043999999999996
0.34337999999999996
0.34060000000000007
0.3362
0.3381
0.33813999999999994
0.3375
0.3407399999999998
0.3409599999999998
0.34188
0.34046
0.3415799999999998
0.34063999999999983
0.34122
0.3406199999999999
0.33909999999999996
0.34066
0.33808
0.33596
0.33770000000000006
0.33738
0.3375199999999998
0.33812000000000003
0.33602000000000004
0.3374599999999999
0.33870000000000006
0.34073999999999993
0.3396000000000001
0.33769999999999983
0.33668
0.33593999999999996
0.3352200000000001
0.3314599999999999
0.3315800000000001
0.33825999999999995
0.33751999999999993
0.3416199999999999
0.34087999999999996
0.34293999999999997
0.33934
0.34012000000000014
0.34156
0.34288
0.33918
0.33769999999999994
0.3378199999999999
0.33751999999999993
0.3377600000000001
0.33963999999999994
0.34045999999999993
0.33849999999999986
0.34157999999999994
0.34459999999999996
0.3389999999999999
0.3401800000000001
0.33930000000000005
0.34130000000000005
0.33925999999999995
0.3371800000000001
0.3387
0.3396600000000001
0.34212000000000004
0.34025999999999995
0.33977999999999986
0.33836000000000005
0.33921999999999997
0.3375599999999999
0.33903999999999995
0.3391
0.3373999999999999
0.33717999999999987
0.3405199999999999
0.3413199999999999
0.34076000000000006
0.33619999999999983
0.34013999999999994
0.33914
0.3364799999999999
0.34111999999999987
0.34014000000000016
0.3403399999999999
0.33795999999999987
0.33865999999999985
0.34005999999999986
0.34078
0.33881999999999995
0.34214
0.33992
0.3410599999999999
0.33610000000000007
0.33748000000000006
0.33423999999999987
0.3352799999999999
0.33874000000000004
0.33706
0.33791999999999994
0.33742000000000005
0.3338600000000001
0.3372800000000001
0.3333
0.33514000000000005
0.33292
0.33324000000000004
0.3351000000000001
0.33647999999999995
0.3337600000000001
0.33398000000000005
0.3354199999999997
0.33806
0.33812
0.34108
0.34312
0.33975999999999984
0.3391599999999999
0.3423799999999999
0.34192
0.3417799999999999
0.34222
0.34131999999999996
0.3411599999999999
0.34009999999999996
0.33934000000000003
0.34054
0.33925999999999995
0.34185999999999983
0.34178
0.3385400000000001
0.3386799999999999
0.3376400000000001
0.3392399999999999
0.34038
0.34275999999999995
0.3398
0.33781999999999995
0.33459999999999995
0.3357799999999999
0.33591999999999983
0.3367999999999999
0.33716
0.33676
0.33680000000000004
0.33303999999999995
0.33234
0.3357399999999999
0.3365000000000001
0.33412
0.3302600000000001
0.33164
0.33419999999999994
0.3384
0.33602000000000004
0.33982000000000007
0.34036
0.33971999999999997
0.34126000000000006
0.3425199999999998
0.3410399999999999
0.34143999999999997
0.3398
0.33918000000000004
0.34103999999999973
0.34292
0.34025999999999995
0.33915999999999996
0.3400399999999999
0.34346
0.3444
0.34267999999999993
0.33941999999999994
0.3406
0.3388200000000001
0.3401000000000001
0.33829999999999993
0.34011999999999987
0.3364199999999999
0.33525999999999984
0.33608
0.33832000000000007
0.3382199999999999
0.33764000000000005
0.34135999999999994
0.33971999999999997
0.34063999999999994
0.34245999999999993
0.33925999999999995
0.3355599999999999
0.3362199999999999
0.33734000000000003
0.33806000000000014
0.33537999999999996
0.3331199999999999
0.32962
0.33221999999999996
0.33333999999999997
0.33196000000000003
0.33402
0.33551999999999993
0.3331999999999999
0.33364000000000005
0.3350000000000002
0.3368
0.3412799999999999
0.33868000000000004
0.33665999999999996
0.33428
0.33402
0.3361599999999999
0.33475999999999995
0.33674
0.3371800000000001
0.3321799999999998
0.33721999999999985
0.33705999999999997
0.3362999999999999
0.3380399999999999
0.3379800000000001
0.33638000000000007
0.3365199999999999
0.3354999999999999
0.33929999999999993
0.33923999999999993
0.3367199999999999
0.33355999999999997
0.33209999999999984
0.33376000000000006
0.33801999999999993
0.33614
0.3367399999999999
0.33971999999999997
0.3364199999999999
0.33592
0.3374400000000001
0.33615999999999985
0.33711999999999986
0.33435999999999994
0.33207999999999993
0.32884
0.3311800000000001
0.33161999999999997
0.3358399999999999
0.33690000000000014
0.3407199999999999
0.33961999999999987
0.33912
0.3409
0.34191999999999995
0.34218
0.34198000000000006
0.34236000000000016
0.33919999999999995
0.33918
0.33985999999999983
0.34296000000000015
0.34231999999999985
0.34265999999999985
0.3414800000000001
0.3395599999999998
0.33624000000000015
0.33814
0.3351599999999999
0.33815999999999996
0.34122
0.3400599999999999
0.33668
0.3387000000000001
0.33697999999999995
0.3399999999999999
0.34164
0.3422999999999999
0.3403000000000001
0.3396799999999998
0.3384399999999998
0.33942
0.3417199999999999
0.33986000000000005
0.33801999999999977
0.33880000000000016
0.34009999999999996
0.34010000000000007
0.33887999999999985
0.34109999999999985
0.33707999999999994
0.3343800000000001
0.3353
0.33718
0.33868000000000004
0.3419800000000002
0.3415599999999999
0.3410599999999999
0.34017999999999987
0.3388199999999999
0.33658
0.3371599999999998
0.33598
0.34174000000000004
0.34081999999999985
0.33958000000000005
0.34076
0.34042
0.33977999999999986
0.3400600000000001
0.33692
0.33951999999999993
0.33630000000000004
0.3383999999999998
0.33882000000000007
0.34025999999999984
0.34003999999999995
0.34184000000000003
0.34098000000000006
0.3386600000000001
0.3357999999999998
0.3356999999999999
0.33824000000000004
0.3388600000000001
0.33916
0.33966000000000013
0.33858000000000005
0.3391799999999999
0.33677999999999997
0.3403800000000001
0.3387599999999999
0.3414399999999999
0.33936
0.3398999999999999
0.34088
0.33887999999999996
0.33770000000000006
0.33578
0.33636000000000005
0.33719999999999983
0.33837999999999985
0.33732
0.34080000000000005
0.33774
0.34002000000000016
0.3367799999999999
0.33805999999999997
0.33610000000000007
0.33770000000000006
0.33918000000000004
0.33769999999999983
0.33768
0.33818
0.3344000000000002
0.33721999999999996
0.3401799999999999
0.33941999999999983
0.33902
0.3414800000000001
0.3399599999999998
0.33658
0.34024
0.33725999999999984
0.3380400000000002
0.33916
0.3366399999999997
0.3338400000000001
0.33379999999999993
0.33807999999999994
0.33393999999999985
0.33340000000000003
0.3307799999999998
0.33547999999999994
0.33951999999999993
0.34019999999999995
0.3366200000000001
0.3351199999999999
0.33765999999999996
0.3380599999999998
0.34005999999999986
0.33884000000000003
0.3379800000000001
0.3366599999999999
0.3384999999999998
0.3364999999999999
0.33512000000000003
0.33605999999999997
0.33718000000000004
0.33942
0.33837999999999996
0.33515999999999996
0.33546
0.3363000000000001
0.3414600000000001
0.33972
0.3402399999999999
0.3379799999999999
0.33804
0.3410799999999999
0.34228000000000003
0.3418999999999999
0.3388599999999999
0.3393
0.3341999999999999
0.33599999999999997
0.3363399999999999
0.3324199999999999
0.3356399999999999
0.33597999999999995
0.33753999999999995
0.33702
0.3355599999999999
0.3385799999999999
0.33941999999999994
0.33921999999999997
0.33642000000000005
0.3338200000000001
0.3333
0.33414
0.33647999999999995
0.33475999999999984
0.33344
0.3362599999999999
0.33502000000000004
0.3340199999999999
0.33484
0.33457999999999993
0.33761999999999986
0.33733999999999986
0.3367199999999999
0.33952
0.3387399999999999
0.33752000000000004
0.33531999999999995
0.3348800000000001
0.33368000000000003
0.33521999999999996
0.33649999999999997
0.3401000000000001
0.3338399999999999
0.33440000000000003
0.33167999999999986
0.3337399999999999
0.33444
0.33574000000000004
0.33531999999999973
0.3313000000000001
0.3326599999999999
0.3326599999999999
0.3304799999999999
0.33222
0.33087999999999995
0.33515999999999996
0.33443999999999996
0.33427999999999986
0.33447999999999994
0.33569999999999994
0.33708
0.33940000000000015
0.34251999999999994
0.3427
0.34121999999999986
0.3425799999999999
0.34034000000000014
0.34033999999999986
0.3434599999999999
0.34231999999999985
0.33638000000000007
0.33714
0.34015999999999985
0.33841999999999983
0.33577999999999997
0.33774
0.33978
0.33948
0.33864
0.33812
