0.19999999999999962
0.6913599999999999
0.65026
0.6706799999999998
0.6585800000000003
0.6666200000000001
0.6628599999999998
0.6648
0.6643000000000002
0.6637400000000001
0.6654600000000002
0.6613800000000003
0.6657599999999999
0.6623399999999999
0.66266
0.66054
0.66436
0.6653200000000001
0.6628799999999998
0.6662599999999997
0.66176
0.6641799999999999
0.6621799999999998
0.6628000000000002
0.66734
0.6636199999999997
0.6627600000000001
0.66524
0.6623600000000001
0.6630400000000001
0.6675399999999999
0.6652599999999994
0.66118
0.6656400000000001
0.66338
0.6656799999999998
0.6610199999999997
0.6663200000000002
0.6622399999999997
0.6637200000000003
0.6633
0.6634
0.6658400000000002
0.66306
0.6645400000000001
0.6648000000000002
0.6583600000000002
0.6661199999999998
0.66204
0.6662
0.6620599999999999
0.6660600000000001
0.6625399999999999
0.66744
0.6612399999999997
0.6643399999999999
0.6642799999999999
0.6672600000000002
0.6626800000000002
0.6632399999999997
0.6650599999999999
0.66502
0.6635000000000001
0.6644399999999999
0.6651400000000001
0.6624999999999999
0.6654199999999999
0.6634600000000002
0.6650400000000001
0.6638999999999998
0.6613799999999999
0.6653799999999996
0.6618600000000001
0.6652399999999998
0.66616
0.6618600000000001
0.6641000000000004
0.6660599999999998
0.6616800000000002
0.6650999999999999
0.6629999999999999
0.6680200000000002
0.66024
0.6648999999999999
0.6661400000000001
0.66164
0.6665000000000001
0.6637999999999998
0.6633
0.6647400000000002
0.6619200000000001
0.6592000000000001
0.6682600000000004
0.6598400000000002
0.66512
0.6607400000000002
0.66302
0.6631
0.6646
0.6638199999999999
0.6630399999999999
0.6651399999999998
0.66212
0.6610399999999998
0.6677
0.6616199999999998
0.66286
0.6672
0.66416
0.6652200000000001
0.66038
0.6667400000000002
0.6626800000000003
0.6680200000000001
0.6595400000000002
0.66058
0.66368
0.6604199999999999
0.6660000000000004
0.6630399999999997
0.6663600000000001
0.6649600000000006
0.66546
0.6623399999999998
0.6625600000000003
0.6656999999999997
0.6641000000000002
0.6629999999999999
0.6634
0.6668000000000002
0.6632999999999994
0.6625200000000001
0.6646599999999998
0.66712
0.6613400000000001
0.6628799999999999
0.66604
0.6606799999999999
0.6631199999999998
0.6629199999999998
0.6648400000000001
0.6662399999999999
0.6626600000000002
0.66388
0.6666599999999999
0.6622200000000003
0.6665800000000002
0.6617000000000001
0.66032
0.6618800000000001
0.6643800000000003
0.6627
0.6625000000000001
0.66692
0.6599200000000002
0.6640000000000001
0.6666600000000001
0.6597000000000003
0.6650999999999998
0.6621200000000002
0.6639599999999998
0.6612799999999999
0.6652400000000002
0.6601800000000001
0.6656600000000001
0.6631200000000002
0.6628799999999999
0.6669399999999999
0.6634399999999997
0.6598599999999999
0.6688000000000001
0.6613000000000001
0.6643399999999998
0.6622599999999998
0.6640199999999998
0.66648
0.6588999999999997
0.6626400000000001
0.6657
0.6614800000000001
0.6636600000000001
0.6625000000000001
0.6602599999999998
0.6648400000000001
0.6612200000000005
0.66616
0.6622200000000003
0.66656
0.6624599999999999
0.6595800000000002
0.6635199999999998
0.6672199999999997
0.66072
0.6656800000000002
0.66404
0.66578
0.6651999999999998
0.6636799999999999
0.66212
0.6684200000000001
0.6628800000000001
0.6619799999999998
0.6653199999999998
0.6605600000000003
0.6659600000000002
0.6644600000000002
0.6633
0.66644
0.6656800000000002
0.6625399999999998
0.6644800000000001
0.66452
0.66218
0.66336
0.6637400000000003
0.66346
0.6647600000000002
0.6664999999999998
0.6649
0.66114
0.6645800000000002
0.6628599999999999
0.66786
0.6599000000000003
0.6645399999999999
0.6660999999999997
0.6620199999999999
0.6650200000000004
0.6658999999999997
0.6644400000000001
0.6652400000000002
0.66634
0.6661
0.6648600000000002
0.6631200000000003
0.6633200000000002
0.6611600000000003
0.66466
0.6651600000000001
0.6629799999999999
0.6608799999999999
0.6640799999999999
0.6632400000000002
0.6655200000000001
0.66092
0.6662600000000002
0.6623400000000003
0.6659400000000002
0.6615999999999996
0.66682
0.6612
0.66396
0.6650400000000002
0.6605000000000003
0.6649999999999998
0.6640000000000001
0.6609999999999999
0.66196
0.6664799999999999
0.6651800000000001
0.6621400000000002
0.6633399999999999
0.6624599999999998
0.6646199999999999
0.6627999999999998
0.66286
0.6641400000000002
0.6630199999999999
0.6655000000000001
0.6615999999999999
0.6632399999999998
0.6660400000000002
0.6616399999999999
0.6661000000000001
0.6630999999999996
0.66372
0.6625800000000001
0.6643799999999999
0.6625400000000004
0.6656799999999999
0.6613000000000001
0.6657399999999999
0.6604800000000003
0.6684200000000005
0.6596400000000001
0.6613999999999999
0.6669400000000002
0.6625800000000003
0.6670399999999997
0.6619200000000001
0.66572
0.6642
0.6638799999999999
0.6649999999999998
0.6659400000000002
0.6635000000000002
0.6634200000000001
0.6630599999999999
0.6642000000000005
0.66498
0.6601000000000002
0.6645400000000001
0.6652
0.6629800000000005
0.66242
0.6653599999999997
0.6622600000000003
0.6634200000000001
0.6622000000000001
0.6646600000000003
0.6629600000000002
0.6651000000000005
0.66204
0.6645400000000001
0.6630199999999998
0.66716
0.6637799999999998
0.6625999999999999
0.66386
0.66334
0.66246
0.6636399999999998
0.6653399999999999
0.66252
0.6644800000000001
0.6633600000000002
0.6619200000000001
0.6620999999999997
0.6627400000000001
0.6651400000000001
0.6639000000000002
0.66606
0.6644399999999999
0.6645199999999999
0.6628199999999996
0.66268
0.6657200000000002
0.65978
0.6635800000000001
0.6667399999999999
0.6638800000000002
0.6639999999999999
0.65994
0.66742
0.66254
0.66502
0.6649799999999998
0.6619200000000002
0.6645400000000001
0.6639800000000001
0.6648
0.66762
0.6605800000000002
0.6647200000000001
0.6649600000000001
0.66358
0.6648400000000001
0.6622800000000001
0.6628399999999998
0.6661400000000002
0.6658199999999996
0.6632399999999998
0.66488
0.6635199999999999
0.6659200000000004
0.6655200000000001
0.6621199999999997
0.6675200000000001
0.6617800000000001
0.6613799999999999
0.6634400000000003
0.6643200000000005
0.6665800000000002
0.6605800000000001
0.6705000000000001
0.65764
0.6665599999999998
0.6607199999999999
0.66588
0.66402
0.6658400000000002
0.66726
0.6618600000000003
0.6658400000000002
0.66328
0.66492
0.66318
0.6647799999999999
0.6648999999999999
0.6602200000000003
0.66388
0.6665200000000001
0.6626200000000001
0.6637800000000005
0.6653600000000002
0.6627999999999997
0.6628400000000003
0.6656799999999998
0.66084
0.6655600000000003
0.6632199999999999
0.66538
0.6635399999999997
0.6592999999999999
0.6655199999999998
0.6628599999999999
0.6631000000000001
0.6610199999999999
0.6655000000000004
0.6639799999999998
0.66656
0.6612999999999998
0.6664999999999998
0.6638200000000002
0.6616400000000004
0.6652
0.6613199999999999
0.6677400000000004
0.6600800000000001
0.6664399999999998
0.6620799999999999
0.6658000000000003
0.6636399999999998
0.66398
0.66444
0.6629600000000001
0.6677200000000001
0.6582400000000003
0.6620800000000001
0.6637000000000001
0.6643999999999999
0.6674799999999999
0.66118
0.6648000000000001
0.6655
0.6607600000000002
0.6642200000000001
0.6643000000000001
0.65904
0.6660200000000002
0.6614399999999999
0.66758
0.66042
0.6680999999999999
0.6614000000000004
0.6675800000000003
0.6618
0.6627000000000001
0.66316
0.6654200000000001
0.65898
0.6649400000000001
0.6653800000000001
0.6645600000000002
0.6598199999999999
0.6668399999999999
0.6660800000000002
0.6631400000000004
0.6650399999999999
0.66214
0.66226
0.6677999999999998
0.6651600000000002
0.6630000000000003
0.6620800000000001
0.6675000000000001
0.6644600000000003
0.6635400000000001
0.6618400000000002
0.6647
0.6611000000000001
0.66702
0.6623400000000003
0.6618200000000002
0.6663399999999997
0.6645799999999998
0.6631600000000003
0.66482
0.6619000000000003
0.6641400000000004
0.6625600000000001
0.6630199999999999
0.6630400000000001
0.6662600000000001
0.6636799999999998
0.6647799999999998
0.6653199999999999
0.6614400000000002
0.6658399999999999
0.6614200000000001
0.66526
0.6610799999999998
0.6666400000000003
0.6648000000000002
0.6647800000000003
0.6634000000000002
0.6649000000000003
0.6598800000000005
0.6639800000000006
0.6649200000000002
0.6622999999999998
0.6656399999999998
0.66366
0.6635200000000002
0.6629800000000001
0.6612800000000003
0.6689800000000001
0.6601200000000002
0.6704399999999998
0.6616800000000002
0.6668000000000001
0.66146
0.66396
0.6626600000000002
0.6657999999999998
0.6627199999999999
0.6623
0.6658799999999999
0.6608800000000001
0.6623000000000003
0.6616399999999999
0.66718
0.6607800000000001
0.66478
0.6658600000000002
0.6623199999999998
0.6618000000000002
0.6640200000000004
0.6632399999999999
0.6641800000000001
0.6622
0.66236
0.6646799999999999
0.6629600000000002
0.6617599999999999
0.66534
0.6662999999999998
0.6616600000000002
0.6673400000000003
0.6615200000000001
0.6634599999999997
0.6634800000000002
0.6619600000000001
0.6632200000000001
0.6643399999999999
0.6636599999999998
0.6670400000000001
0.6632600000000001
0.6632000000000001
0.6688400000000001
0.65984
0.6648000000000001
0.6644800000000002
0.6627200000000003
0.66248
0.6601599999999999
0.6682999999999999
0.6602600000000001
0.6648200000000002
0.6611400000000002
0.6658399999999999
0.66262
0.6644000000000002
0.6645400000000001
0.6644199999999999
0.6637599999999998
0.66462
0.6643400000000002
0.6653400000000002
0.66106
0.66696
0.6613000000000002
0.6663600000000001
0.66404
0.6629599999999999
0.6650399999999999
0.6643800000000002
0.6621800000000002
0.6616800000000002
0.6642599999999997
0.6652
0.6621199999999999
0.6640399999999999
0.6647200000000001
0.6642599999999999
0.66428
0.6631200000000002
0.6618599999999999
0.6647199999999998
0.6630399999999999
0.6657600000000001
0.6642200000000003
0.6617600000000001
0.66498
0.66208
0.6628799999999999
0.6640200000000002
0.6615799999999998
0.66618
0.6651199999999998
0.66344
0.6635
0.66542
0.66256
0.6684000000000002
0.6630399999999999
0.6646200000000003
0.6618
0.66572
0.6619400000000002
0.6638599999999998
0.6601600000000001
0.6632000000000001
0.66392
0.6645600000000003
0.6613200000000002
0.6672199999999999
0.6613400000000003
0.6639800000000001
0.65872
0.6670599999999999
0.6632000000000001
0.6638200000000001
0.6632799999999998
0.66476
0.6640200000000004
0.6639399999999999
0.6626399999999998
0.6620800000000002
0.6638800000000002
0.66368
0.6628400000000001
0.6654399999999999
0.6646199999999999
0.6658799999999999
0.6622599999999998
0.6644399999999999
0.66132
0.6633600000000002
0.6640600000000001
0.66354
0.6655799999999998
0.6635800000000002
0.6627000000000001
0.6616599999999997
0.66508
0.66338
0.6630800000000001
0.6644
0.6665200000000001
0.66204
0.66424
0.6631600000000002
0.6649999999999998
0.6635600000000003
0.6640600000000001
0.6617400000000002
0.6669399999999999
0.6605600000000003
0.66766
0.6606400000000001
0.6643400000000003
0.6680599999999999
0.6594999999999999
0.6684200000000001
0.6616400000000003
0.66634
0.66298
0.6677400000000001
0.6601000000000004
0.6676599999999998
0.6633599999999998
0.6656800000000002
0.6639399999999998
0.6616000000000001
0.6647200000000001
0.6633600000000002
0.6656199999999999
0.65964
0.6662599999999999
0.66254
0.6651
0.6617400000000001
0.6661999999999998
0.6638799999999999
0.6648599999999999
0.66452
0.6586599999999998
0.6643800000000002
0.6627600000000002
0.6643600000000001
0.6640199999999998
0.6626799999999997
0.6668600000000001
0.66258
0.6645399999999999
0.6654799999999998
0.6615000000000002
0.66732
0.6635599999999999
0.6641799999999998
0.66356
0.6666600000000001
0.6614800000000001
0.6633400000000002
0.6647799999999999
0.66524
0.6619999999999997
0.6626000000000001
0.6652199999999999
0.6597799999999999
0.6640200000000002
0.6681200000000004
0.6591400000000002
0.66752
0.6628400000000002
0.6642000000000001
0.6645400000000001
0.66262
0.6662
0.6602200000000004
0.6607999999999996
0.6662
0.6633600000000002
0.6662000000000002
0.6621799999999999
0.6594400000000001
0.6670800000000001
0.6620200000000002
0.6604400000000002
0.6641799999999997
0.66226
0.6620400000000002
0.66848
0.6635000000000002
0.6614200000000001
0.6666000000000001
0.6601400000000004
0.66344
0.6648799999999998
0.66204
0.6653200000000001
0.6623999999999998
0.6665399999999999
0.6634800000000003
0.66084
0.6641800000000002
0.6641000000000002
0.66506
0.6591999999999998
0.6664800000000001
0.6643600000000001
0.6636599999999998
0.66274
0.6666199999999999
0.66438
0.6592800000000004
0.6654400000000001
0.6664000000000001
0.65986
0.66746
0.6632200000000004
0.6650800000000002
0.6661599999999999
0.66508
0.66524
0.66354
0.6603
0.66436
0.6641600000000001
0.6677
0.6622800000000001
0.6623800000000002
0.6640600000000001
0.6638800000000002
0.6651599999999999
0.66094
0.6637999999999998
0.6664200000000001
0.6632400000000002
0.66538
0.6663199999999999
0.6608600000000001
0.6645800000000002
0.6633600000000002
0.6652
0.6620599999999998
0.66378
0.6657599999999998
0.6633799999999997
0.6634200000000001
0.6631199999999998
0.6657600000000001
0.6622999999999999
0.6637400000000002
0.66086
0.66362
0.6641199999999999
0.6646200000000003
0.6603799999999996
0.6665000000000001
0.66266
0.6664000000000001
0.6642400000000002
0.66268
0.6698599999999999
0.6612199999999998
0.6655199999999998
0.6602999999999998
0.6694599999999997
0.6630400000000002
0.66376
0.66366
0.6626600000000002
0.6659400000000004
0.66614
0.6636600000000001
0.6650800000000001
0.6650800000000001
0.6628199999999999
0.6635399999999998
0.6674599999999999
0.66206
0.6645599999999997
0.6636999999999997
0.6616599999999998
0.6653400000000002
0.6628000000000001
0.66362
0.6663
0.66344
0.6634000000000003
0.6648000000000003
0.6626599999999999
0.6642600000000001
0.6635199999999999
0.6621600000000001
0.6646600000000004
0.6653
0.6615200000000001
0.66232
0.6646599999999999
0.6615799999999998
0.66604
0.6639200000000001
0.6622799999999998
0.6620200000000003
0.6635199999999999
0.66302
0.6642
0.66424
0.66484
0.6643400000000003
0.66488
0.66384
0.6658599999999999
0.6632000000000001
0.6640200000000002
0.66358
0.66254
0.6632000000000001
0.6604000000000001
0.6673800000000001
0.6631200000000002
0.6642600000000003
0.66542
0.6631799999999999
0.66258
0.6638599999999998
0.6624800000000003
0.66588
0.6628399999999999
0.6683800000000002
0.65786
0.6664399999999999
0.6613799999999999
0.6608999999999999
0.6672600000000003
0.6615200000000003
0.6641799999999998
0.6625599999999998
0.6648799999999998
0.6669200000000001
0.66248
0.6650999999999999
0.6636399999999998
0.6656799999999998
0.6645799999999998
0.6656399999999998
0.6623
0.6630799999999998
0.6633000000000001
0.6683400000000002
0.66172
0.6643800000000002
0.66862
0.6627599999999997
0.6675400000000002
0.6630799999999999
0.6639200000000001
0.6650600000000003
0.6624599999999998
0.6644399999999999
0.66538
0.66546
0.66374
0.6612200000000001
0.66472
0.6633800000000001
0.6643000000000001
0.6628400000000003
0.6647599999999998
0.6657
0.6608800000000001
0.6667999999999998
0.6624399999999998
0.6625999999999997
0.6595200000000004
0.6656
0.66542
0.6627000000000003
0.6615200000000001
0.6630000000000001
0.6638600000000001
0.66134
0.6622399999999999
0.6671199999999999
0.6625999999999999
0.6621200000000002
0.6614
0.6676000000000003
0.6607600000000002
0.66486
0.6653800000000001
0.6635599999999998
0.66692
0.65984
0.6646799999999997
0.6661600000000001
0.6631199999999998
0.6608200000000001
0.6593599999999996
0.6677199999999998
0.66462
0.66514
0.6620999999999999
0.6650200000000003
0.6626199999999999
0.6620999999999999
0.6653000000000001
0.6626999999999996
0.6634000000000002
0.6615200000000003
0.6640400000000001
0.6647799999999999
0.6642600000000002
0.6667399999999999
0.6631199999999997
0.6629199999999998
0.6621400000000002
0.6630400000000001
0.66192
0.6680600000000001
0.6617200000000004
0.6642999999999999
0.6644800000000002
0.6591
0.6624800000000001
0.6637799999999997
0.6652199999999999
0.6628200000000001
0.6620599999999999
0.6638399999999999
0.6627399999999998
0.6678000000000001
0.65798
0.6692000000000001
0.6623
0.66514
0.6631199999999999
0.6674999999999999
0.6628600000000001
0.6635599999999997
0.6639799999999997
0.6661199999999997
0.6595400000000001
0.6672399999999997
0.6632799999999999
0.6655400000000001
0.66318
0.6625800000000004
0.6633800000000001
0.664
0.6639400000000001
0.66122
0.6635600000000003
0.6635599999999998
0.6638
0.66872
0.6624000000000001
