0.19999999999999962
0.2456600000000002
0.29235999999999995
0.32463999999999993
0.3524999999999999
0.37162000000000006
0.3835400000000002
0.38910000000000017
0.3921200000000001
0.3964199999999999
0.39514000000000016
0.3984200000000002
0.39982
0.39884000000000003
0.40021999999999996
0.40016000000000007
0.4049200000000001
0.4037200000000002
0.40076000000000006
0.40247999999999995
0.40446
0.40474
0.40146
0.39960000000000007
0.4008600000000002
0.4029200000000002
0.4042799999999998
0.40106
0.40186000000000005
0.4022400000000001
0.40122
0.40418000000000015
0.4035199999999999
0.39994
0.4038999999999999
0.40342
0.40174
0.4016
0.40094000000000013
0.40234000000000003
0.4030599999999999
0.40556000000000014
0.4011599999999999
0.40550000000000014
0.40332
0.40158
0.40217999999999976
0.40011999999999986
0.39952
0.39971999999999996
0.4027800000000001
0.4049399999999999
0.4038999999999999
0.40100000000000013
0.40181999999999995
0.4012000000000001
0.4010000000000001
0.4024800000000001
0.40104
0.39496000000000014
0.3950999999999999
0.39924
0.39948000000000006
0.40352000000000027
0.40314000000000005
0.3997200000000001
0.4005400000000001
0.40010000000000007
0.40062000000000014
0.4013600000000001
0.40694000000000025
0.40693999999999997
0.40137999999999996
0.40066000000000007
0.403
0.4039599999999998
0.4014199999999999
0.4022800000000001
0.40340000000000004
0.4000999999999999
0.4012599999999999
0.4018200000000002
0.4037600000000001
0.39943999999999974
0.3974400000000001
0.40001999999999993
0.3990600000000002
0.3986200000000001
0.40588
0.40272000000000013
0.4023599999999999
0.40110000000000007
0.40313999999999983
0.39932
0.40068000000000015
0.4025799999999998
0.40464
0.4018999999999998
0.4018799999999999
0.40548000000000006
0.40239999999999987
0.40384000000000014
0.40352000000000027
0.4060199999999999
0.40548000000000023
0.40150000000000013
0.4002999999999997
0.4057
0.40634
0.40291999999999994
0.4011599999999999
0.4032200000000001
0.39951999999999976
0.40199999999999997
0.4036800000000001
0.40492000000000006
0.40215999999999985
0.40217999999999987
0.4020600000000001
0.40524
0.4037399999999999
0.40658
0.4036000000000001
0.4039599999999998
0.4023200000000001
0.4014
0.40249999999999986
0.4029800000000001
0.40062000000000014
0.40260000000000007
0.3979600000000002
0.39783999999999997
0.4020000000000002
0.40364000000000005
0.40496000000000004
0.40373999999999993
0.40309999999999996
0.40323999999999993
0.40123999999999993
0.40198000000000006
0.3988999999999999
0.3989600000000001
0.3995000000000001
0.40204
0.40535999999999994
0.40750000000000014
0.40349999999999997
0.40258000000000005
0.40232
0.4035600000000001
0.4013200000000002
0.40404
0.40265999999999985
0.40192000000000017
0.3976199999999999
0.39982
0.4010400000000001
0.4016400000000001
0.4014000000000001
0.3993200000000001
0.4011799999999999
0.40348
0.40268
0.40488
0.40628
0.40736000000000006
0.40608000000000016
0.40751999999999994
0.40224000000000004
0.40090000000000003
0.40072000000000024
0.40275999999999995
0.3999600000000001
0.40373999999999993
0.40440000000000004
0.40436000000000016
0.4026600000000001
0.3996600000000001
0.4016399999999999
0.39796
0.3999800000000001
0.4008999999999998
0.40181999999999995
0.3984400000000001
0.40172000000000013
0.39860000000000023
0.40306
0.4027599999999999
0.4026799999999999
0.4010400000000001
0.40106
0.3983800000000002
0.40471999999999997
0.4000200000000001
0.3993400000000002
0.3965400000000001
0.39936000000000005
0.39896000000000015
0.40034
0.40406
0.4039600000000003
0.40492000000000006
0.4025000000000002
0.40180000000000016
0.39906000000000014
0.3985800000000001
0.39936000000000005
0.40075999999999995
0.4000000000000001
0.40032
0.40071999999999997
0.3976399999999999
0.39648000000000005
0.3937400000000001
0.3986599999999999
0.4000000000000001
0.39971999999999996
0.39662
0.39986
0.40186000000000016
0.4010999999999999
0.40212
0.4028000000000002
0.3989199999999999
0.3992000000000001
0.4003800000000002
0.4035999999999999
0.40109999999999985
0.40261999999999987
0.40086000000000027
0.4021799999999998
0.40024000000000015
0.39687999999999996
0.4011999999999999
0.4012600000000001
0.40138000000000007
0.4056600000000001
0.4037999999999999
0.40088000000000007
0.3985800000000001
0.39900000000000013
0.39844
0.39813999999999994
0.4064800000000001
0.40376000000000034
0.4014199999999997
0.40428000000000003
0.4016799999999999
0.4043800000000001
0.40198000000000006
0.4010799999999998
0.4009
0.3998000000000001
0.39665999999999996
0.40142000000000005
0.39854000000000006
0.39959999999999996
0.3991199999999999
0.39947999999999984
0.4012199999999999
0.3976600000000002
0.39758000000000016
0.3953800000000001
0.39802
0.39603999999999984
0.40177999999999997
0.40715999999999997
0.40386000000000005
0.39922000000000013
0.39970000000000006
0.39988000000000007
0.4019399999999999
0.39802
0.40088
0.40794
0.40331999999999996
0.4025400000000002
0.3984800000000003
0.3993999999999999
0.40222000000000024
0.40475999999999984
0.40379999999999994
0.40066
0.3970400000000002
0.4022399999999998
0.40224000000000004
0.40159999999999973
0.39909999999999995
0.40104
0.3996
0.39970000000000006
0.39588
0.3966599999999999
0.3981
0.40006000000000014
0.4017599999999999
0.40346
0.4027800000000001
0.4029800000000002
0.40046000000000015
0.39981999999999984
0.40794
0.40684000000000026
0.40667999999999993
0.4048999999999999
0.40334000000000003
0.40209999999999996
0.4052600000000001
0.4035200000000001
0.4054200000000002
0.4060999999999999
0.40195999999999993
0.40298000000000017
0.4017600000000001
0.3992199999999999
0.3995799999999998
0.39872
0.3994400000000001
0.40136000000000005
0.3990800000000001
0.3961999999999998
0.39527999999999996
0.39744
0.4015600000000001
0.4016000000000001
0.40147999999999995
0.40362000000000003
0.40174
0.40066000000000007
0.40135999999999994
0.40197999999999995
0.4003
0.40034
0.39972000000000013
0.4031200000000003
0.40666000000000013
0.4038600000000001
0.4044
0.40487999999999985
0.4022400000000001
0.40028000000000014
0.40449999999999975
0.4029000000000002
0.4039400000000001
0.40246000000000004
0.40416
0.4025399999999999
0.4052399999999999
0.4034599999999999
0.4047199999999998
0.40135999999999994
0.4020000000000003
0.40161999999999987
0.4003000000000001
0.4007400000000002
0.4027400000000001
0.4017400000000002
0.40326
0.40613999999999995
0.40606000000000003
0.40384000000000014
0.4013400000000001
0.40452
0.40299999999999997
0.4024399999999999
0.39997999999999984
0.4012799999999999
0.4016000000000001
0.4023199999999999
0.40378000000000014
0.40215999999999985
0.39926000000000017
0.39906000000000014
0.4031
0.4007199999999999
0.40138000000000007
0.39620000000000016
0.40194
0.4017199999999999
0.40080000000000005
0.4005400000000002
0.4030600000000003
0.40215999999999985
0.4021
0.40093999999999996
0.40046
0.3994999999999997
0.3979800000000001
0.3995799999999998
0.40396
0.40081999999999984
0.40022000000000013
0.40196
0.4033000000000002
0.40476
0.4023999999999999
0.39864
0.40114
0.4043400000000002
0.40238
0.39791999999999994
0.4013799999999999
0.4022
0.39832
0.39802000000000004
0.39816
0.40062000000000003
0.3991599999999999
0.40308000000000005
0.40472
0.4016000000000001
0.40497999999999984
0.40191999999999994
0.3995200000000002
0.4031800000000001
0.4012200000000001
0.40250000000000014
0.3999799999999999
0.40089999999999976
0.39730000000000004
0.39783999999999997
0.39692000000000005
0.39948
0.39986000000000005
0.39929999999999993
0.3985400000000001
0.40174
0.39870000000000017
0.40262
0.39946
0.3977600000000001
0.3993799999999999
0.40171999999999997
0.4018
0.40346
0.40116000000000007
0.403
0.40060000000000007
0.40129999999999993
0.4022599999999999
0.39841999999999994
0.39986
0.39964000000000005
0.4014999999999999
0.3976799999999999
0.39531999999999995
0.3965800000000002
0.39722000000000013
0.4019000000000002
0.40236
0.40069999999999983
0.4006800000000002
0.39928000000000013
0.4051800000000001
0.40451999999999994
0.40338000000000007
0.4024199999999999
0.4005399999999998
0.39870000000000005
0.3992600000000002
0.39966000000000007
0.39876
0.39860000000000007
0.39750000000000013
0.39818000000000003
0.39906000000000014
0.3986400000000001
0.39873999999999993
0.39964
0.40123999999999993
0.40027999999999997
0.4051999999999999
0.4037800000000001
0.4031800000000002
0.4047599999999998
0.40534000000000014
0.4058599999999999
0.40482000000000007
0.40636000000000005
0.40434000000000014
0.40226
0.40076
0.40148000000000006
0.3976800000000002
0.3966799999999999
0.3963799999999999
0.39978000000000014
0.40444
0.4006
0.39820000000000016
0.3975
0.3983399999999998
0.3962999999999999
0.3956599999999999
0.39827999999999997
0.4003199999999999
0.4039399999999999
0.40076
0.4029999999999999
0.40141999999999994
0.3992400000000002
0.3978200000000002
0.39986000000000016
0.3985000000000001
0.3965200000000001
0.39866
0.4027800000000001
0.4026600000000001
0.39648000000000005
0.3972800000000001
0.4023799999999999
0.40448
0.4020799999999998
0.39866
0.39506
0.39882000000000034
0.3999199999999999
0.40175999999999995
0.4050199999999999
0.40134000000000003
0.40336000000000005
0.4022
0.40464
0.40286
0.39966
0.3998799999999998
0.3995600000000001
0.39852000000000004
0.39955999999999997
0.39833999999999997
0.3967999999999999
0.4002800000000001
0.39974000000000004
0.402
0.4043
0.4013799999999999
0.3998400000000001
0.40150000000000013
0.3998200000000001
0.39980000000000004
0.40013999999999994
0.40013999999999994
0.40335999999999994
0.40263999999999994
0.39955999999999997
0.3995200000000001
0.4018599999999999
0.40562
0.40708
0.4059599999999998
0.39899999999999997
0.40125999999999995
0.3973600000000001
0.39583999999999997
0.3995600000000001
0.3998999999999999
0.40136000000000005
0.3988399999999999
0.4006000000000002
0.40258000000000016
0.40217999999999987
0.40230000000000005
0.3987800000000001
0.39800000000000013
0.4018999999999998
0.40081999999999984
0.39968
0.40116
0.40141999999999994
0.39946
0.4004599999999999
0.4028000000000001
0.4007799999999999
0.40185999999999994
0.4046399999999999
0.40563999999999995
0.40465999999999985
0.4023400000000001
0.40678000000000014
0.4024000000000001
0.4046400000000001
0.4016599999999999
0.40182
0.40140000000000015
0.3991400000000001
0.3998200000000003
0.40076
0.3964199999999999
0.3975599999999999
0.40158
0.40186
0.40302
0.40162
0.4051199999999999
0.40875999999999996
0.4010600000000001
0.40019999999999994
0.40106
0.4036199999999999
0.40712
0.4015999999999999
0.40014000000000005
0.39908
0.3981399999999999
0.39901999999999993
0.4016800000000002
0.39818000000000026
0.39937999999999996
0.39876000000000006
0.39884000000000014
0.40170000000000017
0.3988999999999998
0.39690000000000014
0.39692
0.39912000000000014
0.4039600000000001
0.39781999999999973
0.3987599999999999
0.39814
0.39829999999999993
0.40077999999999997
0.3997200000000001
0.39680000000000004
0.39986
0.40274
0.4050399999999999
0.40245999999999993
0.40394000000000013
0.3996800000000001
0.40096
0.4015999999999999
0.40182
0.40190000000000026
0.39974
0.4008
0.3975200000000001
0.40112000000000003
0.40016000000000007
0.40121999999999985
0.39927999999999986
0.4012400000000001
0.39984
0.39853999999999984
0.40304000000000023
0.40185999999999994
0.40466000000000013
0.39977999999999997
0.40020000000000006
0.40136000000000005
0.40029999999999993
0.3971400000000001
0.4001600000000002
0.39662000000000014
0.3956599999999999
0.4041400000000001
0.4038800000000002
0.40336
0.4035600000000001
0.40436
0.4046200000000001
0.40046000000000004
0.40039999999999987
0.40106000000000014
0.40437999999999996
0.40540000000000015
0.4079399999999999
0.40501999999999994
0.3987000000000003
0.39714000000000027
0.39855999999999986
0.39928
0.40318000000000004
0.40276000000000023
0.40419999999999995
0.40074
0.40099999999999986
0.3990800000000001
0.40015999999999996
0.4015999999999999
0.3990200000000001
0.39893999999999996
0.40052
0.40538
0.4029400000000002
0.40220000000000006
0.4057199999999998
0.4043
0.40386000000000005
0.40122
0.40356000000000025
0.40448000000000006
0.40648
0.40309999999999996
0.40446
0.40152000000000015
0.4032600000000002
0.4031000000000002
0.40064
0.39874000000000004
0.3987999999999999
0.39995999999999987
0.39754000000000017
0.39804000000000017
0.4008599999999998
0.40787999999999996
0.40304000000000006
0.3998199999999999
0.3984
0.3990200000000003
0.39848
0.40210000000000007
0.4010999999999999
0.40264000000000005
0.4001599999999999
0.40230000000000027
0.40194
0.40264000000000016
0.4046999999999999
0.4044400000000001
0.4046799999999999
0.40076000000000006
0.4021200000000002
0.40514000000000006
0.39998000000000006
0.4002599999999999
0.40149999999999997
0.40548
0.4036
0.40318
0.40394000000000013
0.4046999999999999
0.40491999999999995
0.3977799999999999
0.3992000000000001
0.4007800000000001
0.40441999999999995
0.4028200000000002
0.4034999999999998
0.40445999999999993
0.4027999999999999
0.40368000000000004
0.4015200000000001
0.40106
0.40068000000000015
0.40356000000000003
0.4050800000000002
0.4072399999999999
0.40596
0.4029199999999999
0.4056800000000001
0.4022200000000001
0.4041399999999999
0.4025600000000001
0.4040000000000001
0.40074000000000004
0.40110000000000007
0.39832
0.3998999999999999
0.39726000000000006
0.39643999999999985
0.39458000000000015
0.39962000000000003
0.39843999999999996
0.40036
0.40316
0.40586000000000005
0.4083599999999999
0.40877999999999987
0.40337999999999996
0.4016599999999999
0.39878000000000013
0.3987200000000001
0.40103999999999984
0.4021400000000001
0.3977999999999998
0.39858
0.39955999999999997
0.4024799999999999
0.40326000000000006
0.4048399999999999
0.40268
0.4064000000000003
0.4046799999999999
0.4011200000000001
0.3987199999999999
0.3984000000000001
0.4009000000000001
0.4004
0.4003000000000001
0.39514000000000005
0.39884000000000014
0.4024400000000001
0.40098
0.4038399999999999
0.4021200000000002
0.40218000000000037
0.40441999999999995
0.4013400000000001
0.3998000000000001
0.40296000000000026
0.3984
0.40046
0.40148000000000006
0.40125999999999984
0.40234000000000003
0.40362000000000003
0.4025
0.40332000000000007
0.40286000000000016
0.40428
0.40202
0.40328
0.39946000000000004
0.40244
0.4017000000000001
0.39964
0.40284
0.4020799999999998
0.40441999999999984
0.4064999999999999
0.40656
0.40238
0.40663999999999995
0.40565999999999997
0.40423999999999993
0.4073
0.4023400000000001
0.4091600000000002
0.4046200000000002
0.40177999999999997
0.40166000000000024
0.40264000000000016
0.40296000000000015
0.40283999999999975
0.40290000000000015
0.40395999999999993
0.40468000000000015
0.40296
0.40360000000000007
0.40131999999999995
0.4015599999999999
0.4043999999999998
0.4033600000000003
0.4073999999999998
0.40558000000000005
0.4036200000000001
0.39974
0.40156
0.40047999999999995
0.4038800000000001
0.4059
0.4057600000000001
0.40628
0.40819999999999995
0.4045000000000001
0.40598000000000006
0.40328
0.40086
0.40053999999999995
0.39998000000000017
0.4007200000000002
0.4019
0.4003399999999999
0.40198
0.40206000000000003
0.3994800000000002
0.40174000000000015
0.39972
0.40102
0.4033
0.4028200000000002
0.39975999999999984
0.39868000000000003
0.3982
0.40262000000000037
0.40061999999999975
0.4037599999999999
0.40321999999999975
0.40537999999999985
0.4039200000000001
0.40281999999999996
0.40426
0.40182000000000007
0.4032200000000001
0.40406000000000025
0.40411999999999987
0.4023000000000001
0.4003999999999999
0.3985200000000002
0.40088000000000007
0.40362000000000003
0.4007
0.39582
0.3976600000000002
0.39887999999999996
0.4002200000000002
0.3982800000000001
0.4002200000000002
0.3985200000000001
0.40202000000000004
0.4020000000000001
0.39797999999999994
0.3961600000000001
0.3954600000000001
0.4001800000000001
0.4048400000000001
0.40403999999999984
0.4014800000000002
0.40308
0.40069999999999995
0.40057999999999994
0.40325999999999984
0.40412000000000003
0.4059599999999999
0.40418000000000004
0.40099999999999997
0.4008399999999998
0.40177999999999997
0.39958000000000005
0.3977800000000001
0.39936000000000016
0.40233999999999986
0.4037800000000001
0.4049400000000001
0.4050999999999999
0.40143999999999996
0.40252000000000016
0.4014599999999999
0.40118000000000004
0.4008
0.4002799999999999
0.39935999999999994
0.40046
0.4001799999999999
0.40131999999999995
0.40274
0.4009799999999998
0.40276000000000023
0.40146
0.40340000000000004
0.40020000000000017
0.40247999999999984
0.40136000000000005
0.40038000000000024
0.3971800000000001
0.39924000000000015
0.39854
0.40180000000000005
0.40035999999999994
0.39866000000000007
0.3976599999999999
0.39854
0.4031600000000002
0.40146
0.4031600000000001
0.39866
0.40168000000000004
0.40208000000000005
0.40386000000000016
0.39866
0.40149999999999997
0.3985999999999999
0.3961
0.39657999999999993
0.3955200000000001
0.3972400000000001
0.3982200000000002
0.3983799999999998
0.4011199999999999
0.4021999999999999
0.40093999999999996
0.4023399999999999
0.4037399999999999
0.40098
0.40172
0.4029399999999999
0.40288
0.40142000000000033
0.4045600000000002
0.40218
0.40082
0.40178000000000014
0.4010200000000001
0.40415999999999996
0.4003000000000001
0.40169999999999995
0.4075000000000001
0.40490000000000004
0.4019400000000001
0.4015800000000001
0.4035599999999999
0.40056
0.39976000000000006
0.39808000000000004
0.40299999999999975
0.40290000000000015
0.40678
0.40506
0.40234000000000003
0.3988800000000002
