0.19999999999999962
0.3295000000000001
0.4524
0.5181
0.5377000000000002
0.5472200000000002
0.5479999999999999
0.5473399999999998
0.5453799999999999
0.5443599999999998
0.5454600000000001
0.54952
0.54402
0.5459400000000002
0.5450200000000003
0.5475
0.54964
0.5434200000000001
0.5427000000000001
0.5462199999999998
0.5448
0.5509200000000001
0.55352
0.5464199999999999
0.5487399999999997
0.5528799999999999
0.5500800000000001
0.54326
0.54804
0.5496399999999998
0.5493800000000001
0.5472400000000001
0.5465399999999999
0.5479600000000001
0.54504
0.5442399999999998
0.5477400000000001
0.5498399999999999
0.5491800000000001
0.55166
0.54686
0.5486599999999999
0.5453800000000001
0.5471999999999997
0.54778
0.5443800000000002
0.5499400000000001
0.5443200000000001
0.54526
0.5453600000000001
0.5468199999999999
0.5461599999999999
0.54898
0.5499800000000001
0.5504400000000003
0.54712
0.5441000000000001
0.5451600000000001
0.54954
0.54956
0.5426400000000002
0.5478999999999999
0.5481000000000003
0.5464000000000001
0.5423
0.54632
0.54846
0.5500599999999999
0.5428000000000002
0.5460400000000001
0.5462
0.5474399999999998
0.5461400000000004
0.5473
0.5470799999999999
0.5476199999999998
0.5521999999999999
0.5478999999999998
0.5439799999999998
0.5445
0.54604
0.54678
0.54134
0.5492599999999999
0.55078
0.5483
0.5465600000000002
0.54714
0.5489200000000001
0.5466000000000001
0.54732
0.5513600000000001
0.5495399999999999
0.5488399999999999
0.5479400000000002
0.5452600000000001
0.5435999999999998
0.5479799999999999
0.54896
0.5451400000000001
0.5504199999999998
0.5514400000000002
0.54698
0.5455200000000001
0.54602
0.5466399999999999
0.5460000000000002
0.5426200000000001
0.5466199999999999
0.54782
0.54698
0.54866
0.55072
0.5482200000000002
0.5444000000000001
0.5493799999999998
0.54924
0.5500599999999998
0.5474400000000001
0.5494399999999999
0.54704
0.54704
0.54886
0.54516
0.5495000000000002
0.5488400000000001
0.54946
0.5482000000000002
0.54436
0.5474600000000001
0.5466400000000001
0.5461399999999998
0.5468199999999999
0.5459999999999998
0.54584
0.5447799999999999
0.5522400000000002
0.5514200000000002
0.5431400000000001
0.5423600000000001
0.5464200000000001
0.5438800000000001
0.5491399999999999
0.5437999999999998
0.5457199999999998
0.55008
0.54462
0.5446199999999999
0.5474
0.5461400000000001
0.5449199999999998
0.547
0.5485
0.5455600000000002
0.5462999999999999
0.5492199999999997
0.5472800000000001
0.5452399999999998
0.5468
0.5491599999999999
0.5472600000000001
0.54766
0.5466600000000003
0.5494400000000002
0.5499
0.5504599999999998
0.5497199999999999
0.5497000000000003
0.5500400000000001
0.54818
0.54796
0.55072
0.5507400000000005
0.5450600000000001
0.5444999999999998
0.5488000000000002
0.5519799999999999
0.5513999999999999
0.5482999999999999
0.5474399999999998
0.54472
0.5516999999999999
0.54894
0.5476800000000001
0.5452600000000003
0.54846
0.5474600000000001
0.5488999999999999
0.54592
0.54956
0.5445400000000002
0.54922
0.5517799999999998
0.5459999999999998
0.5466599999999998
0.5524599999999997
0.5478200000000001
0.5451400000000001
0.5464199999999999
0.5457199999999999
0.5473999999999998
0.5414399999999999
0.5459200000000001
0.5481200000000003
0.5461400000000001
0.5519000000000001
0.5464799999999999
0.5471599999999996
0.5478200000000001
0.55068
0.5438
0.54914
0.5485600000000002
0.5457199999999998
0.5472399999999996
0.5486800000000001
0.5471
0.5489
0.54726
0.5469999999999999
0.5439199999999996
0.5487199999999999
0.5484200000000002
0.5494200000000001
0.5459000000000003
0.5455199999999997
0.5471000000000003
0.5459599999999999
0.5496000000000001
0.54708
0.54696
0.54624
0.5462199999999999
0.5455599999999998
0.5460999999999998
0.5484200000000002
0.5496599999999998
0.5453200000000001
0.5451999999999999
0.54692
0.5453
0.5479600000000001
0.54888
0.5458
0.5471799999999997
0.5438599999999999
0.5458999999999999
0.54928
0.5522199999999998
0.5469800000000001
0.5439799999999998
0.5456799999999999
0.5433600000000002
0.5479599999999999
0.5509000000000001
0.5476000000000001
0.5502000000000001
0.5453000000000001
0.54936
0.5493199999999999
0.54714
0.5485000000000001
0.55118
0.5470200000000001
0.5485200000000002
0.5483399999999998
0.5453800000000001
0.54674
0.54998
0.54412
0.5447200000000001
0.5488200000000002
0.5448400000000002
0.5487200000000002
0.5477400000000003
0.5515400000000003
0.5492200000000002
0.54512
0.5426599999999999
0.5474799999999999
0.5452400000000001
0.5446
0.5470000000000002
0.5517200000000001
0.5503800000000001
0.5477600000000001
0.5469000000000003
0.5491799999999998
0.5499399999999999
0.5494800000000002
0.5490399999999999
0.5495399999999998
0.5484399999999999
0.5478000000000001
0.5465599999999997
0.5498999999999998
0.54644
0.5454000000000001
0.5462399999999998
0.54694
0.5489799999999997
0.5443399999999999
0.5508200000000002
0.54682
0.5463
0.5451799999999998
0.5471400000000001
0.5466199999999998
0.5467
0.5461
0.5488999999999998
0.5472600000000001
0.5475200000000005
0.54844
0.5474599999999998
0.5501199999999995
0.5482400000000001
0.5481199999999998
0.54738
0.5464199999999999
0.5448599999999996
0.5502400000000001
0.5487799999999997
0.5434800000000002
0.5466999999999997
0.5469399999999999
0.5481799999999999
0.5487399999999999
0.54724
0.54816
0.5457600000000001
0.5495800000000001
0.55142
0.54368
0.5484
0.5497399999999997
0.5507999999999997
0.5500599999999999
0.5493000000000001
0.54644
0.54896
0.5510400000000001
0.54708
0.54732
0.5474599999999998
0.5464000000000002
0.5471800000000001
0.5483
0.5474
0.5490200000000001
0.54944
0.5510999999999998
0.5501400000000001
0.5507800000000003
0.5455
0.5472400000000001
0.5470200000000002
0.547
0.5467599999999999
0.54824
0.5478800000000001
0.5438600000000001
0.5472800000000001
0.5451999999999998
0.54616
0.5465399999999996
0.5464600000000001
0.5465599999999998
0.5502399999999998
0.5477400000000001
0.54696
0.5443600000000001
0.5516199999999999
0.54912
0.5485599999999999
0.5488400000000001
0.54898
0.54928
0.54684
0.55082
0.5472799999999998
0.54558
0.54106
0.54578
0.5496599999999998
0.5509200000000001
0.5465200000000001
0.54742
0.5478399999999999
0.5474200000000001
0.54366
0.5487
0.5484399999999997
0.5455800000000001
0.5475799999999997
0.5473800000000001
0.54622
0.5469
0.54824
0.54562
0.5485400000000002
0.5485
0.5504000000000001
0.5453600000000001
0.5483999999999999
0.5508000000000002
0.5494800000000002
0.5496800000000001
0.5451599999999999
0.5428599999999999
0.5487000000000005
0.5466599999999999
0.54708
0.5498199999999999
0.5455399999999997
0.54336
0.5468800000000001
0.54614
0.5434599999999999
0.5468599999999999
0.5465200000000001
0.5446800000000002
0.54486
0.5470200000000003
0.5472
0.5456800000000002
0.54986
0.5449200000000001
0.5464999999999997
0.5461800000000001
0.5451199999999998
0.5484199999999998
0.5478799999999998
0.54852
0.54788
0.5516999999999999
0.5531400000000002
0.5472199999999997
0.54606
0.5474
0.5486199999999998
0.5490800000000002
0.5485400000000002
0.5483199999999999
0.5506800000000002
0.5485399999999999
0.5456200000000001
0.5509799999999998
0.5510599999999999
0.54462
0.55206
0.5452
0.5504599999999998
0.5456400000000001
0.5450200000000001
0.5453599999999998
0.54524
0.5493600000000002
0.5472999999999998
0.5502199999999997
0.54714
0.5480999999999999
0.54744
0.5440600000000002
0.54728
0.5512
0.5485199999999999
0.5478400000000001
0.5474600000000003
0.5429599999999996
0.5464
0.54698
0.5517800000000002
0.5516800000000001
0.5465199999999999
0.5461999999999999
0.5460600000000001
0.5495000000000001
0.5479200000000001
0.54686
0.5484600000000001
0.5477799999999999
0.54622
0.5494800000000002
0.5505000000000003
0.5478000000000001
0.54644
0.54576
0.5447400000000002
0.55
0.54902
0.5482799999999998
0.5481600000000001
0.55266
0.5516599999999999
0.5488600000000001
0.54888
0.546
0.5483199999999998
0.54982
0.54794
0.54622
0.5457600000000002
0.5491199999999999
0.5478399999999999
0.5441400000000001
0.5463999999999998
0.54572
0.5447
0.5477600000000002
0.5441800000000001
0.5480199999999998
0.5463799999999999
0.5488599999999998
0.55112
0.55072
0.5474399999999999
0.5486200000000001
0.5504199999999997
0.5529999999999998
0.5494400000000003
0.5448199999999999
0.54522
0.5487799999999998
0.5479400000000002
0.5467600000000001
0.54692
0.5467799999999998
0.54554
0.5474000000000001
0.5465599999999999
0.5457999999999998
0.5428400000000002
0.54384
0.5505399999999999
0.5507799999999997
0.55202
0.5498000000000001
0.5482600000000001
0.5497799999999997
0.5502599999999999
0.5478200000000001
0.5440200000000001
0.5464399999999998
0.5441199999999999
0.54588
0.5463399999999998
0.5480799999999999
0.5444799999999996
0.5468
0.5493999999999997
0.5498800000000003
0.55124
0.5499800000000002
0.5443599999999997
0.54986
0.5487000000000002
0.5490799999999999
0.5441799999999999
0.5483000000000002
0.5476800000000002
0.5488199999999999
0.5499799999999999
0.54606
0.5517599999999998
0.5454799999999999
0.5515000000000001
0.5440799999999999
0.5416399999999998
0.5464399999999998
0.5437400000000001
0.5495800000000003
0.5490400000000001
0.5478399999999999
0.54844
0.54562
0.5493399999999997
0.54494
0.5463999999999999
0.54954
0.5512799999999999
0.54746
0.5515599999999999
0.54728
0.5502000000000001
0.5508599999999999
0.5451600000000002
0.5459999999999998
0.5430600000000001
0.5489200000000002
0.5423600000000001
0.5488000000000001
0.5452199999999998
0.5446799999999998
0.5500200000000001
0.5503599999999998
0.54472
0.5460000000000002
0.5467400000000001
0.5516599999999999
0.54576
0.54772
0.5489600000000001
0.54778
0.5472
0.5503199999999997
0.5524399999999998
0.5492200000000002
0.5503199999999999
0.5476799999999998
0.5457599999999999
0.5492200000000002
0.5502599999999999
0.54846
0.5488200000000001
0.5486999999999997
0.5466199999999998
0.54838
0.5492400000000001
0.5495599999999999
0.54508
0.5494600000000003
0.5464399999999999
0.5438200000000001
0.54736
0.54786
0.5482199999999999
0.5462799999999999
0.54632
0.5475200000000001
0.5475199999999998
0.5469599999999999
0.5490399999999999
0.5458399999999998
0.5498400000000001
0.5450000000000003
0.5519000000000003
0.5476599999999998
0.54892
0.5454
0.5474200000000001
0.5488600000000001
0.5468599999999998
0.54658
0.5495399999999998
0.54548
0.54338
0.5521400000000001
0.5518399999999999
0.5458999999999999
0.5478000000000001
0.5466200000000001
0.5471
0.5499
0.5451399999999998
0.5412399999999997
0.5477799999999998
0.5484799999999999
0.54692
0.5478400000000001
0.5512999999999998
0.5507400000000002
0.54578
0.5482199999999999
0.5464600000000001
0.5485399999999999
0.55078
0.5486800000000003
0.5471200000000003
0.5451000000000001
0.5495199999999999
0.5459399999999998
0.5509200000000002
0.5488999999999998
0.5493600000000001
0.5465800000000001
0.5476199999999999
0.5509199999999999
0.54468
0.5476000000000001
0.5457599999999999
0.54704
0.5480799999999999
0.5474199999999996
0.54854
0.5455800000000002
0.5491199999999998
0.5455799999999998
0.5445600000000002
0.5485
0.5491199999999999
0.5489400000000001
0.5487200000000001
0.54726
0.5491999999999999
0.5482799999999998
0.5451199999999998
0.54826
0.54966
0.5480999999999999
0.5512800000000001
0.54524
0.5476399999999997
0.5482399999999998
0.5512600000000002
0.5464000000000001
0.5474599999999997
0.5478199999999999
0.5472200000000004
0.5500600000000001
0.5528600000000001
0.5473599999999998
0.5469799999999999
0.5480599999999997
0.5501599999999999
0.5495399999999998
0.5489599999999999
0.5447199999999999
0.5488799999999998
0.5498200000000001
0.5462000000000001
0.5446400000000001
0.5447800000000003
0.5495599999999999
0.54558
0.5467199999999999
0.5484399999999999
0.5506000000000001
0.55206
0.5497799999999998
0.55096
0.54682
0.5506000000000001
0.5481600000000002
0.5427800000000002
0.5524199999999999
0.5455799999999997
0.5482799999999998
0.5500800000000003
0.5511199999999998
0.5477599999999999
0.5468200000000002
0.54964
0.5462399999999997
0.5464599999999996
0.54564
0.55146
0.5516800000000002
0.5453600000000002
0.5463399999999998
0.54284
0.54588
0.5479800000000001
0.54602
0.5425800000000001
0.5444999999999999
0.54688
0.5453
0.5437199999999999
0.5466
0.5474
0.5488799999999998
0.5468800000000001
0.5467200000000002
0.5458999999999997
0.5455600000000002
0.5489000000000002
0.5477599999999998
0.5498799999999999
0.5481800000000002
0.5478800000000001
0.5463199999999998
0.5486999999999997
0.5494199999999999
0.5497200000000002
0.5460000000000003
0.5487199999999998
0.5464199999999999
0.54734
0.5482799999999999
0.5448000000000002
0.5438200000000003
0.5465200000000001
0.5447599999999999
0.5481400000000001
0.5484399999999998
0.5464800000000001
0.5490000000000002
0.5501999999999999
0.5472200000000003
0.5479199999999999
0.5495599999999999
0.54832
0.5471400000000001
0.5485800000000002
0.55024
0.5482200000000002
0.54804
0.5462400000000002
0.54866
0.5463000000000001
0.5476799999999998
0.5471800000000001
0.54596
0.5446200000000002
0.5489399999999999
0.5487800000000002
0.54862
0.5462599999999999
0.5495399999999998
0.5501199999999998
0.5508200000000001
0.5508400000000002
0.5487399999999999
0.5513800000000001
0.54986
0.5521399999999999
0.5509799999999999
0.5516200000000002
0.5474799999999999
0.5490600000000001
0.5491799999999999
0.5461400000000002
0.5438000000000003
0.54696
0.5438999999999999
0.54512
0.5469599999999999
0.5444999999999999
0.5518800000000001
0.5479199999999996
0.5445600000000002
0.5501599999999999
0.5460999999999999
0.5462599999999999
0.54474
0.5457999999999997
0.5486
0.5517600000000001
0.5474600000000001
0.5463799999999999
0.5453600000000001
0.5464600000000001
0.5497200000000001
0.54508
0.54734
0.5482599999999997
0.5460999999999998
0.5452600000000001
0.5482199999999999
0.5503199999999999
0.54664
0.54576
0.5462400000000001
0.5449200000000001
0.5505200000000001
0.5518800000000001
0.549
0.5460999999999998
0.5467
0.5490599999999997
0.54826
0.5527799999999999
0.5468799999999997
0.54172
0.5448599999999998
0.5486200000000004
0.54608
0.54506
0.54722
0.54986
0.5506600000000001
0.5483199999999999
0.5467600000000001
0.5445999999999999
0.54818
0.5468600000000002
0.5470799999999997
0.5455800000000001
0.5462
0.54586
0.5476399999999999
0.54574
0.5500000000000003
0.54938
0.54802
0.5471800000000001
0.54898
0.5502199999999999
0.5478400000000001
0.5448
0.5495800000000001
0.5484200000000002
0.5468
0.5509999999999999
0.5483199999999997
0.5421799999999998
0.5471999999999997
0.5448600000000002
0.5446599999999999
0.5498799999999998
0.5490199999999998
0.54424
0.5462400000000003
0.54332
0.5476000000000001
0.5474799999999999
0.5444399999999997
0.5431200000000002
0.5458800000000001
0.5465200000000003
0.5477199999999998
0.5467199999999999
0.5490200000000001
0.54998
0.5492799999999997
0.5453000000000001
0.5504200000000001
0.5471799999999999
0.54672
0.5456799999999998
0.5502399999999998
0.545
0.54462
0.5473599999999998
0.5480999999999999
0.5468800000000001
0.5458000000000001
0.54828
0.5442400000000001
0.5463999999999999
0.5458
0.5462600000000002
0.54816
0.5477000000000001
0.5479800000000004
0.5478999999999998
0.5496799999999998
0.5479999999999999
0.54444
0.5444599999999999
0.5465
0.5489800000000001
0.5438600000000001
0.5486199999999997
0.5496199999999999
0.5488599999999999
0.546
0.5473399999999999
0.5467
0.5472400000000001
0.54508
0.5504399999999999
0.5502800000000003
0.5523999999999998
0.5477000000000001
0.54328
0.5469999999999998
0.5478599999999997
0.5433199999999999
0.54974
0.5469000000000002
0.54814
0.5425999999999999
0.5455399999999999
0.5482799999999998
0.54854
0.5492999999999999
0.5500599999999998
0.55178
0.5480200000000003
0.54814
0.5503599999999998
0.5492599999999999
0.5456399999999999
0.5494199999999997
0.5487400000000001
0.5449
0.5450599999999998
0.5490199999999996
0.54726
0.5490599999999998
0.5485000000000001
0.5454200000000003
0.5515400000000001
0.5514
0.5485199999999998
0.5477
0.54764
0.5488400000000003
0.5484999999999999
0.5502400000000002
0.5459999999999998
0.5483999999999998
0.5473399999999999
0.54722
0.54728
0.5472999999999999
0.5478600000000002
0.5466399999999999
