0.19999999999999962
0.8900400000000004
0.5543799999999999
0.7234
0.6381199999999998
0.6808399999999998
0.6609800000000002
0.67118
0.6646799999999999
0.6688000000000001
0.6668400000000002
0.67144
0.6665200000000003
0.6671199999999997
0.6665599999999996
0.6663200000000004
0.6664999999999998
0.6684600000000002
0.6668200000000002
0.6689400000000001
0.66448
0.66746
0.6637999999999998
0.6680800000000002
0.6657599999999998
0.6657800000000001
0.6673800000000003
0.6649399999999999
0.6642600000000002
0.6704000000000002
0.6689800000000001
0.66624
0.6638399999999998
0.6690000000000002
0.6657799999999999
0.6671400000000002
0.6689800000000002
0.6662000000000002
0.66496
0.6656400000000001
0.6671800000000002
0.6684999999999997
0.6657799999999999
0.6642200000000001
0.6650199999999998
0.6685
0.6673
0.66412
0.66604
0.6667400000000002
0.6669200000000002
0.66724
0.66676
0.6674800000000001
0.6665999999999999
0.6667200000000001
0.6641000000000002
0.6690799999999996
0.6646200000000002
0.66884
0.6636000000000002
0.6657599999999998
0.6671200000000002
0.6667799999999998
0.6687600000000002
0.6660200000000002
0.6659600000000002
0.6672199999999999
0.6686
0.66384
0.6678400000000001
0.6648599999999999
0.6667000000000001
0.6660200000000002
0.66624
0.6655799999999998
0.6655599999999999
0.6667600000000005
0.6663600000000001
0.66592
0.6677000000000001
0.6651199999999998
0.6672400000000002
0.667
0.6635199999999999
0.6709
0.6656399999999999
0.6656200000000001
0.6675200000000001
0.6675000000000001
0.6667399999999999
0.6676600000000001
0.6651400000000003
0.6662599999999999
0.6653600000000001
0.6697000000000002
0.66652
0.66778
0.6656000000000002
0.6657200000000002
0.6653000000000003
0.66606
0.6663799999999999
0.66612
0.6653800000000003
0.66816
0.6654600000000002
0.6655200000000001
0.66778
0.6633800000000001
0.6699799999999999
0.6654399999999999
0.6693400000000003
0.6644599999999999
0.6666800000000005
0.6671600000000002
0.6654999999999999
0.6715399999999999
0.6639599999999999
0.6682600000000001
0.6656200000000002
0.6667399999999998
0.6657999999999998
0.6667200000000002
0.6672000000000002
0.6661199999999998
0.6712199999999998
0.6668000000000004
0.6682799999999999
0.6674199999999998
0.6676800000000002
0.66832
0.6643999999999999
0.6683400000000002
0.6670800000000005
0.6685999999999998
0.6660200000000001
0.6679399999999996
0.6652599999999996
0.6668399999999997
0.6673200000000001
0.6677200000000001
0.6622399999999997
0.6657799999999999
0.6677400000000001
0.6670000000000001
0.6667199999999999
0.6694999999999997
0.6663
0.6669199999999997
0.6666999999999998
0.6615400000000001
0.6711599999999999
0.66224
0.6672600000000002
0.6660999999999998
0.6685599999999999
0.6626799999999997
0.6685000000000003
0.6658000000000002
0.66778
0.6669000000000003
0.6625799999999998
0.6687600000000002
0.6627800000000004
0.6696999999999997
0.6650999999999998
0.6679399999999999
0.66338
0.6711400000000002
0.6663
0.6677400000000003
0.6667600000000001
0.6644400000000001
0.6663000000000001
0.6653600000000001
0.6700599999999999
0.6658800000000002
0.67072
0.66314
0.66762
0.66714
0.6665000000000002
0.6666999999999997
0.6649400000000001
0.6686
0.6647000000000003
0.6668000000000004
0.6659199999999997
0.6704200000000003
0.6621599999999997
0.6695400000000002
0.6666399999999999
0.6702400000000001
0.6649199999999997
0.6660600000000001
0.6672799999999998
0.66838
0.6690200000000002
0.6644199999999999
0.6667199999999996
0.6687000000000002
0.6656599999999999
0.6662
0.66478
0.6681
0.6692600000000002
0.6672199999999998
0.6667400000000002
0.6689200000000001
0.6637999999999998
0.6674599999999998
0.6626799999999998
0.6702600000000003
0.6648400000000001
0.6698999999999999
0.6653999999999998
0.6681000000000001
0.66412
0.66938
0.6658200000000002
0.6683599999999998
0.6662399999999999
0.66814
0.6643400000000002
0.6716400000000001
0.6605599999999996
0.6701600000000002
0.6635999999999995
0.6687400000000002
0.6656400000000002
0.67112
0.66584
0.66762
0.6693399999999997
0.6660800000000002
0.6677200000000001
0.6679999999999998
0.6637799999999998
0.66878
0.6629400000000001
0.6691799999999998
0.6642799999999999
0.6679399999999999
0.6688600000000001
0.6665800000000001
0.6670400000000002
0.6661999999999999
0.6661600000000001
0.6654799999999997
0.6679799999999999
0.6645600000000003
0.66846
0.6663400000000002
0.6675000000000001
0.66746
0.6654599999999998
0.6659400000000001
0.6674999999999999
0.6635800000000001
0.6678399999999999
0.66644
0.6679199999999997
0.66574
0.6691399999999998
0.6665399999999998
0.6697200000000001
0.66412
0.6714999999999999
0.66514
0.6676200000000001
0.6679800000000001
0.6653599999999998
0.66766
0.6645599999999997
0.6692
0.6658000000000003
0.66816
0.6676599999999999
0.66728
0.66584
0.6632000000000001
0.6669799999999998
0.6685800000000003
0.6660400000000002
0.6658200000000001
0.6657599999999999
0.6690000000000002
0.6661999999999998
0.6677799999999996
0.6674400000000001
0.6675799999999998
0.6663800000000003
0.6652800000000003
0.66628
0.6705999999999998
0.66464
0.6695000000000002
0.6655600000000002
0.6650800000000001
0.6676600000000004
0.6678000000000003
0.6644800000000002
0.6690600000000003
0.6661400000000001
0.6672199999999999
0.6656200000000001
0.66912
0.66752
0.66404
0.6680799999999999
0.6651200000000002
0.6651599999999999
0.6675999999999999
0.66436
0.6689200000000003
0.6661400000000001
0.66804
0.6651400000000001
0.6682400000000004
0.66392
0.6662600000000001
0.6623200000000002
0.6703
0.6631599999999999
0.67132
0.6674200000000002
0.6666599999999998
0.6672600000000003
0.66694
0.6671599999999998
0.6670599999999998
0.6663600000000003
0.6664999999999999
0.6677200000000001
0.6643600000000004
0.6683
0.66632
0.66866
0.6666799999999999
0.6660400000000003
0.6637600000000002
0.6657200000000003
0.6691400000000001
0.6634200000000005
0.6676399999999998
0.6662200000000001
0.6650200000000004
0.6661400000000001
0.6658999999999999
0.6654799999999998
0.6659
0.6679
0.66702
0.6645399999999997
0.66586
0.66714
0.6660400000000002
0.66518
0.6692199999999998
0.6647399999999999
0.6699600000000001
0.6655599999999999
0.6645199999999999
0.6678200000000001
0.6668000000000001
0.6647200000000002
0.66622
0.6655200000000001
0.6707400000000001
0.6636600000000001
0.6682400000000002
0.6664000000000004
0.6658400000000002
0.6672399999999997
0.6652599999999996
0.6655200000000004
0.66856
0.6659999999999999
0.6673400000000004
0.6661199999999998
0.6686799999999997
0.6617400000000002
0.6669000000000002
0.6674999999999999
0.6652000000000002
0.6669799999999999
0.6676000000000001
0.6671600000000001
0.6652800000000003
0.6675399999999996
0.66574
0.6648999999999999
0.6694999999999998
0.66478
0.6666200000000001
0.6687399999999998
0.66782
0.6655
0.6665999999999999
0.6701999999999998
0.6602999999999998
0.6689000000000002
0.66974
0.6662600000000002
0.6670799999999999
0.6691000000000001
0.6654999999999999
0.6666
0.6677599999999998
0.6631400000000002
0.6712000000000002
0.6635199999999997
0.66612
0.6666599999999998
0.6682600000000001
0.6648400000000001
0.6678399999999998
0.66704
0.6668799999999999
0.6669799999999999
0.66404
0.6695200000000001
0.66498
0.6693400000000002
0.6662400000000003
0.6691800000000001
0.66834
0.6672399999999997
0.6674000000000002
0.6647799999999998
0.66826
0.6647
0.6677000000000005
0.6652000000000001
0.66834
0.6646199999999999
0.6670200000000002
0.6694399999999997
0.66488
0.6646000000000001
0.6669200000000004
0.6668600000000001
0.6669600000000001
0.6693399999999998
0.6664599999999997
0.6693400000000002
0.6674200000000002
0.6638599999999997
0.6691000000000001
0.6669400000000002
0.66702
0.6677000000000003
0.6651200000000002
0.6665800000000002
0.6670600000000003
0.66542
0.66672
0.6672599999999997
0.66888
0.6652799999999999
0.6697800000000003
0.6667400000000001
0.6636
0.6667400000000001
0.6672000000000001
0.6672200000000003
0.6660600000000001
0.6657799999999996
0.6643399999999999
0.6661599999999999
0.6662999999999998
0.6637800000000003
0.66956
0.66384
0.6665800000000001
0.6671200000000002
0.6662600000000002
0.6661000000000001
0.6668800000000001
0.66712
0.6660600000000002
0.6669999999999999
0.667
0.6653600000000002
0.6621200000000003
0.6675600000000003
0.6643799999999999
0.6678800000000003
0.6680000000000003
0.6698199999999999
0.6662199999999998
0.6655200000000002
0.66514
0.6667799999999999
0.66954
0.6644999999999999
0.6689399999999998
0.6687799999999998
0.66866
0.6638399999999999
0.6691800000000001
0.6651600000000001
0.66844
0.66542
0.6669400000000003
0.6641400000000004
0.6651399999999998
0.6681599999999996
0.6631200000000002
0.66836
0.6654399999999999
0.6681599999999999
0.6626999999999998
0.66994
0.6618599999999997
0.6700800000000001
0.6677000000000001
0.66746
0.6682000000000001
0.6653200000000001
0.6641599999999996
0.6686400000000002
0.6661599999999999
0.6651200000000002
0.6686799999999998
0.6639800000000002
0.6657800000000001
0.67134
0.66476
0.6706199999999999
0.6631800000000002
0.67096
0.6647399999999998
0.6677
0.6679600000000001
0.66392
0.6653800000000003
0.6652
0.6673599999999996
0.6688200000000001
0.6629199999999998
0.6686199999999998
0.66478
0.6699400000000003
0.6666799999999999
0.6650600000000001
0.6641400000000002
0.6664
0.6682600000000002
0.6681999999999998
0.6658800000000002
0.6648
0.6655600000000002
0.6679
0.667
0.6663799999999999
0.66786
0.66534
0.6654800000000001
0.6658799999999999
0.6661800000000001
0.6671600000000002
0.6657000000000001
0.6659999999999997
0.6691800000000001
0.6685199999999999
0.6654000000000001
0.66514
0.6680399999999997
0.66696
0.6672000000000005
0.6681799999999999
0.6664000000000001
0.6656799999999999
0.6647200000000001
0.6687199999999999
0.66706
0.6652799999999999
0.6654999999999996
0.6684999999999998
0.66424
0.6675200000000002
0.66726
0.6667600000000001
0.6665600000000002
0.6643000000000001
0.6668999999999999
0.6655999999999997
0.6651199999999998
0.66962
0.6663199999999999
0.6655599999999999
0.6684600000000003
0.66322
0.6690600000000001
0.6672200000000004
0.6659399999999998
0.6651399999999998
0.6713199999999999
0.6653400000000002
0.6676399999999998
0.6658000000000003
0.6667400000000001
0.66586
0.66672
0.6633599999999998
0.66956
0.6661400000000001
0.6639399999999999
0.6661800000000001
0.6656200000000001
0.6665199999999999
0.6661800000000001
0.6656199999999999
0.6649399999999999
0.66404
0.6675399999999996
0.6665599999999998
0.6655800000000001
0.6693800000000003
0.66758
0.66562
0.66874
0.6651599999999999
0.6639000000000002
0.6679
0.6667800000000004
0.66896
0.66778
0.6649599999999996
0.6693999999999999
0.6664800000000004
0.6659599999999999
0.6663199999999999
0.6685800000000001
0.6647200000000001
0.6689999999999998
0.66774
0.6682799999999999
0.6642199999999998
0.66876
0.6678799999999997
0.6638800000000002
0.6706400000000001
0.6647000000000003
0.66844
0.66804
0.6657399999999999
0.6682200000000001
0.6632199999999999
0.66846
0.6662200000000003
0.6669400000000003
0.6658599999999997
0.6673000000000002
0.66672
0.66822
0.6666600000000001
0.6695599999999997
0.6669799999999998
0.6702800000000001
0.6647400000000002
0.6707200000000002
0.6672999999999999
0.6664000000000001
0.6649200000000001
0.6694199999999998
0.6701000000000001
0.6646799999999999
0.66558
0.66862
0.6661
0.66752
0.6671400000000002
0.66858
0.6645399999999999
0.6691600000000001
0.6652799999999995
0.6672799999999997
0.6631399999999998
0.6666000000000001
0.6656
0.6683399999999999
0.6660600000000001
0.6699400000000003
0.66402
0.66878
0.6644599999999999
0.66826
0.6655999999999999
0.66578
0.6674599999999997
0.6712600000000002
0.6639599999999999
0.6699400000000001
0.6641400000000002
0.6673600000000002
0.6692199999999999
0.6678399999999997
0.6685400000000001
0.6641999999999999
0.6654399999999999
0.6679000000000002
0.66714
0.6666800000000002
0.6665600000000005
0.6676200000000001
0.6667400000000001
0.6653600000000001
0.6672800000000003
0.6673400000000003
0.6626799999999998
0.6680799999999998
0.6664799999999999
0.6634600000000002
0.6695199999999999
0.66014
0.66982
0.6624199999999999
0.6702399999999998
0.6645400000000002
0.6674200000000002
0.6670400000000001
0.6641999999999999
0.6684
0.6664600000000002
0.6649400000000001
0.66806
0.66858
0.66622
0.66228
0.6695
0.66736
0.66718
0.6656400000000002
0.6642999999999998
0.6679600000000002
0.6673799999999999
0.6703
0.6651000000000004
0.6659599999999998
0.6643799999999999
0.6699399999999998
0.6642999999999999
0.6649600000000001
0.6671799999999999
0.6655000000000001
0.66456
0.6706400000000001
0.6638999999999996
0.6689000000000002
0.6656400000000001
0.6665599999999996
0.66578
0.6682399999999997
0.6662600000000001
0.66932
0.6614600000000002
0.6668200000000003
0.66632
0.6673800000000001
0.6676400000000001
0.6677800000000002
0.6655399999999997
0.6646400000000001
0.6672599999999999
0.66718
0.6667200000000002
0.6673399999999998
0.6708600000000001
0.6618200000000001
0.66846
0.6648200000000003
0.6664799999999999
0.6665399999999999
0.6692400000000001
0.66448
0.6678600000000003
0.6659600000000002
0.6694800000000002
0.6660000000000003
0.6674399999999997
0.6669400000000002
0.6697000000000003
0.6663799999999999
0.6672199999999999
0.66248
0.6682999999999999
0.6687999999999998
0.6687200000000001
0.6649200000000001
0.6658599999999999
0.6687400000000002
0.6630199999999999
0.66798
0.6662800000000001
0.6684399999999999
0.6641599999999999
0.66616
0.6693000000000001
0.66618
0.66602
0.6660199999999995
0.6641800000000001
0.6682999999999997
0.6607000000000001
0.66842
0.66452
0.6658400000000003
0.6673000000000002
0.6689400000000002
0.6652800000000002
0.6680999999999997
0.66758
0.6646999999999998
0.6700200000000003
0.6687399999999998
0.6657600000000001
0.6677400000000001
0.66694
0.6673
0.6627200000000001
0.6689200000000003
0.6623200000000001
0.6707199999999998
0.66316
0.6693999999999999
0.6654199999999997
0.6678400000000001
0.6659799999999998
0.6657600000000001
0.6684600000000002
0.66228
0.6718599999999998
0.6622200000000003
0.6729399999999999
0.66402
0.67128
0.6673600000000005
0.66276
0.6697200000000001
0.6659800000000002
0.6678000000000002
0.6649799999999999
0.6672599999999999
0.6679599999999999
0.6645200000000001
0.6651800000000003
0.6661999999999998
0.66762
0.6678000000000002
0.6651999999999998
0.6710600000000002
0.6626000000000001
0.67026
0.6662199999999997
0.66818
0.6638199999999999
0.6674599999999999
0.6683999999999999
0.6656000000000004
0.6674600000000003
0.6672599999999997
0.6675
0.66466
0.6707199999999998
0.6635599999999999
0.6646200000000002
0.6666799999999998
0.6672400000000002
0.6669800000000001
0.66368
0.6691600000000001
0.6657599999999999
0.6653599999999998
0.6678200000000001
0.6646200000000002
0.6691400000000003
0.66066
0.6687800000000003
0.6686200000000002
0.6645800000000002
0.6630600000000002
0.6675999999999996
0.6634
0.6689600000000003
0.6658800000000002
0.6657199999999998
0.66916
0.6647
0.6647000000000003
0.6704400000000004
0.6665800000000001
0.66634
0.6688200000000001
0.6616800000000002
0.6703200000000001
0.6638199999999997
0.6687399999999997
0.6644400000000001
0.66758
0.66428
0.6686599999999998
0.66608
0.6664200000000001
0.6667400000000001
0.66826
0.6686600000000001
0.6641800000000001
0.6662599999999999
0.66574
0.6697799999999997
0.66522
0.66836
0.6648999999999999
0.6696
0.66488
0.6692999999999998
0.6644199999999999
0.6680599999999999
0.6653199999999998
0.6670799999999999
0.6655800000000001
0.66622
0.6688400000000003
0.6657799999999996
0.6671599999999998
0.66734
0.6692199999999998
0.6644800000000001
0.66798
0.6653000000000001
0.6681799999999999
0.6659200000000003
0.6676800000000002
0.6646000000000001
0.6665799999999998
0.6667800000000003
0.6631399999999998
0.6686
0.6662600000000002
0.6645599999999999
0.6665599999999999
0.6667400000000003
0.66886
0.6647399999999999
0.6676600000000001
0.6658600000000001
0.6662599999999999
0.6687199999999999
0.66844
0.6662200000000001
0.6685599999999998
0.6657200000000004
0.6645
0.6657800000000001
0.6673399999999999
0.6680600000000002
0.66466
0.6667399999999998
0.66456
0.6690199999999998
0.6649200000000001
0.6671400000000002
0.6665399999999999
0.6680199999999998
0.6693800000000002
0.66438
0.6679400000000002
0.6685399999999998
0.6633400000000002
0.6693400000000002
0.6648800000000002
0.66864
0.6658
0.66668
0.6668799999999999
0.6650000000000001
0.6650000000000001
0.6679400000000002
0.6685800000000002
0.6660800000000003
0.6644199999999999
0.6719200000000002
0.6638999999999998
0.6684000000000003
0.6675000000000001
0.6674599999999998
0.6653800000000003
0.66766
0.66842
0.6686799999999998
0.66354
0.6709
0.6660800000000002
0.6664399999999998
0.6675800000000001
0.6667999999999998
0.6643600000000002
