0.19999999999999962
0.5161999999999998
0.8264
0.8946
0.9043999999999999
0.9002000000000001
0.9020000000000006
0.8994000000000003
0.9047999999999999
0.8968000000000004
0.9054000000000002
0.9066000000000003
0.9047999999999997
0.8979999999999997
0.9044000000000005
0.9007999999999996
0.8957999999999997
0.8944000000000001
0.9016000000000003
0.9047999999999997
0.8978000000000005
0.9019999999999999
0.8944
0.9053999999999998
0.8972000000000001
0.9003999999999996
0.8985999999999994
0.8924000000000006
0.9006000000000001
0.9085999999999999
0.8992000000000004
0.8973999999999998
0.894
0.9018
0.8997999999999999
0.9039999999999998
0.9086000000000003
0.8914000000000004
0.8974000000000006
0.8982000000000002
0.8956000000000002
0.8994000000000005
0.9042000000000003
0.9042000000000001
0.8998
0.8988000000000003
0.9030000000000001
0.9060000000000002
0.8995999999999996
0.9010000000000002
0.8930000000000001
0.8914000000000004
0.8956000000000001
0.9012000000000002
0.8942000000000004
0.8986000000000002
0.9011999999999994
0.8924000000000002
0.9086000000000002
0.9
0.8948000000000004
0.9020000000000005
0.8980000000000002
0.9037999999999998
0.8994
0.8987999999999998
0.8998000000000002
0.8878
0.8976000000000003
0.8944
0.8978000000000002
0.9034000000000002
0.9080000000000003
0.9060000000000002
0.9064
0.9012
0.8967999999999996
0.9046000000000004
0.9007999999999998
0.9039999999999998
0.9066
0.8992000000000003
0.8972
0.9036000000000003
0.8985999999999998
0.9010000000000001
0.8965999999999998
0.8990000000000002
0.9074
0.9050000000000001
0.9013999999999999
0.8968000000000004
0.8994000000000003
0.8948000000000004
0.8978000000000002
0.8998000000000005
0.9015999999999998
0.9127999999999997
0.8952000000000007
0.9039999999999999
0.9070000000000004
0.8994000000000005
0.8986000000000004
0.9022000000000001
0.9039999999999996
0.8939999999999999
0.9052
0.8933999999999999
0.9062000000000002
0.8960000000000007
0.8934000000000002
0.9090000000000004
0.9008000000000002
0.9060000000000004
0.9026000000000001
0.8992000000000001
0.9024000000000002
0.8964000000000002
0.9004000000000002
0.9024
0.9024000000000005
0.8970000000000005
0.9014000000000002
0.9042000000000004
0.8938000000000003
0.8873999999999996
0.9060000000000005
0.9102
0.9009999999999998
0.8994
0.9002000000000001
0.8976000000000001
0.8982000000000003
0.9052000000000002
0.9003999999999999
0.9016000000000003
0.8996000000000002
0.8950000000000002
0.898
0.8947999999999997
0.9026000000000001
0.9062
0.8979999999999997
0.8955999999999998
0.9034000000000002
0.9014000000000002
0.8968000000000003
0.8972000000000001
0.8992000000000003
0.8932000000000001
0.9022
0.8980000000000007
0.9060000000000002
0.9011999999999998
0.8970000000000004
0.8928000000000005
0.9016000000000001
0.8984000000000002
0.8985999999999998
0.9038000000000003
0.8966
0.9004000000000001
0.8957999999999998
0.8928
0.9043999999999995
0.8970000000000004
0.8977999999999998
0.9031999999999999
0.8946000000000006
0.9012
0.9008000000000003
0.9032000000000002
0.8955999999999998
0.9017999999999999
0.8954
0.9016
0.9014
0.895
0.9048000000000003
0.8956000000000004
0.8956000000000003
0.8962000000000002
0.8958000000000003
0.9010000000000001
0.8988000000000004
0.8970000000000005
0.8844000000000001
0.8905999999999997
0.9001999999999998
0.907
0.9027999999999998
0.8972
0.898
0.9056000000000003
0.8934000000000003
0.9029999999999998
0.9074000000000001
0.8962000000000002
0.8943999999999999
0.9046000000000002
0.8922
0.8972000000000002
0.8904000000000003
0.8934000000000002
0.9061999999999999
0.9036000000000003
0.9076000000000002
0.9014
0.8956000000000001
0.9007999999999999
0.8966
0.9018000000000005
0.8984000000000001
0.8992
0.9009999999999998
0.8898
0.9041999999999998
0.8957999999999996
0.9061999999999997
0.8991999999999999
0.9047999999999997
0.8965999999999998
0.9048000000000002
0.8974000000000001
0.9030000000000004
0.9000000000000001
0.9042
0.9028000000000002
0.8957999999999999
0.8946
0.9040000000000002
0.9054000000000002
0.9016
0.9146000000000001
0.8962000000000003
0.9004000000000001
0.91
0.8990000000000004
0.8944000000000001
0.9019999999999999
0.9050000000000001
0.8998000000000002
0.9026
0.8959999999999999
0.9018000000000004
0.9002
0.8934000000000001
0.8983999999999996
0.9010000000000001
0.8967999999999999
0.8926
0.9031999999999999
0.8952000000000001
0.8978
0.9007999999999998
0.8994000000000004
0.9
0.8974000000000004
0.9028000000000002
0.9007999999999997
0.8916000000000003
0.8975999999999997
0.9039999999999999
0.9057999999999998
0.8993999999999999
0.8974000000000001
0.8988
0.8938000000000005
0.8954000000000001
0.8960000000000002
0.9003999999999999
0.9002000000000003
0.9000000000000006
0.8940000000000003
0.8964
0.9032000000000004
0.9028000000000002
0.9031999999999999
0.8974000000000004
0.9009999999999999
0.9053999999999998
0.8976
0.8946000000000004
0.8986
0.8981999999999997
0.9004000000000006
0.8954
0.9002000000000001
0.8969999999999998
0.9010000000000007
0.9058000000000002
0.8985999999999998
0.9039999999999998
0.8957999999999998
0.8966
0.91
0.8989999999999999
0.8923999999999999
0.9049999999999998
0.8985999999999998
0.9044
0.9008000000000003
0.8924
0.8946000000000005
0.8946000000000005
0.898
0.9045999999999998
0.9058000000000002
0.8950000000000001
0.9011999999999998
0.8834000000000001
0.8946
0.9014
0.8989999999999998
0.8970000000000001
0.8924000000000001
0.9031999999999999
0.8928000000000003
0.9002000000000001
0.9025999999999997
0.8970000000000006
0.9058000000000002
0.8936000000000003
0.8990000000000005
0.9020000000000005
0.9040000000000002
0.9010000000000002
0.9016
0.9002000000000001
0.9028
0.8972
0.8937999999999999
0.9016
0.8952000000000001
0.8956000000000001
0.8984000000000001
0.8998
0.8986000000000003
0.8930000000000002
0.8966000000000001
0.9024
0.8982000000000001
0.9105999999999999
0.8922000000000001
0.8956000000000003
0.9014
0.9006000000000001
0.9056000000000001
0.9001999999999998
0.9030000000000002
0.9068000000000005
0.9004000000000003
0.9016000000000001
0.9092
0.9056000000000003
0.9000000000000005
0.9005999999999998
0.8910000000000002
0.9033999999999999
0.8913999999999997
0.9014000000000004
0.8996000000000001
0.8956000000000001
0.9049999999999997
0.9047999999999997
0.9079999999999994
0.8980000000000001
0.9042
0.9018000000000004
0.9039999999999999
0.9071999999999996
0.9040000000000002
0.8995999999999998
0.9012000000000002
0.8965999999999997
0.9011999999999999
0.8972
0.897
0.9004000000000006
0.8980000000000004
0.9060000000000002
0.9002000000000003
0.9008000000000002
0.8977999999999997
0.8987999999999999
0.9040000000000004
0.9016000000000004
0.8971999999999999
0.8954
0.9033999999999998
0.8976000000000001
0.8996000000000002
0.8995999999999998
0.9007999999999999
0.9044000000000001
0.9036000000000004
0.9060000000000001
0.898
0.8991999999999996
0.9024000000000001
0.9026
0.9003999999999999
0.8988000000000004
0.9006000000000002
0.9106000000000002
0.9020000000000005
0.8907999999999997
0.8996000000000005
0.9002
0.9029999999999998
0.8986000000000002
0.9050000000000002
0.9059999999999999
0.9017999999999999
0.9022000000000004
0.8981999999999999
0.8997999999999999
0.9007999999999999
0.8951999999999998
0.8969999999999998
0.8933999999999999
0.8914000000000003
0.8948000000000004
0.9062000000000003
0.8970000000000001
0.8992
0.9014000000000003
0.8996000000000001
0.8996000000000006
0.9012000000000003
0.8972000000000002
0.8982000000000001
0.9054000000000005
0.9016
0.9004000000000002
0.8948
0.9037999999999997
0.9022000000000001
0.8976
0.8976000000000001
0.9016000000000004
0.9
0.8964000000000004
0.9004000000000003
0.9050000000000006
0.8957999999999999
0.9023999999999996
0.9019999999999997
0.8976000000000002
0.9012
0.9018000000000004
0.9059999999999998
0.9061999999999998
0.9014000000000004
0.9029999999999998
0.9024000000000001
0.8990000000000004
0.9023999999999996
0.9002000000000002
0.8994000000000005
0.9004000000000002
0.8975999999999995
0.8960000000000001
0.9030000000000008
0.8983999999999999
0.9084000000000003
0.9046000000000001
0.8968000000000004
0.9080000000000001
0.8999999999999999
0.8971999999999997
0.9053999999999999
0.8944000000000004
0.8966000000000001
0.9002000000000003
0.9047999999999999
0.8987999999999998
0.9001999999999998
0.9046
0.8994
0.9045999999999998
0.9040000000000002
0.9002000000000002
0.9031999999999999
0.9056000000000002
0.9062000000000002
0.8862000000000002
0.9072000000000006
0.8973999999999995
0.8960000000000001
0.8948
0.9007999999999999
0.8911999999999999
0.9006000000000002
0.9022000000000001
0.9028
0.9001999999999998
0.8995999999999998
0.9019999999999999
0.9038000000000003
0.8998000000000002
0.9035999999999995
0.8944000000000003
0.9040000000000004
0.9041999999999999
0.9091999999999999
0.8981999999999999
0.8950000000000002
0.9008000000000004
0.9038000000000003
0.8989999999999998
0.9010000000000005
0.9006000000000001
0.9022000000000001
0.9010000000000002
0.8932000000000003
0.8970000000000004
0.9020000000000001
0.8999999999999999
0.9004000000000001
0.8968
0.9037999999999998
0.9002000000000003
0.8933999999999993
0.9012000000000004
0.9041999999999999
0.8996
0.8992000000000001
0.8988
0.9
0.8930000000000002
0.904
0.8996000000000001
0.9048000000000007
0.8946000000000004
0.9004000000000002
0.8986000000000003
0.9002000000000003
0.9042000000000001
0.9000000000000001
0.8931999999999999
0.8936000000000003
0.8956000000000001
0.8952000000000004
0.9006000000000001
0.8914000000000003
0.8962
0.8956000000000003
0.8980000000000002
0.9068
0.9022000000000002
0.9000000000000001
0.9010000000000002
0.8966
0.8973999999999998
0.9054000000000001
0.8948000000000004
0.8912
0.9012000000000008
0.902
0.8927999999999997
0.8946000000000001
0.8992000000000004
0.9067999999999998
0.9046000000000005
0.9013999999999999
0.9
0.8935999999999998
0.9034000000000002
0.8989999999999999
0.8992000000000001
0.8940000000000005
0.9005999999999998
0.8988000000000003
0.8941999999999999
0.8998000000000005
0.8992000000000003
0.8977999999999998
0.8951999999999998
0.9037999999999997
0.8941999999999999
0.9058000000000003
0.8998000000000004
0.8980000000000004
0.8997999999999997
0.8936000000000003
0.9017999999999998
0.9015999999999998
0.9014
0.9006000000000002
0.8968000000000003
0.9093999999999999
0.8988000000000004
0.9002000000000003
0.8979999999999998
0.8990000000000002
0.9008000000000002
0.9036000000000002
0.9049999999999996
0.8961999999999998
0.9049999999999998
0.8931999999999997
0.8950000000000006
0.9026000000000003
0.8920000000000005
0.8999999999999999
0.8930000000000002
0.8958000000000002
0.9052
0.9044000000000003
0.8968000000000006
0.9072
0.8974000000000002
0.904
0.9002
0.9038
0.8947999999999996
0.9007999999999999
0.8942000000000003
0.8968
0.8979999999999996
0.8937999999999997
0.9037999999999999
0.9074000000000002
0.9076000000000001
0.9021999999999999
0.912
0.9083999999999999
0.9009999999999998
0.9006000000000003
0.8944000000000003
0.8980000000000006
0.8978
0.8978
0.9050000000000001
0.8924000000000004
0.8925999999999996
0.8934000000000001
0.9007999999999998
0.8931999999999997
0.9014
0.8936
0.8998000000000002
0.9006000000000002
0.8986000000000003
0.9004000000000002
0.9092
0.9028
0.8968000000000003
0.9002000000000001
0.9026000000000002
0.9002000000000001
0.9028000000000003
0.9016000000000003
0.9065999999999999
0.9064
0.9081999999999999
0.8976000000000002
0.8984000000000003
0.8928
0.8939999999999997
0.9009999999999999
0.8926000000000003
0.9006000000000002
0.9012000000000004
0.9000000000000001
0.9008000000000002
0.9017999999999998
0.9021999999999999
0.8904000000000006
0.8940000000000003
0.9099999999999996
0.8910000000000005
0.8999999999999996
0.9041999999999998
0.9042000000000001
0.8985999999999997
0.9020000000000001
0.8976000000000002
0.8922000000000001
0.9046000000000004
0.9001999999999998
0.9022000000000002
0.9026000000000003
0.8964000000000002
0.8922
0.8922000000000001
0.9002000000000001
0.9112000000000002
0.8949999999999999
0.9034000000000002
0.8944000000000001
0.9006000000000003
0.8973999999999998
0.8948
0.8941999999999999
0.9064
0.9034000000000002
0.9007999999999999
0.898
0.9057999999999999
0.9024000000000002
0.894
0.9028000000000003
0.8988000000000003
0.8972
0.8962
0.8954
0.9026000000000002
0.9078000000000003
0.8992
0.9008000000000003
0.8959999999999999
0.907
0.9018
0.8958000000000002
0.8962
0.9024000000000004
0.9022000000000002
0.9116
0.8982000000000001
0.8972
0.9013999999999995
0.8930000000000007
0.8984000000000002
0.8982000000000003
0.8994000000000004
0.8920000000000003
0.9020000000000001
0.8990000000000005
0.8945999999999996
0.8991999999999999
0.8966000000000003
0.9006000000000004
0.8958000000000002
0.8940000000000005
0.9062000000000004
0.9012000000000002
0.9022000000000002
0.8968000000000006
0.9050000000000005
0.8963999999999999
0.8952000000000001
0.8964000000000003
0.9011999999999997
0.8980000000000002
0.9034
0.9003999999999998
0.9002000000000001
0.9004000000000003
0.8932000000000002
0.8932000000000003
0.9072000000000002
0.8956000000000001
0.8966
0.8980000000000002
0.8922
0.9099999999999995
0.9074000000000001
0.8972000000000001
0.903
0.8973999999999998
0.8986000000000002
0.9004000000000005
0.9010000000000002
0.8976000000000001
0.8998000000000004
0.9037999999999998
0.9000000000000001
0.8947999999999997
0.9007999999999999
0.8994
0.9033999999999998
0.8996
0.8946000000000004
0.892
0.8949999999999997
0.8904000000000002
0.8986
0.9044000000000001
0.9082000000000003
0.9040000000000004
0.899
0.9012000000000003
0.8949999999999995
0.9056000000000001
0.9046000000000001
0.9002000000000003
0.8896000000000004
0.9006000000000002
0.9083999999999994
0.8994000000000001
0.9036
0.8977999999999998
0.8994
0.8932000000000001
0.8991999999999996
0.8923999999999999
0.8994
0.8971999999999999
0.9005999999999998
0.9028000000000002
0.8951999999999998
0.9038000000000004
0.9029999999999997
0.8928
0.9069999999999999
0.9033999999999999
0.9063999999999999
0.8964000000000002
0.9026000000000001
0.8957999999999999
0.8998000000000002
0.9054000000000001
0.8932000000000001
0.8993999999999999
0.902
0.9002000000000001
0.9003999999999996
0.8939999999999998
0.8934000000000001
0.8979999999999998
0.9048
0.9076000000000002
0.9030000000000001
0.903
0.9
0.9023999999999996
0.8916
0.8982000000000003
0.9010000000000001
0.9062
0.8963999999999999
0.8965999999999995
0.8960000000000001
0.8948000000000006
0.9022000000000004
0.9016000000000003
0.9018
0.895
0.9045999999999998
0.8964000000000005
0.8952
0.8940000000000005
0.8992000000000001
0.9017999999999998
0.8986
0.8933999999999997
0.8992
0.8938000000000001
0.9028000000000005
0.8942000000000001
0.9004000000000005
0.9027999999999998
0.9031999999999998
0.8990000000000004
0.8978
0.8992000000000004
0.9002000000000003
0.9049999999999998
0.909
0.8942000000000001
0.9032000000000001
0.8988
0.9023999999999998
0.8913999999999999
0.8944000000000004
0.9014000000000003
0.9000000000000007
0.8993999999999999
0.8959999999999999
0.9087999999999998
0.9009999999999997
0.8911999999999999
0.9028000000000006
0.8985999999999998
0.9058000000000004
0.8999999999999997
0.9032000000000004
0.9023999999999996
0.9022000000000001
0.8946000000000002
0.9073999999999998
0.897
0.8938000000000003
0.9041999999999999
0.8972000000000002
0.8911999999999999
0.9078000000000002
0.9016
0.8988
0.8962000000000002
0.91
0.904
0.9052000000000001
0.9020000000000001
0.9022
0.8922000000000001
0.9032000000000002
0.9008000000000004
0.9028000000000003
0.9039999999999999
0.9022000000000001
0.8968000000000003
0.8993999999999996
0.8988000000000004
0.9048000000000002
0.8965999999999998
0.9042000000000001
0.8993999999999999
0.8997999999999997
0.9018000000000005
0.9004000000000002
0.904
0.8966000000000004
0.9012000000000003
0.9007999999999997
0.8992
0.8993999999999996
0.9033999999999998
0.8956000000000002
0.9000000000000002
0.8994000000000001
0.9032000000000003
0.9009999999999999
0.8948
0.9041999999999998
0.8962000000000003
0.8912000000000004
0.9057999999999998
0.9000000000000001
0.9024000000000004
0.9032000000000003
0.9011999999999998
0.8976
0.8997999999999999
0.897
0.8978000000000002
0.9009999999999999
0.9028000000000003
0.909
0.8980000000000004
0.8964000000000003
0.8996000000000001
0.8972000000000006
0.8952000000000001
0.8998000000000005
0.9008000000000004
0.9023999999999998
0.9037999999999999
0.8982000000000003
0.8974000000000001
0.8937999999999997
0.9024000000000002
0.9016
0.9018000000000005
0.9019999999999999
0.9094
0.8989999999999998
0.9072000000000001
0.8960000000000002
0.9084
0.9026000000000003
0.9024
0.8954000000000002
0.9041999999999999
0.9051999999999997
0.8982000000000007
0.8956000000000002
0.9010000000000005
0.9038
0.9019999999999999
0.9013999999999998
0.8952000000000001
0.8916000000000003
0.9026000000000002
0.9074
0.9018
0.8962000000000002
0.8980000000000001
0.9010000000000002
0.8991999999999999
0.9031999999999999
0.8983999999999996
0.8982000000000002
0.9044000000000003
0.8926
0.9037999999999999
0.9068
0.8967999999999998
0.888
0.8998000000000004
0.9039999999999999
0.8996
0.9020000000000001
0.8986000000000003
0.9026000000000003
0.8969999999999998
0.8988000000000003
0.9037999999999998
