0.19999999999999962
0.48
0.6591999999999995
0.6263999999999998
0.6377999999999998
0.6238000000000001
0.6373999999999999
0.6405999999999998
0.6306
0.6365999999999997
0.6414
0.6367999999999996
0.6209999999999998
0.6301999999999998
0.6307999999999996
0.6371999999999997
0.6353999999999997
0.6371999999999998
0.6265999999999997
0.6455999999999997
0.6327999999999997
0.6409999999999998
0.6493999999999995
0.6272
0.6349999999999996
0.6401999999999998
0.6281999999999998
0.6319999999999997
0.6408
0.6313999999999997
0.6292
0.6281999999999995
0.6257999999999997
0.6373999999999996
0.6289999999999999
0.6345999999999998
0.6329999999999998
0.6388
0.6295999999999999
0.6294000000000001
0.6275999999999995
0.6303999999999996
0.6323999999999996
0.6229999999999998
0.6421999999999997
0.6403999999999997
0.6237999999999998
0.6441999999999993
0.6324
0.6301999999999999
0.6335999999999996
0.6297999999999997
0.6339999999999998
0.6415999999999998
0.6271999999999998
0.6361999999999994
0.6291999999999998
0.6213999999999998
0.6429999999999997
0.6242000000000002
0.6298
0.6309999999999999
0.632
0.6406000000000001
0.6371999999999997
0.6297999999999998
0.6405999999999998
0.6301999999999999
0.6274000000000002
0.631
0.6315999999999998
0.6304
0.6244000000000003
0.6547999999999997
0.6237999999999997
0.6371999999999998
0.6207999999999998
0.6269999999999997
0.6275999999999997
0.6355999999999997
0.6339999999999999
0.6347999999999999
0.63
0.6341999999999998
0.6311999999999998
0.6395999999999998
0.6305999999999997
0.6351999999999998
0.6279999999999998
0.6431999999999997
0.6267999999999998
0.6343999999999997
0.6365999999999999
0.6303999999999996
0.6263999999999997
0.6291999999999998
0.6381999999999999
0.6311999999999997
0.6355999999999999
0.6285999999999996
0.6315999999999997
0.6324000000000001
0.6316000000000002
0.6361999999999999
0.6413999999999995
0.6392000000000002
0.6283999999999998
0.6466
0.6247999999999998
0.6361999999999999
0.6453999999999998
0.6204000000000002
0.6381999999999997
0.6251999999999998
0.6439999999999999
0.6332
0.6361999999999994
0.6372000000000001
0.6313999999999997
0.6371999999999998
0.6375999999999997
0.6288000000000001
0.6395999999999996
0.6249999999999997
0.6243999999999997
0.6329999999999998
0.6343999999999999
0.6405999999999998
0.6295999999999998
0.625
0.6391999999999998
0.6405999999999998
0.6265999999999997
0.6324
0.637
0.6215999999999998
0.6373999999999994
0.6335999999999998
0.6339999999999999
0.6350000000000001
0.6267999999999998
0.6413999999999999
0.634
0.6259999999999999
0.6295999999999999
0.6375999999999996
0.637
0.6239999999999999
0.6497999999999997
0.6299999999999999
0.6447999999999999
0.6198
0.6407999999999998
0.6225999999999995
0.6387999999999999
0.6231999999999996
0.6413999999999997
0.6292000000000002
0.6214
0.6313999999999997
0.6363999999999999
0.6307999999999999
0.6371999999999998
0.6287999999999997
0.6338
0.6351999999999999
0.6353999999999997
0.6424
0.6312
0.6301999999999998
0.6313999999999997
0.6311999999999999
0.6387999999999995
0.6384
0.6376
0.6331999999999995
0.6273999999999996
0.6305999999999998
0.6387999999999997
0.6353999999999996
0.6372000000000003
0.6287999999999998
0.6331999999999999
0.6291999999999999
0.6275999999999996
0.6337999999999996
0.6235999999999998
0.6331999999999998
0.6251999999999996
0.6399999999999998
0.6297999999999997
0.6239999999999999
0.6281999999999998
0.6323999999999996
0.6237999999999996
0.6279999999999999
0.6322000000000001
0.6509999999999997
0.6335999999999999
0.6341999999999998
0.6151999999999995
0.6384000000000001
0.6402
0.6358
0.6367999999999998
0.6325999999999998
0.6409999999999999
0.6244
0.6127999999999998
0.6357999999999998
0.6446000000000002
0.6317999999999999
0.6260000000000002
0.6316000000000002
0.6264
0.6327999999999997
0.6389999999999997
0.6426
0.6341999999999999
0.6314
0.6423999999999999
0.6281999999999996
0.6307999999999998
0.6424
0.6119999999999999
0.6465999999999995
0.6262
0.6510000000000001
0.6165999999999999
0.6365999999999998
0.6189999999999997
0.6283999999999998
0.6387999999999999
0.6365999999999999
0.6402
0.6299999999999996
0.6277999999999999
0.6295999999999998
0.6309999999999999
0.6303999999999997
0.6309999999999995
0.6385999999999998
0.6212000000000003
0.6437999999999997
0.6319999999999997
0.6303999999999995
0.6385999999999994
0.6253999999999998
0.628
0.6389999999999997
0.6279999999999996
0.6228000000000001
0.6425999999999996
0.6393999999999999
0.6354000000000001
0.6253999999999996
0.6311999999999998
0.6285999999999996
0.6337999999999999
0.6307999999999998
0.6485999999999998
0.6227999999999998
0.628
0.6427999999999997
0.6375999999999997
0.6397999999999997
0.6293999999999997
0.6229999999999997
0.6337999999999997
0.6255999999999999
0.6354
0.6387999999999998
0.6261999999999994
0.6245999999999997
0.6371999999999999
0.6309999999999999
0.6297999999999999
0.6399999999999998
0.6287999999999997
0.6357999999999999
0.6269999999999998
0.6295999999999996
0.6341999999999998
0.6407999999999996
0.6256
0.6377999999999999
0.6426
0.6334
0.6325999999999997
0.6247999999999997
0.6333999999999997
0.6227999999999998
0.6474000000000002
0.6238000000000001
0.6311999999999999
0.6376000000000001
0.638
0.6339999999999998
0.6426000000000001
0.6364
0.6364
0.6325999999999999
0.6405999999999998
0.6284000000000001
0.6251999999999998
0.6427999999999998
0.6331999999999999
0.6304
0.6336
0.632
0.6405999999999996
0.6285999999999998
0.6263999999999998
0.6454
0.625
0.6289999999999999
0.6374
0.6315999999999998
0.6301999999999998
0.6313999999999999
0.6437999999999999
0.6348000000000001
0.6252
0.6318
0.6444
0.6319999999999998
0.6269999999999999
0.6303999999999998
0.6245999999999998
0.6315999999999998
0.6295999999999998
0.6285999999999998
0.6415999999999997
0.6304
0.6391999999999997
0.6320000000000001
0.6291999999999999
0.634
0.6293999999999997
0.6217999999999998
0.6289999999999999
0.6394
0.6248
0.6305999999999998
0.6325999999999999
0.6385999999999997
0.6347999999999998
0.6312000000000001
0.6254000000000002
0.6351999999999999
0.6367999999999998
0.6299999999999998
0.6279999999999998
0.6327999999999997
0.6223999999999994
0.6257999999999997
0.6289999999999997
0.6257999999999999
0.6449999999999999
0.6325999999999996
0.6325999999999997
0.615
0.6254
0.6361999999999997
0.6255999999999999
0.6397999999999997
0.6264
0.6277999999999998
0.6436
0.6391999999999998
0.6109999999999998
0.6395999999999997
0.6377999999999997
0.6376
0.6389999999999997
0.6447999999999997
0.6338000000000001
0.6314
0.6393999999999999
0.6212
0.6383999999999997
0.6353999999999997
0.6331999999999998
0.6219999999999998
0.6349999999999998
0.6296
0.6325999999999997
0.6267999999999997
0.6424
0.6235999999999998
0.6390000000000001
0.6341999999999998
0.6252
0.6303999999999998
0.6344
0.6385999999999998
0.6415999999999998
0.6439999999999998
0.6271999999999996
0.6337999999999997
0.6363999999999997
0.6359999999999999
0.6258
0.6367999999999995
0.6311999999999999
0.6282000000000001
0.6407999999999997
0.627
0.6281999999999998
0.6345999999999998
0.6291999999999999
0.6381999999999999
0.6364
0.629
0.6265999999999996
0.6335999999999996
0.6295999999999998
0.6275999999999999
0.6243999999999997
0.6451999999999997
0.6287999999999996
0.6434000000000001
0.6263999999999996
0.6325999999999998
0.6235999999999996
0.6391999999999995
0.6403999999999997
0.6294
0.6319999999999996
0.6419999999999999
0.6291999999999998
0.6435999999999998
0.6345999999999996
0.6287999999999998
0.6307999999999998
0.6433999999999997
0.6269999999999999
0.6321999999999999
0.6351999999999997
0.6271999999999996
0.6383999999999999
0.6374000000000001
0.6292
0.6311999999999998
0.6273999999999998
0.6317999999999998
0.6303999999999996
0.6299999999999997
0.6319999999999998
0.6376
0.6357999999999998
0.6187999999999999
0.6363999999999996
0.6337999999999999
0.6392
0.6313999999999994
0.6325999999999998
0.6339999999999999
0.6221999999999999
0.632
0.6278000000000001
0.6390000000000001
0.6239999999999997
0.6297999999999999
0.6329999999999996
0.6291999999999998
0.6311999999999999
0.6345999999999997
0.6217999999999999
0.6283999999999998
0.6331999999999999
0.6297999999999998
0.63
0.6347999999999998
0.638
0.6455999999999997
0.6304
0.6131999999999999
0.6277999999999999
0.6223999999999998
0.6255999999999998
0.6322
0.6377999999999996
0.6287999999999997
0.6339999999999999
0.6319999999999998
0.64
0.6242
0.6261999999999996
0.6351999999999998
0.6367999999999996
0.6355999999999998
0.6331999999999998
0.6257999999999998
0.6253999999999998
0.6326
0.6242
0.6312000000000001
0.6354
0.6357999999999998
0.6238000000000001
0.6323999999999997
0.6327999999999996
0.6337999999999997
0.6301999999999996
0.6294
0.6376000000000002
0.6247999999999999
0.6381999999999999
0.6269999999999998
0.6221999999999999
0.6359999999999997
0.6355999999999997
0.6344000000000001
0.6347999999999998
0.6327999999999998
0.6317999999999999
0.6327999999999997
0.6307999999999998
0.6335999999999997
0.6365999999999999
0.6219999999999998
0.6273999999999997
0.6277999999999998
0.6454000000000001
0.6242
0.6363999999999999
0.6408000000000001
0.6347999999999999
0.6239999999999998
0.6379999999999999
0.6366
0.6388000000000001
0.6311999999999998
0.6343999999999997
0.6294
0.6441999999999999
0.6236
0.6355999999999996
0.6305999999999998
0.6359999999999996
0.6310000000000001
0.6392
0.6347999999999997
0.6323999999999996
0.6289999999999996
0.634
0.6269999999999998
0.6369999999999998
0.6433999999999999
0.6375999999999997
0.6399999999999993
0.6375999999999995
0.6282
0.6122
0.6403999999999996
0.6257999999999999
0.6317999999999997
0.6303999999999998
0.6339999999999999
0.6253999999999995
0.6369999999999997
0.6323999999999999
0.6462
0.6325999999999997
0.645
0.6247999999999998
0.6368
0.6355999999999997
0.6357999999999996
0.6435999999999998
0.6223999999999998
0.6311999999999998
0.6385999999999997
0.6271999999999998
0.6377999999999999
0.6275999999999999
0.6295999999999998
0.6335999999999999
0.6275999999999997
0.6424
0.6395999999999997
0.6255999999999996
0.6415999999999998
0.6219999999999999
0.6313999999999996
0.6289999999999997
0.6474000000000001
0.6307999999999996
0.6335999999999998
0.6265999999999997
0.6395999999999996
0.6332
0.6308
0.6330000000000001
0.6197999999999999
0.6377999999999999
0.6237999999999999
0.6316000000000002
0.6286000000000002
0.6285999999999998
0.6332000000000001
0.6345999999999997
0.6322
0.6339999999999998
0.6373999999999996
0.6403999999999997
0.6224000000000001
0.6311999999999997
0.6292000000000001
0.6272
0.6305999999999999
0.6453999999999996
0.6231999999999998
0.6259999999999999
0.637
0.6377999999999999
0.6364000000000002
0.6269999999999998
0.6409999999999999
0.6185999999999998
0.6379999999999998
0.6287999999999999
0.6307999999999998
0.6323999999999999
0.631
0.6351999999999999
0.6332
0.6359999999999997
0.6478
0.6262000000000001
0.6381999999999999
0.6266000000000002
0.6491999999999999
0.6325999999999997
0.6375999999999997
0.6247999999999996
0.6321999999999997
0.6363999999999997
0.6271999999999999
0.6231999999999998
0.6389999999999998
0.6193999999999997
0.6327999999999995
0.6299999999999998
0.6323999999999997
0.6345999999999996
0.6305999999999998
0.634
0.6345999999999998
0.6265999999999997
0.6353999999999996
0.6243999999999997
0.6325999999999997
0.6294
0.6317999999999997
0.6263999999999998
0.6297999999999994
0.6285999999999998
0.6342000000000001
0.6233999999999997
0.6303999999999998
0.6339999999999998
0.6301999999999999
0.6283999999999998
0.6261999999999996
0.6327999999999998
0.6393999999999996
0.634
0.6299999999999998
0.6264000000000001
0.6327999999999998
0.6372
0.6229999999999998
0.6342
0.6353999999999997
0.6362000000000002
0.6382000000000001
0.6257999999999998
0.633
0.6386
0.6265999999999997
0.6414
0.6259999999999996
0.6308000000000001
0.6335999999999998
0.6391999999999998
0.6229999999999998
0.6259999999999998
0.6339999999999998
0.6279999999999997
0.6439999999999997
0.6288
0.6348
0.6317999999999999
0.6399999999999999
0.6253999999999998
0.6419999999999996
0.6172000000000001
0.6367999999999998
0.6287999999999997
0.6331999999999998
0.6287999999999999
0.6257999999999999
0.6291999999999996
0.6349999999999999
0.6353999999999999
0.6301999999999996
0.6451999999999997
0.6193999999999998
0.6357999999999998
0.6327999999999995
0.6333999999999996
0.6310000000000001
0.6357999999999998
0.6267999999999998
0.6365999999999997
0.6372000000000001
0.6337999999999997
0.6333999999999997
0.6369999999999998
0.6269999999999998
0.6393999999999999
0.6203999999999997
0.6431999999999997
0.6411999999999999
0.6194
0.634
0.6337999999999997
0.6327999999999999
0.6319999999999998
0.6198000000000001
0.6291999999999998
0.6327999999999999
0.6299999999999999
0.6411999999999998
0.6349999999999999
0.6262000000000001
0.6355999999999997
0.6403999999999997
0.6247999999999998
0.6338
0.6359999999999999
0.6282
0.6298000000000001
0.6405999999999996
0.6225999999999998
0.6245999999999998
0.6427999999999996
0.6322000000000001
0.6277999999999999
0.6333999999999999
0.6315999999999999
0.6361999999999999
0.6337999999999999
0.6271999999999999
0.6357999999999996
0.635
0.6325999999999999
0.6369999999999999
0.6198
0.6309999999999998
0.6376
0.6222000000000003
0.6389999999999999
0.6325999999999996
0.6347999999999996
0.6345999999999997
0.6457999999999998
0.6329999999999999
0.6186
0.6436
0.6319999999999999
0.6249999999999997
0.6459999999999999
0.6375999999999996
0.6335999999999997
0.6429999999999998
0.6357999999999998
0.6261999999999996
0.6377999999999999
0.6349999999999998
0.6415999999999998
0.6337999999999997
0.6467999999999998
0.6355999999999999
0.6413999999999999
0.6305999999999995
0.6309999999999999
0.6319999999999997
0.6415999999999997
0.6343999999999999
0.6239999999999999
0.6355999999999998
0.6367999999999996
0.6425999999999997
0.6323999999999999
0.6399999999999998
0.6353999999999999
0.633
0.6350000000000001
0.6285999999999998
0.6432000000000001
0.6295999999999998
0.6321999999999999
0.6256
0.6399999999999997
0.6311999999999995
0.643
0.6159999999999995
0.6269999999999999
0.6303999999999996
0.6327999999999997
0.6439999999999998
0.6509999999999998
0.6231999999999998
0.635
0.6287999999999998
0.6337999999999997
0.6334
0.6343999999999997
0.6407999999999997
0.6373999999999997
0.6275999999999997
0.6379999999999997
0.6351999999999997
0.6303999999999998
0.6351999999999999
0.6365999999999995
0.6319999999999999
0.6369999999999999
0.6371999999999997
0.6356
0.6421999999999997
0.6253999999999997
0.6359999999999997
0.6389999999999999
0.6292
0.6349999999999996
0.6354000000000001
0.6403999999999996
0.6225999999999998
0.6373999999999996
0.6359999999999996
0.6429999999999997
0.6325999999999999
0.6391999999999998
0.6404000000000001
0.6330000000000001
0.6282
0.6276000000000002
0.6315999999999996
0.6341999999999998
0.6355999999999998
0.6293999999999998
0.6352
0.6408
0.6245999999999999
0.6337999999999999
0.6314
0.6263999999999996
0.6346
0.6333999999999996
0.6459999999999998
0.6349999999999999
0.6244
0.6279999999999997
0.6327999999999995
0.6331999999999999
0.6402
0.6221999999999998
0.6259999999999999
0.6277999999999997
0.6381999999999999
0.6177999999999998
0.6311999999999999
0.6302000000000002
0.6349999999999999
0.6434000000000001
0.6197999999999998
0.6372
0.6259999999999996
0.6465999999999997
0.6326000000000002
0.6339999999999998
0.6283999999999996
0.6267999999999999
0.6239999999999999
0.6401999999999995
0.6391999999999998
0.6255999999999999
0.6385999999999995
0.6351999999999997
0.6293999999999997
0.633
0.6407999999999998
0.6225999999999999
0.6407999999999996
0.6285999999999998
0.6315999999999995
0.6377999999999999
0.6170000000000001
0.6383999999999999
0.6209999999999998
0.6335999999999995
0.6335999999999997
0.6437999999999999
0.6305999999999997
0.6371999999999999
0.6348000000000003
0.6339999999999997
0.637
0.6317999999999998
0.6359999999999999
0.6305999999999997
0.6259999999999999
0.6445999999999998
0.6219999999999997
0.6411999999999997
0.6308
0.6321999999999999
0.6407999999999997
0.6306
0.6304
0.6401999999999998
0.6270000000000001
0.6301999999999994
0.6367999999999998
0.6403999999999996
0.6359999999999999
0.6249999999999999
0.6332
0.6234000000000001
0.6259999999999994
0.6347999999999998
0.6319999999999999
0.6313999999999997
0.6229999999999997
0.6334000000000001
0.6313999999999999
0.6292000000000002
0.6323999999999997
0.6367999999999998
0.6273999999999996
0.6297999999999999
0.6345999999999998
0.6401999999999998
0.6347999999999999
0.6363999999999997
0.6367999999999999
0.6305999999999997
0.6403999999999997
0.6277999999999999
0.6354000000000002
0.6381999999999999
0.6269999999999998
0.6315999999999999
0.6362000000000001
0.6259999999999998
0.6367999999999998
0.6239999999999999
0.6257999999999996
0.6183999999999997
0.6369999999999996
0.6319999999999998
0.6351999999999998
0.6373999999999996
0.6269999999999998
0.6296
0.6331999999999998
0.6368000000000001
0.6325999999999997
0.6302000000000001
0.6380000000000001
0.6415999999999998
0.6329999999999996
0.6357999999999996
0.6217999999999999
0.6397999999999999
0.6341999999999998
0.6207999999999999
0.6403999999999997
0.6315999999999999
0.6339999999999999
0.6279999999999998
0.632
0.6539999999999998
0.6371999999999997
0.6267999999999998
0.6267999999999998
0.6381999999999997
0.6359999999999999
0.6365999999999999
0.6304000000000002
0.6187999999999999
0.6363999999999997
0.6397999999999996
0.6301999999999996
0.6409999999999997
0.6326
