0.19999999999999962
0.4027768313458263
0.5374446337308346
0.579199318568995
0.599471890971039
0.6046252129471893
0.6086967632027256
0.6112350936967633
0.612197614991482
0.6113713798977856
0.6112010221465076
0.610638841567291
0.6118057921635437
0.6108347529812607
0.6108858603066439
0.6134838160136287
0.6101362862010222
0.6104429301533216
0.6126831345826234
0.6102385008517885
0.609684838160136
0.6113884156729132
0.6089267461669506
0.6075298126064737
0.60866269165247
0.6103321976149915
0.6092248722316868
0.6112095400340712
0.6092930153321976
0.6095570698466781
0.61
0.6094378194207835
0.6095911413969336
0.6097614991482111
0.6097700170357748
0.6112947189097104
0.608466780238501
0.6092930153321977
0.6080494037478704
0.6086882453151616
0.6083475298126063
0.6090971039182282
0.6081005110732536
0.6082793867120952
0.608160136286201
0.6081601362862008
0.609565587734242
0.6066098807495741
0.6087137989778537
0.607206132879046
0.6068483816013631
0.6091482112436113
0.6079216354344122
0.6074531516183987
0.607291311754685
0.608892674616695
0.6053151618398637
0.6087393526405448
0.6060562180579215
0.6090119250425894
0.6058858603066442
0.6077172061328789
0.6082879045996591
0.6053236797274273
0.6071720613287905
0.60660136286201
0.6073253833049403
0.6057580919931855
0.6043781942078364
0.6073083475298127
0.6067461669505964
0.6077683134582622
0.6072231686541739
0.6072231686541739
0.6080323679727428
0.6070698466780238
0.6043611584327084
0.6067120954003408
0.60515332197615
0.6081090289608175
0.6061584327086881
0.6052299829642249
0.6102555366269167
0.605357751277683
0.6075298126064739
0.6029812606473594
0.6064139693356049
0.6052044293015336
0.6045911413969336
0.6059284497444635
0.6077597955706985
0.6047359454855195
0.6062180579216353
0.6078449744463371
0.6044378194207836
0.6049659284497446
0.6065928449744462
0.6066013628620104
0.6044378194207838
0.6066695059625212
0.6060051107325385
0.6058262350936967
0.6058773424190801
0.6056729131175471
0.6038671209540034
0.6055706984667804
0.6072402044293014
0.605076660988075
0.6042504258943784
0.6076916524701875
0.604778534923339
0.6049744463373083
0.6059710391822829
0.6044974446337307
0.6062180579216355
0.6052214650766613
0.6054514480408861
0.6065672913117546
0.6040289608177174
0.6038330494037478
0.6033560477001703
0.6061669505962521
0.6037393526405456
0.6044548551959117
0.608143100511073
0.6026235093696762
0.6051959114139693
0.6053577512776834
0.60484667802385
0.6060562180579212
0.6039352640545144
0.606771720613288
0.606252129471891
0.6054855195911413
0.6047359454855195
0.6055451448040884
0.6060391822827939
0.6032964224872234
0.6058603066439525
0.6028194207836456
0.604957410562181
0.6049148211243613
0.6050511073253834
0.6044122657580921
0.6067887563884159
0.6043867120954003
0.6056729131175466
0.6038415672913118
0.6039778534923342
0.6032367972742763
0.6041396933560476
0.6056729131175469
0.6044548551959114
0.603458262350937
0.6041141396933559
0.6047529812606474
0.606848381601363
0.6041226575809199
0.6051703577512778
0.6039693356047698
0.6010051107325382
0.6078960817717205
0.6041226575809199
0.6034156729131178
0.6032112436115842
0.6063373083475299
0.6044037478705279
0.6037563884156728
0.6033986371379898
0.6056388415672911
0.6035264054514478
0.6052981260647359
0.603594548551959
0.6047359454855198
0.6014821124361156
0.6028960817717207
0.602495741056218
0.6042333901192504
0.604327086882453
0.603824531516184
0.6047700170357754
0.6025383304940373
0.6035775127768311
0.6054599659284498
0.6016098807495741
0.6022827938671209
0.6044037478705281
0.603679727427598
0.604420783645656
0.6024787052810904
0.6018994889267458
0.6055110732538329
0.6056729131175467
0.6024105621805791
0.6005792163543443
0.6037052810902896
0.603296422487223
0.6045059625212947
0.6040800681431006
0.6049829642248721
0.6035178875638842
0.6028534923339012
0.6046678023850084
0.6034156729131175
0.6024105621805791
0.6045570698466779
0.6027172061328789
0.6061328790459968
0.6020187393526405
0.6002640545144804
0.6057921635434415
0.604258943781942
0.6041908006814309
0.6033645655877343
0.6032538330494037
0.6041993185689949
0.6046081771720612
0.6020357751277681
0.6033730834752982
0.602870528109029
0.6015758091993187
0.6041993185689948
0.6036967632027256
0.6050255536626916
0.6028449744463371
0.6029727427597957
0.6032708688245316
0.6053577512776831
0.605221465076661
0.6027938671209538
0.603296422487223
0.6034156729131176
0.6032367972742759
0.603611584327087
0.6027512776831347
0.603534923339012
0.6023594548551964
0.6029727427597956
0.6024872231686541
0.6035604770017035
0.602470187393526
0.6052555366269166
0.6012691652470189
0.6022913117546848
0.6015758091993183
0.6044974446337309
0.6047529812606474
0.6020613287904597
0.6044463373083474
0.6031431005110732
0.6031431005110731
0.6014310051107326
0.6059114139693357
0.6012776831345825
0.6022316865417375
0.6021209540034073
0.6039097103918228
0.6012265758091995
0.6031771720613287
0.6015672913117545
0.6024701873935264
0.6021890971039184
0.6022487223168654
0.6045400340715502
0.6017632027257241
0.6013117546848381
0.6039011925042591
0.6025212947189097
0.6017206132879047
0.6041567291311756
0.6047189097103918
0.6023679727427599
0.6041993185689949
0.6022402044293015
0.6060817717206131
0.6013373083475299
0.6032708688245316
0.6019420783645654
0.6026746166950595
0.6016695059625213
0.602572402044293
0.6008603066439522
0.6032793867120954
0.6029727427597954
0.6028875638841568
0.6013884156729131
0.60381601362862
0.6038330494037479
0.6027086882453152
0.6018909710391822
0.6037223168654172
0.6024531516183989
0.6030153321976148
0.6010477001703578
0.6019931856899488
0.6010647359454857
0.5998211243611583
0.6027257240204427
0.6026490630323678
0.6032793867120955
0.6021124361158431
0.6033560477001704
0.6032623509369679
0.6040459965928452
0.6005621805792165
0.600144804088586
0.6033475298126064
0.6020954003407152
0.6018228279386713
0.6021550255536626
0.603083475298126
0.6033645655877342
0.6019335604770018
0.6039437819420784
0.6042844974446336
0.6004855195911415
0.6036882453151619
0.6020954003407156
0.6028279386712095
0.6013287904599661
0.6013117546848381
0.6020698466780238
0.5999744463373081
0.6026064735945487
0.6019931856899486
0.6011328790459964
0.6031090289608176
0.6043696763202726
0.6016695059625212
0.6021124361158434
0.6042163543441224
0.6017206132879047
0.6005281090289606
0.6001107325383307
0.6062180579216355
0.6019846678023848
0.6047870528109028
0.6012095400340717
0.6037308347529811
0.6004173764906302
0.6035689948892674
0.6028620102214652
0.6014224872231688
0.6043100511073256
0.6010988074957413
0.6045229982964224
0.6032282793867121
0.6033986371379898
0.6039011925042587
0.6029301533219761
0.603679727427598
0.6029897785349235
0.6006473594548551
0.6034071550255538
0.6001362862010218
0.6020528109028962
0.6013287904599658
0.6031005110732539
0.6018739352640544
0.6029812606473594
0.6018398637137988
0.6031260647359455
0.6028279386712095
0.6020613287904601
0.6022572402044292
0.6035264054514483
0.6030664395229983
0.6023339011925042
0.6034241908006813
0.604114139693356
0.602333901192504
0.6018057921635434
0.6003407155025553
0.6028364565587735
0.6022572402044295
0.6005195911413972
0.6026490630323679
0.6030919931856898
0.6007069846678025
0.6008006814310053
0.602776831345826
0.6020783645655876
0.6039948892674619
0.6014650766609883
0.6004855195911412
0.6042163543441227
0.6030153321976147
0.6021039182282792
0.6017802385008519
0.6033475298126065
0.6032367972742761
0.604352640545145
0.6011839863713802
0.6013032367972742
0.6005025553662692
0.6044207836456558
0.6017632027257239
0.6029301533219761
0.6020868824531515
0.6025212947189097
0.59984667802385
0.6007666098807496
0.6013713798977856
0.6015076660988075
0.6000681431005109
0.6004088586030664
0.6012521294718909
0.602359454855196
0.6028790459965929
0.6025212947189097
0.6011669505962519
0.6017972742759796
0.6023253833049403
0.6010647359454853
0.6041141396933561
0.6024701873935264
0.6027683134582621
0.6028109028960817
0.6003321976149915
0.6012776831345826
0.6001277683134583
0.6053918228279385
0.6006132879045997
0.5995229982964225
0.6021465076660988
0.6004940374787053
0.6024957410562181
0.6011413969335604
0.6015928449744462
0.6014906303236796
0.6009965928449746
0.6033730834752983
0.603296422487223
0.6028279386712095
0.599931856899489
0.6013458262350939
0.6009880749574106
0.601405451448041
0.6019846678023849
0.6027938671209541
0.6030919931856897
0.6004344122657578
0.6034241908006815
0.6000255536626916
0.6006899488926746
0.6013202725724017
0.6017376490630325
0.6017291311754682
0.6017887563884157
0.6017376490630325
0.6023083475298127
0.6024105621805791
0.6020017035775126
0.6012521294718911
0.6013798977853492
0.6027427597955703
0.6028705281090289
0.6026660988074957
0.6025724020442929
0.6012521294718911
0.6036456558773421
0.602504258943782
0.6025383304940374
0.6039097103918228
0.6004855195911414
0.600945485519591
0.6016439522998295
0.6035349233390118
0.6006047700170357
0.60247870528109
0.6032964224872233
0.602947189097104
0.6004258943781939
0.601916524701874
0.6004173764906305
0.6028534923339012
0.6014650766609883
0.6011073253833049
0.6035178875638841
0.6040630323679729
0.5997955706984668
0.5997189097103918
0.6059625212947191
0.5985689948892675
0.6028790459965928
0.6020187393526405
0.6013628620102215
0.602776831345826
0.6000255536626916
0.600519591141397
0.6027427597955707
0.6003833049403748
0.6006303236797274
0.6037308347529816
0.6025724020442932
0.6020442930153324
0.6005706984667805
0.6001277683134582
0.6012095400340718
0.6034241908006814
0.5997189097103918
0.6023168654173766
0.6021039182282795
0.6030749574105623
0.601933560477002
0.6030749574105622
0.6011413969335605
0.6022402044293015
0.6009540034071551
0.6021039182282792
0.6035434412265759
0.6011158432708688
0.6009199318568996
0.6024957410562181
0.5998551959114137
0.6008517887563883
0.6016695059625216
0.600664395229983
0.6025468483816018
0.6017035775127767
0.605442930153322
0.6022231686541738
0.6028364565587736
0.6009540034071551
0.603611584327087
0.6022316865417376
0.6006984667802386
0.604480408858603
0.6016524701873933
0.6005025553662692
0.6027086882453152
0.6022061328790459
0.6033560477001704
0.5988330494037477
0.6027512776831343
0.6018057921635436
0.6015843270868821
0.6035775127768315
0.6016098807495741
0.6024957410562183
0.6040034071550255
0.6027342419080068
0.6019335604770018
0.6019165247018738
0.599991482112436
0.6044974446337311
0.6024616695059624
0.6015843270868826
0.6033219761499146
0.6014906303236797
0.6040971039182282
0.6012606473594548
0.6005962521294719
0.6019591141396934
0.5989182282793865
0.6023679727427595
0.601328790459966
0.6002129471890971
0.601550255536627
0.601686541737649
0.6011925042589437
0.601098807495741
0.6038500851788758
0.6022913117546849
0.602223168654174
0.5991908006814309
0.6012350936967631
0.6005962521294719
0.6013884156729133
0.6031260647359453
0.5995144804088587
0.6024531516183987
0.599855195911414
0.601115843270869
0.6047614991482113
0.5991652470187393
0.6027086882453153
0.600732538330494
0.6018228279386714
0.5995570698466779
0.599335604770017
0.6012521294718909
0.6027768313458265
0.6013458262350937
0.6015758091993189
0.6030664395229984
0.6014735945485523
0.6011669505962524
0.5992248722316869
0.6026831345826237
0.6014650766609884
0.5998892674616696
0.601388415672913
0.6012436115843269
0.6028023850085179
0.6004770017035775
0.600349233390119
0.6016183986371381
0.6022402044293016
0.6014054514480409
0.6017632027257239
0.6030153321976149
0.6013884156729132
0.6019591141396934
0.6008262350936967
0.6017291311754688
0.6015502555366268
0.6007836456558774
0.601550255536627
0.6007495741056222
0.6008432708688245
0.6009965928449745
0.6017802385008517
0.6023424190800679
0.6029812606473596
0.6008262350936966
0.6014906303236799
0.601175468483816
0.6017632027257241
0.6007580919931859
0.599625212947189
0.6030238500851788
0.5998126064735946
0.6020017035775128
0.6032623509369676
0.6012010221465077
0.6024275979557073
0.6026490630323679
0.6014906303236794
0.6006729131175468
0.6035434412265758
0.6013287904599658
0.6034497444633729
0.6001362862010221
0.6030323679727427
0.5994378194207838
0.6017632027257239
0.6014906303236797
0.6028705281090291
0.6001448040885861
0.6032708688245316
0.5984838160136285
0.5994463373083474
0.6035434412265758
0.6004770017035777
0.6018824531516183
0.6004599659284495
0.6002640545144807
0.5982027257240203
0.6022827938671209
0.6030323679727427
0.6003747870528109
0.6028109028960816
0.6010562180579214
0.6018057921635436
0.6013713798977854
0.6009028960817716
0.602120954003407
0.6017376490630322
0.6011073253833047
0.5986286201022145
0.6035178875638841
0.6017972742759793
0.6013543441226576
0.6005706984667805
0.6028534923339012
0.6001192504258942
0.6012180579216356
0.6018483816013629
0.6020102214650769
0.6007836456558775
0.6029386712095398
0.6011328790459967
0.6010136286201021
0.6001873935264055
0.6047870528109028
0.6015417376490632
0.6031090289608179
0.6017376490630325
0.5985093696763203
0.6020613287904599
0.6008773424190802
0.6022572402044293
0.6029982964224874
0.6019591141396935
0.5991908006814308
0.6000255536626917
0.6007580919931855
0.6024020442930155
0.6032367972742761
0.6036371379897787
0.600579216354344
0.6027853492333904
0.5996933560477001
0.6031090289608176
0.6028534923339012
0.6020187393526407
0.6036030664395233
0.5996252129471891
0.602879045996593
0.6001959114139693
0.60263202725724
0.600741056218058
0.6018398637137993
0.6042419080068141
0.6007069846678023
0.6005451448040883
0.6025212947189098
0.6005621805792165
0.6004514480408859
0.6022742759795571
0.6013713798977853
0.6012521294718908
0.6020187393526406
0.600008517887564
0.6024190800681433
0.6014991482112434
0.6005110732538332
0.6005621805792166
0.6022742759795571
0.5997870528109028
0.5997955706984669
0.6012521294718911
0.598901192504259
0.6026064735945484
0.6047614991482113
0.6034412265758092
0.6013287904599658
0.6017376490630323
0.602666098807496
0.6002044293015331
0.6006473594548551
0.603304940374787
0.6003492333901194
0.6014906303236799
0.5996422487223166
0.6039267461669503
0.6026490630323681
0.6004514480408859
0.6013032367972744
0.6028023850085177
0.598526405451448
0.6023594548551958
0.6021805792163546
0.6006984667802385
0.6024020442930154
0.6026916524701871
0.6004258943781938
0.5998126064735945
0.6011754684838162
0.5987734241908007
0.6015247018739351
0.6002981260647359
0.6008006814310053
0.6007751277683134
0.6019335604770016
0.6009880749574108
0.6019335604770016
0.5992844974446337
0.6032538330494039
0.6018313458262348
0.6006984667802387
0.6009284497444634
0.601609880749574
0.6014139693356048
0.603534923339012
0.6028279386712093
0.6018398637137989
0.5997614991482112
0.6011328790459969
0.6002044293015328
0.6014054514480407
0.6011584327086883
0.6005366269165247
0.6006303236797272
0.6020272572402043
0.5992248722316864
0.6000170357751277
0.6010988074957411
0.6013884156729131
0.6003321976149915
0.600741056218058
0.6032793867120954
0.6020868824531517
0.6017717206132877
0.5994804088586032
0.6021720613287905
0.6017546848381602
0.5997700170357753
0.6039608177172064
0.5999488926746167
0.6019250425894377
0.6002214650766611
0.6022913117546849
0.6020272572402043
0.6019761499148208
0.6025894378194206
0.6000170357751275
0.6006218057921635
0.6028875638841568
0.6033134582623509
0.5997103918228279
0.6021890971039183
0.6002725724020445
0.600902896081772
0.6013117546848382
0.602512776831346
0.6023339011925044
0.603236797274276
0.600477001703578
0.6012947189097104
0.6028194207836457
0.5996507666098807
0.602776831345826
0.6006473594548551
0.6018739352640545
0.5993185689948892
0.6010136286201022
0.6034752981260647
0.6009369676320273
0.6011328790459962
0.6022572402044292
0.6002385008517885
0.602350936967632
0.6019505962521294
0.6004684838160138
0.6015247018739353
0.5987904599659284
0.6001022146507665
0.6012180579216355
0.6002810902896082
0.5998381601362863
0.6027768313458264
0.6018143100511075
0.6008943781942079
0.6011669505962522
0.6021465076660991
0.6010732538330494
0.602197614991482
0.6016013628620105
0.6019931856899488
0.6013373083475297
0.5998211243611586
0.6007240204429303
0.6022487223168652
0.6011158432708689
0.6000255536626917
0.6010221465076664
0.6008688245315161
0.602137989778535
0.6037563884156727
0.5995570698466781
0.6012265758091991
0.6007069846678025
0.600885860306644
0.6018057921635435
0.6005281090289607
0.600519591141397
0.6013202725724021
0.5987904599659283
0.6004599659284499
0.6033475298126065
0.6017717206132877
0.599923339011925
0.5997274275979555
0.6000255536626918
0.5995485519591144
0.6004344122657578
0.600349233390119
0.6008603066439521
0.6004684838160138
0.6011925042589439
0.6019250425894379
0.6021805792163545
0.6024020442930155
0.6010136286201024
0.6024275979557069
0.6005281090289607
0.6019846678023854
0.6008432708688248
0.6021720613287901
0.6001703577512777
0.6031856899488925
0.5984752981260647
0.603526405451448
0.6026831345826235
0.600519591141397
0.6001277683134585
0.6002555366269164
0.6018313458262353
0.6035008517887562
0.6002470187393526
0.6015076660988073
0.5997274275979559
0.6019165247018741
0.6011243611584328
0.6004344122657579
0.5979557069846677
0.5987052810902898
0.602717206132879
0.5999488926746166
0.6004429301533221
0.5997955706984668
0.6024190800681435
0.6031771720613286
0.6016780238500852
0.6009965928449744
0.6013628620102217
0.6001703577512775
0.604173764906303
0.6015502555366269
0.6019931856899493
0.5995996592844973
0.5999744463373085
0.6006814310051107
0.6009028960817718
0.6008517887563886
0.6023083475298125
0.6000085178875639
0.602793867120954
0.6009880749574105
0.6006643952299828
0.6020528109028965
0.6010136286201019
0.6011158432708688
0.6001022146507666
0.6028790459965929
0.6018909710391822
0.6026064735945487
0.5975809199318567
0.600221465076661
0.6011754684838161
0.5982538330494035
0.5998296422487222
0.6021890971039181
0.6023083475298127
0.6009965928449745
0.6005962521294719
0.6000170357751278
0.6013543441226573
0.5991652470187393
0.5989693356047701
0.6019505962521294
0.5987819420783648
0.6003492333901195
0.5992759795570698
0.600519591141397
0.6014565587734243
0.601984667802385
0.601626916524702
0.6018909710391822
0.6005877342419081
0.6015161839863714
0.6003918228279388
0.6015758091993185
0.599045996592845
0.6015502555366268
0.6032623509369677
0.6016439522998298
0.601465076660988
0.6036371379897785
0.6008432708688248
0.601320272572402
0.6016013628620099
0.6025468483816012
0.6008603066439524
0.5995485519591143
0.6014054514480409
0.6024531516183985
0.6011584327086886
0.5998722316865418
0.6007921635434412
0.5997274275979556
0.6021379897785348
0.6020102214650769
0.5978364565587735
0.6019505962521294
0.6012947189097106
0.6022572402044295
0.600366269165247
0.6027683134582623
0.6010051107325383
0.6014224872231687
0.6008688245315161
0.6013458262350935
0.6018143100511072
0.5999829642248722
0.6024446337308347
0.6011499148211243
0.6007921635434411
0.6016183986371377
0.5997529812606475
0.6016269165247021
0.5998211243611584
0.6016439522998295
0.6014310051107326
0.6009880749574105
0.6003321976149918
0.6010988074957412
0.6011499148211243
