0.19999999999999962
0.39628620102214623
0.5288160136286201
0.5730579216354345
0.5933645655877342
0.6024616695059621
0.6043441226575808
0.6059965928449742
0.6066695059625212
0.6054770017035777
0.6076746166950595
0.6090715502555367
0.6087819420783646
0.6091652470187391
0.6100085178875638
0.606107325383305
0.6079471890971042
0.6087819420783647
0.6109028960817716
0.6069931856899489
0.6086286201022147
0.6085860306643952
0.6082197614991485
0.6094378194207836
0.6067546848381601
0.60706132879046
0.6050085178875638
0.6062776831345827
0.6076746166950595
0.6046507666098808
0.60866269165247
0.6067376490630326
0.6056984667802385
0.6058177172061332
0.605741056218058
0.6050936967632028
0.608381601362862
0.6070783645655875
0.6027001703577514
0.6074616695059625
0.6054173764906303
0.6057580919931858
0.6061073253833048
0.6069335604770015
0.6038415672913118
0.6072998296422487
0.6066183986371381
0.6045144804088588
0.603892674616695
0.6042419080068142
0.6054855195911415
0.6039437819420784
0.6045229982964228
0.6060221465076662
0.6034156729131177
0.604642248722317
0.6037223168654173
0.603594548551959
0.6041482112436115
0.605843270868825
0.6042248722316863
0.6059795570698465
0.6045911413969334
0.6038756388415675
0.6041908006814309
0.6036201022146508
0.6038841567291311
0.6045400340715505
0.6043441226575809
0.6032112436115841
0.6017802385008516
0.6028364565587735
0.6032708688245315
0.6049403747870528
0.6012947189097103
0.601839863713799
0.6036712095400341
0.6034752981260649
0.6032879045996593
0.6034156729131176
0.6036201022146508
0.6030664395229983
0.6045485519591142
0.6046848381601365
0.6067291311754685
0.6025468483816012
0.6041396933560477
0.601916524701874
0.6056303236797272
0.602776831345826
0.604199318568995
0.6040119250425893
0.6037734241908005
0.6015672913117548
0.6007325383304941
0.6032538330494038
0.6044037478705281
0.6033219761499149
0.6016439522998296
0.6027683134582622
0.604199318568995
0.6029216354344126
0.6025894378194205
0.6027683134582625
0.6028364565587734
0.6021976149914819
0.602572402044293
0.6032879045996593
0.6017291311754684
0.6026149914821125
0.6028109028960817
0.5993781942078364
0.604045996592845
0.6021124361158433
0.6022402044293017
0.6048211243611585
0.6016183986371383
0.6025212947189097
0.6039011925042588
0.5996507666098809
0.6040119250425893
0.6012010221465076
0.602282793867121
0.6012521294718911
0.6042078364565588
0.6014395229982961
0.602879045996593
0.6050425894378195
0.6041993185689948
0.6009625212947192
0.6006899488926745
0.6001192504258944
0.601090289608177
0.6034752981260646
0.6016183986371378
0.6026405451448043
0.600604770017036
0.6036286201022147
0.6022146507666096
0.6009284497444635
0.6001107325383306
0.6006047700170359
0.6043867120954006
0.599557069846678
0.6026575809199318
0.6012350936967633
0.6028705281090292
0.6024957410562181
0.6017546848381599
0.6026916524701873
0.6014991482112438
0.601686541737649
0.601933560477002
0.5993270868824532
0.6027172061328792
0.6028620102214647
0.602265758091993
0.6002299829642248
0.6017376490630325
0.6031260647359453
0.6023935264054515
0.6027938671209536
0.6022913117546849
0.6002299829642248
0.6028023850085175
0.600076660988075
0.6034241908006814
0.6039948892674617
0.6004258943781945
0.6019505962521295
0.6009199318568994
0.5989863713798976
0.6015417376490632
0.6005281090289606
0.6006558773424191
0.6017206132879048
0.6014224872231686
0.5998892674616696
0.6036371379897785
0.59793867120954
0.6036541737649062
0.6010391822827938
0.6006473594548551
0.5998040885860305
0.6024020442930155
0.6000085178875639
0.6019420783645656
0.6021635434412267
0.6000511073253832
0.6013628620102216
0.6018483816013628
0.6013202725724021
0.5998807495741054
0.6038415672913119
0.6000936967632028
0.6013798977853493
0.6005706984667802
0.600178875638842
0.6021294718909712
0.5985945485519593
0.6013373083475294
0.599412265758092
0.6015332197614993
0.6004344122657581
0.5999659284497448
0.600374787052811
0.6010732538330497
0.6000936967632028
0.6029131175468486
0.6008091993185691
0.6006473594548549
0.6019420783645654
0.5971209540034069
0.6021294718909711
0.6009965928449745
0.598228279386712
0.6009880749574105
0.6016354344122656
0.5997614991482112
0.6003236797274277
0.6010988074957407
0.601115843270869
0.5984497444633732
0.6001192504258948
0.6022061328790459
0.6001873935264053
0.6013713798977854
0.6013287904599658
0.6026575809199318
0.599199318568995
0.5997018739352641
0.6019080068143102
0.5999659284497445
0.5993696763202724
0.6012691652470189
0.6008603066439524
0.5983304940374787
0.6004258943781944
0.59984667802385
0.6016354344122656
0.5996763202725722
0.6019335604770015
0.6012180579216355
0.6005962521294721
0.5987649063032365
0.5979216354344125
0.5996081771720612
0.6007410562180578
0.5999318568994889
0.6001788756388415
0.6005536626916526
0.6013884156729128
0.5997955706984666
0.6011499148211245
0.6003662691652474
0.5998466780238499
0.6001959114139693
0.5995655877342417
0.5989352640545147
0.6011243611584327
0.5995144804088589
0.5963202725724023
0.6005877342419081
0.5994037478705281
0.601311754684838
0.5994037478705281
0.5986797274275978
0.6000596252129472
0.597350936967632
0.6002810902896083
0.5994633730834754
0.5995911413969336
0.599574105621806
0.6026149914821123
0.5985604770017035
0.5990715502555366
0.5987819420783645
0.6016439522998296
0.5998722316865418
0.595528109028961
0.5985434412265758
0.5976149914821124
0.6005281090289606
0.6002044293015331
0.6016098807495741
0.6004429301533218
0.5991652470187394
0.6032197614991484
0.6005962521294719
0.5980323679727425
0.6006218057921636
0.599991482112436
0.5987904599659284
0.5995741056218058
0.6001533219761499
0.5989182282793866
0.5977172061328792
0.5998296422487222
0.5998296422487224
0.5992248722316866
0.5980664395229984
0.5987819420783645
0.5995570698466781
0.5983304940374784
0.5980919931856898
0.6015843270868824
0.598688245315162
0.6003492333901189
0.5972061328790462
0.6006814310051106
0.5991482112436117
0.6002725724020445
0.6006984667802385
0.5981942078364564
0.6006303236797272
0.6018143100511074
0.6013202725724017
0.6000766609880748
0.5978705281090287
0.5999148211243612
0.5989182282793868
0.5987904599659286
0.5978620102214651
0.5990459965928447
0.5987563884156727
0.59896933560477
0.6002214650766607
0.6015758091993183
0.6018398637137989
0.5987478705281091
0.5994804088586029
0.5998040885860304
0.6001873935264055
0.5995826235093699
0.5982879045996594
0.5984923339011927
0.6003662691652473
0.5982027257240202
0.6000766609880748
0.5998466780238496
0.6006984667802386
0.5995059625212948
0.5987734241908005
0.6004003407155026
0.5994548551959114
0.601635434412266
0.5985434412265759
0.5995400340715503
0.6000596252129471
0.59660136286201
0.6030579216354343
0.5988500851788754
0.5978194207836456
0.5979471890971039
0.6011839863713796
0.5993015332197614
0.59866269165247
0.5998126064735948
0.5983816013628618
0.5979471890971039
0.5978790459965929
0.6010902896081771
0.5982197614991481
0.5997614991482111
0.6005281090289608
0.6020272572402046
0.598015332197615
0.6004344122657583
0.5987478705281088
0.6010562180579216
0.6007410562180581
0.5991993185689948
0.5972572402044293
0.6017120954003407
0.5998126064735946
0.5989948892674618
0.599727427597956
0.6001533219761499
0.5967546848381603
0.6017802385008515
0.5983134582623509
0.60118398637138
0.600281090289608
0.6005451448040888
0.5997189097103919
0.5992163543441227
0.6000425894378195
0.6000340715502555
0.5995144804088585
0.6012436115843272
0.6011243611584325
0.5993441226575807
0.600289608177172
0.5987393526405449
0.6013373083475296
0.5979471890971041
0.5997785349233391
0.6003918228279386
0.5983986371379897
0.5977768313458259
0.6013202725724021
0.5981260647359457
0.5975127768313456
0.6007069846678021
0.5970528109028959
0.5979642248722316
0.6007751277683135
0.5997870528109029
0.5965417376490628
0.5986115843270867
0.6010051107325384
0.5992419080068145
0.5990374787052811
0.597206132879046
0.5983560477001704
0.5987223168654174
0.5968909710391825
0.6001873935264055
0.5968824531516184
0.599701873935264
0.5999403747870529
0.597436115843271
0.5998637137989776
0.6009965928449744
0.5979216354344125
0.5987819420783642
0.6009028960817717
0.596413969335605
0.598296422487223
0.5977853492333902
0.5972572402044294
0.5986201022146508
0.5994548551959111
0.5997700170357751
0.5998722316865418
0.5996933560477
0.6000255536626916
0.6001022146507666
0.5966695059625213
0.6002385008517889
0.5969335604770016
0.5994207836456557
0.5988074957410564
0.5977257240204432
0.59660136286201
0.5968994889267463
0.6006643952299829
0.5974190800681434
0.5974701873935264
0.5974957410562183
0.598304940374787
0.5995059625212948
0.6018824531516184
0.5970442930153321
0.6001618398637137
0.5985604770017035
0.5994804088586031
0.5986712095400342
0.5981090289608179
0.5992844974446337
0.5971890971039183
0.5976320272572402
0.5986712095400338
0.5971209540034069
0.5975298126064736
0.6014224872231686
0.5999488926746167
0.5975298126064735
0.5992504258943779
0.6019335604770018
0.5979982964224871
0.5993867120954004
0.5991908006814307
0.6009540034071547
0.5980749574105622
0.5995059625212946
0.5988160136286198
0.5997700170357751
0.597947189097104
0.5997444633730834
0.601107325383305
0.5976660988074954
0.5984752981260647
0.597120954003407
0.5992930153321974
0.5998381601362861
0.5982623509369676
0.6000936967632029
0.5993781942078364
0.5992419080068142
0.6007240204429302
0.598526405451448
0.5993441226575807
0.5995826235093697
0.5984923339011927
0.5989011925042592
0.5991482112436118
0.597734241908007
0.5997359454855196
0.5987819420783645
0.5998977853492331
0.5978449744463373
0.5982793867120956
0.5979131175468486
0.5988841567291311
0.5987393526405449
0.5979131175468486
0.5992844974446335
0.5980919931856895
0.5981601362862009
0.5977427597955707
0.5993356047700169
0.6008432708688243
0.5986797274275982
0.597725724020443
0.5978023850085177
0.5987052810902899
0.5991908006814312
0.597589437819421
0.5988074957410562
0.5984497444633731
0.5983049403747869
0.5989267461669506
0.5978875638841566
0.5996848381601363
0.5988926746166949
0.5992759795570697
0.5998722316865416
0.5976660988074959
0.599548551959114
0.5962180579216354
0.5962350936967632
0.6015161839863714
0.5987734241908006
0.5975724020442932
0.5983219761499149
0.5974701873935265
0.6005195911413967
0.5995144804088586
0.5990204429301531
0.5985264054514481
0.5986882453151615
0.5982623509369676
0.5999063032367972
0.5992844974446335
0.5972231686541736
0.5971890971039183
0.5987649063032368
0.5964054514480407
0.6010562180579214
0.5974787052810904
0.5964906303236795
0.5991993185689952
0.5967206132879046
0.5982538330494037
0.59778534923339
0.5986456558773423
0.5985008517887561
0.5987052810902899
0.5944463373083476
0.5971379897785346
0.5968143100511074
0.6000425894378194
0.5981601362862011
0.5958858603066438
0.600221465076661
0.5994548551959115
0.5994293015332197
0.5987989778534925
0.5995315161839863
0.5986115843270872
0.5986201022146509
0.5973764906303238
0.5990885860306644
0.5991908006814309
0.5981516183986372
0.5971976149914819
0.5965161839863713
0.5973594548551958
0.6002044293015333
0.5971039182282796
0.6005536626916526
0.6002044293015334
0.5976575809199316
0.5998807495741056
0.5976831345826233
0.5984412265758093
0.5976235093696761
0.6003833049403747
0.5988500851788756
0.5984241908006813
0.6
0.5963287904599661
0.59778534923339
0.5988926746166952
0.5988586030664397
0.5966780238500852
0.5987137989778535
0.5969505962521298
0.5974701873935265
0.5982708688245315
0.598901192504259
0.598986371379898
0.5969250425894379
0.598892674616695
0.5994633730834754
0.5971039182282795
0.5974190800681428
0.5988500851788756
0.5984838160136288
0.5973764906303237
0.5979471890971041
0.5972402044293015
0.6001448040885858
0.5989948892674616
0.5982367972742761
0.5987223168654174
0.5974531516183987
0.5999574105621808
0.5979557069846679
0.5991567291311752
0.59752129471891
0.5970528109028962
0.5980408858603066
0.6008432708688247
0.5979131175468482
0.5976831345826238
0.598015332197615
0.5996933560477001
0.5975298126064736
0.5985434412265757
0.5984923339011925
0.5995315161839865
0.5963458262350936
0.5984412265758091
0.5981771720613288
0.5961073253833049
0.5991056218057922
0.5993952299829641
0.597870528109029
0.5980579216354341
0.5969420783645658
0.5969931856899491
0.5979557069846679
0.5960732538330497
0.5995144804088588
0.5995485519591144
0.5993441226575807
0.600221465076661
0.6001277683134582
0.5982112436115841
0.5989948892674615
0.5985178875638842
0.5966098807495741
0.5973850085178873
0.5974701873935264
0.5991482112436116
0.5982964224872234
0.5962947189097102
0.5984752981260645
0.6009369676320273
0.5974446337308348
0.5974105621805792
0.5997274275979556
0.5981942078364565
0.5999829642248722
0.5970017035775126
0.5989011925042591
0.5962180579216355
0.5977001703577512
0.6000170357751277
0.5991226575809198
0.5959369676320273
0.6001618398637136
0.5995400340715501
0.5976235093696763
0.5981686541737649
0.5994548551959114
0.5991993185689946
0.5963543441226572
0.5993356047700172
0.5982623509369676
0.5967802385008517
0.5971550255536628
0.5996252129471888
0.5977086882453151
0.5956047700170355
0.5970868824531516
0.5991396933560477
0.5975979557069848
0.597649063032368
0.5988160136286202
0.5977086882453151
0.5982793867120951
0.5979557069846679
0.5990374787052811
0.5972146507666097
0.5961499148211247
0.5987649063032368
0.5990459965928447
0.5989522998296419
0.6000255536626917
0.5957069846678021
0.5990800681431002
0.5998892674616697
0.5985434412265758
0.5979045996592842
0.5981516183986373
0.5991226575809199
0.5999488926746164
0.5971039182282795
0.6013628620102215
0.5980834752981259
0.6006984667802386
0.5963713798977853
0.596856899488927
0.5984752981260648
0.5979812606473598
0.5996678023850085
0.598977853492334
0.5978023850085179
0.5979812606473596
0.600008517887564
0.5971720613287907
0.5993100511073252
0.5983901192504262
0.597410562180579
0.5993100511073252
0.5962180579216355
0.5982027257240206
0.599787052810903
0.5989522998296422
0.5987308347529811
0.5958177172061329
0.5985775127768314
0.5958773424190801
0.5997870528109029
0.597120954003407
0.5984923339011926
0.596090289608177
0.5984752981260649
0.5982027257240202
0.5960136286201023
0.5967035775127768
0.5939608177172061
0.5982538330494038
0.596890971039182
0.599718909710392
0.5982708688245316
0.5967206132879044
0.5989267461669506
0.5990374787052811
0.5957580919931856
0.5982793867120957
0.5965076660988075
0.5982282793867121
0.5975638841567291
0.5959028960817718
0.5974701873935264
0.5971124361158434
0.5971550255536627
0.599267461669506
0.5972572402044295
0.5979642248722317
0.5990034071550255
0.59866269165247
0.5976660988074954
0.5993015332197615
0.5985604770017038
0.5980323679727428
0.5978875638841568
0.5965332197614992
0.596107325383305
0.5954429301533216
0.5993270868824532
0.5970783645655878
0.5991993185689948
0.5997870528109028
0.598679727427598
0.5956473594548551
0.597419080068143
0.5980919931856898
0.596524701873935
0.596635434412266
0.5979045996592846
0.5967887563884156
0.5963543441226575
0.5991908006814313
0.5971039182282795
0.5963969335604772
0.5978875638841568
0.5971720613287904
0.5974957410562178
0.597495741056218
0.5991822827938672
0.595894378194208
0.5993100511073254
0.5965161839863713
0.5979216354344122
0.59866269165247
0.5983730834752982
0.5975894378194209
0.597862010221465
0.5958177172061329
0.5982027257240204
0.599097103918228
0.5956388415672914
0.5972827938671209
0.59809199318569
0.5979386712095401
0.5965843270868824
0.5978790459965926
0.5985093696763204
0.5974701873935266
0.6005366269165249
0.5967717206132876
0.5976831345826237
0.5955962521294716
0.5980494037478704
0.5979045996592847
0.5956984667802385
0.6006303236797272
0.5963117546848382
0.5980664395229984
0.5996678023850085
0.5976660988074959
0.5978364565587733
0.5984752981260649
0.597572402044293
0.5985604770017033
0.5991482112436115
0.5977342419080068
0.5983049403747869
0.5978875638841566
0.5955025553662692
0.5982112436115842
0.5978960817717206
0.5969676320272571
0.5995144804088587
0.5970017035775129
0.5977512776831344
0.5977512776831346
0.5972827938671209
0.5978279386712093
0.598040885860307
0.5987904599659284
0.5985604770017035
0.5967376490630325
0.5976660988074959
0.5986626916524702
0.5964565587734243
0.5979727427597955
0.5987563884156731
0.5973339011925043
0.5973935264054514
0.5963884156729132
0.5962691652470188
0.5986115843270868
0.5990119250425894
0.5973764906303236
0.596660988074957
0.598236797274276
0.5985860306643952
0.5970698466780235
0.5959540034071553
0.5975383304940369
0.5981345826235093
0.5974361158432708
0.5963884156729131
0.5990119250425896
0.599565587734242
0.5967887563884157
0.5982623509369676
0.5940119250425893
0.5967376490630324
0.5973253833049402
0.5967972742759796
0.5975468483816014
0.5977683134582623
0.5992333901192501
0.5981942078364564
0.5959199318568996
0.5967291311754687
0.5983475298126065
0.5966269165247021
0.598296422487223
0.5982793867120954
0.597921635434412
0.5989182282793869
0.59835604770017
0.5983645655877343
0.6010902896081772
0.5970102214650769
0.5975298126064734
0.5950596252129475
0.5979045996592847
0.5961413969335606
0.5973339011925042
0.5979045996592844
0.5967887563884156
0.5990459965928452
0.5987137989778536
0.598586030664395
0.5978109028960819
0.5981686541737646
0.596976149914821
0.5971805792163543
0.5988586030664395
0.5961669505962522
0.5988415672913117
0.5994207836456557
0.596516183986371
0.5987819420783648
0.597342419080068
0.5998807495741058
0.5967546848381601
0.5993696763202726
0.5978194207836456
0.5973253833049403
0.5959028960817717
0.5973424190800679
0.598006814310051
0.5965247018739351
0.5983560477001704
0.597129471890971
0.5978705281090292
0.5970954003407155
0.5985604770017038
0.5958688245315164
0.5983049403747871
0.599045996592845
0.5996678023850085
0.5986371379897784
0.5974531516183987
0.5973594548551961
0.5961669505962519
0.5985008517887563
0.5990800681431004
0.5974020442930155
0.5988926746166952
0.5986371379897786
0.598313458262351
0.5980664395229982
0.5981771720613289
0.5963032367972741
0.5984327086882453
0.5972913117546849
0.597870528109029
0.5978620102214651
0.5956388415672914
0.5990630323679728
0.5959965928449743
0.5965587734241911
0.597495741056218
0.5956729131175469
0.5990545144804088
0.5980323679727425
0.5969420783645656
0.59778534923339
0.598032367972743
0.5944718909710389
0.5982964224872231
0.5981345826235094
0.6000425894378193
0.5976746166950597
0.5998296422487223
0.5965161839863714
0.6004429301533216
0.5961839863713798
0.5981090289608177
0.5987137989778536
0.5962180579216354
0.6005025553662694
0.5973424190800679
0.5952725724020445
0.5980834752981259
0.5987904599659284
0.5977597955706987
0.5966695059625213
0.599855195911414
0.596405451448041
0.5992844974446337
0.5972316865417374
0.5983560477001701
0.5952214650766608
0.5975979557069845
0.5962010221465075
0.5994378194207838
0.5950936967632026
0.6005281090289606
0.5975127768313456
0.5972061328790457
0.5980408858603069
0.5960647359454856
0.5972572402044292
0.6002299829642247
0.5964650766609881
0.5984412265758092
0.5977597955706988
0.5986541737649062
