0.19999999999999962
0.8986100000000005
0.5497800000000002
0.7242099999999999
0.63605
0.68328
0.65878
0.6714800000000001
0.6658300000000001
0.6674599999999998
0.6669199999999997
0.6680100000000002
0.6668599999999997
0.6687600000000002
0.6656299999999997
0.66543
0.6707299999999998
0.66448
0.6672300000000001
0.66496
0.6669200000000002
0.6681200000000002
0.6658399999999997
0.6689499999999998
0.6655200000000001
0.6675100000000002
0.6685800000000001
0.6658400000000002
0.6689899999999999
0.6643600000000001
0.67116
0.662
0.6667400000000002
0.66742
0.6671
0.6669500000000003
0.66652
0.6649499999999999
0.6669899999999999
0.6672799999999998
0.6671499999999999
0.66555
0.6668700000000004
0.6660299999999997
0.6647100000000001
0.6663200000000002
0.66667
0.66341
0.6674800000000001
0.66669
0.66682
0.6671400000000002
0.66327
0.6669799999999999
0.6651099999999996
0.6695099999999999
0.6649699999999998
0.6675200000000001
0.66585
0.66828
0.6677399999999999
0.6651799999999999
0.6657500000000001
0.6665900000000002
0.6639200000000001
0.6681899999999998
0.6670900000000003
0.6655
0.66877
0.6631799999999999
0.6686199999999997
0.66892
0.6643599999999998
0.6663799999999999
0.6670200000000002
0.6675699999999999
0.66714
0.66763
0.66527
0.6675799999999998
0.6658700000000002
0.6685700000000003
0.6637700000000002
0.6694500000000002
0.6671899999999998
0.6678300000000001
0.66549
0.6655099999999996
0.66818
0.6653899999999999
0.6648400000000001
0.6661600000000003
0.6678200000000001
0.66754
0.6660799999999999
0.6662799999999999
0.6659999999999999
0.6677200000000001
0.66507
0.6666000000000001
0.6650800000000001
0.6682100000000003
0.66646
0.6673900000000001
0.6656500000000001
0.66609
0.66533
0.6686699999999998
0.6651699999999997
0.6685499999999996
0.6655599999999998
0.6665099999999998
0.6668000000000002
0.6678499999999999
0.6651199999999997
0.6664599999999998
0.6654899999999998
0.6662200000000001
0.6664500000000001
0.6699499999999999
0.6650799999999998
0.6678599999999997
0.6668000000000002
0.6652600000000001
0.66759
0.6665800000000002
0.6683499999999997
0.6673200000000001
0.66409
0.6665600000000002
0.6678799999999999
0.6635499999999998
0.6671800000000003
0.6656999999999997
0.66642
0.6680100000000002
0.6660400000000002
0.6665699999999998
0.6671100000000001
0.66588
0.6665499999999999
0.66527
0.6689899999999999
0.6660099999999997
0.6679499999999997
0.6647400000000003
0.6680700000000002
0.66696
0.6658600000000001
0.66786
0.6669800000000001
0.6661999999999998
0.6657199999999999
0.6660899999999998
0.6681400000000001
0.66496
0.66667
0.6672700000000001
0.6664199999999997
0.6675799999999998
0.6653899999999999
0.6661400000000001
0.6668999999999998
0.6651100000000001
0.66535
0.6685400000000001
0.6645799999999998
0.66683
0.66498
0.6676000000000002
0.6651900000000001
0.6661100000000001
0.6681100000000002
0.6660900000000002
0.66628
0.66719
0.66593
0.6665400000000002
0.67021
0.66511
0.6683299999999999
0.6670999999999999
0.6671599999999998
0.6662600000000003
0.66881
0.66411
0.67072
0.6652099999999997
0.6668700000000003
0.6666600000000001
0.6669400000000002
0.6691199999999999
0.6665000000000001
0.6659799999999998
0.66449
0.6689400000000002
0.6673299999999996
0.66597
0.6679399999999996
0.6654700000000001
0.6687099999999998
0.66393
0.6687000000000001
0.6645700000000001
0.6706300000000002
0.66432
0.6677399999999999
0.6654999999999999
0.6669599999999997
0.6686400000000002
0.6670199999999998
0.6669300000000001
0.66789
0.66557
0.6690099999999997
0.6673399999999999
0.6672899999999999
0.6635500000000002
0.6691199999999998
0.6644100000000002
0.66853
0.6667700000000003
0.6650600000000003
0.6686699999999999
0.6646399999999999
0.6684700000000001
0.6652899999999998
0.6664999999999998
0.6663699999999999
0.6681199999999999
0.6651299999999999
0.6676199999999999
0.6663600000000001
0.66625
0.6674000000000002
0.6649299999999998
0.66887
0.6649999999999997
0.6671
0.6644699999999999
0.6654599999999999
0.6671399999999997
0.6684100000000001
0.6662500000000001
0.66498
0.6644700000000004
0.6672999999999999
0.6639099999999998
0.6696199999999997
0.6663200000000002
0.66538
0.6665200000000001
0.6669400000000002
0.6661699999999997
0.6655399999999999
0.6661299999999997
0.6639300000000001
0.6705900000000001
0.6635799999999997
0.6684100000000001
0.6680499999999999
0.6661299999999999
0.6667900000000002
0.66507
0.6660600000000002
0.6657199999999999
0.66767
0.6643600000000001
0.6672700000000001
0.66903
0.6658399999999998
0.66547
0.6672400000000002
0.66652
0.6670999999999999
0.6659199999999998
0.6674899999999999
0.66789
0.6654000000000001
0.6682200000000001
0.66445
0.6675700000000002
0.6670099999999999
0.6682099999999999
0.6663599999999998
0.66804
0.6614800000000001
0.66824
0.66524
0.6682399999999998
0.6673599999999996
0.6656999999999997
0.6655
0.6660699999999997
0.6656700000000001
0.6665799999999998
0.6665899999999999
0.6656400000000001
0.6681399999999997
0.6645300000000001
0.66664
0.6672900000000004
0.6657199999999999
0.66801
0.6661299999999999
0.6667899999999998
0.6666799999999998
0.66794
0.66541
0.6676699999999995
0.6628000000000001
0.6684799999999999
0.6654500000000002
0.66572
0.66817
0.6659900000000001
0.6681199999999999
0.66537
0.6654000000000001
0.66751
0.66598
0.6664599999999997
0.6659400000000001
0.6653000000000001
0.6652799999999999
0.6713200000000001
0.6643900000000003
0.6674699999999999
0.6648899999999998
0.6662299999999999
0.6684700000000003
0.6659899999999997
0.6684900000000001
0.6669299999999998
0.6675799999999998
0.6666799999999998
0.66411
0.6657999999999998
0.6685299999999998
0.6667199999999999
0.6661600000000001
0.6681800000000001
0.66523
0.66752
0.6656899999999999
0.66553
0.6681900000000002
0.6663899999999999
0.6657000000000001
0.66689
0.6701800000000003
0.6652600000000003
0.6672600000000002
0.6670899999999998
0.6655400000000001
0.66628
0.6671300000000003
0.66874
0.6670099999999999
0.6657499999999997
0.6662099999999999
0.6664700000000003
0.6680600000000002
0.6662600000000003
0.6661499999999997
0.6683999999999999
0.6670200000000002
0.6680999999999997
0.6684599999999999
0.6655699999999998
0.6690099999999998
0.66719
0.66798
0.66806
0.66393
0.6664399999999999
0.6666400000000001
0.6678799999999999
0.6648100000000001
0.6670199999999998
0.66832
0.66618
0.66637
0.6699300000000001
0.6671500000000001
0.6668799999999999
0.6683700000000001
0.6663200000000004
0.6670099999999999
0.6659700000000001
0.6674000000000003
0.6666200000000001
0.6675999999999999
0.6677999999999998
0.66672
0.6678999999999996
0.66361
0.66943
0.66618
0.6673399999999999
0.6664499999999998
0.6681999999999997
0.66582
0.6658699999999999
0.66722
0.66594
0.6672200000000004
0.6664
0.6644599999999998
0.6678499999999999
0.66621
0.6659899999999999
0.6657100000000002
0.6686599999999997
0.6654599999999999
0.66741
0.6673600000000001
0.66604
0.6672099999999999
0.6670400000000002
0.6675699999999999
0.66515
0.66901
0.6671600000000004
0.6682299999999999
0.66574
0.6667500000000001
0.6661700000000002
0.66821
0.6658400000000002
0.6664900000000001
0.66785
0.66705
0.6664100000000001
0.66637
0.6661399999999997
0.6665700000000001
0.66815
0.6671499999999998
0.66633
0.66727
0.66716
0.6674399999999998
0.6647899999999999
0.6661699999999997
0.6655399999999997
0.6659899999999999
0.66423
0.6679699999999998
0.6662
0.6683699999999998
0.6634200000000001
0.66824
0.6669700000000001
0.6680399999999997
0.6652899999999998
0.6672599999999999
0.66543
0.6659099999999999
0.6675
0.6662099999999996
0.6656699999999997
0.6681
0.6667899999999998
0.66495
0.66574
0.6692299999999999
0.6645199999999997
0.6663199999999999
0.6670400000000004
0.6676199999999999
0.66311
0.6688199999999999
0.6670999999999999
0.6676999999999998
0.6666
0.6691500000000004
0.66417
0.6676300000000004
0.6643100000000001
0.6684399999999999
0.6656299999999998
0.6668499999999998
0.6670199999999998
0.6644299999999999
0.6691400000000001
0.6635
0.6681400000000001
0.6644400000000001
0.6696000000000002
0.6659600000000002
0.6653299999999999
0.6685200000000002
0.6655500000000002
0.66668
0.6659699999999995
0.6690699999999999
0.6680399999999999
0.6643400000000002
0.6689
0.6635500000000001
0.6677799999999999
0.6643699999999998
0.6680999999999997
0.6660999999999998
0.6691300000000002
0.6657699999999999
0.6651900000000004
0.6662299999999997
0.6668900000000001
0.66909
0.6672300000000001
0.6662099999999999
0.6690200000000001
0.66524
0.6698600000000002
0.6656299999999998
0.6670599999999999
0.6678399999999999
0.6674300000000001
0.6652999999999999
0.6671699999999997
0.66546
0.66545
0.6674999999999998
0.66572
0.6681999999999998
0.6676500000000004
0.6662399999999999
0.6663500000000002
0.6669400000000002
0.66799
0.6644499999999998
0.66878
0.6655700000000002
0.6702600000000001
0.66291
0.6687700000000001
0.66511
0.66613
0.66801
0.66688
0.6655199999999999
0.6681199999999999
0.66801
0.6668299999999998
0.6669999999999999
0.6645999999999995
0.6697599999999997
0.66828
0.66687
0.6672099999999999
0.66802
0.66708
0.66644
0.6658899999999999
0.6694400000000003
0.6639199999999998
0.66707
0.6674000000000001
0.6666599999999997
0.66715
0.6683699999999999
0.6670400000000001
0.6658800000000002
0.6656399999999999
0.6684399999999998
0.6655199999999998
0.6656900000000001
0.6659699999999996
0.6673899999999999
0.6678899999999998
0.66765
0.6653199999999999
0.6675099999999997
0.6663699999999999
0.66619
0.6670600000000002
0.66736
0.6659099999999997
0.6682400000000002
0.6641400000000001
0.66884
0.6663799999999998
0.66635
0.66744
0.6671600000000001
0.6657599999999999
0.6656299999999996
0.66685
0.6661499999999999
0.66642
0.6658000000000002
0.6668899999999998
0.6667699999999998
0.6669199999999997
0.6658899999999996
0.6676099999999997
0.66594
0.6666699999999995
0.6673500000000003
0.6658
0.6663499999999999
0.6666199999999999
0.6672100000000001
0.6673399999999998
0.66684
0.6671899999999998
0.6678800000000003
0.6649200000000001
0.6659899999999999
0.6654299999999996
0.66625
0.6652899999999997
0.6671099999999999
0.6659600000000002
0.6668599999999997
0.66617
0.6679999999999997
0.6668100000000001
0.6640300000000003
0.6659099999999999
0.6672499999999999
0.6674099999999997
0.6646500000000001
0.6679199999999998
0.6663799999999999
0.6688699999999999
0.6644300000000001
0.6673799999999999
0.6649300000000001
0.66762
0.66601
0.6673300000000004
0.6649200000000002
0.6665099999999999
0.6672099999999999
0.6662100000000001
0.6673999999999997
0.6653
0.66917
0.6672500000000001
0.6659599999999998
0.6693399999999999
0.6680900000000001
0.6659800000000002
0.66545
0.6679200000000002
0.6651299999999999
0.6669999999999999
0.6677
0.6672699999999999
0.6656899999999999
0.6669499999999999
0.6660699999999999
0.6675200000000002
0.6686900000000001
0.6643700000000001
0.6671499999999999
0.6665699999999997
0.66423
0.6679600000000001
0.6663399999999998
0.6673099999999998
0.66573
0.6672700000000004
0.6678300000000001
0.6648899999999998
0.66787
0.66429
0.6679300000000005
0.6633999999999999
0.66621
0.6670899999999997
0.6647000000000002
0.6695499999999999
0.6650699999999999
0.66815
0.6652000000000001
0.66841
0.6661000000000001
0.6662200000000003
0.6656199999999999
0.6678999999999998
0.6666200000000001
0.6680100000000002
0.6654499999999995
0.6684400000000004
0.6634399999999998
0.66769
0.6668899999999998
0.6690799999999997
0.6653600000000002
0.6652600000000003
0.66681
0.6659400000000004
0.66866
0.6644100000000001
0.6668500000000002
0.6666599999999999
0.66648
0.6653699999999999
0.66673
0.6657700000000001
0.6680599999999999
0.6676799999999998
0.6676900000000002
0.6649200000000002
0.6673699999999998
0.6659799999999997
0.6678899999999998
0.6674599999999998
0.66676
0.6631
0.66891
0.6653900000000001
0.6674700000000001
0.6656399999999999
0.6673799999999999
0.66723
0.6653299999999995
0.6687399999999998
0.66742
0.6666300000000001
0.6648299999999996
0.6678499999999999
0.6671599999999998
0.6675100000000002
0.6679200000000003
0.6651699999999998
0.6665999999999999
0.6656899999999999
0.6668700000000003
0.6679299999999999
0.6667399999999999
0.66498
0.67003
0.6661899999999998
0.6660400000000002
0.66605
0.6671399999999997
0.6685800000000001
0.6649200000000001
0.66706
0.6656500000000003
0.6668200000000002
0.66553
0.6663399999999997
0.6681999999999999
0.6662
0.6655
0.6681900000000003
0.6665700000000002
0.6672899999999998
0.6665699999999998
0.6654999999999999
0.6666799999999999
0.6698299999999997
0.6626199999999999
0.6706399999999999
0.66388
0.6686000000000001
0.66878
0.6655100000000002
0.66765
0.6648999999999998
0.6657900000000001
0.6672000000000005
0.6663099999999998
0.66826
0.66685
0.6675200000000001
0.66728
0.6661
0.6683099999999996
0.66555
0.6668600000000001
0.6664499999999998
0.6651700000000002
0.6669599999999999
0.6668199999999997
0.6642399999999998
0.66842
0.6652699999999999
0.6689699999999997
0.6671999999999998
0.6653199999999997
0.6669099999999999
0.66672
0.66889
0.6644500000000001
0.66962
0.6650799999999998
0.6703500000000002
0.6657400000000002
0.6651099999999999
0.6684599999999999
0.66381
0.6678399999999998
0.6655500000000002
0.6694199999999999
0.6668800000000004
0.6672999999999999
0.6668999999999994
0.6668499999999996
0.6662799999999999
0.67027
0.6650299999999999
0.6644500000000001
0.6669800000000002
0.6638
0.66751
0.6666299999999998
0.66712
0.6647400000000002
0.6668199999999999
0.6663499999999999
0.6669399999999999
0.66988
0.66667
0.6686200000000001
0.6659100000000003
0.6666099999999999
0.6673300000000001
0.66814
0.6674400000000003
0.6662700000000001
0.6683499999999999
0.6652799999999999
0.66892
0.66647
0.6680099999999998
0.6656899999999999
0.6653000000000001
0.6679099999999997
0.6662699999999998
0.6673700000000001
0.66464
0.6663899999999999
0.66595
0.6685099999999998
0.6644299999999999
0.6672300000000001
0.66631
0.6691200000000002
0.6656100000000003
0.6686
0.6663400000000002
0.6671299999999997
0.6662599999999999
0.6673100000000001
0.6683200000000002
0.6654200000000005
0.6661400000000001
0.6645299999999998
0.6674999999999999
0.6676800000000003
0.6656199999999999
0.6670500000000001
0.6650899999999997
0.6670999999999998
0.66838
0.6645299999999997
0.66893
0.6696000000000002
0.66444
0.6689
0.6672100000000001
0.6657000000000002
0.6659900000000002
0.6684699999999999
0.6644100000000001
0.6652599999999999
0.6667099999999998
0.6672099999999999
0.6666200000000001
0.6681599999999998
0.6668500000000002
0.66581
0.66747
0.6671299999999998
0.6659100000000001
0.6664200000000001
0.6659799999999997
0.6662
0.6674899999999999
0.66912
0.6653200000000001
0.6680299999999998
0.6663199999999996
0.6667800000000002
0.6656099999999999
0.6668900000000003
0.6683500000000002
0.6685000000000001
0.6658599999999999
0.6677499999999996
0.6675499999999999
0.6638099999999999
0.66742
0.66655
0.6659399999999998
0.66542
0.6675799999999996
0.66425
0.6677000000000001
0.6643099999999998
0.6660500000000001
0.6668599999999998
0.6668
0.6667400000000001
0.6673499999999997
0.6661799999999997
0.66716
0.6646800000000002
0.6668999999999999
0.6657299999999999
0.6669099999999999
0.66763
0.6662600000000002
0.6654400000000004
0.6660700000000002
0.66705
0.66467
0.6692199999999997
0.6660499999999996
0.6662200000000001
0.6660400000000003
0.6680800000000002
0.6661700000000004
0.6663099999999998
0.6634500000000001
0.6686799999999999
0.6674200000000002
0.66573
0.6668899999999996
0.66753
0.6648099999999997
0.6657899999999995
0.66795
0.66722
0.6663300000000004
0.66554
0.66695
0.6666099999999999
0.6651800000000001
0.6677699999999999
0.6673300000000002
0.6679699999999998
0.6663700000000005
0.6646
0.6682999999999997
0.6643500000000002
0.66804
0.6665300000000003
0.6653600000000002
0.6654000000000001
0.6698399999999998
0.6653399999999999
0.66757
0.66595
0.6665700000000002
0.6681199999999999
0.6659999999999999
0.6664100000000004
0.6660300000000002
0.6676499999999999
0.66657
0.66545
0.6682700000000001
0.66644
0.6680799999999999
0.66541
0.6655099999999998
0.6671799999999999
0.6650099999999998
0.6661099999999999
0.6682699999999998
0.6669599999999997
0.6671499999999996
0.6662
0.6667700000000001
0.6686
0.6656799999999998
0.6653699999999999
0.6672999999999999
0.6658099999999999
0.6689499999999999
0.66401
0.6670700000000003
0.6682299999999999
0.6657
0.6681799999999997
0.6666099999999999
0.66665
0.66509
0.66758
0.6641000000000002
0.6688099999999999
0.6648700000000001
