0.19999999999999962
0.37560000000000004
0.4684
0.4687999999999999
0.4672
0.4712000000000002
0.47200000000000003
0.4676000000000001
0.4634
0.47179999999999994
0.46919999999999995
0.47440000000000004
0.4580000000000002
0.46580000000000027
0.46820000000000017
0.4742000000000002
0.46440000000000003
0.47600000000000003
0.4592000000000001
0.4750000000000001
0.4636000000000001
0.4700000000000001
0.47200000000000003
0.4702
0.46800000000000025
0.4702000000000001
0.4720000000000001
0.4698000000000001
0.46920000000000006
0.4614000000000001
0.4730000000000001
0.46219999999999983
0.47680000000000006
0.47240000000000015
0.47540000000000004
0.45800000000000013
0.46580000000000005
0.4704
0.4650000000000001
0.47040000000000004
0.46679999999999977
0.46360000000000007
0.47180000000000005
0.46980000000000016
0.4739999999999999
0.46840000000000004
0.47100000000000025
0.4679999999999999
0.46380000000000016
0.46960000000000024
0.46699999999999986
0.4796000000000001
0.4672000000000002
0.4744
0.4637999999999998
0.47259999999999996
0.46359999999999985
0.47040000000000026
0.4712000000000002
0.46180000000000004
0.47179999999999994
0.4714000000000001
0.47119999999999995
0.47259999999999996
0.4683999999999998
0.46840000000000004
0.46940000000000004
0.46459999999999985
0.47880000000000017
0.4650000000000002
0.4726000000000001
0.47260000000000035
0.46580000000000005
0.4715999999999998
0.4682
0.468
0.46780000000000016
0.468
0.4742
0.45940000000000025
0.46579999999999994
0.4714
0.4618
0.4598000000000001
0.47640000000000027
0.4684
0.4666000000000001
0.4673999999999999
0.4722
0.45740000000000014
0.4684000000000001
0.4710000000000001
0.46880000000000016
0.4684
0.4646000000000001
0.46640000000000015
0.46799999999999997
0.47240000000000015
0.47400000000000014
0.4598000000000001
0.4726000000000001
0.4606000000000003
0.48100000000000004
0.4632000000000002
0.46500000000000014
0.47260000000000035
0.45880000000000026
0.4772
0.4658000000000001
0.47480000000000006
0.46560000000000007
0.4714000000000001
0.4760000000000003
0.46399999999999997
0.4718000000000002
0.46160000000000023
0.4758000000000001
0.46819999999999995
0.4749999999999999
0.46999999999999986
0.472
0.47279999999999994
0.4735999999999999
0.46500000000000014
0.4694000000000001
0.46840000000000004
0.4707999999999999
0.4738000000000002
0.4642000000000001
0.4658000000000001
0.4664
0.46720000000000034
0.4728000000000004
0.467
0.46879999999999994
0.4703999999999997
0.4700000000000001
0.46340000000000003
0.4752000000000002
0.4670000000000002
0.4716000000000002
0.4726000000000001
0.46399999999999997
0.4706000000000003
0.4712000000000001
0.4704
0.4649999999999999
0.4748000000000003
0.46800000000000014
0.4591999999999999
0.47480000000000044
0.45260000000000017
0.4815999999999999
0.46000000000000013
0.4654000000000002
0.45719999999999983
0.472
0.4672000000000002
0.4692000000000002
0.46460000000000024
0.4656000000000002
0.4674000000000001
0.4606000000000004
0.4764
0.4608000000000003
0.4666000000000002
0.4778
0.46900000000000014
0.4662000000000001
0.4746
0.4658000000000002
0.47160000000000013
0.4727999999999997
0.46420000000000017
0.47900000000000004
0.4698000000000001
0.4743999999999998
0.46020000000000016
0.46840000000000015
0.4577999999999998
0.4698000000000003
0.46280000000000016
0.47140000000000015
0.467
0.4724000000000001
0.4682
0.4650000000000001
0.46379999999999993
0.4694
0.46879999999999994
0.47180000000000016
0.46679999999999994
0.47040000000000015
0.4608000000000002
0.4716000000000002
0.4708000000000002
0.46800000000000014
0.46420000000000017
0.4654000000000002
0.47180000000000016
0.4824
0.46980000000000016
0.47220000000000006
0.46960000000000013
0.4691999999999999
0.47480000000000006
0.46380000000000005
0.4706000000000002
0.4572000000000001
0.4698000000000001
0.46160000000000023
0.47080000000000033
0.4730000000000001
0.46140000000000003
0.4670000000000002
0.4676000000000001
0.46780000000000016
0.4720000000000003
0.4773999999999999
0.45860000000000034
0.4656
0.46140000000000003
0.47679999999999995
0.46960000000000024
0.4616
0.4741999999999999
0.4622000000000001
0.4802000000000002
0.46820000000000017
0.4702
0.46179999999999993
0.4688000000000003
0.4599999999999999
0.4651999999999999
0.47100000000000025
0.46760000000000007
0.4700000000000001
0.47340000000000004
0.46540000000000004
0.46380000000000016
0.47240000000000015
0.45859999999999984
0.47319999999999984
0.47380000000000017
0.4646000000000003
0.46
0.4676000000000002
0.46540000000000004
0.46840000000000015
0.47340000000000004
0.46800000000000014
0.46960000000000013
0.4586000000000001
0.47860000000000014
0.4664000000000001
0.4628
0.4764000000000001
0.4698000000000003
0.4622000000000002
0.47639999999999993
0.46
0.4706000000000001
0.4720000000000002
0.46340000000000003
0.46540000000000004
0.47339999999999977
0.4634
0.4785999999999998
0.4636000000000003
0.47639999999999993
0.47119999999999995
0.4628
0.47240000000000004
0.4672
0.46480000000000016
0.47960000000000014
0.4712000000000002
0.47700000000000004
0.4614000000000002
0.47300000000000003
0.47400000000000003
0.4594
0.4652000000000001
0.4682000000000002
0.46520000000000006
0.4781999999999998
0.46919999999999995
0.46559999999999996
0.46559999999999996
0.4652000000000004
0.48019999999999996
0.47400000000000003
0.4634
0.47100000000000003
0.45860000000000023
0.4696000000000001
0.4686000000000003
0.47940000000000005
0.46680000000000005
0.4748000000000001
0.4629999999999999
0.46619999999999995
0.4679999999999999
0.47060000000000024
0.47179999999999983
0.4696000000000001
0.45779999999999993
0.4762000000000001
0.45400000000000007
0.4760000000000001
0.4694000000000001
0.47320000000000007
0.4649999999999998
0.47440000000000004
0.4744
0.46580000000000005
0.4666000000000001
0.46220000000000006
0.4702
0.4596000000000002
0.46680000000000005
0.4738000000000001
0.46759999999999996
0.46879999999999994
0.47380000000000017
0.46560000000000007
0.4714000000000002
0.4674000000000001
0.4700000000000003
0.46499999999999964
0.4678
0.4728
0.4766
0.4671999999999998
0.4780000000000001
0.46540000000000004
0.4718
0.4636000000000001
0.4710000000000003
0.4706000000000003
0.469
0.4748000000000001
0.4671999999999999
0.4740000000000002
0.47519999999999996
0.4620000000000001
0.47479999999999994
0.4700000000000002
0.46120000000000005
0.47559999999999997
0.4653999999999999
0.47680000000000006
0.46919999999999995
0.461
0.4622000000000001
0.48140000000000005
0.4666000000000001
0.47400000000000003
0.46740000000000004
0.47279999999999994
0.46940000000000026
0.4678
0.4694
0.47100000000000003
0.46099999999999985
0.4694
0.46780000000000016
0.4722
0.46600000000000025
0.4782
0.47060000000000024
0.46900000000000014
0.47199999999999986
0.4747999999999999
0.4678000000000001
0.4695999999999998
0.4678000000000001
0.46800000000000014
0.46299999999999997
0.4826
0.46259999999999984
0.4825999999999999
0.45800000000000024
0.46599999999999997
0.4644
0.46800000000000014
0.4716
0.46800000000000014
0.46599999999999997
0.46480000000000005
0.4782000000000001
0.47199999999999986
0.47159999999999996
0.4779999999999999
0.46959999999999985
0.46300000000000013
0.4766
0.4666000000000001
0.47619999999999996
0.47099999999999986
0.4636000000000001
0.46480000000000027
0.47559999999999986
0.46799999999999975
0.4606000000000001
0.4717999999999998
0.4697999999999999
0.46580000000000005
0.46740000000000037
0.4678
0.4616
0.4782000000000001
0.45960000000000006
0.4635999999999999
0.46519999999999995
0.467
0.4696000000000001
0.4706
0.46619999999999995
0.47159999999999996
0.46980000000000005
0.46360000000000023
0.46959999999999974
0.4712000000000002
0.4724000000000001
0.4582
0.47559999999999997
0.4748000000000001
0.4770000000000001
0.4678
0.4789999999999999
0.4524000000000001
0.47700000000000015
0.47
0.4738
0.46999999999999986
0.4728000000000001
0.4734
0.4705999999999998
0.4773999999999999
0.4694
0.4628
0.47240000000000015
0.46959999999999985
0.4696
0.47420000000000023
0.47100000000000025
0.47240000000000004
0.47480000000000006
0.4616000000000001
0.46540000000000004
0.4704000000000002
0.4656000000000004
0.46199999999999997
0.4590000000000002
0.4693999999999998
0.46779999999999994
0.47280000000000016
0.4622000000000001
0.46319999999999995
0.4728
0.4675999999999999
0.4672000000000001
0.4702000000000001
0.46740000000000037
0.4623999999999999
0.46879999999999994
0.4690000000000002
0.47059999999999996
0.46860000000000035
0.4732
0.4664
0.473
0.46560000000000007
0.47620000000000007
0.46799999999999997
0.4628
0.4655999999999998
0.47540000000000016
0.46700000000000025
0.46899999999999986
0.46100000000000013
0.46720000000000006
0.467
0.4674000000000001
0.4725999999999999
0.47100000000000014
0.4746
0.4670000000000002
0.4718
0.46740000000000026
0.4715999999999999
0.47020000000000023
0.472
0.46860000000000035
0.46440000000000015
0.46380000000000005
0.47000000000000014
0.47040000000000015
0.47200000000000025
0.4757999999999998
0.4613999999999998
0.4628000000000001
0.47599999999999976
0.4690000000000001
0.46699999999999997
0.47540000000000016
0.4643999999999999
0.4766000000000002
0.4670000000000001
0.46840000000000015
0.46900000000000014
0.4752
0.46879999999999994
0.45639999999999986
0.4744000000000001
0.463
0.4759999999999999
0.45840000000000003
0.4652000000000004
0.4584
0.48119999999999996
0.46440000000000026
0.47100000000000025
0.47100000000000025
0.4722
0.46440000000000015
0.4748000000000001
0.4663999999999999
0.4720000000000001
0.4698
0.4709999999999999
0.4686000000000002
0.4654
0.47019999999999995
0.4614000000000004
0.4737999999999999
0.4702
0.4641999999999998
0.46720000000000006
0.4678
0.4736
0.4680000000000002
0.4642000000000001
0.4714000000000001
0.4708
0.47059999999999996
0.4730000000000002
0.46540000000000015
0.45919999999999983
0.4794000000000002
0.46420000000000017
0.46879999999999994
0.4715999999999999
0.4643999999999999
0.4624000000000001
0.46820000000000017
0.46980000000000005
0.4652000000000001
0.4657999999999998
0.4772000000000003
0.4628000000000003
0.4763999999999999
0.4728000000000001
0.45860000000000006
0.47000000000000036
0.4711999999999999
0.467
0.4738
0.46980000000000005
0.4734000000000001
0.46140000000000014
0.47419999999999995
0.4712000000000002
0.47400000000000003
0.4678
0.4652000000000002
0.46519999999999995
0.46120000000000005
0.4747999999999999
0.46280000000000016
0.47099999999999986
0.47440000000000004
0.47260000000000024
0.4747999999999999
0.47020000000000034
0.46260000000000007
0.4758000000000001
0.4678
0.46539999999999987
0.4640000000000001
0.4726000000000001
0.4651999999999997
0.4694000000000002
0.46819999999999984
0.4762000000000001
0.4745999999999999
0.4680000000000002
0.4660000000000001
0.4768
0.4656
0.4694000000000001
0.47700000000000015
0.46659999999999985
0.46740000000000004
0.4762000000000001
0.45799999999999996
0.4728
0.4602000000000002
0.4724000000000002
0.4604000000000002
0.46960000000000013
0.4606
0.4782
0.47
0.46760000000000024
0.46879999999999994
0.47200000000000003
0.4758000000000002
0.46220000000000033
0.46800000000000025
0.4662000000000003
0.4642
0.47340000000000004
0.4666000000000002
0.4696000000000001
0.47019999999999984
0.4608000000000001
0.46000000000000013
0.4754
0.46659999999999996
0.4622000000000003
0.46319999999999995
0.4716000000000002
0.47000000000000014
0.47419999999999995
0.4712000000000002
0.46220000000000006
0.4608000000000001
0.47040000000000004
0.4650000000000001
0.4612000000000001
0.4736000000000001
0.46140000000000014
0.47140000000000015
0.4544000000000002
0.4747999999999998
0.4634000000000001
0.47739999999999994
0.45980000000000004
0.4738000000000001
0.4676000000000001
0.4642
0.46299999999999997
0.473
0.46380000000000005
0.47840000000000016
0.4610000000000001
0.46500000000000014
0.4634000000000001
0.4684
0.47200000000000003
0.4679999999999998
0.4774000000000003
0.47100000000000003
0.4722000000000002
0.47100000000000025
0.47100000000000025
0.4666000000000001
0.47619999999999985
0.4639999999999999
0.46959999999999996
0.47860000000000014
0.4709999999999999
0.4694
0.48139999999999994
0.45799999999999985
0.47140000000000015
0.4632
0.47540000000000004
0.46919999999999995
0.4735999999999999
0.4732
0.47380000000000017
0.4672
0.47120000000000006
0.46739999999999987
0.4698000000000001
0.4658
0.47200000000000025
0.4674000000000001
0.46900000000000014
0.46659999999999996
0.46560000000000007
0.4730000000000001
0.46740000000000015
0.4746
0.4636000000000001
0.46680000000000005
0.46920000000000023
0.4680000000000002
0.4664000000000001
0.4670000000000001
0.46560000000000007
0.4708
0.47100000000000014
0.47100000000000014
0.4642000000000002
0.4589999999999999
0.47419999999999995
0.4568000000000005
0.46920000000000006
0.46860000000000007
0.4710000000000001
0.46560000000000007
0.4612000000000001
0.46240000000000003
0.4741999999999999
0.47839999999999994
0.46219999999999994
0.46979999999999983
0.47159999999999996
0.45860000000000023
0.46599999999999997
0.46920000000000006
0.4684
0.4736000000000002
0.46320000000000006
0.4705999999999999
0.46159999999999984
0.4742000000000002
0.46180000000000015
0.45660000000000006
0.47160000000000013
0.46600000000000025
0.47320000000000007
0.4702000000000002
0.46779999999999994
0.47119999999999995
0.4628000000000001
0.4714
0.46099999999999997
0.4738
0.47059999999999996
0.46940000000000004
0.46800000000000014
0.47400000000000014
0.4708000000000001
0.46340000000000003
0.46619999999999995
0.47059999999999996
0.46680000000000005
0.46279999999999993
0.4700000000000001
0.4612000000000001
0.46780000000000016
0.46940000000000004
0.4796000000000001
0.4714000000000002
0.4688000000000002
0.47480000000000006
0.46419999999999995
0.47540000000000004
0.4638000000000001
0.4704
0.47240000000000015
0.47120000000000006
0.4688000000000001
0.4732000000000001
0.47039999999999976
0.47179999999999994
0.4686
0.46540000000000015
0.4675999999999999
0.4612000000000003
0.4789999999999999
0.46760000000000024
0.4716
0.4605999999999999
0.4804000000000002
0.46759999999999996
0.4672000000000002
0.47139999999999993
0.47200000000000003
0.47100000000000003
0.47979999999999995
0.46160000000000023
0.47519999999999996
0.47300000000000025
0.4752000000000002
0.46480000000000016
0.46399999999999997
0.4647999999999999
0.4738000000000001
0.47640000000000016
0.4752
0.46399999999999997
0.4706000000000002
0.46920000000000006
0.4707999999999999
0.4679999999999999
0.47179999999999983
0.4624000000000001
0.4702000000000004
0.4688000000000003
0.47460000000000013
0.46240000000000014
0.4678
0.47100000000000014
0.4682000000000003
0.4735999999999997
0.4659999999999998
0.46740000000000026
0.46599999999999986
0.4672
0.46500000000000014
0.4760000000000001
0.4696
0.4646
0.475
0.46699999999999986
0.4651999999999999
0.4708000000000003
0.4654000000000002
0.46819999999999995
0.4756000000000003
0.4642000000000001
0.4734000000000001
0.4732000000000001
0.46780000000000016
0.4696000000000001
0.4653999999999999
0.4742
0.46759999999999996
0.47220000000000006
0.45960000000000006
0.46980000000000005
0.47119999999999995
0.46800000000000014
0.4684000000000001
0.47240000000000004
0.4635999999999999
0.4764000000000001
0.46440000000000003
0.48100000000000015
0.47260000000000013
0.4656000000000002
0.4718000000000002
0.46799999999999997
0.47199999999999975
0.4628000000000002
0.4656
0.463
0.4784000000000004
0.4658000000000001
0.4706
0.47519999999999996
0.4568000000000001
0.4812000000000001
0.47479999999999994
0.4700000000000001
0.46100000000000024
0.4794
0.46100000000000013
0.4718000000000003
0.46180000000000015
0.4758000000000002
0.4738
0.4694000000000003
0.4588000000000003
0.47300000000000003
0.46759999999999996
0.4668
0.46659999999999996
0.4658
0.47000000000000014
0.4679999999999999
0.47100000000000003
0.4668
0.47039999999999993
0.4678000000000001
0.4748000000000001
0.46840000000000004
0.47620000000000007
0.4616000000000001
0.4712000000000002
0.4676000000000004
0.4698
0.46380000000000016
0.45859999999999984
0.47860000000000036
0.4634000000000001
0.4670000000000001
0.47279999999999994
0.4606000000000001
0.47520000000000023
0.4676000000000002
0.4712000000000002
0.46940000000000026
0.4707999999999999
0.46580000000000027
0.47699999999999987
0.4646
0.4730000000000002
0.4668000000000002
0.4702000000000002
0.47439999999999993
0.46820000000000006
0.4712000000000003
0.46740000000000004
0.46360000000000007
0.4656
0.4561999999999999
0.4762000000000001
0.4686
0.4726000000000001
0.46040000000000014
0.47539999999999993
0.4566000000000001
0.47100000000000014
0.4671999999999999
0.47779999999999995
0.46880000000000005
0.46740000000000015
0.4721999999999998
0.4716
0.4698000000000001
0.4674000000000001
0.4598000000000001
0.4694000000000003
0.4752
0.4574
0.46779999999999994
0.4638000000000002
0.47820000000000024
0.4666000000000001
0.4750000000000002
0.4662000000000001
0.47460000000000024
0.4630000000000002
0.47000000000000014
0.46920000000000006
0.46679999999999977
0.47900000000000004
0.47099999999999986
0.4744000000000002
0.4691999999999999
0.46240000000000026
0.46799999999999975
0.4728
0.45600000000000007
0.4716
0.4671999999999998
0.46779999999999994
0.4598000000000001
0.46679999999999994
0.46259999999999996
0.46520000000000006
0.4646
0.4706000000000002
0.4750000000000001
0.4734000000000001
0.4682000000000003
0.46820000000000045
0.47
0.4622
0.4750000000000001
0.47260000000000013
0.4692000000000002
0.4614000000000001
0.4770000000000001
0.4708000000000002
0.46639999999999987
0.46460000000000007
0.4712000000000002
0.4654000000000002
0.46700000000000025
0.4725999999999999
0.465
0.4616
0.4702000000000002
0.47599999999999965
0.4670000000000001
0.4690000000000001
0.4611999999999999
0.4622000000000002
0.4731999999999996
0.46680000000000005
0.47019999999999984
0.467
0.47380000000000017
0.4574
0.47019999999999995
0.46339999999999987
0.4690000000000001
0.46380000000000016
0.47320000000000007
0.46360000000000023
0.4634000000000001
0.47639999999999993
