0.19999999999999962
0.49260000000000004
0.5038
0.5202
0.5085999999999999
0.5126000000000002
0.5071999999999998
0.5181999999999997
0.5115999999999999
0.5097999999999999
0.5146
0.5169999999999999
0.5146000000000001
0.5105999999999998
0.5106000000000002
0.5118
0.5105999999999997
0.5087999999999999
0.5166000000000001
0.5096
0.5180000000000001
0.5122000000000003
0.5161999999999999
0.5108
0.5136
0.5145999999999998
0.5117999999999998
0.5094
0.5149999999999999
0.5132000000000001
0.5236
0.5060000000000002
0.5206000000000001
0.5106
0.5186
0.5112000000000001
0.5129999999999999
0.52
0.5060000000000001
0.5269999999999999
0.5065999999999999
0.5168
0.5118
0.5089999999999999
0.5160000000000001
0.5078
0.5204000000000001
0.5009999999999999
0.5147999999999999
0.5167999999999998
0.5119999999999999
0.5184
0.5098000000000001
0.5136000000000002
0.5108000000000001
0.5114000000000002
0.5149999999999999
0.5118
0.5196000000000001
0.5059999999999999
0.5198
0.5062000000000001
0.5206000000000001
0.5062000000000001
0.5246000000000001
0.5084000000000001
0.5180000000000002
0.5034000000000002
0.5184000000000001
0.5158
0.5106
0.5056
0.5072
0.5166000000000001
0.5132000000000001
0.5150000000000001
0.5052
0.5206000000000001
0.5102
0.5142000000000002
0.5172
0.518
0.5093999999999999
0.5102000000000002
0.5126
0.5115999999999999
0.5132
0.5147999999999999
0.5152000000000002
0.5147999999999997
0.5144000000000001
0.5083999999999999
0.5212
0.5042
0.5169999999999998
0.5152000000000002
0.5085999999999999
0.5204000000000002
0.5088000000000001
0.5176
0.5108
0.5049999999999999
0.5229999999999998
0.5088000000000001
0.5130000000000002
0.5150000000000001
0.5097999999999998
0.5116000000000002
0.5163999999999999
0.513
0.5181999999999998
0.5078
0.5122000000000001
0.5136000000000002
0.5180000000000001
0.5134000000000003
0.5114000000000002
0.5158000000000001
0.513
0.5160000000000001
0.5098
0.5140000000000002
0.5147999999999999
0.509
0.5196000000000001
0.5054000000000001
0.519
0.507
0.5197999999999999
0.5087999999999999
0.5148000000000001
0.5172000000000001
0.5177999999999996
0.5096000000000003
0.5152
0.515
0.5166
0.5112000000000001
0.5185999999999998
0.5136
0.5126000000000002
0.5109999999999999
0.5128000000000003
0.5217999999999999
0.5102
0.5099999999999999
0.5196000000000001
0.5082000000000002
0.5210000000000001
0.5118
0.5116000000000002
0.5162000000000002
0.5156000000000001
0.5030000000000002
0.5155999999999998
0.5104000000000002
0.5152
0.5126
0.5128
0.5117999999999999
0.5166000000000002
0.5052000000000001
0.5187999999999999
0.508
0.5224
0.509
0.5173999999999999
0.5083999999999996
0.5106
0.5174000000000002
0.511
0.5130000000000002
0.5173999999999999
0.507
0.5132000000000001
0.509
0.5115999999999999
0.5102
0.5206000000000002
0.5112000000000001
0.5195999999999998
0.5084000000000003
0.5174
0.5096
0.5096000000000002
0.5132000000000001
0.5122000000000002
0.5182000000000003
0.5077999999999999
0.5174
0.5079999999999998
0.5148000000000001
0.5068
0.5175999999999998
0.5097999999999999
0.5310000000000001
0.5048
0.5214000000000001
0.5047999999999998
0.5198
0.514
0.5126000000000002
0.5207999999999999
0.5138000000000001
0.5156000000000001
0.5115999999999999
0.5107999999999999
0.5226000000000002
0.5077999999999999
0.5210000000000001
0.5082000000000001
0.5104
0.5221999999999997
0.5064
0.5158
0.5065999999999999
0.5168000000000001
0.509
0.5118
0.5090000000000002
0.5188
0.5160000000000002
0.5166
0.5080000000000001
0.5174
0.5156
0.5112000000000002
0.5084000000000002
0.5129999999999999
0.504
0.5113999999999999
0.5152
0.5102
0.5174
0.5179999999999998
0.5095999999999999
0.5129999999999999
0.5128
0.5158000000000001
0.5144
0.5087999999999999
0.5136000000000001
0.5156000000000001
0.5074000000000002
0.5127999999999999
0.515
0.5088000000000001
0.5150000000000003
0.5174000000000001
0.5039999999999999
0.5204000000000001
0.5100000000000001
0.5167999999999998
0.5122000000000001
0.5155999999999997
0.5084000000000003
0.5238000000000004
0.5081999999999999
0.5109999999999999
0.5107999999999999
0.5156000000000001
0.5111999999999999
0.5137999999999999
0.5108000000000003
0.5196
0.5122000000000002
0.5136000000000002
0.5101999999999999
0.5234000000000001
0.5050000000000003
0.5197999999999999
0.5147999999999999
0.5107999999999999
0.5150000000000001
0.5104
0.5146000000000002
0.5073999999999999
0.5188000000000001
0.5104
0.5206000000000001
0.5108
0.5136000000000001
0.513
0.518
0.5076
0.511
0.5174
0.5167999999999999
0.5147999999999999
0.5098
0.5143999999999999
0.5094000000000002
0.5234000000000001
0.5107999999999996
0.5106
0.5122
0.5129999999999998
0.5082000000000001
0.5178000000000003
0.5096
0.5162
0.5047999999999999
0.5192000000000004
0.5042000000000002
0.5188000000000001
0.505
0.5185999999999998
0.5112000000000001
0.5209999999999998
0.5074000000000001
0.5161999999999999
0.5094
0.5154000000000003
0.5126000000000001
0.5168
0.5102
0.5166000000000002
0.5063999999999999
0.5284000000000003
0.5042
0.5192000000000003
0.5139999999999999
0.5122000000000001
0.5152
0.5171999999999999
0.5084000000000001
0.5222000000000001
0.5134
0.5144
0.5112
0.5196000000000002
0.5075999999999998
0.5130000000000001
0.5113999999999999
0.5232000000000001
0.5068000000000003
0.5182
0.5064
0.5177999999999998
0.5108
0.5176
0.5168
0.5115999999999999
0.5175999999999997
0.5051999999999999
0.5200000000000001
0.5058000000000001
0.5138000000000001
0.509
0.5138
0.5099999999999999
0.5121999999999999
0.5068
0.5209999999999999
0.5037999999999998
0.5178
0.5104
0.5151999999999998
0.5106000000000002
0.5164000000000002
0.5146000000000001
0.516
0.5047999999999998
0.5194
0.5133999999999997
0.5159999999999999
0.5112000000000002
0.5106
0.5170000000000001
0.5083999999999999
0.5214
0.5000000000000001
0.5169999999999999
0.5054
0.5138000000000003
0.5092
0.5222000000000001
0.5199999999999999
0.5104000000000002
0.5179999999999999
0.5086
0.519
0.5078
0.5195999999999998
0.5104
0.5082000000000001
0.5163999999999999
0.5107999999999998
0.5124000000000003
0.5116000000000004
0.508
0.5152
0.5137999999999997
0.5192000000000001
0.5086
0.5114
0.5209999999999999
0.5100000000000001
0.5111999999999999
0.5156000000000001
0.5092000000000001
0.5161999999999998
0.5152000000000002
0.5108
0.5174000000000002
0.5120000000000002
0.5146
0.5149999999999999
0.5176000000000002
0.5082
0.5141999999999998
0.5122000000000002
0.5122000000000001
0.5118
0.5188000000000001
0.5100000000000001
0.5202
0.5095999999999999
0.5253999999999998
0.5006000000000003
0.5217999999999999
0.5016000000000002
0.5223999999999998
0.5008000000000004
0.5229999999999995
0.5030000000000001
0.5267999999999999
0.5040000000000003
0.5209999999999999
0.5115999999999999
0.5095999999999999
0.5078000000000003
0.5214
0.5097999999999999
0.5105999999999998
0.5112000000000002
0.5119999999999999
0.5100000000000003
0.5153999999999999
0.5078000000000001
0.5142
0.5136
0.5098000000000001
0.5168
0.5076
0.5128
0.5174000000000002
0.5152000000000001
0.5136000000000001
0.5166000000000001
0.5109999999999998
0.5166000000000002
0.5101999999999999
0.5146000000000001
0.5156000000000003
0.5140000000000002
0.5118
0.5118000000000001
0.5157999999999999
0.5118
0.5146000000000001
0.5169999999999999
0.5122
0.5129999999999999
0.5077999999999999
0.5242000000000003
0.5035999999999998
0.519
0.5128
0.5115999999999997
0.5128
0.5124
0.5196000000000002
0.5117999999999999
0.5126
0.5085999999999998
0.5131999999999999
0.5197999999999997
0.5114000000000001
0.5140000000000002
0.5058
0.5220000000000002
0.5028
0.5232000000000002
0.5006
0.5176000000000001
0.5146000000000001
0.5113999999999999
0.5152
0.509
0.5142
0.5144
0.5156000000000001
0.5088000000000001
0.5149999999999999
0.5126000000000001
0.5135999999999998
0.5108
0.5164
0.5045999999999999
0.5262
0.5084
0.5140000000000001
0.5151999999999999
0.5080000000000001
0.5194000000000002
0.5046
0.5177999999999999
0.5148000000000001
0.5160000000000001
0.5074
0.512
0.5138000000000001
0.5118000000000001
0.5152
0.5198000000000002
0.5068
0.5232
0.5067999999999998
0.5182
0.5132000000000001
0.5144000000000003
0.513
0.5106000000000002
0.5137999999999999
0.5143999999999999
0.5129999999999998
0.5151999999999999
0.507
0.5198000000000002
0.5147999999999999
0.5171999999999999
0.5092000000000001
0.5189999999999998
0.5099999999999999
0.5213999999999999
0.5100000000000001
0.5137999999999999
0.5046
0.5155999999999998
0.5148000000000001
0.5134000000000001
0.5084000000000001
0.5178
0.5178
0.5043999999999997
0.5134000000000001
0.5174000000000002
0.5098
0.5144000000000003
0.5082
0.5130000000000002
0.5160000000000001
0.5148000000000005
0.5114
0.5150000000000003
0.5076
0.5204000000000003
0.5086000000000002
0.5154000000000003
0.5072000000000001
0.5189999999999998
0.5102
0.5108
0.5102000000000001
0.5166
0.5094000000000002
0.5123999999999999
0.5144000000000001
0.5107999999999998
0.5146000000000002
0.5084000000000001
0.5234000000000001
0.5064000000000001
0.5224
0.5054
0.5181999999999999
0.5098
0.5095999999999998
0.5111999999999999
0.5124
0.5102000000000001
0.5133999999999999
0.5131999999999999
0.5086000000000002
0.5106
0.5126000000000002
0.5148
0.5115999999999999
0.5156000000000001
0.5169999999999999
0.5150000000000002
0.5166000000000001
0.5172000000000002
0.5152000000000002
0.5136000000000002
0.5124
0.5120000000000001
0.5128
0.5137999999999999
0.5105999999999999
0.5145999999999998
0.5084000000000001
0.5126000000000003
0.5135999999999998
0.5148000000000004
0.5124000000000002
0.5047999999999999
0.5142000000000002
0.5110000000000001
0.5121999999999999
0.5088000000000001
0.5215999999999998
0.49799999999999983
0.5248
0.5077999999999999
0.5156
0.5088000000000003
0.5086000000000002
0.5132000000000001
0.519
0.5090000000000002
0.5116
0.5202
0.511
0.5133999999999999
0.5126000000000001
0.5164
0.503
0.5251999999999999
0.5072000000000001
0.5198
0.5085999999999998
0.5141999999999998
0.5102000000000002
0.5168
0.5090000000000002
0.5159999999999999
0.5046
0.5235999999999998
0.5080000000000003
0.5191999999999999
0.5058
0.5191999999999998
0.5063999999999999
0.52
0.5072
0.5199999999999999
0.5056000000000003
0.5181999999999999
0.5059999999999999
0.5173999999999999
0.5124000000000001
0.5124
0.5098000000000001
0.5106000000000004
0.5136000000000002
0.5163999999999995
0.5172000000000003
0.5084
0.5159999999999999
0.5167999999999998
0.5080000000000002
0.5180000000000002
0.5061999999999999
0.5151999999999997
0.5096
0.5176000000000002
0.5137999999999999
0.5114000000000001
0.5158000000000001
0.5084
0.5100000000000002
0.5178
0.5062000000000001
0.5134000000000001
0.5176000000000001
0.5067999999999998
0.5189999999999998
0.5120000000000001
0.5207999999999998
0.5102
0.5115999999999999
0.5134
0.5113999999999997
0.516
0.504
0.5126000000000001
0.5136
0.5157999999999999
0.5102000000000002
0.5136
0.5105999999999999
0.5128000000000003
0.5062000000000002
0.5195999999999998
0.5042
0.5232000000000001
0.507
0.5186000000000001
0.5082000000000002
0.5136
0.5221999999999998
0.5138
0.5147999999999997
0.5070000000000002
0.5148
0.5129999999999999
0.5124000000000001
0.514
0.5168000000000003
0.5106000000000003
0.5088000000000004
0.5186000000000002
0.5116
0.5206000000000002
0.5082000000000001
0.5174000000000001
0.5058000000000001
0.5216000000000001
0.5030000000000002
0.5143999999999999
0.5094000000000001
0.5222
0.5035999999999998
0.5186
0.518
0.5081999999999999
0.5201999999999998
0.5074
0.5184000000000002
0.508
0.5156
0.5122000000000001
0.521
0.5078
0.5116
0.518
0.5151999999999999
0.5093999999999999
0.518
0.5131999999999999
0.5136000000000001
0.5107999999999999
0.5097999999999999
0.5171999999999999
0.5134000000000001
0.5148000000000004
0.5179999999999999
0.5114000000000002
0.5169999999999999
0.5059999999999999
0.5173999999999997
0.5022000000000004
0.5155999999999998
0.5112000000000003
0.516
0.5106000000000002
0.5116
0.5205999999999996
0.5128
0.5094
0.5164000000000002
0.514
0.5146
0.5104000000000002
0.5171999999999999
0.5056
0.5178
0.5126
0.5089999999999998
0.5182000000000001
0.5062
0.5194
0.5114000000000002
0.5116
0.5104
0.5112000000000002
0.5173999999999999
0.5074000000000001
0.5155999999999998
0.5087999999999999
0.5126
0.5134000000000001
0.5108
0.5162000000000001
0.5064000000000002
0.5202
0.5077999999999999
0.5202
0.5038
0.5188000000000001
0.512
0.5124
0.5087999999999999
0.5112000000000002
0.5156000000000001
0.5114
0.5168000000000003
0.5095999999999999
0.5197999999999999
0.504
0.5132000000000001
0.5142
0.5106000000000002
0.5148
0.5096
0.5088000000000001
0.5158
0.5138
0.5139999999999998
0.5192
0.5102000000000001
0.5204000000000001
0.5102
0.5108000000000004
0.5202000000000002
0.5108
0.5188
0.5114
0.5079999999999999
0.5119999999999999
0.5095999999999999
0.5084
0.5132
0.5167999999999997
0.5076
0.5226
0.5012000000000001
0.5226
0.5039999999999999
0.5223999999999998
0.5034000000000002
0.5272000000000002
0.5058
0.5168
0.5089999999999999
0.5158
0.5056
0.5125999999999998
0.5097999999999998
0.5105999999999998
0.5209999999999999
0.5110000000000001
0.51
0.5140000000000002
0.5167999999999998
0.5106000000000002
0.5132000000000001
0.5110000000000001
0.51
0.5148000000000001
0.5108
0.5143999999999999
0.508
0.5136000000000002
0.5164000000000002
0.5146000000000001
0.5124
0.5056
0.5158000000000001
0.5142
0.5174000000000002
0.5136
0.5079999999999999
0.5098
0.5182000000000002
0.5116
0.5092000000000001
0.5206
0.5049999999999999
0.5177999999999998
0.5092000000000001
0.5118
0.5154
0.5099999999999998
0.5204
0.5086000000000004
0.5076000000000002
0.5172
0.5126000000000002
0.5133999999999999
0.5125999999999997
0.5206000000000002
0.5024000000000001
0.5197999999999998
0.5102
0.5140000000000001
0.5154000000000001
0.5174000000000001
0.5140000000000002
0.5182
0.5136000000000002
0.5147999999999999
0.5158
0.5113999999999997
0.5172000000000001
0.5047999999999998
0.5190000000000002
0.512
0.5160000000000001
0.5075999999999999
0.5141999999999998
0.52
0.5034000000000001
0.5184
0.507
0.5224000000000002
0.5095999999999996
0.5162000000000001
0.5085999999999999
0.5209999999999999
0.5110000000000001
0.5224000000000001
0.5106000000000002
0.5182000000000001
0.5106
0.513
0.5058000000000002
0.5238
0.5058000000000001
0.5166
0.5115999999999999
0.5138000000000003
0.5129999999999999
0.5166000000000002
0.5106
0.5141999999999998
0.5165999999999998
0.5075999999999999
0.5154000000000001
0.5136
0.5148000000000001
0.5128
0.5178
0.5027999999999999
0.5216000000000002
0.5103999999999999
0.5198000000000002
0.5100000000000001
0.5166000000000001
0.5067999999999997
0.5234000000000002
0.5032
0.5199999999999999
0.513
0.5202000000000001
0.5114000000000001
0.5111999999999999
0.5129999999999998
0.5108
0.5102
0.5146000000000003
0.5175999999999998
0.5162000000000001
0.5050000000000001
0.5148000000000001
0.5116
0.5167999999999999
0.5124
0.5076
0.5193999999999999
0.5074000000000001
0.52
0.5016000000000002
0.5166000000000002
0.5172
0.5126
0.5133999999999999
0.5138
0.515
0.5139999999999999
0.5110000000000001
0.5109999999999998
0.5184000000000001
0.512
0.5162
0.5126000000000002
0.5178
0.5146
0.5102
0.5169999999999998
0.508
0.5199999999999999
0.5059999999999998
0.523
0.5045999999999999
0.5198
0.5036
0.5182
0.5116
0.5114000000000002
0.5158
0.513
0.5169999999999999
0.5093999999999999
0.5148
0.5192000000000001
0.5048
0.5176000000000002
