0.19999999999999962
0.33801999999999993
0.54086
0.54584
0.5591999999999999
0.5584399999999998
0.5540399999999999
0.5577600000000001
0.56056
0.55814
0.5660600000000001
0.5594199999999999
0.5614799999999999
0.5607
0.55484
0.5624400000000003
0.5590399999999999
0.56032
0.55626
0.5623600000000003
0.5615399999999999
0.5590199999999999
0.5589200000000001
0.5591199999999997
0.5638399999999999
0.5583599999999999
0.5640999999999997
0.55684
0.55528
0.5590000000000002
0.55848
0.5583200000000001
0.5597999999999999
0.56172
0.5618999999999998
0.5623400000000001
0.5587599999999999
0.5598000000000001
0.5613000000000001
0.5610199999999997
0.55592
0.5609000000000001
0.5602400000000002
0.5595599999999998
0.5602799999999998
0.55654
0.5556400000000002
0.5584999999999998
0.5598000000000001
0.5615600000000002
0.5565
0.55758
0.5605199999999999
0.5553199999999999
0.5584600000000001
0.5587199999999999
0.5643800000000001
0.55686
0.5603399999999998
0.5538000000000002
0.5608999999999998
0.5595799999999996
0.56124
0.5575200000000002
0.5567399999999999
0.5599400000000001
0.5583399999999998
0.56286
0.5585799999999999
0.5602000000000001
0.55918
0.5577599999999999
0.5580000000000003
0.5596599999999999
0.5575800000000001
0.5588999999999998
0.5590800000000001
0.5561799999999998
0.5599199999999998
0.5577799999999997
0.5614400000000002
0.5592400000000001
0.56
0.5553200000000001
0.556
0.55816
0.5627400000000001
0.5547799999999998
0.5631399999999998
0.5585
0.5601799999999997
0.5573800000000001
0.5565599999999998
0.56102
0.5617399999999997
0.55902
0.5559400000000002
0.5582999999999998
0.5585200000000001
0.55952
0.5607800000000001
0.5530599999999999
0.5631200000000002
0.5558599999999997
0.56096
0.5560199999999998
0.5626200000000001
0.5579599999999999
0.5594000000000002
0.5548400000000002
0.5595999999999999
0.5564400000000002
0.55672
0.557
0.55806
0.5589400000000001
0.5610599999999999
0.5587199999999997
0.56086
0.5575800000000001
0.5573
0.55956
0.5597599999999998
0.5589799999999999
0.55792
0.5591399999999997
0.55748
0.5584799999999999
0.5582199999999999
0.5561
0.5591199999999997
0.5626000000000002
0.5596800000000001
0.5603400000000001
0.5607800000000001
0.55838
0.55686
0.5568200000000002
0.5581799999999997
0.56092
0.5585
0.55634
0.56054
0.5577399999999999
0.5562
0.56012
0.5580799999999998
0.5568799999999999
0.5593399999999998
0.5596599999999998
0.5575200000000001
0.5623799999999999
0.55836
0.55806
0.5567000000000002
0.56192
0.5569999999999999
0.5595600000000001
0.5615200000000001
0.5619000000000003
0.55918
0.5578600000000001
0.5542599999999998
0.5631199999999997
0.5540799999999997
0.5551200000000003
0.56186
0.5571200000000001
0.5619600000000001
0.5596399999999999
0.5575600000000001
0.5599400000000001
0.5589200000000001
0.5588400000000001
0.5584
0.5573799999999999
0.5583600000000001
0.56294
0.5544600000000002
0.55924
0.5590399999999999
0.5609000000000001
0.55568
0.5561599999999998
0.5622400000000001
0.5589
0.5571599999999998
0.5597
0.5577399999999998
0.55706
0.5575800000000002
0.5600800000000002
0.55926
0.55874
0.5585800000000002
0.5618
0.5602599999999999
0.5599000000000001
0.5567999999999999
0.55554
0.55976
0.5583399999999998
0.56018
0.5585399999999999
0.5611800000000001
0.55964
0.5538000000000003
0.5612400000000001
0.56148
0.55954
0.5559800000000003
0.5612000000000004
0.55764
0.5619999999999998
0.5614799999999999
0.5570800000000002
0.5574800000000001
0.56046
0.5603400000000001
0.5603599999999997
0.5524599999999998
0.5576799999999998
0.5627800000000002
0.5589800000000003
0.5638000000000002
0.5598799999999999
0.5612399999999999
0.5622200000000002
0.5613400000000002
0.5582199999999999
0.5584800000000001
0.5577799999999998
0.5589199999999999
0.5577399999999999
0.56248
0.55646
0.5561199999999998
0.55482
0.5606
0.5593999999999998
0.5579999999999997
0.5649000000000001
0.5598800000000002
0.5615400000000002
0.5578600000000001
0.5597999999999999
0.5562400000000001
0.56162
0.5603
0.5583600000000001
0.5598400000000001
0.55872
0.5619000000000001
0.5598999999999998
0.5556999999999997
0.5579800000000001
0.55706
0.5544
0.5614199999999999
0.5582799999999999
0.5574600000000001
0.5562
0.5624999999999999
0.5608400000000001
0.5626199999999999
0.5591200000000004
0.5576600000000002
0.5600200000000001
0.5592599999999999
0.5582999999999996
0.56068
0.5557
0.5643
0.5626400000000001
0.5591999999999999
0.5557599999999998
0.5578600000000002
0.55724
0.5603999999999998
0.5631199999999998
0.5591799999999999
0.5614000000000002
0.5578799999999999
0.5563
0.55916
0.55914
0.55716
0.55792
0.5548999999999998
0.5580200000000001
0.5575600000000002
0.55478
0.55826
0.56032
0.5575800000000001
0.5603400000000002
0.5629000000000002
0.5599600000000001
0.5555599999999999
0.5607600000000003
0.5624399999999998
0.5575800000000002
0.5600199999999999
0.5592000000000001
0.55486
0.5584800000000003
0.5589800000000001
0.5586199999999998
0.5564200000000001
0.56176
0.5555200000000002
0.5609399999999998
0.5546600000000003
0.5533999999999999
0.5561799999999999
0.55612
0.55826
0.5566399999999999
0.5608000000000002
0.5600000000000002
0.55974
0.55866
0.5604000000000002
0.5570599999999996
0.5576400000000001
0.5587599999999997
0.5588399999999999
0.55872
0.5587199999999999
0.5589800000000001
0.5579000000000002
0.5565800000000001
0.5566800000000002
0.55828
0.5611799999999999
0.5591199999999998
0.5594199999999999
0.5629400000000001
0.55824
0.5624
0.5613600000000001
0.5596200000000002
0.5566399999999999
0.5613199999999999
0.5582999999999999
0.5576800000000002
0.5600400000000001
0.5604200000000001
0.55662
0.55936
0.5582999999999999
0.55454
0.55734
0.5603399999999997
0.5579000000000002
0.55802
0.55608
0.55882
0.5616800000000002
0.55762
0.5611800000000001
0.5623800000000001
0.5625399999999999
0.5588800000000002
0.5535199999999998
0.5572800000000002
0.5602199999999999
0.5604399999999997
0.56064
0.5571199999999998
0.5621800000000001
0.5579799999999999
0.5623400000000003
0.5557000000000002
0.5570200000000002
0.55904
0.5562600000000002
0.5610599999999998
0.5613600000000001
0.5588999999999998
0.5534799999999995
0.5588000000000001
0.5604399999999997
0.5600600000000003
0.56298
0.55306
0.5611
0.5599400000000001
0.5614000000000003
0.56026
0.5613000000000001
0.5583
0.5576999999999999
0.5584799999999998
0.55866
0.5621199999999998
0.5562399999999998
0.5613800000000001
0.5581200000000001
0.5567599999999999
0.5629599999999998
0.5586600000000002
0.5591799999999999
0.5601799999999999
0.56038
0.5605399999999999
0.5598800000000002
0.5606200000000002
0.5603399999999998
0.55398
0.5552199999999999
0.5573600000000001
0.5612600000000003
0.5570799999999997
0.5613199999999999
0.5566799999999997
0.5572600000000001
0.5591800000000002
0.5561399999999999
0.5597199999999999
0.5576399999999999
0.5607199999999999
0.5598199999999999
0.55768
0.5568599999999997
0.5606400000000001
0.5602999999999999
0.5569999999999999
0.5602599999999998
0.5583600000000002
0.5594199999999999
0.5551
0.5579000000000002
0.5600600000000001
0.5549800000000001
0.5583399999999998
0.5602799999999997
0.5543400000000003
0.5613800000000001
0.55576
0.5583600000000001
0.5591399999999999
0.5599200000000001
0.5601200000000002
0.5595800000000001
0.55818
0.5586800000000001
0.5548399999999999
0.5571000000000002
0.5550200000000002
0.5597399999999999
0.5546399999999999
0.56036
0.5576199999999999
0.5575199999999999
0.5574000000000001
0.56208
0.55944
0.56176
0.56086
0.5580199999999998
0.5592199999999997
0.5571199999999998
0.5590200000000001
0.5561000000000001
0.5574399999999999
0.5606000000000002
0.56182
0.5566400000000002
0.5559799999999998
0.5609199999999998
0.5597
0.5539400000000001
0.5581200000000002
0.5561199999999998
0.5595399999999999
0.5620400000000001
0.5575599999999998
0.5589200000000002
0.5575200000000001
0.5572599999999998
0.56066
0.5616399999999999
0.5612599999999999
0.55814
0.55946
0.56026
0.5591199999999996
0.5569799999999999
0.5576599999999999
0.5580999999999998
0.5582599999999998
0.5574600000000001
0.5574199999999999
0.55886
0.5547400000000002
0.5579
0.5591799999999998
0.5601799999999999
0.5619199999999998
0.5606000000000001
0.5604000000000001
0.5605000000000001
0.5613
0.5584
0.5561600000000001
0.55208
0.5595399999999999
0.5564200000000001
0.5574200000000001
0.5624199999999997
0.5580999999999999
0.5602800000000001
0.55782
0.55936
0.55654
0.5576199999999999
0.5587200000000001
0.55732
0.5601600000000002
0.55344
0.5602999999999999
0.5578399999999999
0.5581600000000001
0.5594800000000002
0.5626999999999999
0.5600800000000001
0.5581000000000003
0.5581399999999997
0.55842
0.56356
0.55672
0.55358
0.5585400000000001
0.5566399999999999
0.5573600000000001
0.5630199999999999
0.5575800000000002
0.5617199999999998
0.5598399999999998
0.5612999999999999
0.55416
0.5588199999999999
0.5602600000000002
0.5574200000000001
0.5563600000000003
0.5597600000000001
0.5589600000000003
0.5586799999999996
0.5586999999999998
0.5573799999999998
0.5558199999999999
0.5615800000000004
0.5538799999999999
0.5589000000000002
0.5608199999999999
0.55806
0.5600800000000001
0.56066
0.5566800000000001
0.5558000000000003
0.5599599999999999
0.5564600000000003
0.56012
0.5572199999999999
0.55778
0.5616200000000001
0.5634000000000001
0.5581200000000003
0.5586000000000001
0.5581999999999999
0.5594800000000002
0.5566200000000001
0.5572599999999999
0.55934
0.5578
0.5595199999999999
0.5629199999999998
0.5589200000000001
0.5565200000000002
0.55972
0.5573999999999998
0.5598000000000002
0.5608200000000002
0.5558
0.56038
0.5572400000000001
0.55934
0.5588199999999999
0.5609400000000001
0.5549000000000001
0.5631399999999998
0.5585399999999998
0.5550800000000001
0.5624600000000001
0.5557399999999998
0.5615
0.5582999999999998
0.5584800000000001
0.5581599999999999
0.5579
0.5587000000000001
0.5597400000000001
0.56096
0.5575
0.5596800000000001
0.5615400000000002
0.5655200000000001
0.5577399999999999
0.5607399999999999
0.5631
0.5570599999999998
0.5570200000000002
0.5565400000000001
0.5564199999999999
0.5611200000000001
0.56148
0.5557999999999998
0.5612999999999997
0.5584
0.5588999999999998
0.5597200000000002
0.5562599999999996
0.5576400000000002
0.5564199999999999
0.5614200000000001
0.56018
0.5615199999999999
0.5567
0.5607599999999999
0.5598200000000001
0.5564400000000002
0.5619200000000002
0.55682
0.5636600000000002
0.5596800000000001
0.5586800000000003
0.5572199999999998
0.5536599999999998
0.5578400000000001
0.5579400000000001
0.5572400000000003
0.5560599999999997
0.5578800000000003
0.56134
0.5592400000000001
0.5550799999999999
0.55946
0.5586600000000002
0.55792
0.5586399999999999
0.5609199999999998
0.55756
0.56064
0.5605400000000001
0.559
0.55704
0.5576400000000001
0.5593399999999997
0.5639399999999999
0.5564
0.5577000000000001
0.5599200000000001
0.5613199999999999
0.5584999999999999
0.56044
0.5591799999999999
0.56012
0.5586999999999999
0.55954
0.55844
0.5574599999999996
0.5573999999999999
0.5551200000000002
0.5593000000000001
0.5585799999999999
0.5563199999999999
0.5600799999999999
0.5546399999999999
0.5579199999999999
0.5597799999999999
0.5602799999999999
0.5610799999999998
0.5572199999999999
0.5649
0.5558600000000001
0.5590400000000002
0.5605600000000002
0.55702
0.5577600000000001
0.5604799999999998
0.56014
0.5601199999999998
0.5606599999999999
0.5549599999999998
0.5568600000000001
0.5584800000000001
0.5546000000000002
0.5598800000000002
0.5568200000000002
0.5606200000000001
0.5591400000000002
0.5634999999999999
0.5574399999999997
0.5585599999999998
0.5579200000000001
0.5608799999999998
0.55966
0.56086
0.5583400000000001
0.5596999999999998
0.56398
0.55698
0.5568199999999999
0.5611599999999999
0.5549600000000001
0.5618799999999999
0.5586199999999999
0.5624
0.5578599999999999
0.5575600000000004
0.5593
0.5584800000000002
0.5576800000000002
0.5588799999999999
0.5580199999999998
0.5581199999999997
0.55642
0.5621999999999998
0.5584800000000001
0.5544399999999999
0.5605399999999999
0.5567800000000002
0.5604999999999998
0.5577399999999999
0.55998
0.5589600000000001
0.5614800000000002
0.5626399999999997
0.55702
0.5608600000000002
0.5565200000000001
0.5557399999999998
0.5567599999999997
0.5569
0.5620800000000002
0.5562000000000001
0.5593600000000001
0.5564199999999999
0.55558
0.5562800000000001
0.55168
0.55912
0.5606
0.5552
0.5614399999999999
0.55894
0.56114
0.5587
0.5551600000000001
0.56058
0.5616599999999999
0.56052
0.5607199999999999
0.5589799999999998
0.56444
0.5561600000000003
0.5611999999999999
0.5611000000000002
0.5598200000000001
0.5553600000000001
0.5604200000000001
0.5556799999999997
0.5578
0.5558
0.56026
0.5605000000000002
0.5597600000000001
0.5600200000000002
0.5579999999999999
0.55912
0.5609200000000003
0.5597199999999998
0.55498
0.5626800000000002
0.5604600000000004
0.56078
0.5596000000000002
0.5615800000000001
0.5633600000000002
0.5576000000000001
0.55928
0.56236
0.5585600000000003
0.5562
0.55622
0.5640199999999997
0.56172
0.5583199999999999
0.5569600000000002
0.5568000000000001
0.5592400000000002
0.5559999999999999
0.5573599999999999
0.5568800000000002
0.5596800000000002
0.5567199999999999
0.5624599999999998
0.5587599999999999
0.5598000000000001
0.5591400000000001
0.5586799999999998
0.5554000000000002
0.5556600000000003
0.5593400000000002
0.5578799999999997
0.5620400000000001
0.55686
0.5595000000000002
0.5614600000000003
0.5548400000000001
0.56238
0.5588999999999998
0.55844
0.5562999999999999
0.5602999999999999
0.5563999999999999
0.5600599999999998
0.5587199999999999
0.5562400000000002
0.5584800000000001
0.5596000000000001
0.5575199999999999
0.5624800000000003
0.5582800000000002
0.56862
0.5579799999999999
0.5591999999999998
0.55954
0.5584600000000001
0.5636200000000001
0.5580800000000001
0.5600400000000001
0.5596800000000002
0.56016
0.55902
0.5577000000000003
0.5614600000000002
0.5597
0.5623599999999996
0.5554800000000001
0.56326
0.5594
0.5556200000000002
0.5567199999999999
0.5542999999999999
0.5628400000000001
0.5590799999999999
0.5582400000000003
0.5615399999999999
0.56164
0.55842
0.5562599999999999
0.5581400000000001
0.56016
0.5610599999999998
0.56054
0.5602000000000001
0.5551600000000002
0.5559799999999998
0.5561800000000001
0.5554000000000001
0.5612000000000001
0.5532799999999999
0.55704
0.5634400000000002
0.5547799999999996
0.5568600000000002
0.5593600000000001
0.5598599999999999
0.5613400000000003
0.55586
0.5589400000000001
0.55834
0.5591000000000004
0.56062
0.55514
0.5574200000000001
0.5568200000000001
0.55768
0.5599799999999999
0.5602200000000002
0.5625000000000001
0.5625999999999999
0.5550799999999999
0.5576799999999998
0.5616800000000001
0.5593
0.5578200000000002
0.5611400000000003
0.5603200000000003
0.5567200000000001
0.5587000000000002
0.55732
0.5610599999999998
0.5591999999999998
0.55678
0.5567999999999999
0.5599799999999999
0.5564599999999998
0.5577599999999999
0.5602399999999998
0.56102
0.55928
0.5583200000000001
0.55782
0.56096
0.55732
0.5566999999999998
0.5622199999999998
0.5553799999999999
0.5597999999999997
0.5568599999999999
0.5582800000000001
0.5611399999999999
0.5621799999999999
0.5602600000000002
0.5607000000000001
0.5550000000000002
0.5637000000000001
0.5584
0.5598000000000001
0.5595000000000002
0.5562
0.5578
0.5568799999999999
0.5560200000000001
0.55598
0.5583400000000003
0.5588199999999999
0.561
0.5585800000000001
0.5556599999999999
0.5598399999999999
0.5588799999999999
0.5609000000000002
0.5583199999999999
0.5588199999999999
0.5625399999999996
0.5593599999999997
0.55934
0.5558399999999999
0.5596799999999998
0.5602599999999998
0.5553799999999999
0.5592399999999997
0.5593000000000001
0.5566400000000001
0.5593799999999999
0.5574199999999999
0.5600199999999999
0.5635599999999997
0.5566799999999998
0.5606000000000001
0.5586199999999999
0.562
0.5608600000000001
0.5610999999999999
0.5612599999999999
0.5576
0.5619600000000001
0.56098
0.5542199999999997
0.5597000000000003
0.5557000000000001
0.5562999999999998
0.5608000000000001
0.5562600000000001
0.5599000000000001
0.55958
0.5540200000000001
0.5596
0.5534199999999996
0.5587200000000003
0.5567400000000002
0.5614000000000002
0.5605200000000002
0.5567
0.5629
0.56056
0.5612
0.5588599999999999
0.5564800000000001
0.5623200000000002
0.5589199999999999
0.5575600000000001
0.5588
0.5560800000000001
0.5573799999999998
0.55926
