0.19999999999999962
0.39377999999999985
0.6364400000000002
0.5994999999999999
0.6153000000000003
0.6084399999999999
0.61086
0.6051799999999999
0.6117000000000001
0.6105799999999999
0.61
0.6132200000000002
0.61076
0.6073999999999999
0.6091599999999999
0.6071199999999997
0.6112799999999999
0.6040199999999999
0.6081
0.6107200000000002
0.6134999999999999
0.61002
0.6045199999999997
0.60762
0.61338
0.6066200000000002
0.61196
0.6104599999999999
0.6098599999999996
0.6113799999999998
0.6097999999999999
0.6104200000000002
0.6111199999999999
0.60638
0.6089600000000002
0.6112799999999999
0.61158
0.6078600000000002
0.6139800000000001
0.6088600000000001
0.6083000000000001
0.6099399999999998
0.6088
0.6103400000000001
0.60956
0.61286
0.6102799999999996
0.61344
0.6101599999999999
0.61276
0.6078400000000002
0.6115999999999998
0.60974
0.6059399999999999
0.6142999999999996
0.6086399999999998
0.60768
0.6116400000000001
0.6092799999999997
0.6112799999999998
0.60806
0.6089399999999999
0.6117999999999998
0.6102599999999999
0.6106599999999999
0.6100199999999998
0.6063199999999997
0.61182
0.60776
0.6102199999999999
0.61116
0.6069199999999999
0.60822
0.6068600000000001
0.6111199999999998
0.6060000000000001
0.6163600000000001
0.6054400000000001
0.6103799999999999
0.6123199999999999
0.6098
0.6068199999999998
0.6075
0.6106600000000002
0.6115399999999999
0.6100600000000002
0.60772
0.6125399999999998
0.6075399999999999
0.6080000000000002
0.61166
0.6093800000000001
0.6113399999999998
0.6087199999999998
0.6113199999999999
0.6124200000000001
0.6063799999999997
0.6088999999999999
0.6145399999999999
0.6068400000000002
0.6109799999999999
0.6074799999999998
0.6125400000000001
0.6100599999999999
0.6036399999999998
0.6128399999999997
0.6070400000000002
0.6098399999999998
0.6106599999999999
0.60796
0.6091600000000001
0.6110600000000002
0.6109
0.6092599999999997
0.6076000000000001
0.6114599999999998
0.6101400000000005
0.61628
0.60882
0.6114799999999999
0.6091200000000001
0.61056
0.6115999999999999
0.6119
0.6109999999999999
0.61188
0.6109399999999998
0.60964
0.6103399999999999
0.6098399999999999
0.6113599999999996
0.6075799999999998
0.6141200000000001
0.6121399999999996
0.60796
0.6101999999999999
0.6057399999999998
0.60762
0.60854
0.6096799999999998
0.6112599999999998
0.6115999999999999
0.60598
0.6122200000000001
0.6119600000000001
0.60986
0.60628
0.61104
0.6115800000000001
0.6086399999999997
0.6116600000000001
0.60982
0.60668
0.6114200000000002
0.6086000000000003
0.6090599999999999
0.6115
0.6058799999999998
0.6099399999999998
0.6067599999999999
0.6069799999999999
0.6088799999999999
0.6051799999999998
0.6128000000000001
0.6073799999999998
0.6076599999999999
0.6087600000000001
0.6091400000000001
0.6085199999999998
0.6068
0.6099600000000001
0.61204
0.6116400000000001
0.6092399999999999
0.61156
0.6110799999999997
0.61022
0.6092799999999996
0.6098800000000001
0.60964
0.6073400000000002
0.6084600000000001
0.6097999999999997
0.6119799999999999
0.6093000000000002
0.6104799999999999
0.6084999999999999
0.6120199999999998
0.6079800000000003
0.6099800000000001
0.6107
0.6081199999999999
0.6053399999999999
0.6154999999999999
0.6093
0.6059599999999996
0.6106199999999999
0.6117000000000001
0.6062199999999999
0.6077999999999999
0.6111399999999999
0.6069200000000001
0.6098199999999997
0.60998
0.6113999999999999
0.6079399999999999
0.6081799999999999
0.6115799999999998
0.61172
0.6030399999999998
0.6156599999999998
0.60642
0.6133999999999998
0.60816
0.6103200000000001
0.6079000000000001
0.6132199999999998
0.6079400000000003
0.6120199999999997
0.6170399999999998
0.6077400000000001
0.6159599999999998
0.6099000000000001
0.6096
0.6081399999999997
0.61112
0.6093799999999999
0.60866
0.60988
0.6110399999999998
0.6059199999999998
0.6075800000000001
0.61068
0.61374
0.6101599999999999
0.61124
0.6073599999999998
0.6120999999999999
0.6099799999999997
0.6070399999999998
0.6122000000000001
0.6096599999999999
0.60682
0.6154399999999997
0.6092
0.6117599999999999
0.6110199999999999
0.6094000000000002
0.6076800000000001
0.6108599999999997
0.6129200000000001
0.6096799999999999
0.6092199999999999
0.6070399999999998
0.6086400000000001
0.6077000000000001
0.6102000000000001
0.6085599999999999
0.6099199999999997
0.6121200000000002
0.6096199999999999
0.6118599999999996
0.6080800000000001
0.6117399999999996
0.6086599999999999
0.6052599999999998
0.6113999999999999
0.6101599999999998
0.6101399999999999
0.6134200000000002
0.6103800000000001
0.6126199999999998
0.60778
0.61088
0.6092800000000003
0.6115000000000002
0.6123000000000001
0.6052199999999998
0.6103599999999999
0.61022
0.6066799999999998
0.6078199999999999
0.6119
0.6127200000000002
0.60812
0.6121000000000002
0.6075400000000001
0.61064
0.6092799999999998
0.60392
0.6109800000000001
0.6086399999999998
0.6064999999999998
0.6107799999999999
0.6087399999999998
0.6090399999999998
0.6093800000000001
0.60526
0.6090800000000001
0.6113199999999999
0.6081999999999997
0.6079999999999999
0.6091000000000001
0.6114600000000002
0.6091799999999999
0.6068199999999999
0.6121399999999997
0.6068799999999999
0.61174
0.6099399999999998
0.6101200000000001
0.6085200000000001
0.6104599999999999
0.6100200000000002
0.61194
0.6114999999999998
0.6117
0.6084999999999998
0.6102799999999998
0.6073199999999999
0.6079399999999997
0.61318
0.6068399999999999
0.6125600000000001
0.6075600000000001
0.6093399999999998
0.6098
0.6116800000000001
0.6080600000000004
0.60604
0.6075400000000001
0.6089200000000001
0.61116
0.6098599999999998
0.6091399999999999
0.6102399999999999
0.6058
0.6122600000000001
0.6101200000000003
0.6101399999999999
0.6121600000000003
0.6096800000000001
0.60604
0.6126399999999997
0.61178
0.6093199999999999
0.61106
0.6084599999999998
0.6095999999999997
0.6099800000000001
0.6075399999999997
0.60874
0.6104399999999999
0.6074199999999998
0.61314
0.6100599999999996
0.6120799999999997
0.6107800000000001
0.6118999999999998
0.6051600000000001
0.6076600000000003
0.6121599999999998
0.60724
0.60406
0.6091799999999999
0.6125600000000001
0.6066599999999999
0.6103799999999997
0.6054599999999999
0.6083
0.61188
0.60868
0.6088799999999996
0.6099399999999999
0.6126199999999998
0.6111199999999998
0.6140000000000001
0.6075799999999999
0.60932
0.6117599999999999
0.6108400000000003
0.60868
0.6088399999999997
0.6102200000000002
0.6086600000000001
0.6080799999999998
0.6086
0.6099799999999999
0.6108599999999998
0.6093999999999999
0.6102399999999999
0.6082599999999999
0.6110200000000002
0.6060000000000003
0.6087799999999997
0.6054400000000002
0.6128199999999999
0.6068999999999999
0.6102599999999998
0.61044
0.6088799999999999
0.6065800000000001
0.60822
0.6078199999999999
0.6093999999999999
0.6116399999999999
0.60586
0.61026
0.6066800000000001
0.6097400000000002
0.6117799999999998
0.6090799999999998
0.60492
0.60982
0.6082399999999999
0.6076599999999999
0.6141399999999997
0.6104000000000003
0.6108799999999999
0.6084600000000003
0.6110399999999998
0.6104800000000004
0.61236
0.606
0.61058
0.6083799999999998
0.6086400000000001
0.61046
0.60762
0.6085800000000002
0.6100799999999996
0.6106000000000003
0.6066599999999998
0.6094000000000002
0.6088599999999998
0.6108600000000002
0.6098799999999999
0.6058200000000002
0.61466
0.6092
0.6074200000000001
0.61358
0.6106999999999997
0.6097399999999998
0.61104
0.6101399999999998
0.60984
0.6083400000000002
0.6114999999999998
0.6134399999999999
0.6106399999999998
0.6081399999999998
0.60884
0.6061999999999999
0.6146
0.6098199999999998
0.6107799999999999
0.6055799999999999
0.6109199999999999
0.6090199999999999
0.6087799999999999
0.6093999999999999
0.60954
0.6124199999999999
0.6094599999999999
0.6114399999999998
0.6101199999999996
0.6113799999999998
0.60714
0.6102400000000003
0.60866
0.6095400000000004
0.61176
0.6103200000000001
0.6090399999999999
0.6106999999999999
0.6112799999999998
0.6067999999999999
0.61034
0.6089400000000001
0.6087599999999997
0.6065200000000002
0.6096799999999998
0.6078199999999999
0.6103199999999998
0.6091399999999999
0.6098199999999998
0.6123800000000003
0.6089000000000003
0.6081800000000002
0.6080800000000001
0.6075800000000001
0.6080000000000001
0.6105400000000001
0.6043600000000001
0.6150000000000003
0.6087400000000001
0.6104000000000002
0.60978
0.61086
0.6132999999999998
0.6071799999999999
0.60776
0.6122799999999999
0.6087799999999999
0.6055799999999998
0.6102600000000001
0.6113599999999998
0.6089799999999999
0.6100399999999998
0.6138799999999999
0.6100599999999998
0.6133000000000001
0.60976
0.6123400000000002
0.60736
0.6074600000000001
0.6091999999999997
0.6092
0.6062399999999998
0.6095999999999999
0.6134400000000002
0.6092
0.61258
0.61082
0.6094999999999997
0.6092599999999999
0.6099999999999999
0.6097999999999998
0.6078200000000001
0.60944
0.6083799999999997
0.6115799999999997
0.6058800000000001
0.6093200000000002
0.60734
0.6114799999999999
0.6078
0.61102
0.6085200000000001
0.6067599999999999
0.6124400000000001
0.61218
0.60778
0.6150399999999998
0.6081399999999999
0.6121000000000002
0.6077599999999996
0.6055599999999999
0.6146000000000001
0.60988
0.61016
0.6084799999999998
0.6074199999999998
0.6135200000000002
0.6059199999999998
0.6101399999999999
0.61256
0.6116199999999998
0.6096400000000002
0.6083199999999997
0.6116599999999999
0.6083199999999997
0.6122599999999998
0.6087800000000001
0.61164
0.6075200000000001
0.6126199999999998
0.6088799999999998
0.6073999999999999
0.6142799999999999
0.6122799999999999
0.60704
0.6111399999999999
0.61258
0.6087599999999999
0.61106
0.6107000000000002
0.61076
0.61362
0.6084199999999997
0.6125399999999999
0.6096
0.6119399999999999
0.6096799999999998
0.60732
0.6126799999999999
0.6091999999999999
0.6116000000000001
0.6148800000000001
0.6069200000000002
0.6095
0.60852
0.608
0.6078399999999998
0.6113800000000001
0.6085
0.61274
0.6048999999999997
0.6081799999999999
0.6098999999999999
0.60852
0.61142
0.60738
0.6083999999999999
0.6100999999999996
0.6078
0.6119799999999997
0.6097800000000001
0.6116199999999999
0.6084399999999999
0.6074999999999998
0.6095
0.61066
0.6086
0.6086999999999996
0.6090800000000001
0.6137199999999998
0.6099199999999999
0.60738
0.60732
0.61076
0.6071599999999999
0.60788
0.6076599999999999
0.60834
0.6106599999999999
0.6089600000000001
0.6097200000000003
0.6078399999999998
0.6100000000000002
0.60884
0.6103799999999999
0.60744
0.6096
0.6108
0.60894
0.6094999999999997
0.60734
0.6081799999999999
0.6147800000000002
0.6108
0.6117600000000002
0.6068999999999999
0.61382
0.6081399999999999
0.6089600000000001
0.6125599999999999
0.60846
0.6106599999999998
0.6084399999999998
0.61056
0.6054399999999999
0.6136999999999999
0.6083199999999999
0.6101800000000001
0.6070599999999997
0.6098799999999998
0.6108799999999999
0.6091599999999998
0.6113599999999999
0.6083800000000003
0.60942
0.6107
0.6091399999999999
0.6120599999999997
0.6089199999999999
0.6089199999999999
0.6069400000000001
0.60982
0.60924
0.6075600000000001
0.6087599999999997
0.6096600000000001
0.6105
0.6100999999999998
0.6093799999999999
0.6115600000000001
0.6066200000000003
0.60994
0.6095599999999999
0.60776
0.6115199999999998
0.6087799999999999
0.6122
0.6087400000000001
0.61124
0.60726
0.6092400000000002
0.6118800000000001
0.61188
0.6107799999999998
0.6088999999999998
0.60608
0.6133
0.6075199999999998
0.60982
0.6106999999999997
0.6066600000000001
0.6102199999999997
0.6115999999999996
0.60976
0.6084200000000001
0.6091799999999999
0.6048199999999998
0.6155400000000003
0.6099
0.6052800000000003
0.60796
0.61084
0.6108800000000002
0.61092
0.6029000000000001
0.6131799999999997
0.60744
0.61006
0.6110799999999998
0.6091400000000001
0.6077199999999999
0.6108800000000002
0.605
0.6116600000000001
0.6116999999999997
0.6093399999999998
0.6099199999999999
0.6064399999999998
0.6128999999999999
0.6075200000000001
0.6095399999999997
0.6102400000000001
0.6113000000000003
0.6073799999999998
0.6098999999999999
0.6133199999999999
0.60544
0.6116800000000002
0.6117800000000001
0.6098600000000001
0.6065999999999997
0.60708
0.6113999999999998
0.61236
0.61126
0.60966
0.60988
0.6085799999999998
0.6118199999999997
0.6061399999999999
0.6126999999999998
0.6067800000000003
0.61274
0.6098199999999999
0.6073999999999999
0.6094000000000002
0.6091199999999999
0.6086399999999998
0.6063400000000001
0.6089399999999998
0.6109999999999999
0.6099599999999998
0.6057999999999999
0.606
0.6082000000000002
0.612
0.6103599999999997
0.61002
0.6104999999999999
0.60846
0.6105199999999997
0.60994
0.6078799999999999
0.60884
0.6103999999999999
0.6098200000000003
0.6114799999999999
0.6109400000000001
0.6056600000000001
0.6074800000000001
0.6135600000000001
0.6070399999999999
0.60954
0.6056800000000002
0.6124199999999999
0.6110000000000001
0.60616
0.6116799999999998
0.6117399999999998
0.6117200000000002
0.6062000000000001
0.6108600000000002
0.61098
0.6086799999999998
0.6072400000000001
0.6109199999999999
0.60578
0.6089999999999999
0.6094200000000001
0.6091199999999999
0.6099
0.61044
0.6069
0.6129600000000001
0.60482
0.60838
0.6084799999999998
0.6076399999999998
0.6093999999999999
0.6090599999999999
0.6074200000000001
0.6085600000000001
0.6131599999999999
0.6117200000000002
0.6038600000000001
0.6118400000000002
0.6027800000000003
0.60668
0.61004
0.6119999999999999
0.6125
0.6081600000000003
0.6090999999999998
0.6087599999999997
0.61366
0.6069599999999998
0.6130600000000002
0.6085000000000003
0.6119
0.6064600000000001
0.6066000000000001
0.6073199999999997
0.61442
0.6121199999999999
0.60984
0.6143600000000002
0.6064799999999997
0.6096
0.6102599999999999
0.60714
0.61052
0.6045999999999999
0.6096799999999999
0.6093599999999998
0.6093199999999996
0.6100199999999998
0.60646
0.6103199999999999
0.6137199999999996
0.6085399999999997
0.6066600000000002
0.6126400000000001
0.6073000000000001
0.6102799999999999
0.6067200000000001
0.6082
0.6065
0.61038
0.6115399999999999
0.6072999999999998
0.6140399999999999
0.6102200000000001
0.6061999999999999
0.6099399999999998
0.6096199999999998
0.61228
0.6110599999999997
0.6075000000000003
0.6078
0.61086
0.6084599999999997
0.6092600000000001
0.6086800000000002
0.61008
0.6071200000000001
0.6070400000000002
0.6133599999999998
0.6102000000000001
0.6074599999999998
0.6096000000000001
0.61104
0.6159600000000001
0.60738
0.6051200000000001
0.60908
0.6138600000000001
0.60964
0.6106400000000001
0.6122599999999999
0.6076199999999999
0.6130399999999999
0.6090799999999998
0.6122800000000002
0.6069399999999999
0.60584
0.60862
0.60958
0.6109000000000002
0.60656
0.6090199999999999
0.6126799999999997
0.6079
0.6075799999999998
0.6104600000000003
0.6090799999999997
0.6115599999999999
0.6123799999999999
0.6117000000000001
0.6095399999999999
0.6077399999999996
0.6083600000000001
0.6110599999999998
0.6084599999999999
0.6112199999999998
0.6142599999999999
0.6110600000000003
0.6103799999999998
0.6107400000000003
0.6116600000000001
0.6140799999999998
0.6128400000000002
0.6091200000000001
0.6065400000000001
0.60866
0.6095400000000001
0.6111799999999998
0.6093199999999999
0.6103599999999998
0.61142
0.6129000000000001
0.6110999999999999
0.6098400000000002
0.6078999999999997
0.6067400000000001
0.6076599999999999
0.6130399999999999
0.6083199999999997
0.6068600000000002
0.60686
0.6111199999999997
0.6101599999999998
0.60974
0.6112399999999996
0.60852
0.6122399999999998
0.60952
0.6077399999999998
0.6092600000000001
0.6129599999999998
0.6104199999999999
0.6084399999999998
0.6113600000000001
0.6122599999999996
0.6064600000000001
0.6067799999999999
0.6099200000000001
0.6095599999999999
0.6058799999999999
0.61062
0.6114799999999999
0.6074799999999999
0.6116599999999998
0.6113599999999999
0.6105399999999999
0.6068000000000001
0.6122999999999998
0.6071000000000001
0.60972
0.60792
0.6081799999999999
0.6076599999999998
0.6113199999999999
0.6102000000000001
0.61022
0.60772
0.6135200000000001
0.6052200000000001
0.6089799999999997
0.6126800000000001
0.6104599999999997
0.6077800000000001
0.60894
0.61076
0.6122599999999998
0.6107399999999998
0.6147599999999998
0.61006
0.60796
0.6091199999999999
0.6107399999999998
0.6129999999999997
0.6099799999999999
0.60932
0.6104
0.6081999999999997
0.6132200000000001
0.6090800000000004
0.6104400000000001
0.6072199999999998
0.61348
0.61114
0.6090399999999997
