0.19999999999999962
0.42356
0.6778399999999999
0.6180599999999999
0.6371200000000001
0.6282600000000002
0.6323599999999998
0.6261399999999999
0.6329400000000001
0.62684
0.6312000000000001
0.6279999999999999
0.6285400000000001
0.6333000000000001
0.6292599999999999
0.6287600000000002
0.63176
0.63492
0.6265399999999999
0.6313600000000001
0.63148
0.6316799999999999
0.6324399999999998
0.6314400000000001
0.63266
0.6302400000000002
0.62836
0.6336999999999999
0.6308800000000001
0.6295199999999999
0.6310600000000002
0.6301200000000001
0.6284400000000003
0.63136
0.6313199999999999
0.6330399999999999
0.6310999999999999
0.6304799999999998
0.6306800000000001
0.6301600000000002
0.6292400000000005
0.6285799999999999
0.6328199999999998
0.6284000000000001
0.6305000000000001
0.6299399999999997
0.63196
0.6334600000000001
0.6303399999999999
0.6290799999999998
0.6309600000000003
0.6290799999999996
0.6308399999999998
0.6282999999999999
0.6321600000000002
0.6313600000000003
0.6280399999999999
0.62932
0.6305399999999999
0.62854
0.6302999999999997
0.6315200000000002
0.6312799999999998
0.6321000000000001
0.6293599999999998
0.6309400000000003
0.63022
0.6300399999999999
0.6303399999999999
0.6311599999999998
0.6301599999999999
0.6283399999999999
0.6296999999999999
0.6284199999999996
0.6308800000000001
0.6298400000000001
0.6314000000000002
0.6318199999999999
0.6322
0.6309
0.6302599999999999
0.6318000000000001
0.62934
0.6308800000000003
0.6282800000000002
0.6288400000000003
0.6291000000000002
0.6332999999999998
0.6290200000000001
0.63462
0.6282200000000002
0.6307
0.6288199999999999
0.6266799999999999
0.633
0.6293399999999998
0.6325199999999999
0.6296999999999999
0.6305999999999997
0.6296599999999998
0.62786
0.62712
0.6315200000000002
0.6298600000000001
0.6284199999999999
0.6294799999999999
0.6294599999999998
0.6315200000000002
0.6290399999999998
0.6289799999999999
0.6307000000000003
0.62934
0.6326400000000003
0.63216
0.6286600000000002
0.63116
0.6316399999999999
0.6318199999999997
0.63018
0.6274200000000002
0.63146
0.6258
0.6315200000000002
0.6282000000000001
0.6324600000000001
0.6314600000000002
0.6279799999999999
0.6333800000000002
0.6322800000000001
0.62556
0.6308
0.6268400000000002
0.6274200000000002
0.6333799999999999
0.6284599999999999
0.6282800000000002
0.6338000000000001
0.6303200000000002
0.6294000000000003
0.6347600000000001
0.62766
0.6315799999999998
0.62666
0.6299200000000001
0.6306200000000001
0.6310399999999999
0.6311200000000002
0.6304200000000001
0.63034
0.63096
0.6308400000000001
0.63074
0.6289
0.6313799999999999
0.63486
0.6302600000000002
0.6270000000000001
0.6298400000000001
0.6297000000000001
0.6329399999999998
0.62808
0.6329199999999998
0.6300000000000001
0.62738
0.6258600000000001
0.6314000000000002
0.6306
0.6333199999999999
0.62526
0.6344800000000004
0.6305200000000002
0.63076
0.6297
0.6325999999999999
0.62824
0.6281800000000001
0.62716
0.6300999999999999
0.6297799999999998
0.63076
0.6297400000000001
0.63018
0.6280800000000001
0.6324
0.62616
0.6345000000000001
0.6285200000000002
0.6300600000000002
0.6319000000000002
0.6317000000000003
0.62968
0.6283000000000001
0.63006
0.6279199999999999
0.63158
0.6335600000000002
0.631
0.62784
0.6323599999999998
0.6296400000000001
0.6313399999999997
0.62908
0.6300799999999999
0.6324600000000004
0.6318400000000001
0.6319800000000001
0.6278199999999999
0.63354
0.6261199999999998
0.6300599999999998
0.62956
0.6313000000000002
0.62602
0.63324
0.6293999999999997
0.63012
0.6288999999999999
0.6298600000000001
0.63334
0.6312800000000003
0.62862
0.6288600000000001
0.6313799999999999
0.62896
0.6313599999999999
0.6300800000000002
0.6313799999999998
0.6298600000000002
0.6276199999999998
0.63006
0.6323399999999998
0.6325600000000002
0.6305799999999998
0.62958
0.6288400000000002
0.6284
0.6342
0.6271800000000001
0.63096
0.6270599999999998
0.6280400000000003
0.6345000000000001
0.6274600000000001
0.6322800000000002
0.63012
0.63142
0.6303599999999999
0.6347599999999999
0.6272399999999998
0.6296800000000001
0.62994
0.6309800000000001
0.6291000000000001
0.6285000000000002
0.6320800000000002
0.6303199999999999
0.6299999999999999
0.62824
0.6321399999999998
0.6325
0.6319399999999997
0.6281399999999998
0.6353199999999998
0.6287400000000001
0.6298400000000001
0.6301399999999998
0.6296599999999999
0.6253
0.6305599999999999
0.6309999999999999
0.6322800000000002
0.6271200000000001
0.6313199999999999
0.6274800000000001
0.62716
0.6309
0.63104
0.6315000000000004
0.6289199999999997
0.63308
0.6284000000000003
0.6298999999999998
0.6313400000000001
0.6285
0.6296399999999999
0.6262999999999999
0.6340600000000001
0.6284399999999999
0.6313199999999999
0.6319400000000001
0.6311400000000003
0.6328399999999997
0.6285200000000003
0.6334600000000002
0.6301400000000001
0.6311999999999998
0.6316399999999998
0.63202
0.6292800000000001
0.6315
0.6308199999999999
0.6289199999999999
0.6310599999999996
0.6318799999999998
0.6240800000000001
0.6349999999999999
0.6311599999999999
0.6278999999999999
0.6308000000000001
0.6304200000000002
0.62896
0.6332000000000001
0.6317
0.6318599999999999
0.6270400000000003
0.6270399999999998
0.6300400000000003
0.6265000000000002
0.6331000000000002
0.6274199999999999
0.6302599999999999
0.63186
0.6304599999999999
0.62848
0.6348400000000003
0.6299600000000001
0.6271400000000001
0.6308399999999997
0.6302800000000002
0.6273400000000003
0.62942
0.63122
0.6297800000000001
0.6300800000000001
0.63008
0.6288800000000001
0.6268400000000002
0.6314200000000001
0.6303000000000001
0.6313400000000001
0.6272599999999998
0.6330199999999999
0.6309
0.6294000000000002
0.6313799999999997
0.6325200000000002
0.6296000000000002
0.6308399999999998
0.6277000000000001
0.63266
0.6264200000000002
0.6337600000000001
0.6311799999999999
0.6272199999999998
0.6316200000000002
0.63076
0.6285600000000001
0.6299199999999998
0.6309599999999999
0.6324000000000001
0.6264200000000001
0.6302400000000001
0.6313400000000002
0.6347800000000003
0.6275400000000001
0.6318200000000002
0.6300399999999999
0.6301399999999999
0.6285400000000003
0.6275799999999999
0.6294000000000003
0.6333000000000001
0.63066
0.62896
0.6363200000000003
0.63082
0.6304400000000002
0.6284599999999997
0.63062
0.62692
0.6305199999999996
0.63226
0.63448
0.6282200000000001
0.6305800000000001
0.6334599999999996
0.6273199999999999
0.6286200000000001
0.6333400000000001
0.63176
0.6287599999999999
0.6338599999999999
0.6313600000000003
0.63066
0.6291799999999999
0.6316600000000002
0.62936
0.6264799999999999
0.6298600000000001
0.6324199999999999
0.6273199999999999
0.6319200000000003
0.6283400000000001
0.6277000000000001
0.6303
0.6297000000000001
0.6300399999999997
0.6329200000000001
0.62724
0.6301000000000002
0.6329400000000001
0.6301800000000004
0.6298400000000001
0.6298400000000001
0.63022
0.6329000000000002
0.6272599999999998
0.6313600000000004
0.6274400000000003
0.62874
0.6321000000000001
0.62994
0.6322800000000004
0.6322399999999999
0.6319400000000001
0.6327799999999999
0.6296799999999998
0.6277600000000001
0.6285399999999999
0.6306999999999998
0.6294000000000002
0.63032
0.6319600000000001
0.6291599999999999
0.6327400000000001
0.63036
0.6281800000000003
0.62776
0.6329599999999999
0.6323200000000002
0.6321399999999998
0.62896
0.6301599999999999
0.6291999999999996
0.6292800000000001
0.6316999999999999
0.6294599999999998
0.6268000000000002
0.6334800000000002
0.6289400000000004
0.62518
0.6336600000000003
0.6305599999999999
0.6338199999999999
0.6291999999999999
0.62916
0.6300399999999999
0.6293600000000001
0.6296999999999998
0.63196
0.6332400000000002
0.62714
0.6315199999999997
0.6356800000000002
0.6302599999999999
0.6282000000000001
0.6314400000000001
0.6271999999999999
0.62896
0.63228
0.6303199999999998
0.6271800000000001
0.63316
0.6283199999999998
0.63208
0.6316799999999997
0.6258599999999999
0.6358000000000001
0.6272800000000001
0.63406
0.6263599999999999
0.63256
0.6302800000000001
0.6267399999999999
0.6281399999999999
0.6313799999999999
0.62692
0.63174
0.6282800000000001
0.6296800000000001
0.6320999999999999
0.6267600000000001
0.6311800000000002
0.6294000000000001
0.6287200000000002
0.6329200000000001
0.62838
0.6284399999999999
0.6313600000000003
0.6311000000000002
0.6322199999999999
0.6294999999999998
0.6298
0.6262599999999999
0.62948
0.6325800000000001
0.6324400000000001
0.62816
0.6289
0.6285200000000001
0.6336399999999999
0.6316999999999999
0.6318199999999999
0.62808
0.63284
0.6311199999999999
0.6299799999999999
0.6271799999999998
0.6349999999999998
0.62848
0.6315599999999999
0.6301000000000001
0.6332800000000001
0.6294599999999999
0.6277999999999997
0.6291599999999999
0.6267199999999997
0.6341800000000003
0.62714
0.63326
0.6271600000000002
0.6297000000000001
0.6325
0.62928
0.6337600000000004
0.63162
0.6294199999999995
0.6318
0.6309199999999999
0.63412
0.6287800000000001
0.6322000000000001
0.6305999999999998
0.63
0.6322200000000001
0.62944
0.6294799999999999
0.63272
0.62936
0.6313599999999997
0.63372
0.6275599999999998
0.63178
0.62882
0.6300000000000003
0.6287799999999999
0.62946
0.6282800000000002
0.6344000000000001
0.6301600000000003
0.6325
0.6297200000000003
0.6289000000000002
0.6299600000000001
0.6290000000000001
0.6310800000000002
0.6291399999999999
0.6326400000000002
0.6299000000000001
0.6320800000000002
0.6323599999999998
0.62918
0.6281199999999998
0.63258
0.6270399999999998
0.63034
0.6263600000000001
0.6305200000000003
0.6340600000000003
0.6309799999999995
0.6306200000000002
0.6293399999999997
0.6354200000000003
0.6256199999999998
0.6353200000000002
0.63134
0.62396
0.6334000000000004
0.6312599999999999
0.6286000000000002
0.6345599999999999
0.6321999999999999
0.6296
0.6280600000000001
0.6279799999999998
0.6305799999999998
0.6300199999999999
0.6291000000000001
0.6301199999999999
0.6320199999999997
0.6301599999999997
0.6298799999999997
0.6308799999999999
0.6281999999999998
0.6338400000000003
0.62776
0.6301799999999999
0.6310200000000001
0.62998
0.62812
0.6359599999999997
0.6286799999999999
0.63092
0.6266200000000002
0.6331
0.6276999999999999
0.6290800000000002
0.6316600000000003
0.6310600000000001
0.6295000000000001
0.6282599999999999
0.63104
0.6336000000000003
0.6286800000000001
0.6273999999999998
0.63118
0.6291599999999999
0.6297599999999997
0.63226
0.6299000000000002
0.63428
0.6297600000000001
0.6288000000000001
0.62922
0.6320799999999999
0.62888
0.63198
0.6281200000000003
0.6294399999999998
0.6236599999999999
0.6329799999999999
0.6316400000000001
0.62792
0.6336799999999999
0.6294400000000003
0.6343200000000001
0.6292200000000002
0.6277800000000001
0.6329000000000001
0.6311
0.6327600000000001
0.6341400000000001
0.6287799999999999
0.6314600000000001
0.6316399999999998
0.6306399999999999
0.63286
0.6296000000000002
0.6309599999999999
0.6283199999999999
0.6305400000000002
0.6323599999999999
0.6260800000000001
0.6313600000000004
0.6290800000000001
0.6315000000000002
0.6297800000000001
0.6312599999999999
0.62412
0.6299000000000001
0.6277600000000001
0.6318
0.6285999999999999
0.6299199999999997
0.6300000000000001
0.6271799999999998
0.6347800000000002
0.6276400000000002
0.62938
0.63008
0.6329400000000001
0.6279999999999998
0.6321800000000002
0.6313599999999999
0.63076
0.6302400000000001
0.6299800000000002
0.6291000000000001
0.6291399999999999
0.6265800000000001
0.6288000000000001
0.6300200000000004
0.6320600000000001
0.6294600000000001
0.6300799999999999
0.6319600000000003
0.6310600000000001
0.6250800000000001
0.63336
0.62548
0.6363800000000001
0.6264
0.63332
0.6286
0.6297600000000003
0.63042
0.6248199999999999
0.6308199999999999
0.6309999999999998
0.62726
0.6276400000000002
0.63238
0.6308600000000001
0.6289399999999999
0.6297000000000001
0.63282
0.63134
0.6278400000000001
0.6342800000000001
0.6309400000000001
0.6288199999999999
0.6285000000000001
0.63232
0.6311399999999999
0.62748
0.6330399999999999
0.62908
0.6292800000000001
0.63104
0.6308400000000001
0.6294399999999999
0.63468
0.6278399999999997
0.6304799999999999
0.6271000000000001
0.6338400000000001
0.6283399999999998
0.62898
0.63384
0.6296600000000003
0.6325400000000001
0.6266600000000001
0.6281400000000001
0.6312599999999999
0.6312399999999998
0.62986
0.6291400000000003
0.6294200000000001
0.62802
0.6309599999999999
0.6322200000000001
0.6284399999999999
0.6312600000000002
0.6279199999999997
0.6317
0.6303599999999999
0.6279999999999999
0.6302000000000002
0.63498
0.62428
0.6291399999999999
0.6315799999999999
0.6301399999999999
0.6303200000000001
0.6311399999999999
0.6285999999999999
0.6288600000000001
0.63092
0.6327400000000004
0.6298999999999999
0.6312800000000002
0.62554
0.62966
0.6256400000000001
0.6325800000000001
0.6287400000000001
0.6275200000000001
0.6285400000000001
0.6340000000000001
0.631
0.6276799999999999
0.6321199999999999
0.6291800000000001
0.6313599999999997
0.6363
0.6296200000000002
0.6307200000000001
0.62968
0.6327200000000001
0.6297199999999998
0.6321600000000003
0.6321000000000001
0.6295199999999999
0.6317200000000004
0.6310999999999999
0.6292399999999998
0.6309400000000003
0.6274000000000002
0.6311000000000001
0.6271600000000003
0.6320000000000001
0.6286600000000003
0.63186
0.62784
0.6321600000000003
0.62656
0.6328199999999999
0.6302000000000002
0.62866
0.6292400000000002
0.6315000000000001
0.6284000000000001
0.6334199999999996
0.6328200000000002
0.6267400000000001
0.6285400000000001
0.6309599999999999
0.6308599999999999
0.6299399999999998
0.6307599999999999
0.632
0.6281799999999997
0.6306800000000002
0.6286400000000003
0.6334400000000003
0.6297400000000001
0.6258600000000002
0.62912
0.62858
0.6325400000000002
0.6346200000000001
0.6292999999999999
0.6312599999999999
0.6325800000000001
0.6285799999999999
0.63224
0.6274200000000001
0.62804
0.6287200000000001
0.6306600000000001
0.6336799999999999
0.6279600000000002
0.6307199999999998
0.6310200000000001
0.6325399999999999
0.6294999999999998
0.6308199999999997
0.6325200000000002
0.6303400000000001
0.6281600000000003
0.6329000000000004
0.6291000000000001
0.6296600000000002
0.6307200000000001
0.6315599999999999
0.6332000000000001
0.6267400000000002
0.6303399999999999
0.6329000000000001
0.63006
0.63304
0.6294000000000004
0.6339600000000001
0.6306400000000003
0.6290800000000001
0.6290600000000002
0.6308000000000002
0.6329800000000003
0.6294200000000001
0.6345200000000001
0.6280599999999998
0.6309399999999996
0.6249
0.6275
0.6327199999999998
0.63178
0.6288999999999999
0.63026
0.63312
0.6298199999999999
0.63296
0.6299199999999999
0.62842
0.6280000000000001
0.63068
0.6324599999999997
0.6313599999999999
0.6297999999999999
0.6301800000000003
0.6305399999999999
0.6307599999999999
0.6296999999999999
0.6281199999999998
0.6334800000000002
0.6311599999999999
0.6304
0.62998
0.62918
0.6341800000000002
0.6282200000000002
0.6325000000000002
0.63076
0.63228
0.6286799999999999
0.6310399999999999
0.6307600000000001
0.62872
0.6298600000000002
0.6353599999999999
0.6312200000000001
0.6301999999999998
0.6289399999999997
0.6275
0.6336399999999999
0.6333000000000002
0.6277600000000002
0.63046
0.6303799999999998
0.6300599999999997
0.62808
0.6329
0.6272799999999997
0.6300399999999998
0.6312800000000002
0.63106
0.6286400000000001
0.6324200000000001
0.6269400000000003
0.6321200000000003
0.6269600000000001
0.6323000000000003
0.6297200000000001
0.6292799999999998
0.63174
0.6265999999999999
0.62922
0.6290999999999998
0.6312600000000002
0.6319399999999998
0.62848
0.6281
0.6331399999999998
0.6258199999999999
0.62658
0.6347399999999997
0.62714
0.6305999999999997
0.6307199999999998
0.6274399999999999
0.6294999999999997
0.6291399999999999
0.6299400000000002
0.6275000000000001
0.6311399999999998
0.6340399999999997
0.6302000000000003
0.6273199999999999
0.6315599999999999
0.6316799999999999
0.6320999999999999
0.6276599999999999
0.6337200000000001
0.6299600000000001
0.6298400000000001
0.63064
0.62958
0.6310399999999999
0.6284399999999999
0.62884
0.63164
0.6323200000000002
0.6306199999999998
0.6313400000000001
0.6292000000000002
0.6307800000000001
0.6295400000000001
0.6296800000000001
0.63438
0.6284799999999999
0.6325399999999999
0.6298200000000002
0.6299799999999999
0.6313999999999997
0.6306600000000003
0.63096
0.6275399999999999
0.6293800000000003
0.6307800000000002
0.6312400000000004
0.6291
0.6311199999999998
0.6294200000000001
0.6306800000000002
0.6324000000000001
0.6304399999999998
0.63128
0.6283600000000003
0.6292400000000002
0.6308800000000003
0.6294400000000002
