2.366104372333549984e-274
2.447579617223177156e-03
7.812133820050093554e-03
1.653660992191682139e-02
2.653051808631824715e-02
3.988608947405417743e-02
5.619092761840675104e-02
7.530123903793897733e-02
9.166818948490709773e-02
1.138847235462665947e-01
1.358255226440496510e-01
1.536180660903816164e-01
1.683016041977081767e-01
1.893433688914551161e-01
2.153582650478471638e-01
2.377637688940148764e-01
2.572375674716704252e-01
2.742978648450042911e-01
2.893476840226107405e-01
3.027051787867817145e-01
3.146248520630044454e-01
3.253127119935662614e-01
3.349372945934648849e-01
3.436378109417334570e-01
3.515302576076945185e-01
3.594089700511231000e-01
3.781887229203813039e-01
3.961501104502848647e-01
4.127589561415535013e-01
4.281555399171930731e-01
4.424614311539491474e-01
4.557825068271185165e-01
4.682114037490308633e-01
4.798295249048816769e-01
4.907086916948022459e-01
5.009125129057900860e-01
5.104975254981257704e-01
5.195141503803583083e-01
5.280074972573585157e-01
5.360180456440829522e-01
5.435822237190370831e-01
5.507329024623731639e-01
5.574998192007381004e-01
5.639099420537394547e-01
5.699877846870198272e-01
5.757556791050852940e-01
5.812340128722459642e-01
5.864414360627654421e-01
5.913950423578784310e-01
5.961105279861468320e-01
6.006023316122198752e-01
