0.19999999999999962
0.25193999999999994
0.32493
0.39638000000000007
0.4585500000000002
0.5077400000000001
0.5468799999999997
0.57854
0.6013099999999999
0.61931
0.6361899999999999
0.6472200000000001
0.6559599999999998
0.6630800000000001
0.6694899999999998
0.6727899999999996
0.6745399999999998
0.67573
0.6773699999999999
0.67817
0.6807999999999998
0.6801399999999999
0.6825000000000001
0.6834199999999997
0.68405
0.6821399999999999
0.6863099999999999
0.6858200000000002
0.6854599999999997
0.6854300000000001
0.6872099999999999
0.6869799999999998
0.6887400000000002
0.6879400000000001
0.6880300000000001
0.6878500000000001
0.68853
0.68871
0.6889400000000003
0.68745
0.68737
0.6858699999999999
0.6863800000000001
0.68718
0.6866000000000001
0.6881700000000001
0.6885600000000001
0.6898000000000003
0.6892000000000003
0.6872900000000004
0.6883400000000001
0.6887399999999999
0.6874400000000002
0.68839
0.6883399999999998
0.6880900000000004
0.6887200000000001
0.6892100000000001
0.6896000000000002
0.68837
0.6906400000000003
0.6899800000000004
0.6902400000000002
0.6889799999999998
0.68932
0.6883999999999998
0.6885200000000001
0.6887599999999999
0.6882600000000001
0.6881900000000001
0.6889100000000002
0.6893699999999998
0.6872100000000002
0.68608
0.6854399999999998
0.68708
0.6869099999999999
0.6883000000000001
0.68866
0.6894399999999998
0.6903800000000001
0.6904399999999999
0.68958
0.6896700000000001
0.68888
0.6890699999999998
0.6899399999999996
0.6890800000000001
0.6879799999999999
0.68792
0.6901899999999999
0.6921799999999996
0.6895200000000001
0.6889399999999999
0.6886700000000003
0.6902599999999999
0.6894599999999999
0.6882899999999998
0.68778
0.6878900000000003
0.6866700000000001
0.6855299999999999
0.6860099999999999
0.6860299999999998
0.68682
0.68621
0.6868000000000001
0.6876699999999996
0.6887899999999999
0.6886399999999996
0.6881100000000002
0.68836
0.6900399999999998
0.6896599999999999
0.6902099999999995
0.6887499999999999
0.6890699999999998
0.6901899999999997
0.68913
0.6894499999999997
0.68863
0.68979
0.69056
0.6887300000000003
0.6884599999999996
0.6882500000000004
0.6878999999999997
0.68822
0.68837
0.6879800000000001
0.6897100000000003
0.6928
0.69148
0.6905400000000002
0.6913900000000003
0.6925100000000001
0.6919200000000002
0.69056
0.68796
0.6887500000000003
0.69045
0.6908699999999999
0.6918200000000003
0.6910000000000001
0.6898999999999998
0.68983
0.6877899999999998
0.68741
0.6878700000000001
0.6883099999999999
0.6894999999999999
0.6884600000000001
0.6886200000000001
0.6893100000000003
0.68918
0.68952
0.6895099999999998
0.6908700000000003
0.6895599999999998
0.6894900000000003
0.6907199999999998
0.68977
0.6898200000000001
0.6913099999999999
0.6928300000000002
0.6924800000000001
0.6913700000000002
0.6905099999999997
0.6903400000000001
0.6889599999999996
0.6882499999999999
0.68805
0.6875000000000004
0.6895099999999998
0.6885099999999998
0.68863
0.68943
0.6893900000000002
0.6897199999999999
0.68975
0.6897300000000003
0.6885600000000001
0.6874900000000003
0.6859400000000001
0.6863300000000001
0.6869999999999997
0.6869500000000001
0.6876800000000002
0.6899599999999999
0.68757
0.6890499999999998
0.68829
0.6905800000000001
0.6899399999999997
0.69148
0.6910100000000006
0.69199
0.6923600000000001
0.6918400000000001
0.6897499999999998
0.6900200000000001
0.6889
0.6896400000000003
0.6894499999999997
0.6897399999999998
0.6899299999999998
0.6888
0.68963
0.6892099999999998
0.6886200000000003
0.6891400000000002
0.6887899999999999
0.6895700000000002
0.6901299999999998
0.6895700000000002
0.6898700000000002
0.6893300000000002
0.6896400000000003
0.6884700000000001
0.6898800000000003
0.6893899999999998
0.6899000000000004
0.6920700000000004
0.6930099999999999
0.6926599999999999
0.6926500000000004
0.6922199999999998
0.6925900000000001
0.6929199999999999
0.6924700000000001
0.69196
0.6913899999999998
0.68987
0.6909600000000004
0.6909599999999999
0.6912699999999999
0.69014
0.6906500000000001
0.68833
0.6877299999999998
0.6893900000000001
0.6886999999999999
0.6889700000000002
0.68785
0.6885200000000001
0.68849
0.6881400000000001
0.6893100000000003
0.6892500000000003
0.6896599999999996
0.6892500000000001
0.68999
0.68918
0.6881700000000001
0.6859600000000001
0.6857499999999997
0.6862699999999998
0.6849199999999999
0.6860199999999999
0.6878099999999999
0.68768
0.6864200000000001
0.68842
0.6871300000000002
0.6895600000000003
0.6905200000000002
0.6901800000000002
0.6897100000000002
0.6889400000000001
0.6889500000000003
0.6890199999999999
0.6890600000000002
0.6889799999999998
0.6887399999999999
0.6873
0.6880099999999999
0.6867999999999997
0.6875000000000003
0.6879599999999998
0.6868999999999995
0.6871399999999999
0.68758
0.6877700000000003
0.6898300000000002
0.6895000000000003
0.6882599999999998
0.68794
0.6877200000000001
0.6888799999999997
0.6874499999999998
0.6890299999999998
0.6887199999999999
0.6882700000000002
0.6887399999999998
0.6870799999999998
0.6897199999999999
0.6876899999999999
0.6880399999999998
0.6859300000000004
0.6863099999999999
0.68845
0.6898899999999998
0.6868699999999999
0.6884000000000003
0.6879200000000002
0.6873100000000002
0.68708
0.6866999999999998
0.68661
0.6875399999999998
0.6875100000000001
0.6879899999999999
0.6880100000000003
0.6877599999999997
0.6876699999999998
0.68869
0.6868
0.6869399999999998
0.6877199999999997
0.68786
0.68761
0.6887699999999997
0.68582
0.6876700000000001
0.6876399999999999
0.6878399999999999
0.68647
0.6877200000000003
0.68759
0.6878100000000003
0.6870799999999998
0.6874799999999994
0.6880300000000001
0.6867899999999998
0.6866599999999999
0.6856300000000001
0.6870099999999999
0.6885299999999998
0.6877500000000001
0.6890100000000001
0.6881100000000001
0.68786
0.6881100000000001
0.6893699999999999
0.68907
0.6882400000000003
0.68768
0.6878499999999999
0.6883000000000001
0.6890100000000001
0.68899
0.6859700000000001
0.68859
0.6861600000000001
0.6874599999999998
0.68662
0.6875700000000005
0.6866099999999998
0.6858000000000001
0.6878200000000004
0.6864100000000001
0.68651
0.6882500000000001
0.6891900000000001
0.68808
0.6886000000000001
0.6884999999999998
0.6891900000000001
0.6872399999999999
0.68742
0.68863
0.6898599999999999
0.6890500000000002
0.6884700000000002
0.6881200000000001
0.6892199999999999
0.6904799999999999
0.6875300000000003
0.6872400000000001
0.6870299999999996
0.6861800000000003
0.6859000000000003
0.68678
0.6872700000000002
0.6876499999999999
0.6873599999999999
0.68732
0.6865900000000003
0.6844399999999999
0.6840499999999998
0.6838300000000003
0.6847799999999999
0.6849899999999998
0.6857600000000003
0.6859000000000001
0.6877300000000001
0.68747
0.6869699999999999
0.68668
0.6858699999999998
0.6863299999999997
0.68676
0.68493
0.6860599999999998
0.6854399999999999
0.6854
0.6864899999999997
0.68574
0.6857399999999998
0.6881800000000005
0.6884100000000002
0.6889600000000001
0.68995
0.6874600000000001
0.68844
0.6880700000000003
0.6889700000000002
0.6882300000000003
0.6887500000000002
0.6873500000000001
0.6884999999999997
0.68888
0.68855
0.6897500000000001
0.6895700000000002
0.69034
0.6904099999999999
0.6896999999999999
0.6897200000000002
0.6904900000000002
0.6903000000000002
0.6896399999999997
0.6896
0.6885499999999998
0.6883099999999999
0.6866800000000001
0.6868300000000002
0.6860199999999999
0.68413
0.68539
0.685
0.6850900000000002
0.6864300000000003
0.68699
0.68796
0.6888699999999999
0.6884600000000001
0.6877499999999999
0.6877100000000002
0.6863499999999999
0.6852699999999997
0.6841899999999999
0.6857399999999997
0.68694
0.68675
0.6883300000000001
0.68899
0.6891700000000002
0.6890700000000003
0.6893700000000001
0.6894
0.6875400000000002
0.68943
0.6884799999999999
0.6895800000000005
0.6882300000000001
0.6881400000000001
0.6882800000000002
0.6892399999999997
0.6890400000000001
0.69088
0.69105
0.6891399999999999
0.68954
0.6876599999999997
0.6850399999999998
0.68619
0.6850200000000002
0.6860599999999999
0.6862299999999999
0.6870000000000002
0.6872100000000002
0.6850500000000004
0.6865700000000001
0.6860900000000002
0.6881799999999998
0.6890500000000002
0.6878100000000003
0.6879900000000003
0.6901599999999999
0.6893600000000003
0.6900000000000003
0.6889799999999999
0.6876799999999998
0.68601
0.6871200000000002
0.6868900000000001
0.6877300000000001
0.6897900000000001
0.69024
0.68942
0.6895100000000001
0.6908299999999994
0.6904499999999999
0.6902100000000001
0.6898200000000004
0.6892099999999998
0.6879399999999998
0.6877300000000001
0.6881100000000001
0.6882199999999996
0.6885900000000003
0.6876599999999999
0.6884699999999999
0.6884499999999997
0.6872099999999999
0.6874499999999998
0.68785
0.6875899999999998
0.6879199999999999
0.6881899999999999
0.6893700000000003
0.6882100000000001
0.6895699999999999
0.6892900000000002
0.68965
0.6886300000000002
0.6882900000000004
0.6882799999999999
0.68833
0.6882300000000001
0.6871300000000001
0.6858500000000001
0.6868900000000001
0.6886600000000002
0.6887399999999998
0.6890300000000003
0.6896999999999999
0.6899199999999998
0.6885899999999999
0.6905199999999999
0.6897600000000006
0.6911099999999999
0.69023
0.6892999999999998
0.69006
0.6896000000000001
0.6897000000000003
0.6893700000000001
0.6891899999999996
0.6886099999999999
0.6867200000000001
0.6860100000000001
0.6872899999999998
0.6881400000000001
0.68918
0.68704
0.6886799999999998
0.69036
0.69064
0.6898399999999998
0.68911
0.68778
0.6897699999999999
0.6878799999999998
0.6865700000000001
0.6876400000000001
0.6876099999999998
0.68883
0.6876300000000001
0.6883099999999999
0.68751
0.6860300000000004
0.6870700000000002
0.6891700000000001
0.6883299999999999
0.6895900000000004
0.69021
0.6899299999999998
0.6911499999999999
0.6895699999999999
0.6880300000000003
0.6892200000000005
0.6892000000000001
0.68856
0.68926
0.6900899999999999
0.6916500000000001
0.6888700000000001
0.6865399999999999
0.6867800000000002
0.6862600000000001
0.6857099999999999
0.68552
0.68594
0.68463
0.6867399999999999
0.6876000000000003
0.68731
0.6873799999999997
0.68766
0.6880800000000002
0.6887899999999999
0.68893
0.6885899999999998
0.6889299999999997
0.68872
0.6886100000000003
0.6889599999999997
0.68731
0.68621
0.6856800000000001
0.6878100000000003
0.6881100000000003
0.6877199999999999
0.6896
0.6898199999999999
0.6875600000000002
0.687
0.6861
0.6858200000000001
0.6872499999999999
0.6880300000000003
0.6879100000000001
0.68901
0.6884099999999996
0.6883799999999997
0.6881199999999998
0.6880000000000002
0.6875299999999998
0.6877199999999998
0.6882400000000001
0.6859199999999999
0.68487
0.6847
0.6844000000000001
0.6855799999999997
0.6879299999999999
0.6860699999999997
0.6877499999999999
0.6871799999999996
0.6884100000000001
0.6882399999999997
0.6888499999999997
0.6875500000000001
0.6848700000000001
0.686
0.68647
0.6874199999999998
0.6874399999999998
0.6881999999999997
0.68855
0.6868999999999997
0.6878699999999999
0.6869299999999999
0.68633
0.6847600000000001
0.6860100000000001
0.6870400000000001
0.6870999999999999
0.6860400000000003
0.6858699999999998
0.6866899999999997
0.6876799999999998
0.6888599999999999
0.6890100000000003
0.6881700000000001
0.68816
0.6872000000000001
0.6860599999999999
0.6867899999999998
0.6860400000000001
0.6869299999999997
0.68887
0.6883900000000003
0.6896400000000001
0.6912200000000003
0.6894600000000001
0.689
0.6895100000000002
0.69005
0.6902399999999999
0.6895500000000001
0.68852
0.68798
0.6895899999999999
0.6901200000000002
0.6909700000000001
0.6903999999999999
0.69104
0.6893600000000001
0.6906900000000004
0.6914200000000003
0.6917400000000004
0.6904800000000002
0.6889600000000001
0.68825
0.6877800000000004
0.6889800000000001
0.6882099999999999
0.6871700000000002
0.6892400000000001
0.6902600000000002
0.6877099999999998
0.6899400000000001
0.6905899999999999
0.6912799999999999
0.6905800000000001
0.6891600000000001
0.6880000000000003
0.6871900000000001
0.6868199999999999
0.6893300000000001
0.6884700000000002
0.6886400000000001
0.6871100000000002
0.6879899999999998
0.6865300000000001
0.6868799999999997
0.6857199999999999
0.6877600000000004
0.6883800000000002
0.68749
0.6884600000000001
0.68986
0.6898200000000001
0.6880199999999997
0.6892900000000002
0.6874899999999999
0.6884899999999997
0.6896300000000001
0.68889
0.6891099999999999
0.6910599999999998
0.68976
0.6903900000000002
0.68982
0.6888999999999994
0.68786
0.6856500000000003
0.6869000000000001
0.6868600000000004
0.68553
0.6862999999999999
0.68761
0.68731
0.68794
0.6868700000000001
0.68545
0.6863600000000001
0.6878599999999999
0.68765
0.6867100000000005
0.68769
0.6895300000000004
0.6893100000000005
0.6895299999999999
0.6887400000000001
0.6890600000000002
0.6864500000000001
0.6889199999999996
0.6875499999999998
0.6883000000000001
0.6885000000000002
0.6884500000000001
0.6872500000000004
0.6862400000000001
0.6858399999999998
0.6863099999999999
0.6869199999999998
0.6864400000000002
0.6896000000000002
0.6888999999999997
0.6888100000000001
0.6889200000000001
0.6883
0.6877100000000002
0.6879900000000001
0.6876600000000002
0.6891599999999997
0.6898399999999999
0.6895299999999999
0.68975
0.6892199999999999
0.6895100000000001
0.6888199999999998
0.6868000000000005
0.6879100000000001
0.6884799999999998
0.6892300000000001
0.6883100000000002
0.6874299999999998
0.6868999999999995
0.6873699999999997
0.68791
0.68709
0.68797
0.6885100000000003
0.6878299999999997
0.6874999999999997
0.6860799999999999
0.6866599999999999
0.68597
0.68767
0.6884099999999997
0.6888000000000001
0.6898599999999998
0.6875099999999997
0.6880099999999999
0.6897800000000003
0.6885000000000001
0.6894600000000003
0.6900300000000001
0.6876699999999998
0.68822
0.68926
0.6886399999999999
0.6882199999999996
0.68722
0.6871499999999999
0.68773
0.6873799999999997
0.6876900000000002
0.6885799999999995
0.6879900000000001
0.6871899999999997
0.6881800000000001
0.6881300000000004
0.6891200000000002
0.6902700000000002
0.6893399999999998
0.6917100000000002
0.69099
0.6920000000000001
0.6918699999999995
0.6897799999999998
0.68851
0.68762
0.6879
0.6892499999999997
0.6927499999999999
0.6927099999999998
0.69325
0.6914099999999997
0.6899600000000002
0.6892099999999995
0.6894200000000004
0.68902
0.6910200000000001
0.6893300000000002
0.6874700000000001
0.6875500000000001
0.6890900000000002
0.6884399999999999
0.6870300000000001
0.6864299999999995
0.6863000000000001
0.6876400000000001
0.6885100000000002
0.68726
0.6878200000000005
0.6894800000000001
0.6904299999999997
0.6891200000000001
0.69092
0.69058
0.6932299999999998
0.6920399999999997
0.6905699999999999
0.6905
0.6895200000000001
0.6893400000000001
0.6898900000000003
0.68668
0.6886299999999999
0.6884899999999997
0.6877199999999999
0.6895600000000001
0.6899300000000003
0.6881200000000003
0.6887699999999997
0.6896800000000001
0.6881799999999997
0.6893900000000001
0.6882199999999996
0.69042
0.6907800000000003
0.6903699999999998
0.6882600000000001
0.6872499999999997
0.6882699999999999
0.68845
0.6873599999999999
0.6860299999999997
0.6874099999999999
0.6872699999999996
0.6857599999999999
0.6867
0.68707
0.6873199999999998
0.68711
0.6870199999999999
0.68861
0.6876900000000002
0.6859399999999998
0.6869299999999999
0.6867600000000001
0.6859799999999994
0.6862700000000003
0.6878700000000001
0.6885900000000003
0.6902000000000004
0.6907100000000004
0.6889600000000001
0.68844
0.6861799999999999
0.6870200000000001
0.6861000000000002
0.6861800000000002
0.6863700000000001
0.6857099999999999
0.6869799999999997
0.6872999999999999
0.6885600000000001
0.6884899999999997
0.6895899999999997
0.6861300000000001
0.6855600000000002
0.68533
0.6860899999999996
0.6867600000000001
0.6853999999999999
0.6863099999999998
0.6855900000000003
0.6853600000000003
0.6865399999999998
0.68648
0.6879100000000001
0.68737
0.6861700000000001
0.6875399999999998
0.6902399999999996
0.6902899999999998
0.6890899999999998
0.6861799999999996
0.6872
0.6862400000000004
0.68597
0.6870999999999998
0.6885000000000003
0.6887300000000002
0.6895700000000001
0.6908300000000002
0.6888099999999998
0.6904999999999997
0.6897299999999998
0.6898099999999999
0.6899499999999997
0.6897899999999999
0.69053
0.68985
0.6905800000000002
0.6892300000000003
0.6898699999999998
0.6882900000000001
0.68783
0.6881
0.6860499999999999
0.6887400000000001
0.6871900000000002
0.6880499999999999
0.6907300000000004
0.6889499999999998
0.6882300000000001
0.6865900000000004
0.6863500000000002
0.68778
0.6881699999999998
0.6879699999999999
0.68576
0.6883900000000003
0.6894700000000001
0.68782
0.68905
0.6891200000000005
0.6893000000000002
0.6901500000000002
0.68704
0.6854
0.68605
0.6857800000000003
0.6852300000000002
0.6862400000000001
0.6878699999999999
0.6883799999999998
0.6887400000000002
0.6895299999999999
0.68952
0.6884299999999998
0.6882300000000002
