0.19999999999999962
0.21686
0.2415
0.26536000000000004
0.28959
0.31220999999999993
0.33261999999999986
0.35090000000000016
0.36802999999999997
0.38193
0.3949799999999999
0.4066200000000002
0.41753999999999986
0.42805999999999983
0.43468000000000023
0.4416899999999998
0.44891000000000003
0.4539000000000001
0.45919
0.46302999999999983
0.46601
0.4680100000000001
0.46900000000000014
0.4707700000000002
0.47313000000000005
0.47558999999999996
0.4784999999999998
0.4798299999999999
0.4803900000000001
0.47987999999999986
0.48216999999999965
0.4829699999999999
0.48346999999999996
0.48405999999999993
0.4868700000000002
0.48724999999999985
0.48632
0.48535000000000006
0.4849099999999998
0.4834200000000001
0.4841699999999997
0.48486999999999986
0.48503999999999975
0.48536999999999986
0.48497999999999986
0.4857800000000001
0.4853800000000001
0.4869800000000001
0.4872400000000001
0.48737
0.48730000000000007
0.4884399999999998
0.4875900000000001
0.4877800000000001
0.48859999999999987
0.48926999999999987
0.48818
0.48986999999999997
0.4892000000000001
0.4893699999999999
0.4891499999999999
0.4884600000000001
0.4882999999999997
0.4896599999999999
0.48818999999999974
0.4887799999999999
0.48827000000000004
0.48751999999999973
0.4885600000000001
0.48772
0.4867999999999999
0.4876499999999996
0.48843
0.48612999999999995
0.48605999999999994
0.48548999999999987
0.4856699999999996
0.48621000000000003
0.48673999999999984
0.48740000000000017
0.48703
0.48686999999999975
0.4873199999999999
0.4869600000000001
0.4858299999999998
0.4861699999999998
0.48619
0.48547999999999986
0.4861099999999999
0.4863799999999997
0.48563
0.4863099999999998
0.48622999999999983
0.48810999999999977
0.48822000000000015
0.4866800000000001
0.48697999999999986
0.48744999999999983
0.48729999999999996
0.48777999999999994
0.48721
0.48798999999999987
0.48690999999999995
0.4862
0.48664
0.48501000000000005
0.48492000000000035
0.48578000000000027
0.48775999999999975
0.48822999999999994
0.48551
0.48780999999999985
0.48644000000000015
0.4878500000000001
0.48875000000000013
0.48869
0.4892700000000001
0.4895899999999999
0.48729999999999996
0.48757999999999996
0.48727
0.4879600000000003
0.4876199999999999
0.4866799999999998
0.48736999999999975
0.4859500000000002
0.48766000000000026
0.4860000000000001
0.48544999999999994
0.48622000000000015
0.48460000000000014
0.48533999999999994
0.48612999999999995
0.4863499999999998
0.48571999999999993
0.4864899999999999
0.4862999999999999
0.48749999999999993
0.48730999999999985
0.48585
0.48752
0.4867399999999998
0.48633999999999966
0.4868
0.4881399999999998
0.48773000000000005
0.4851499999999999
0.4851299999999999
0.48694000000000004
0.48775999999999997
0.4872800000000001
0.48794000000000004
0.4871499999999999
0.4884800000000001
0.4884500000000002
0.4879600000000002
0.4900100000000001
0.48946999999999996
0.4867799999999999
0.48677999999999977
0.4871000000000001
0.48738
0.48717
0.48693000000000003
0.4868099999999999
0.4874699999999999
0.4886899999999999
0.48945999999999984
0.48919
0.48884
0.48895000000000005
0.48768000000000006
0.4881699999999999
0.4886599999999999
0.4885499999999997
0.4895799999999998
0.4909599999999999
0.49018999999999985
0.48940999999999996
0.49016
0.48897999999999997
0.4891099999999999
0.48805
0.48779000000000017
0.48722000000000015
0.4861800000000002
0.4869
0.48752999999999985
0.48777000000000004
0.4875799999999998
0.4886200000000001
0.4879100000000001
0.4884400000000001
0.4879600000000001
0.4892799999999999
0.48834000000000005
0.4879299999999999
0.48810999999999977
0.48959
0.4900199999999997
0.49018999999999996
0.4907199999999998
0.4900700000000001
0.4895399999999998
0.4897099999999997
0.4888800000000002
0.4896500000000001
0.4904399999999997
0.49034999999999995
0.4900599999999997
0.4898399999999999
0.4898599999999999
0.48896999999999985
0.48832000000000003
0.49074000000000007
0.48978
0.4875699999999999
0.4882499999999999
0.48782999999999993
0.4860799999999999
0.4874299999999998
0.48762999999999956
0.48646999999999996
0.48651999999999984
0.48679
0.48580999999999996
0.48590999999999984
0.48734999999999984
0.48741
0.4880699999999997
0.48819999999999963
0.4885400000000001
0.49037
0.4898799999999997
0.4889899999999998
0.4896999999999999
0.48899999999999977
0.48851999999999995
0.4890299999999999
0.4898099999999998
0.49171000000000015
0.49181
0.49363
0.49317
0.4911
0.49149999999999977
0.49174999999999996
0.49167999999999984
0.49146
0.49298000000000014
0.49204000000000003
0.4926500000000001
0.4920300000000002
0.4915599999999997
0.49209999999999987
0.49219999999999975
0.49285999999999974
0.4931399999999999
0.4921200000000001
0.4902599999999999
0.4904399999999998
0.4900699999999999
0.4893499999999998
0.4901699999999998
0.4904799999999998
0.4893999999999999
0.49073
0.49058999999999986
0.4889200000000001
0.4900200000000001
0.49016000000000015
0.4895199999999999
0.48963999999999996
0.48760999999999993
0.48724000000000006
0.4881999999999999
0.4894799999999999
0.4900699999999998
0.4910200000000001
0.49090999999999985
0.49096000000000006
0.49146999999999985
0.49116999999999983
0.4888499999999999
0.48879000000000017
0.4896599999999999
0.48856999999999995
0.48804000000000014
0.48845999999999995
0.48946000000000006
0.48854000000000014
0.4888099999999999
0.48966999999999977
0.48922999999999994
0.48989000000000005
0.4882499999999998
0.48782
0.48762999999999984
0.48824
0.4879599999999998
0.48734999999999984
0.4885399999999999
0.4882799999999998
0.48790999999999995
0.4875699999999999
0.48632999999999993
0.48482000000000036
0.48583000000000015
0.4868899999999999
0.48841000000000023
0.48794999999999994
0.48687999999999987
0.48696999999999996
0.48805000000000015
0.4889200000000001
0.48909999999999976
0.4880899999999999
0.48762000000000005
0.4886299999999999
0.4885500000000001
0.48917000000000016
0.4876500000000002
0.48920999999999987
0.4888599999999999
0.48901000000000006
0.4898599999999999
0.4901799999999997
0.4908300000000002
0.49137999999999976
0.4906400000000002
0.49068999999999996
0.4901399999999999
0.4889499999999998
0.49004000000000003
0.4894800000000001
0.4894
0.4894899999999998
0.49016000000000015
0.4890300000000001
0.4898499999999998
0.48935999999999963
0.48808000000000024
0.48766999999999977
0.4899699999999999
0.49024
0.48965999999999993
0.48924999999999996
0.48899000000000004
0.4903299999999999
0.4895799999999999
0.48957999999999985
0.48913000000000006
0.4889799999999999
0.48889000000000005
0.4893399999999999
0.48795999999999995
0.4870399999999999
0.48778999999999995
0.48786999999999997
0.4884099999999998
0.48791000000000007
0.4871000000000001
0.48757000000000006
0.48752000000000023
0.48855
0.48815999999999987
0.48753999999999986
0.4864
0.4862100000000001
0.48507000000000006
0.48516
0.4857
0.4850399999999999
0.4857
0.48487000000000025
0.48464999999999997
0.48577
0.48540000000000005
0.48511000000000004
0.48740000000000017
0.48672999999999994
0.4846599999999998
0.48686999999999975
0.4872900000000001
0.4878200000000001
0.4874199999999999
0.48731000000000024
0.48765000000000003
0.48749999999999993
0.48771999999999976
0.48851
0.4889800000000001
0.4902
0.4913500000000001
0.48882000000000014
0.4895600000000001
0.4896499999999998
0.48986999999999986
0.48960000000000004
0.4891299999999997
0.4889199999999999
0.4890000000000001
0.48880999999999974
0.4873600000000001
0.48771000000000003
0.4874799999999999
0.48813
0.48723999999999984
0.4872799999999999
0.4859999999999999
0.48623000000000016
0.48688999999999993
0.48719000000000007
0.4870400000000001
0.48857999999999996
0.48916
0.4885499999999999
0.48671
0.4870200000000002
0.4867199999999998
0.4859799999999997
0.48741999999999974
0.4884699999999998
0.48852999999999974
0.4883299999999997
0.48830999999999997
0.48922999999999994
0.48847999999999986
0.4878299999999999
0.48879
0.48756000000000016
0.48847000000000007
0.48874
0.4904299999999999
0.48999999999999994
0.49107000000000023
0.49065999999999976
0.49116
0.4896399999999999
0.49017999999999995
0.4903499999999999
0.4914299999999998
0.4919799999999999
0.4925299999999998
0.4913299999999998
0.49156
0.49167000000000016
0.4916099999999998
0.49011999999999994
0.4904099999999999
0.49024999999999996
0.4893099999999999
0.4881300000000002
0.48979999999999996
0.48943999999999993
0.48812999999999973
0.4873800000000001
0.4881900000000001
0.48867
0.4894599999999997
0.48876000000000003
0.4875199999999999
0.48856999999999984
0.4890600000000001
0.49001
0.48943000000000003
0.4891100000000001
0.48876999999999976
0.48825
0.48849
0.48772999999999994
0.4853499999999999
0.48659999999999975
0.4875299999999998
0.48683999999999983
0.4864899999999999
0.48635000000000017
0.4869600000000001
0.48730999999999997
0.4880000000000001
0.4895399999999999
0.4895399999999998
0.4888399999999999
0.48988
0.4901499999999999
0.4896799999999999
0.48834999999999973
0.48815000000000003
0.4885600000000001
0.4874499999999999
0.48826
0.48673999999999973
0.48688000000000015
0.4864599999999998
0.48571000000000003
0.48609999999999987
0.48696
0.48676999999999976
0.48591
0.48672000000000026
0.48597000000000007
0.48680999999999996
0.4878
0.48928
0.48925
0.48947999999999986
0.48847000000000007
0.4897000000000002
0.4889700000000001
0.48869000000000024
0.48898999999999987
0.4892100000000001
0.48769999999999974
0.4897600000000001
0.4890899999999998
0.4885499999999999
0.4894
0.4869899999999998
0.4881399999999998
0.48937000000000014
0.48867999999999995
0.49046
0.4890799999999998
0.48680000000000023
0.48710999999999993
0.4876500000000001
0.4883099999999999
0.48823000000000005
0.48883000000000015
0.4886299999999999
0.48763
0.48705000000000004
0.4883200000000001
0.4885099999999997
0.4886799999999997
0.4876199999999998
0.48771000000000003
0.4875700000000001
0.4876899999999998
0.48743999999999993
0.48721000000000003
0.48811999999999983
0.48802999999999974
0.48863
0.48962999999999973
0.49038000000000004
0.49054000000000003
0.49151999999999985
0.4895900000000001
0.48779999999999973
0.48894999999999994
0.48844999999999994
0.4864599999999998
0.48811
0.4892900000000002
0.4904599999999999
0.49018999999999996
0.49012999999999995
0.4888399999999999
0.48941999999999986
0.4887799999999997
0.48809999999999976
0.48859
0.4888299999999998
0.48916999999999994
0.48916
0.48845
0.4888799999999999
0.4884699999999998
0.4882000000000001
0.48797
0.48818999999999996
0.4900699999999999
0.49046000000000006
0.48966999999999994
0.4905200000000001
0.4902499999999998
0.49042
0.4873800000000001
0.48683000000000015
0.48671
0.4847600000000001
0.48546
0.4858999999999999
0.4861999999999997
0.4861400000000001
0.48683000000000015
0.48789999999999983
0.4880899999999999
0.48865999999999976
0.48897000000000007
0.4896200000000002
0.49005000000000015
0.4884900000000002
0.48861
0.48913000000000006
0.48969999999999986
0.48878
0.4889
0.48961999999999983
0.49017999999999984
0.48994000000000015
0.4905800000000001
0.49051
0.4911200000000001
0.49077000000000015
0.4901700000000001
0.4896999999999999
0.4905999999999999
0.48855
0.48925999999999986
0.48881000000000013
0.48828999999999995
0.48790999999999984
0.4884300000000002
0.48900000000000005
0.4903700000000002
0.49016999999999994
0.49149999999999994
0.4932099999999998
0.49295
0.4910000000000002
0.49274000000000023
0.49187
0.49068000000000006
0.4912999999999998
0.49038999999999994
0.48985
0.49001000000000006
0.48901999999999984
0.48957999999999985
0.49211999999999995
0.49087000000000003
0.48875999999999986
0.48991999999999997
0.48969999999999997
0.4896099999999998
0.48794999999999983
0.48843
0.48851999999999973
0.48572999999999994
0.48585999999999985
0.4877299999999999
0.48749
0.48832000000000003
0.4870999999999998
0.4871399999999997
0.48783000000000015
0.4873899999999999
0.4883399999999999
0.4879699999999999
0.4863099999999999
0.48565999999999987
0.48502999999999974
0.48570999999999986
0.48647999999999997
0.48718999999999973
0.4864899999999998
0.4882699999999998
0.48768000000000006
0.48762999999999984
0.48828000000000005
0.4881399999999999
0.48702000000000006
0.48839999999999995
0.488
0.4885199999999999
0.48873
0.4879999999999999
0.4883100000000002
0.48801000000000017
0.48701999999999984
0.4868499999999997
0.48851
0.48839999999999983
0.48891999999999997
0.4894599999999999
0.48974000000000006
0.49060999999999977
0.49074999999999996
0.48974999999999996
0.4905799999999999
0.49204999999999993
0.4914100000000002
0.49264
0.4908499999999998
0.4916000000000001
0.4903099999999999
0.4892
0.48928999999999995
0.48997999999999997
0.48926999999999987
0.48792999999999986
0.4872599999999998
0.4865199999999998
0.48672
0.4866100000000002
0.48680999999999985
0.48693
0.48719999999999997
0.4876799999999999
0.48678999999999994
0.48548999999999987
0.48646
0.48662999999999984
0.48671
0.4867299999999997
0.4872000000000001
0.48612999999999984
0.48601999999999995
0.4878200000000001
0.48718000000000017
0.48645000000000005
0.48716999999999994
0.48738
0.4862599999999999
0.48775999999999975
0.48742
0.48786999999999986
0.48764999999999986
0.4877599999999999
0.4869799999999998
0.48767999999999995
0.4869199999999999
0.4884199999999999
0.4890999999999998
0.48933
0.48857000000000006
0.48926000000000003
0.48947
0.48930000000000023
0.4883699999999998
0.4900599999999998
0.48891999999999974
0.48822000000000004
0.48868
0.4890299999999998
0.48874999999999985
0.48703999999999986
0.48729999999999973
0.48674000000000006
0.4869899999999999
0.48841999999999985
0.48815
0.48873999999999995
0.4889699999999999
0.4893299999999999
0.48852999999999985
0.48780000000000023
0.4869199999999999
0.4864900000000001
0.48785999999999996
0.4869599999999999
0.48639000000000016
0.4857299999999998
0.4877500000000001
0.4879499999999999
0.48782000000000003
0.48780999999999963
0.4885799999999996
0.48967999999999995
0.48995999999999995
0.49030000000000007
0.4903999999999998
0.49016999999999994
0.4911799999999999
0.4916399999999998
0.49114999999999986
0.49117000000000005
0.49147000000000013
0.49061999999999983
0.49168000000000023
0.4927099999999998
0.4915700000000001
0.49108
0.49060000000000004
0.4902200000000001
0.49009
0.48928000000000005
0.48851999999999973
0.48879999999999996
0.4883599999999999
0.4891400000000001
0.48940000000000006
0.48879000000000017
0.48850999999999994
0.4897200000000001
0.48963999999999996
0.4886399999999999
0.48843999999999993
0.48733000000000004
0.48731999999999986
0.4870400000000001
0.48831999999999987
0.48831999999999987
0.4870499999999999
0.48690999999999995
0.48748
0.48751999999999973
0.4889899999999998
0.48851999999999995
0.48990999999999973
0.49028999999999995
0.48834999999999984
0.4879900000000002
0.48775999999999997
0.4881399999999999
0.48691
0.48569
0.4861000000000001
0.48589000000000004
0.4856399999999999
0.48517999999999994
0.4867900000000002
0.48754000000000003
0.4880900000000002
0.4886299999999999
0.48829
0.4891
0.48963999999999996
0.48946999999999996
0.4892199999999998
0.4879199999999998
0.48889000000000005
0.4880100000000002
0.4882600000000001
0.4899399999999999
0.4883800000000002
0.48838999999999994
0.48741999999999996
0.48763
0.48770999999999987
0.4889099999999999
0.48995999999999995
0.48983999999999994
0.48921
0.49001000000000006
0.4880599999999999
0.4888499999999999
0.4901800000000003
0.4884099999999998
0.48957999999999985
0.48874
0.48851999999999973
0.48836999999999975
0.49065
0.49088999999999994
0.4921599999999999
0.4906899999999999
0.48984999999999984
0.49118
0.49047
0.4901499999999998
0.48816999999999994
0.4880699999999998
0.49046000000000023
0.49137000000000003
0.49110000000000015
0.4923299999999999
0.49284999999999957
0.49327999999999983
0.4929000000000003
0.4917900000000001
0.4911500000000001
0.49079
0.49083999999999983
0.49232
0.4913399999999999
0.4914300000000001
0.49185
0.49216999999999983
0.4918999999999999
0.49074000000000007
0.48985999999999974
0.4904499999999999
0.4907899999999998
0.49034000000000005
0.48997
0.48996999999999985
0.48966999999999977
0.4891000000000001
0.4894599999999997
0.48851
0.4885799999999999
0.48877999999999994
0.4896499999999998
0.48885999999999974
0.4871400000000001
0.4870199999999997
0.4888499999999999
0.4887699999999999
0.4888999999999999
0.48893999999999976
0.48954999999999993
0.4897200000000001
0.4895699999999998
0.4885500000000002
0.4904599999999998
0.4913299999999999
0.49051
0.49023000000000033
0.48955999999999994
0.4881300000000001
0.48815000000000014
0.4878199999999999
0.48839999999999995
0.48905999999999994
0.48993000000000003
0.4901899999999999
0.4894499999999999
0.4885299999999998
0.48859
0.48776999999999987
0.48746
0.48848000000000014
0.4881899999999998
0.4900900000000001
0.49064999999999953
0.49024000000000023
0.48855
0.4880699999999998
0.48851999999999995
0.4878899999999997
0.4881499999999999
0.48655000000000004
0.48646999999999985
0.48654999999999987
0.4875000000000002
0.48737999999999987
0.48707000000000017
0.4887199999999999
0.4894499999999997
0.48992000000000013
0.4909399999999997
0.49156
0.4892299999999997
0.4892499999999999
0.4894
0.4913499999999999
0.4916400000000001
0.4910600000000001
0.4917799999999999
0.49290999999999985
0.49187000000000003
0.49235999999999985
0.49018999999999985
0.4898499999999998
0.49174999999999996
0.49156999999999995
0.4923999999999998
0.49172999999999994
0.49274999999999997
0.49241
0.4931799999999998
0.4925799999999998
0.49244
0.49014999999999986
0.4906699999999999
0.48902999999999996
0.48928999999999995
0.4888199999999999
0.48813999999999963
0.4882599999999999
0.48737000000000025
0.4860799999999999
0.4868499999999999
0.48611000000000004
0.48665999999999987
0.4873299999999999
0.48926000000000003
0.48859000000000014
0.4893699999999999
0.48905
0.48878
0.48756000000000016
0.48825000000000024
0.4864299999999999
0.4853099999999997
0.4872000000000001
0.4881500000000002
0.4888299999999999
0.48887000000000014
0.4895900000000001
0.4883699999999999
0.48835000000000023
0.48822999999999994
0.48977
0.48946999999999974
0.49018999999999996
0.4900899999999998
0.48975
0.49026000000000003
0.49039
0.4899599999999999
0.48831999999999987
0.4864599999999998
0.4860199999999997
0.48578000000000005
0.48656999999999967
0.4884399999999999
