0.19999999999999962
0.25582000000000005
0.3345100000000001
0.40781000000000006
0.47118000000000015
0.52233
0.56046
0.5915800000000001
0.6142399999999999
0.6327200000000002
0.6478899999999999
0.66002
0.6688100000000001
0.6736300000000002
0.6794899999999999
0.68353
0.6867000000000004
0.6897299999999998
0.6925999999999999
0.6923400000000001
0.69485
0.6963600000000002
0.6965300000000001
0.6974600000000001
0.6981200000000003
0.6988300000000001
0.69879
0.6992400000000001
0.6986200000000002
0.6997899999999998
0.6992500000000001
0.6986600000000004
0.6990200000000002
0.6986400000000001
0.6984300000000002
0.6979900000000001
0.6978499999999996
0.69709
0.6959799999999997
0.6967300000000002
0.69824
0.6974800000000001
0.69847
0.6981599999999999
0.6986900000000006
0.6981200000000001
0.6992499999999998
0.6990700000000001
0.6975499999999998
0.6993699999999999
0.6997800000000001
0.6985999999999999
0.69982
0.7013700000000002
0.7009499999999999
0.6985600000000001
0.6980899999999997
0.6976100000000003
0.6977400000000002
0.6980500000000002
0.6996799999999999
0.6993199999999998
0.6984099999999995
0.6977899999999998
0.69887
0.6982599999999997
0.6978099999999999
0.6973399999999998
0.6981999999999999
0.6977000000000001
0.6990800000000003
0.6989
0.6983200000000004
0.69951
0.6985899999999998
0.6977599999999997
0.6972200000000001
0.6961700000000002
0.6966000000000002
0.6970999999999999
0.69622
0.6960999999999999
0.6964900000000002
0.6958600000000001
0.6957900000000002
0.6952099999999999
0.6951499999999997
0.6949500000000001
0.6963999999999997
0.6972
0.6962599999999999
0.69611
0.6956899999999999
0.6968700000000001
0.6960800000000005
0.6954899999999998
0.6959800000000002
0.6970999999999998
0.6970099999999999
0.69789
0.6996799999999999
0.6986599999999998
0.6988
0.6979999999999998
0.6979399999999998
0.6986100000000002
0.6986199999999999
0.6972400000000001
0.6990999999999999
0.69857
0.6978300000000001
0.6993000000000003
0.6982300000000002
0.6971800000000001
0.69798
0.6993
0.6997
0.6988600000000001
0.7001100000000001
0.7006799999999997
0.7022799999999996
0.7005399999999997
0.7006999999999999
0.7006000000000003
0.6999700000000001
0.70036
0.6980600000000001
0.6975300000000001
0.69773
0.6990600000000003
0.6991299999999998
0.6996100000000003
0.6991200000000002
0.6995100000000001
0.6995199999999998
0.6991700000000001
0.7005700000000004
0.6999600000000001
0.6994699999999999
0.7002100000000001
0.6994500000000002
0.6989699999999999
0.6994899999999997
0.6989599999999999
0.6970699999999995
0.6972800000000001
0.6980500000000004
0.6996399999999998
0.7003100000000001
0.6988199999999998
0.7006499999999999
0.70099
0.6990299999999999
0.6991499999999998
0.6983599999999995
0.6980500000000002
0.6993699999999999
0.6978899999999999
0.6994099999999999
0.6984399999999998
0.69851
0.6987600000000002
0.6995800000000001
0.6996100000000002
0.7010299999999998
0.6989600000000001
0.6984400000000002
0.6996300000000002
0.6986600000000002
0.69609
0.6967299999999996
0.69658
0.6979599999999998
0.6990000000000002
0.7006199999999998
0.70026
0.7008500000000001
0.6986100000000001
0.6981999999999996
0.69868
0.6998899999999998
0.7005700000000001
0.7002399999999999
0.6996199999999999
0.7014100000000002
0.7025199999999999
0.7024600000000001
0.7006
0.69866
0.6983199999999998
0.6990399999999998
0.7003
0.6988400000000001
0.6994000000000001
0.6983800000000001
0.6980500000000002
0.6974700000000001
0.6972499999999999
0.69749
0.6994300000000002
0.6980799999999996
0.6989499999999996
0.6986
0.6984800000000001
0.6977600000000003
0.6966500000000002
0.6955000000000002
0.69754
0.69684
0.69817
0.6986600000000002
0.69708
0.6959699999999998
0.6964
0.6988200000000003
0.6977499999999998
0.6979900000000001
0.6986799999999999
0.7002699999999998
0.7009999999999998
0.7006600000000001
0.7001499999999998
0.6991
0.6991799999999999
0.6990299999999999
0.6990799999999999
0.7004900000000001
0.70002
0.6991900000000001
0.69952
0.6981699999999997
0.6987499999999999
0.6985399999999998
0.6973300000000002
0.6980600000000001
0.6994399999999995
0.7003300000000001
0.6977
0.6988799999999997
0.6981800000000002
0.69908
0.6992400000000002
0.6979900000000001
0.7000399999999998
0.7007000000000002
0.7009299999999996
0.70077
0.70105
0.6992900000000002
0.69793
0.6984699999999998
0.6989099999999996
0.6977199999999997
0.6976300000000002
0.6976399999999999
0.6992999999999999
0.7008700000000003
0.6997499999999995
0.6977899999999998
0.69749
0.69864
0.69939
0.6997300000000002
0.69947
0.6991999999999997
0.6987999999999999
0.6965200000000003
0.6983899999999997
0.69739
0.699
0.7004200000000002
0.70046
0.7012399999999996
0.7020700000000001
0.7023099999999998
0.7007800000000003
0.7016400000000002
0.7004600000000001
0.7001499999999997
0.6983799999999999
0.6968799999999997
0.6952000000000002
0.6945300000000002
0.6975800000000001
0.6978000000000002
0.6978399999999997
0.6981000000000002
0.6978200000000006
0.6966299999999999
0.69585
0.6964999999999999
0.6966500000000001
0.69814
0.6996400000000002
0.6989499999999998
0.6977500000000002
0.6971400000000001
0.6982099999999999
0.69638
0.6961699999999996
0.6971799999999999
0.69772
0.6982699999999998
0.6971900000000001
0.6967899999999997
0.6986600000000002
0.7008400000000001
0.6993499999999999
0.6992400000000003
0.6993999999999997
0.69922
0.6982399999999999
0.6960499999999996
0.6967299999999996
0.6968899999999999
0.6964899999999997
0.6966100000000003
0.69734
0.6982499999999999
0.6981899999999996
0.69769
0.6969200000000001
0.6982399999999999
0.69894
0.6994000000000004
0.7001600000000003
0.6998400000000002
0.7007900000000004
0.6995399999999999
0.6983699999999997
0.6957000000000003
0.6981499999999999
0.6984200000000002
0.69938
0.6976399999999999
0.69734
0.6979899999999999
0.6984099999999996
0.6994200000000003
0.7006800000000003
0.7016399999999997
0.70179
0.7024700000000001
0.70276
0.7024600000000002
0.7001600000000002
0.7018800000000001
0.7003600000000002
0.6994699999999997
0.6988699999999999
0.6996000000000003
0.6988600000000001
0.6989900000000001
0.6998400000000002
0.6996199999999998
0.6980799999999996
0.6990499999999997
0.69742
0.6969500000000001
0.69819
0.6987299999999997
0.6992100000000002
0.6994500000000003
0.6982599999999997
0.6971
0.6950400000000002
0.6945600000000001
0.6964199999999998
0.6982299999999999
0.6996499999999998
0.6990999999999997
0.7002499999999999
0.6981300000000004
0.6988200000000002
0.6994300000000002
0.6995800000000001
0.69875
0.6997600000000002
0.6984200000000002
0.6995699999999999
0.6990500000000003
0.6984399999999996
0.6987299999999999
0.70049
0.7010199999999999
0.7015300000000001
0.7017700000000004
0.7020600000000001
0.70205
0.7012900000000002
0.7005199999999998
0.6995299999999998
0.69766
0.6978800000000004
0.6987700000000002
0.6983300000000001
0.6984600000000001
0.69993
0.6998899999999998
0.6979499999999998
0.6973599999999999
0.6992500000000003
0.69794
0.69843
0.69911
0.69778
0.6958300000000002
0.69767
0.6988900000000001
0.7000700000000002
0.6997200000000002
0.6996800000000001
0.6998000000000002
0.6996900000000004
0.6980200000000001
0.69767
0.6987700000000002
0.6984599999999999
0.6985799999999998
0.7010799999999996
0.7033199999999998
0.70148
0.7008399999999999
0.69923
0.6982600000000001
0.6993100000000001
0.6991499999999999
0.6995199999999998
0.6992400000000003
0.6988199999999999
0.6990900000000002
0.69859
0.6983699999999999
0.69903
0.6991100000000001
0.69812
0.69924
0.6985099999999999
0.6972700000000001
0.6972299999999998
0.6994099999999998
0.6978300000000002
0.69821
0.6989799999999997
0.6989400000000003
0.6998999999999996
0.7005899999999998
0.6991299999999997
0.6997300000000002
0.69951
0.6999
0.69929
0.7008699999999997
0.6991300000000001
0.69836
0.69929
0.6978200000000001
0.69758
0.69692
0.6970299999999997
0.6971300000000002
0.6982600000000002
0.69935
0.6999299999999999
0.6996800000000001
0.6996199999999999
0.7004500000000001
0.6987799999999998
0.6980400000000002
0.6986599999999998
0.6981800000000001
0.6979699999999999
0.69888
0.7002500000000004
0.7001699999999998
0.69961
0.7001599999999997
0.6993499999999999
0.69928
0.6984600000000002
0.6975999999999999
0.6969900000000001
0.6958399999999999
0.6980100000000001
0.6981500000000003
0.6986899999999998
0.6984699999999999
0.6991600000000001
0.6994400000000002
0.6970300000000003
0.6979800000000002
0.6983699999999997
0.6997599999999998
0.7003400000000002
0.7000500000000003
0.69926
0.6990700000000001
0.6986799999999999
0.69876
0.70002
0.6995699999999997
0.6992599999999999
0.6996099999999998
0.6987899999999999
0.7007499999999999
0.70061
0.70182
0.7018100000000002
0.6996099999999998
0.69796
0.6993200000000002
0.70005
0.7003100000000001
0.6994500000000002
0.6994600000000003
0.6968699999999999
0.6981799999999998
0.6982499999999997
0.6985400000000002
0.6991699999999997
0.6999400000000002
0.7004799999999999
0.6985199999999999
0.6990000000000001
0.6976699999999997
0.6983299999999999
0.6989799999999999
0.7005499999999999
0.69966
0.6989299999999998
0.6970299999999997
0.6977900000000001
0.6979500000000002
0.6987300000000001
0.6978199999999996
0.6996899999999998
0.6996199999999998
0.6979700000000001
0.6977399999999999
0.6952600000000001
0.6954300000000001
0.6967000000000003
0.6990200000000003
0.6987800000000003
0.6979000000000002
0.6985799999999999
0.6984999999999997
0.698
0.6968
0.6982
0.69781
0.6979900000000001
0.6982799999999999
0.6993799999999999
0.6998500000000001
0.6984600000000003
0.69876
0.6996600000000001
0.6980200000000003
0.69907
0.6981000000000002
0.6986200000000002
0.69881
0.6960700000000002
0.69683
0.69848
0.6965900000000002
0.6966400000000001
0.69855
0.6994699999999999
0.6991499999999999
0.6988899999999997
0.6998799999999998
0.69742
0.6980899999999999
0.6976099999999998
0.6979699999999999
0.6973100000000001
0.6961399999999999
0.6956900000000001
0.6966000000000001
0.69473
0.6949500000000001
0.6943699999999999
0.6953100000000002
0.6973199999999997
0.6984399999999998
0.69843
0.6979899999999997
0.6978799999999998
0.6962400000000002
0.6960299999999998
0.6965100000000001
0.6967099999999999
0.6989700000000001
0.69805
0.6977199999999998
0.6992200000000001
0.69922
0.6982299999999999
0.6986500000000001
0.69915
0.6996000000000002
0.69949
0.6983999999999999
0.6984999999999998
0.7003199999999999
0.7014599999999999
0.7014699999999996
0.7005199999999999
0.6988500000000001
0.6990999999999998
0.69902
0.70048
0.6994900000000003
0.7005899999999998
0.7006600000000003
0.7006700000000001
0.7005499999999999
0.6987299999999999
0.6994000000000001
0.6994899999999997
0.6998000000000002
0.7002199999999997
0.6996200000000001
0.7007400000000001
0.69864
0.6975000000000001
0.6962299999999999
0.6969100000000001
0.6965299999999999
0.69672
0.69841
0.70091
0.7019
0.70122
0.6999199999999999
0.6983600000000001
0.6993999999999997
0.69812
0.6988900000000001
0.6980900000000001
0.6971099999999999
0.6962299999999999
0.6967200000000002
0.69557
0.6960000000000001
0.6976600000000001
0.6969599999999997
0.69698
0.6961600000000003
0.69843
0.69812
0.6987799999999997
0.6976300000000003
0.6969399999999999
0.6984099999999998
0.6997200000000001
0.7005000000000001
0.6989100000000004
0.6987399999999999
0.69997
0.6985699999999998
0.6984599999999999
0.6986200000000001
0.6995200000000003
0.6992900000000003
0.6992099999999999
0.6983499999999999
0.6983199999999999
0.6987000000000002
0.6983200000000003
0.6984400000000001
0.6981200000000001
0.6967999999999998
0.6979600000000002
0.6974700000000001
0.6977000000000002
0.6995600000000003
0.6994
0.69651
0.69833
0.6987300000000002
0.6978900000000003
0.6987400000000001
0.6986999999999999
0.69957
0.6986
0.69624
0.6958599999999997
0.6965400000000002
0.6963700000000003
0.69707
0.6987300000000003
0.6991100000000001
0.7002200000000001
0.6995399999999999
0.70009
0.7001100000000002
0.7006700000000003
0.7006699999999998
0.69957
0.6987500000000001
0.69832
0.6974599999999999
0.6967100000000002
0.69699
0.6971000000000004
0.6968599999999999
0.6983
0.6976000000000002
0.69692
0.6967499999999996
0.69789
0.6955
0.6936300000000002
0.6956699999999999
0.6970500000000002
0.6976699999999998
0.6979900000000002
0.6998500000000001
0.70003
0.7002399999999999
0.7013599999999998
0.7025200000000003
0.7025600000000002
0.7001800000000006
0.7013699999999996
0.7020699999999997
0.7011200000000002
0.69891
0.6975699999999999
0.6986599999999998
0.6985999999999999
0.6972599999999997
0.69481
0.69476
0.6956600000000002
0.69884
0.69814
0.6973199999999999
0.6976399999999997
0.6964899999999997
0.6969200000000001
0.69756
0.6973599999999998
0.69659
0.6983399999999998
0.69636
0.69741
0.6976
0.6970999999999996
0.6981500000000002
0.6985700000000001
0.6969500000000001
0.6953499999999996
0.6968700000000002
0.6968100000000003
0.6947500000000001
0.6954900000000005
0.69603
0.69518
0.6947499999999996
0.69556
0.6957500000000002
0.6972
0.69695
0.69842
0.69875
0.69808
0.6966700000000001
0.6961499999999999
0.69942
0.69935
0.7014699999999998
0.7012
0.6990899999999998
0.6981300000000004
0.6988199999999999
0.69807
0.6989699999999999
0.69761
0.69817
0.6996199999999999
0.6993200000000002
0.6992400000000001
0.6994199999999996
0.6996599999999996
0.7008800000000001
0.6998400000000001
0.6980399999999999
0.6974199999999996
0.6969900000000001
0.6990600000000002
0.70115
0.7005200000000003
0.70108
0.7004300000000002
0.70166
0.7011499999999998
0.7005200000000004
0.7018900000000002
0.7020600000000001
0.7016100000000001
0.70176
0.70051
0.6990500000000002
0.7024799999999999
0.7005900000000003
0.69943
0.69932
0.69821
0.6979500000000001
0.6997199999999999
0.6999500000000001
0.6995399999999998
0.6973700000000003
0.6978299999999997
0.6974399999999998
0.6983799999999998
0.6983399999999997
0.6965999999999998
0.6970999999999998
0.69722
0.69487
0.6947100000000006
0.69595
0.6977499999999998
0.6988300000000003
0.6998300000000001
0.69998
0.7007399999999998
0.6985799999999996
0.6986000000000004
0.69896
0.7005300000000001
0.6998000000000001
0.7004500000000001
0.70006
0.6989700000000002
0.6982799999999999
0.6974999999999999
0.6991400000000002
0.6986899999999997
0.6991100000000001
0.7003799999999998
0.6999200000000002
0.6974899999999999
0.6961899999999998
0.6975600000000002
0.69777
0.6994800000000001
0.6986999999999997
0.6992100000000002
0.69864
0.6986199999999999
0.6983200000000003
0.6979400000000001
0.6984400000000001
0.6977199999999999
0.6970000000000001
0.6988700000000003
0.6978599999999999
0.6990099999999999
0.6969899999999997
0.69679
0.6979100000000003
0.6989699999999999
0.6986800000000002
0.6984100000000001
0.6985499999999999
0.69777
0.6967799999999998
0.6951100000000001
0.6979500000000001
0.6974899999999999
0.6969600000000002
0.6964500000000003
0.6978099999999999
0.6980600000000002
0.6996699999999997
0.6985299999999998
0.6966500000000002
0.6949299999999998
0.6967599999999998
0.6974000000000004
0.6975699999999998
0.6950200000000001
0.6968499999999999
0.6971199999999999
0.6978899999999996
0.6987700000000001
0.6997099999999999
0.7008399999999998
0.69914
0.7000600000000002
0.7019599999999998
0.70125
0.6991800000000002
0.69889
0.6985300000000002
0.6990900000000001
0.6981499999999998
0.6975399999999997
0.69856
0.6990099999999999
0.6981
0.6973900000000002
0.6983399999999998
0.6995399999999999
0.6986199999999999
0.69666
0.6983599999999999
0.6989099999999999
0.6999000000000004
0.69792
0.6986000000000003
0.6964500000000001
0.6955300000000002
0.69749
0.6986099999999997
0.6979400000000004
0.6987900000000004
0.6981400000000001
0.69848
0.6994000000000001
0.70028
0.69774
0.6988699999999999
0.7000099999999999
0.6985800000000001
0.6986100000000002
0.6975699999999999
0.6972
0.69869
0.6975499999999997
0.7003
0.6980799999999999
0.6975599999999997
0.6992000000000003
0.6983900000000002
0.6985700000000001
0.69912
0.6996000000000002
0.6994300000000006
0.70005
0.7009400000000001
0.70095
0.7001800000000001
0.70116
0.7023900000000001
0.7031399999999999
0.7025399999999997
0.7013599999999997
0.70124
0.70038
0.6992999999999996
0.6982600000000001
0.7004299999999997
0.7013299999999998
0.6999599999999999
0.70089
0.7003499999999999
0.7008800000000001
0.70074
0.7015699999999998
0.70053
0.7003900000000002
0.7000400000000002
0.7007099999999999
0.6983600000000003
0.6979500000000003
0.6991300000000001
0.6962
0.6967399999999999
0.6975699999999998
0.69663
0.6979700000000005
0.7002799999999999
0.7009300000000002
0.6990200000000003
0.6981800000000002
0.6969
0.69711
0.6989200000000002
0.70088
0.7004300000000002
0.6990399999999998
0.6999599999999999
0.7000900000000003
0.7000399999999999
0.6988700000000003
0.7001900000000001
0.7003400000000001
0.7008700000000002
0.70122
0.6999500000000005
0.6992199999999997
0.6996900000000003
0.7003099999999997
