0.19999999999999962
0.4833199999999999
0.8336999999999994
0.9022000000000006
0.9034200000000006
0.9038100000000004
0.9047600000000006
0.9031200000000003
0.9032400000000007
0.9053400000000005
0.9043000000000003
0.9045900000000003
0.9038100000000006
0.9059
0.9049100000000004
0.9041899999999999
0.9024700000000005
0.9043200000000009
0.9046000000000005
0.9042800000000001
0.9040600000000003
0.9043000000000002
0.9044700000000002
0.9061100000000002
0.9045300000000002
0.9029700000000007
0.9039200000000004
0.9028000000000003
0.9042100000000004
0.9049800000000005
0.9030000000000006
0.9033200000000002
0.9039500000000003
0.9044900000000006
0.9038700000000002
0.9041100000000002
0.9038300000000006
0.9034999999999996
0.9030700000000002
0.9028700000000011
0.9059500000000004
0.9035799999999999
0.9044400000000006
0.90279
0.9037300000000006
0.9050200000000005
0.9055200000000001
0.9030500000000008
0.9031700000000007
0.9036800000000003
0.9046400000000002
0.9035000000000004
0.9026000000000003
0.90521
0.9042900000000003
0.90337
0.9045700000000002
0.9027000000000004
0.9028400000000002
0.9045300000000002
0.9045800000000003
0.9047100000000005
0.9034200000000004
0.9040500000000007
0.9041600000000004
0.9052300000000005
0.9038400000000004
0.9038800000000005
0.9028800000000002
0.9049
0.9063700000000003
0.9038800000000005
0.90298
0.9047100000000003
0.9024800000000002
0.9046600000000007
0.9047500000000004
0.9039600000000001
0.9037500000000002
0.9025300000000007
0.9044900000000007
0.9035600000000005
0.9033200000000005
0.9040800000000004
0.9038200000000003
0.9039800000000003
0.9036500000000005
0.9027700000000002
0.9058400000000004
0.9031900000000007
0.9039200000000003
0.9050700000000006
0.9026599999999999
0.9050500000000006
0.9044500000000002
0.9037300000000005
0.90295
0.9042500000000007
0.9034000000000006
0.9055500000000002
0.9043400000000004
0.9053100000000004
0.9055300000000004
0.9031000000000005
0.9029400000000001
0.9043399999999997
0.9042900000000007
0.9043300000000002
0.9033000000000002
0.9052000000000006
0.9041400000000006
0.9036600000000006
0.9035900000000002
0.9031000000000005
0.9046700000000003
0.9040200000000005
0.9056900000000003
0.9031700000000004
0.9034600000000002
0.9054100000000003
0.9038100000000004
0.9054500000000004
0.9037800000000007
0.9028600000000003
0.9035400000000005
0.9054300000000002
0.9047100000000003
0.9052900000000002
0.9045000000000006
0.9039299999999999
0.9050500000000004
0.9038000000000005
0.9044700000000002
0.9039900000000004
0.9039800000000003
0.9055200000000002
0.9038900000000005
0.9050300000000006
0.9045800000000003
0.9045400000000005
0.9047600000000009
0.9042400000000004
0.9039500000000004
0.9038100000000003
0.9050500000000004
0.9037200000000004
0.9037400000000004
0.9027300000000007
0.9026700000000004
0.9033
0.9037000000000001
0.9048500000000004
0.9057800000000005
0.9045300000000007
0.9046600000000004
0.9039200000000001
0.9048800000000006
0.9057600000000002
0.9050100000000006
0.9045100000000003
0.9029700000000007
0.9023000000000007
0.9033200000000002
0.9033300000000009
0.9056700000000003
0.9040000000000002
0.9045700000000005
0.9036700000000004
0.9052700000000002
0.9035600000000001
0.9034600000000002
0.9045700000000007
0.9028500000000007
0.9035800000000005
0.90499
0.9042600000000004
0.9026200000000002
0.9045200000000005
0.9046799999999999
0.9047800000000001
0.9041700000000001
0.9052099999999998
0.9042500000000007
0.9040900000000007
0.9034500000000004
0.9040500000000002
0.9034700000000007
0.90389
0.9045000000000006
0.9040300000000002
0.9044500000000005
0.9039100000000003
0.9035300000000003
0.9048000000000003
0.9046500000000006
0.9042499999999998
0.9050000000000001
0.90373
0.9034600000000002
0.90368
0.9034300000000005
0.9035900000000007
0.9035700000000004
0.9035700000000003
0.9045900000000004
0.90459
0.9054200000000008
0.9038600000000003
0.9047000000000004
0.9048100000000003
0.9041100000000006
0.9058300000000004
0.9032600000000005
0.9031300000000009
0.9041100000000004
0.9054800000000003
0.9024900000000002
0.9042800000000004
0.9040800000000004
0.9029000000000005
0.9035500000000005
0.9044500000000003
0.9038499999999999
0.9050500000000006
0.90366
0.9038
0.9048900000000002
0.9040100000000009
0.9036300000000002
0.9031300000000005
0.9040800000000001
0.9034100000000005
0.9039800000000003
0.90451
0.9045500000000003
0.9036400000000003
0.9050100000000001
0.9049800000000008
0.9028600000000001
0.9039000000000006
0.9031800000000003
0.9032100000000004
0.9046700000000001
0.9034900000000005
0.9044800000000001
0.9043100000000004
0.9031200000000004
0.9031900000000002
0.9040600000000001
0.9054100000000004
0.9054300000000006
0.9032900000000006
0.9058900000000003
0.9032300000000005
0.9030600000000003
0.9049500000000005
0.9029800000000009
0.9023700000000006
0.9058100000000003
0.9038900000000006
0.9060600000000004
0.9053900000000003
0.9025900000000003
0.9033400000000007
0.9040900000000006
0.9053600000000004
0.9024500000000008
0.9037500000000003
0.9028100000000004
0.9033800000000002
0.9050900000000007
0.9049900000000004
0.9047900000000006
0.9039500000000005
0.9048000000000003
0.9030400000000002
0.9032300000000003
0.9037900000000001
0.9063200000000005
0.9027400000000004
0.9044100000000003
0.9029100000000001
0.9041800000000003
0.9047000000000002
0.9055900000000002
0.9038100000000007
0.9038000000000004
0.9035900000000002
0.9036800000000007
0.9040700000000003
0.9035400000000007
0.9051500000000003
0.9041300000000002
0.9038100000000004
0.9031400000000004
0.9028700000000006
0.9035700000000011
0.9038900000000004
0.9043100000000005
0.9034000000000006
0.9037800000000006
0.9025900000000006
0.9031400000000002
0.9040600000000003
0.9042900000000006
0.9028000000000002
0.9046000000000002
0.9037200000000005
0.9040300000000002
0.904450000000001
0.9035800000000007
0.9033100000000003
0.9035700000000005
0.90518
0.9025200000000004
0.9055100000000003
0.9027900000000002
0.9036500000000004
0.9037300000000005
0.9039600000000001
0.9041100000000004
0.9039200000000004
0.9031800000000005
0.9034600000000005
0.9034100000000005
0.9051200000000006
0.90448
0.9055700000000004
0.9031000000000003
0.9031100000000002
0.9035000000000005
0.9047200000000001
0.9026700000000002
0.9037600000000006
0.9036200000000002
0.9047300000000007
0.9040199999999997
0.90394
0.9033500000000008
0.9050900000000003
0.9036400000000007
0.9030700000000005
0.904310000000001
0.9036300000000006
0.9048800000000001
0.9048300000000001
0.9022900000000003
0.9051000000000009
0.9035700000000001
0.9053200000000008
0.9041399999999998
0.9030700000000005
0.9045800000000006
0.90386
0.9038500000000006
0.9042200000000001
0.9032300000000006
0.9053400000000006
0.9036100000000006
0.9038400000000003
0.9020800000000004
0.9034500000000008
0.9053500000000004
0.9033800000000004
0.9037600000000005
0.9044300000000004
0.9049700000000003
0.9044200000000003
0.9050600000000003
0.9037900000000004
0.9047000000000003
0.9028900000000003
0.9044400000000005
0.9047800000000005
0.9042100000000004
0.9036500000000001
0.9046100000000004
0.9044800000000005
0.9043600000000006
0.9048100000000006
0.9034400000000009
0.9042600000000004
0.9034699999999997
0.9032200000000005
0.9037100000000002
0.9041900000000004
0.9047600000000002
0.9049400000000004
0.9037900000000008
0.9031600000000003
0.9035100000000004
0.90566
0.9033800000000002
0.9037700000000002
0.9049300000000007
0.9044100000000007
0.9041800000000005
0.9052400000000005
0.9043700000000008
0.9051700000000005
0.9036800000000007
0.9041700000000001
0.9053300000000003
0.9040300000000004
0.9030700000000006
0.9014800000000003
0.9027000000000003
0.9040700000000004
0.9039200000000005
0.9046800000000007
0.9042200000000004
0.9047799999999999
0.9036200000000004
0.9030600000000003
0.9043800000000003
0.9049600000000004
0.903260000000001
0.9034000000000004
0.9044200000000008
0.9053000000000001
0.9045200000000001
0.9034300000000006
0.9066800000000004
0.9050700000000005
0.9044800000000001
0.9030400000000002
0.9054300000000006
0.9043100000000004
0.9037300000000004
0.9031600000000003
0.9033500000000005
0.9046299999999999
0.9051100000000002
0.9049300000000003
0.90374
0.9038200000000005
0.9019200000000002
0.9039200000000004
0.9035500000000007
0.9040400000000003
0.9036899999999999
0.9042900000000005
0.9042900000000006
0.9051500000000003
0.9046700000000005
0.9038800000000002
0.9044400000000001
0.9042400000000006
0.9046800000000002
0.9016200000000006
0.9050200000000005
0.9031200000000008
0.9030700000000009
0.9038400000000003
0.9049300000000006
0.9030500000000004
0.9034899999999998
0.9045400000000008
0.9043300000000006
0.90474
0.9049000000000004
0.9027200000000005
0.9034300000000003
0.9021100000000009
0.9039500000000004
0.9039400000000006
0.9056200000000003
0.9030600000000005
0.90579
0.9025400000000005
0.9049900000000002
0.9058600000000004
0.90358
0.9024400000000002
0.9029600000000003
0.9041200000000004
0.9037300000000005
0.9042000000000001
0.9048099999999997
0.9042600000000004
0.9045300000000001
0.9044100000000005
0.9042100000000004
0.9051700000000003
0.9043500000000005
0.9036900000000007
0.9020099999999998
0.9041399999999998
0.9048500000000003
0.9031
0.9044100000000003
0.9040400000000005
0.9030800000000005
0.9031500000000005
0.9039600000000001
0.9044700000000006
0.9026700000000005
0.9044900000000006
0.9042900000000006
0.9041
0.9039500000000003
0.9050500000000002
0.9063000000000005
0.9050000000000006
0.9043600000000004
0.9052800000000002
0.9037900000000003
0.9046100000000007
0.9049100000000007
0.9063699999999995
0.9045800000000003
0.9047600000000001
0.9036000000000002
0.9056600000000001
0.9034600000000002
0.9035100000000007
0.9045800000000002
0.9046700000000005
0.9045400000000001
0.9034099999999998
0.9021700000000011
0.90402
0.9041300000000005
0.90294
0.9044700000000004
0.9046400000000002
0.9028800000000006
0.9039700000000005
0.9045500000000007
0.9041000000000003
0.9041000000000007
0.9056600000000005
0.9039400000000007
0.9038100000000007
0.9050099999999999
0.9030300000000002
0.9044700000000004
0.9037400000000007
0.9055400000000005
0.9032800000000004
0.9017899999999999
0.9054000000000003
0.90502
0.9027900000000004
0.9029000000000005
0.9036700000000004
0.9042700000000005
0.9037100000000007
0.9049
0.90282
0.9037900000000002
0.9034800000000005
0.9047200000000001
0.9029699999999999
0.9043700000000006
0.9034300000000002
0.9029800000000003
0.9047600000000006
0.9040799999999998
0.9043900000000004
0.9034600000000006
0.9053800000000003
0.9071800000000007
0.9037700000000005
0.9041100000000002
0.9032500000000002
0.9034700000000003
0.9039400000000007
0.9035700000000005
0.9042800000000001
0.9029300000000005
0.9045700000000002
0.90423
0.9038500000000006
0.9044600000000004
0.9022200000000004
0.9067900000000005
0.9043900000000004
0.9038500000000005
0.9032800000000004
0.9039000000000006
0.9035500000000007
0.9038500000000006
0.9037200000000005
0.9030800000000005
0.9044600000000004
0.9055700000000005
0.90447
0.9036800000000009
0.9053000000000001
0.9048700000000003
0.9049200000000006
0.9036700000000008
0.9029499999999999
0.9042800000000004
0.9051600000000003
0.9048400000000004
0.9044000000000001
0.9018400000000003
0.9042600000000001
0.9036400000000007
0.9034400000000004
0.9055200000000002
0.9021700000000004
0.9044000000000003
0.9055300000000005
0.90381
0.9048900000000001
0.9048100000000002
0.9043700000000005
0.9037999999999999
0.9047500000000005
0.9034300000000007
0.9040800000000004
0.9036500000000004
0.9033100000000006
0.9050600000000004
0.9040900000000005
0.9029300000000005
0.9027300000000007
0.9051800000000003
0.9026900000000003
0.9036700000000003
0.9029600000000003
0.9045800000000006
0.9040400000000004
0.9052900000000005
0.9043000000000008
0.9046700000000001
0.9044100000000003
0.9029700000000008
0.9047300000000003
0.9048799999999999
0.9044900000000006
0.9049600000000005
0.9029800000000001
0.9039700000000002
0.9047800000000004
0.9048100000000002
0.9059900000000003
0.9042100000000005
0.9030700000000003
0.9044500000000006
0.9045800000000004
0.9048900000000002
0.9046400000000004
0.9037800000000007
0.9053000000000008
0.9044800000000005
0.9029200000000004
0.9021800000000008
0.9053200000000003
0.9042600000000008
0.9035700000000005
0.9035500000000007
0.9026300000000002
0.9049500000000001
0.9029900000000007
0.90473
0.9025400000000005
0.9050900000000002
0.9039300000000006
0.9034200000000001
0.9032400000000003
0.9041900000000003
0.9030400000000002
0.9051200000000005
0.9051500000000009
0.9052000000000007
0.9034100000000006
0.9032200000000007
0.9043800000000003
0.90443
0.9030600000000005
0.9055900000000007
0.9040200000000006
0.9046800000000006
0.9039200000000004
0.9027900000000009
0.9041899999999999
0.9038
0.9031500000000007
0.9056600000000005
0.9033400000000004
0.9046200000000004
0.9043899999999999
0.9028200000000001
0.9038500000000004
0.9036800000000003
0.9031600000000007
0.9037800000000005
0.9048900000000003
0.9042699999999999
0.9049299999999999
0.9043400000000003
0.9035700000000007
0.9042700000000004
0.9056300000000002
0.9033200000000002
0.9045700000000005
0.9013100000000002
0.9026400000000008
0.9036700000000003
0.9036900000000005
0.9045100000000003
0.9055600000000004
0.9054800000000001
0.9019500000000005
0.9035000000000002
0.9053000000000003
0.9036400000000004
0.9035800000000003
0.9042100000000004
0.9049500000000001
0.9033100000000003
0.9049200000000002
0.9038100000000004
0.9031700000000004
0.9050900000000003
0.9041600000000001
0.9051600000000005
0.9043599999999999
0.9034600000000004
0.90305
0.9040100000000005
0.9040800000000004
0.9028200000000001
0.9055300000000003
0.9041800000000005
0.90236
0.9037900000000008
0.90561
0.9042300000000003
0.9030800000000005
0.9044900000000002
0.9040600000000003
0.9029700000000005
0.9051400000000005
0.9031900000000003
0.90373
0.9045600000000004
0.9050300000000006
0.9036600000000001
0.9028100000000003
0.9039800000000003
0.9042200000000001
0.9049300000000003
0.9039000000000005
0.9032900000000003
0.90388
0.9033400000000006
0.9040200000000005
0.9047800000000001
0.9034300000000001
0.9046900000000013
0.9041800000000003
0.9044400000000006
0.9047600000000002
0.9044200000000009
0.9041800000000006
0.9056700000000003
0.9049300000000007
0.9062200000000002
0.9057200000000003
0.9033699999999999
0.9041600000000003
0.9044399999999999
0.9044200000000002
0.9027300000000005
0.9038800000000006
0.9039700000000002
0.90358
0.9032300000000002
0.90537
0.9040000000000004
0.9032700000000001
0.9040900000000007
0.90524
0.9043300000000007
0.9032900000000008
0.9023700000000003
0.9041200000000005
0.9020900000000002
0.9048199999999998
0.9026600000000002
0.9042300000000003
0.9029500000000001
0.9050200000000003
0.9046300000000005
0.9033500000000005
0.9032400000000004
0.9033300000000005
0.9046400000000001
0.9033400000000005
0.9032200000000004
0.9042300000000008
0.9037500000000004
0.9038500000000005
0.9042200000000006
0.903500000000001
0.9036500000000005
0.9036800000000004
0.9035700000000005
0.9043800000000001
0.9048000000000005
0.9036100000000005
0.9063400000000005
0.90309
0.9041900000000004
0.9040100000000004
0.9039500000000003
0.9036000000000003
0.9042000000000003
0.9035499999999999
0.9050000000000005
0.9044200000000003
0.9036100000000004
0.9044100000000003
0.9038200000000002
0.9024700000000007
0.9052700000000009
0.90185
0.9039099999999999
0.9038400000000005
0.9035800000000005
0.9058800000000004
0.9031000000000005
0.90497
0.9037600000000006
0.9052000000000003
0.9028700000000006
0.9032800000000007
0.9041400000000004
0.9052700000000005
0.9040900000000002
0.9042100000000006
0.9038700000000003
0.9052200000000004
0.9036300000000003
0.9028600000000003
0.9040900000000011
0.9050000000000005
0.9043800000000006
0.9020900000000002
0.9056900000000008
0.9041000000000002
0.90441
0.9048100000000003
0.9030900000000005
0.9037700000000009
0.9048700000000004
0.9044700000000002
0.9036300000000004
0.90381
0.9032800000000007
0.9038200000000005
0.9049200000000005
0.90451
0.9046300000000003
0.9033700000000005
0.9039300000000006
0.9035900000000003
0.9053100000000001
0.9046800000000005
0.90464
0.9035500000000005
0.9040900000000005
0.9055000000000001
0.9030400000000003
0.90243
0.9049900000000005
0.90506
0.9051100000000005
0.9025400000000008
0.9046100000000004
0.9059100000000007
0.9039800000000002
0.9043500000000005
0.9034800000000003
0.9037900000000006
0.9044600000000002
0.9052000000000006
0.9033000000000007
0.9045200000000004
0.9044400000000004
0.9041500000000007
0.9018400000000005
0.9031400000000005
0.9053600000000006
0.9053500000000001
0.9056799999999999
0.9043199999999998
0.9039800000000003
0.9054100000000003
0.9042100000000002
0.9050400000000005
0.90561
0.9032200000000004
0.9036200000000004
0.9056900000000006
0.9033900000000002
0.9037700000000005
0.9022100000000007
0.9032200000000006
0.9047800000000005
0.9051500000000005
0.9050400000000003
0.9041100000000009
0.9050400000000002
0.9024800000000003
0.9038500000000007
0.9062
0.9040500000000001
0.9060100000000009
0.9043800000000002
0.9032500000000002
0.9055000000000004
0.9026500000000006
0.9046200000000004
0.9021500000000008
0.9035899999999999
0.9055799999999999
0.9031300000000004
0.9043200000000005
0.9037300000000009
0.90707
0.9038000000000003
0.9034900000000006
0.9042300000000004
0.9031300000000005
0.9048700000000005
0.9057800000000001
0.9043300000000005
0.9046799999999999
0.9033400000000006
0.9045200000000007
0.9046100000000006
0.90238
0.90321
0.9039200000000008
0.9051800000000009
0.9031700000000007
0.90491
0.9051799999999999
0.9041700000000005
0.9039000000000003
0.9042600000000004
0.9045199999999999
0.9055900000000007
0.9025200000000002
0.9052500000000007
0.9028400000000006
0.9029700000000004
0.9038800000000003
0.9033200000000009
0.9035800000000003
0.9045000000000004
0.9043100000000005
0.9029400000000001
0.9047600000000005
0.9031000000000003
0.9037800000000007
0.9019000000000007
0.9044700000000004
0.9043900000000004
0.9043300000000003
0.9050400000000006
0.9042000000000008
0.9043100000000007
0.9042900000000001
0.9039600000000003
0.9042200000000007
0.9035500000000003
0.9042300000000004
0.9044200000000002
0.9034700000000006
0.9040200000000003
0.9035200000000007
0.90244
0.9039699999999999
0.9053100000000006
0.9037800000000001
0.9050600000000004
0.9022000000000001
0.9056000000000006
0.9058600000000004
0.9044500000000003
0.9037700000000005
0.9031900000000002
0.9043200000000003
0.9032800000000004
0.9045300000000003
0.9046900000000003
0.9041400000000003
0.90485
0.9053800000000003
0.9034500000000005
0.9048399999999998
0.9042800000000003
0.9032900000000005
