0.19999999999999962
0.29109000000000007
0.4245900000000001
0.5366900000000001
0.61565
0.6690699999999998
0.7063000000000001
0.7315799999999997
0.74922
0.7595600000000003
0.7670000000000005
0.77353
0.7771600000000005
0.7788100000000001
0.7807300000000004
0.78122
0.7824200000000002
0.7838200000000002
0.7840000000000004
0.7847600000000002
0.7854400000000001
0.7852799999999998
0.78522
0.7821800000000004
0.7830000000000006
0.7843200000000006
0.7863200000000004
0.7847499999999998
0.7840600000000001
0.7842800000000003
0.7832500000000004
0.7833400000000004
0.78622
0.78518
0.7857800000000004
0.7868700000000001
0.7876700000000002
0.7870100000000002
0.7881199999999999
0.7874100000000004
0.7850000000000001
0.7869000000000004
0.7869400000000002
0.7852199999999996
0.78518
0.7855300000000003
0.78563
0.7842000000000003
0.7841500000000002
0.7847499999999996
0.7844500000000002
0.7836500000000001
0.7845700000000002
0.7840900000000001
0.7857300000000006
0.78436
0.7837000000000003
0.7855
0.7855400000000005
0.78502
0.78562
0.7848000000000003
0.7840599999999999
0.7840299999999997
0.7826900000000003
0.78341
0.7853300000000002
0.7833300000000005
0.7841300000000004
0.7837200000000009
0.7835900000000006
0.7858700000000003
0.7850200000000003
0.7858700000000003
0.78494
0.7847600000000006
0.78534
0.7870599999999999
0.7877800000000005
0.7871900000000003
0.7874000000000002
0.7858499999999999
0.7857300000000004
0.7842200000000004
0.7865700000000001
0.7843700000000002
0.7855300000000003
0.7853700000000003
0.7851200000000002
0.78459
0.78375
0.7854100000000005
0.7870999999999999
0.7838000000000004
0.7841100000000003
0.7833900000000003
0.7853100000000001
0.7851600000000005
0.7860300000000003
0.7856900000000004
0.7838400000000003
0.7816600000000006
0.7817100000000003
0.78341
0.78289
0.7846300000000006
0.7848
0.7853100000000004
0.7836500000000006
0.7842100000000001
0.7853800000000001
0.7854000000000003
0.7854000000000002
0.7851900000000004
0.7834100000000006
0.78337
0.7857500000000001
0.7851300000000001
0.7863200000000002
0.78612
0.7853800000000003
0.7868500000000006
0.7861300000000004
0.7857100000000006
0.7860000000000005
0.7861400000000002
0.784
0.7853500000000002
0.78583
0.78503
0.7850300000000003
0.7849600000000001
0.7838399999999999
0.7860900000000001
0.7865100000000002
0.7872800000000001
0.78539
0.7856800000000004
0.7864200000000003
0.7837100000000001
0.7846600000000005
0.7842300000000008
0.7846299999999999
0.7862699999999998
0.7875600000000001
0.7861700000000004
0.7865700000000001
0.7866500000000002
0.7845700000000001
0.7828100000000003
0.78384
0.7854700000000002
0.7841800000000001
0.7855800000000001
0.7856200000000002
0.7870900000000003
0.78656
0.78542
0.7846200000000003
0.7844200000000005
0.7846700000000003
0.7852300000000002
0.7846799999999999
0.7852199999999999
0.7847400000000002
0.7838600000000003
0.78302
0.7845000000000002
0.78299
0.7828800000000002
0.7843400000000004
0.7856200000000001
0.7862799999999999
0.7867200000000003
0.78602
0.7861100000000002
0.7869400000000003
0.7859700000000003
0.7854799999999997
0.7848999999999999
0.7836600000000001
0.7844900000000002
0.7861700000000001
0.7852000000000001
0.7864200000000006
0.7867000000000002
0.7864100000000002
0.78557
0.7844700000000003
0.7845300000000003
0.78549
0.7868
0.7862300000000004
0.7851800000000001
0.7862500000000004
0.7847900000000001
0.7831800000000005
0.7857899999999997
0.7852000000000007
0.7866900000000001
0.7854599999999999
0.7881400000000004
0.78861
0.7876100000000001
0.7868000000000002
0.7861800000000003
0.7845600000000004
0.7845
0.7856899999999999
0.78396
0.78585
0.7849000000000003
0.7844600000000007
0.7863400000000006
0.7863300000000005
0.7855400000000003
0.7831999999999999
0.78417
0.7827000000000003
0.78286
0.7821100000000005
0.7828300000000005
0.7846500000000003
0.7844200000000001
0.7855800000000005
0.7851
0.78474
0.7845100000000004
0.7845700000000003
0.7841700000000001
0.7850800000000007
0.7829600000000002
0.7857700000000004
0.7828300000000002
0.7846000000000004
0.7844899999999998
0.7856700000000003
0.7873800000000002
0.7872300000000003
0.7885500000000003
0.7874800000000007
0.7854700000000004
0.7848400000000002
0.7848899999999999
0.7861600000000003
0.7842600000000002
0.78491
0.7843800000000003
0.7837900000000002
0.7828099999999998
0.7841600000000003
0.7848900000000002
0.7853400000000005
0.78735
0.7857300000000005
0.7870800000000002
0.78647
0.7848700000000002
0.7840400000000001
0.7822100000000005
0.7807200000000004
0.78427
0.7851400000000001
0.7841000000000004
0.7855400000000001
0.7850000000000005
0.78443
0.78271
0.7837000000000002
0.78459
0.7857100000000004
0.7856300000000007
0.7866000000000004
0.7852800000000001
0.78507
0.7848700000000002
0.7840200000000003
0.7839300000000005
0.7844500000000002
0.7853399999999999
0.78358
0.7851700000000001
0.7873900000000004
0.7856000000000003
0.7846400000000001
0.7863900000000003
0.7872800000000002
0.7853199999999998
0.7835300000000003
0.7819300000000002
0.7830000000000003
0.7833500000000003
0.7846100000000001
0.7839900000000004
0.7847999999999999
0.7842300000000004
0.7823100000000001
0.7837200000000003
0.7839400000000006
0.78504
0.7837200000000002
0.7865400000000001
0.78509
0.7865300000000001
0.7861900000000007
0.7856399999999998
0.78353
0.7846100000000003
0.7849500000000001
0.7839700000000004
0.7828400000000003
0.7842900000000002
0.7861199999999999
0.7862500000000006
0.7841400000000002
0.7822899999999996
0.7819300000000006
0.7807000000000006
0.7834600000000003
0.7829700000000003
0.7842700000000004
0.7863900000000001
0.7878799999999999
0.7864200000000001
0.78585
0.7873300000000004
0.7877
0.78715
0.7868200000000003
0.7858500000000003
0.7855700000000002
0.7854400000000002
0.7857700000000004
0.7840600000000003
0.7814900000000005
0.7831500000000006
0.7842800000000003
0.7841500000000005
0.7851700000000005
0.78341
0.7843900000000004
0.7845000000000003
0.7852100000000004
0.7872600000000003
0.7873500000000003
0.7881400000000004
0.7872500000000001
0.7868400000000001
0.7878300000000006
0.7860900000000002
0.7858300000000003
0.7849600000000003
0.7836200000000006
0.7839200000000005
0.7827900000000004
0.7838000000000003
0.78427
0.7855599999999999
0.7842100000000002
0.7842500000000008
0.7830000000000003
0.7851200000000002
0.7845300000000003
0.7849299999999998
0.7876700000000001
0.7855800000000004
0.7857300000000004
0.7848500000000004
0.78549
0.7859300000000004
0.7869700000000005
0.7843900000000004
0.7846000000000002
0.7855900000000005
0.78583
0.7879000000000002
0.7878099999999999
0.7878300000000001
0.7856700000000002
0.7873500000000003
0.78656
0.7860500000000004
0.7859900000000001
0.78769
0.7859800000000001
0.78558
0.7853100000000004
0.7853200000000002
0.7841400000000002
0.7868699999999998
0.7849500000000004
0.7852700000000001
0.78563
0.7867000000000001
0.7835000000000005
0.7835400000000005
0.7837600000000002
0.7838900000000002
0.7843700000000005
0.7848000000000003
0.78601
0.7849300000000006
0.7853600000000002
0.7848000000000002
0.78507
0.7862300000000001
0.7839400000000005
0.7838299999999998
0.7823700000000001
0.78255
0.7853400000000004
0.7832600000000005
0.7838700000000003
0.7839600000000008
0.7831400000000005
0.7843000000000003
0.7851200000000002
0.7855000000000001
0.7830300000000004
0.7859400000000002
0.7847000000000005
0.7839900000000002
0.7858100000000001
0.7846200000000007
0.7853500000000001
0.7852000000000001
0.7844000000000007
0.7859900000000001
0.7836800000000003
0.7840699999999999
0.7830799999999998
0.7850600000000003
0.7863300000000005
0.78668
0.78646
0.7860400000000002
0.7845100000000005
0.7871900000000001
0.7861000000000005
0.7850000000000005
0.7858600000000001
0.7870200000000002
0.78579
0.7847299999999998
0.7839700000000005
0.7860100000000001
0.7856000000000003
0.7849599999999997
0.7856399999999998
0.7833300000000003
0.78461
0.7831300000000003
0.7843000000000001
0.78439
0.7837500000000002
0.78571
0.7849500000000004
0.7861500000000002
0.7873100000000004
0.7881300000000003
0.7868
0.7865399999999998
0.78542
0.78423
0.7850100000000001
0.7857200000000003
0.7848000000000007
0.7833199999999998
0.7821400000000004
0.7817600000000005
0.7815900000000003
0.7831900000000002
0.7838300000000005
0.7804500000000004
0.7823600000000003
0.7822699999999999
0.7826000000000001
0.7852699999999999
0.7839300000000001
0.78644
0.78595
0.7862300000000003
0.7865200000000004
0.7876100000000004
0.7868800000000007
0.78613
0.7851000000000005
0.7828300000000001
0.7835200000000003
0.7863400000000005
0.7849400000000003
0.7837799999999998
0.7836799999999998
0.7822400000000005
0.7849400000000004
0.7851900000000002
0.7844000000000002
0.7831800000000005
0.7849700000000002
0.7848000000000003
0.7832700000000002
0.7832200000000005
0.7835100000000002
0.7837600000000003
0.7819700000000005
0.78193
0.7833200000000007
0.7841700000000001
0.7844500000000003
0.78252
0.78483
0.7856099999999999
0.7856700000000003
0.7846299999999999
0.7847800000000004
0.7840000000000005
0.7830699999999997
0.7844500000000003
0.7845400000000002
0.7858600000000002
0.7877700000000003
0.7855200000000004
0.7846200000000002
0.7841300000000002
0.7855900000000005
0.7858500000000003
0.7854500000000008
0.7876000000000002
0.7875500000000002
0.7867600000000001
0.7866600000000002
0.7860300000000003
0.7858599999999999
0.78467
0.7834300000000003
0.7867800000000003
0.7870900000000002
0.78494
0.7841700000000001
0.7868900000000002
0.7853200000000001
0.78612
0.7856700000000001
0.7870600000000004
0.7843600000000005
0.7849200000000003
0.7846900000000007
0.7860400000000003
0.7870599999999999
0.7854100000000003
0.7857200000000004
0.7858099999999999
0.7847300000000003
0.7866100000000006
0.7862300000000001
0.7864200000000001
0.7860300000000001
0.7836600000000002
0.7833800000000004
0.7819899999999999
0.7819900000000003
0.7825800000000004
0.7831900000000006
0.78352
0.7828100000000003
0.7811500000000007
0.7835400000000002
0.7860000000000005
0.7838700000000003
0.7833600000000003
0.7848300000000004
0.7863300000000002
0.7867200000000004
0.7860299999999999
0.7837
0.7830200000000002
0.7841199999999998
0.7854000000000001
0.7858099999999999
0.7867299999999997
0.78707
0.78685
0.7889600000000001
0.7865700000000002
0.7844700000000002
0.7864000000000003
0.7839
0.7856299999999998
0.7855999999999999
0.7843900000000005
0.7860300000000006
0.7860600000000002
0.7850500000000001
0.7864500000000001
0.7869000000000002
0.7844600000000003
0.7837400000000002
0.7843199999999999
0.7853400000000001
0.7871500000000005
0.7865100000000004
0.784
0.7851700000000004
0.7864900000000002
0.7865099999999999
0.78613
0.7866100000000005
0.7865999999999999
0.7871400000000004
0.7855800000000002
0.7845200000000002
0.7845400000000005
0.7839300000000002
0.7851100000000001
0.7846800000000002
0.7858000000000002
0.78594
0.7843500000000002
0.78543
0.78644
0.7833500000000002
0.7827
0.7828300000000005
0.7841400000000002
0.7832900000000008
0.7859999999999998
0.7839700000000001
0.7829999999999998
0.7842600000000004
0.7851900000000004
0.7840499999999999
0.7837899999999999
0.7837400000000002
0.7849200000000001
0.7845300000000002
0.7859400000000001
0.7870300000000003
0.7859400000000001
0.7860400000000003
0.7841800000000003
0.7821800000000004
0.7823900000000006
0.7855200000000001
0.7864100000000006
0.7850100000000007
0.7858700000000003
0.7862800000000001
0.7865300000000001
0.7849799999999999
0.7852600000000004
0.7855599999999999
0.78547
0.7851800000000004
0.78436
0.7841399999999998
0.7830200000000002
0.7826100000000004
0.78195
0.7824600000000007
0.7851300000000002
0.7853200000000001
0.7848700000000004
0.7877500000000005
0.7878299999999999
0.78714
0.7863600000000006
0.7874100000000003
0.78838
0.7845900000000005
0.7849700000000006
0.7845300000000002
0.78655
0.7860600000000002
0.7885599999999998
0.7854799999999997
0.7867300000000002
0.7851100000000002
0.7845100000000004
0.7854100000000002
0.7849900000000001
0.7857500000000002
0.7847899999999999
0.7854100000000002
0.78445
0.7846000000000005
0.7846100000000004
0.78427
0.78547
0.7840600000000002
0.78549
0.78715
0.78555
0.7855700000000002
0.7850499999999998
0.7868100000000005
0.7862800000000004
0.7869200000000001
0.7871700000000001
0.7853000000000003
0.7855200000000001
0.7863500000000002
0.7876200000000003
0.7878500000000003
0.7865200000000004
0.7892100000000001
0.7857500000000003
0.7867400000000001
0.78514
0.7856900000000002
0.7837599999999999
0.7849100000000003
0.7877299999999999
0.7876500000000003
0.7887000000000001
0.7856700000000001
0.7867400000000003
0.7868999999999998
0.78763
0.7855500000000003
0.7848200000000003
0.7832799999999999
0.78441
0.7840400000000005
0.7839000000000005
0.7857100000000004
0.7851699999999999
0.7848300000000006
0.7838200000000005
0.78393
0.78218
0.7855200000000001
0.78567
0.7861600000000003
0.7862200000000003
0.7860200000000002
0.7855800000000001
0.7851500000000002
0.7861999999999999
0.7830600000000001
0.7834600000000003
0.78409
0.7848400000000002
0.7844500000000006
0.7835299999999995
0.7823500000000003
0.7856100000000003
0.78451
0.7855900000000005
0.7847700000000002
0.7840400000000003
0.7850900000000002
0.7854000000000003
0.7836299999999998
0.7851400000000001
0.7838599999999997
0.7837100000000004
0.7848100000000001
0.7836700000000002
0.7841300000000004
0.7848599999999999
0.7842800000000004
0.7851600000000002
0.7839400000000005
0.7842500000000001
0.7833100000000001
0.78429
0.7828900000000008
0.7850000000000001
0.7848600000000003
0.7846000000000005
0.78423
0.7843699999999998
0.7840300000000002
0.7860600000000004
0.7841500000000002
0.7840900000000007
0.7846900000000001
0.7839100000000001
0.7851700000000003
0.78637
0.7867300000000003
0.7862399999999999
0.7858600000000002
0.78691
0.7873199999999997
0.7846600000000002
0.7854100000000008
0.7854500000000003
0.78563
0.7843800000000001
0.7848500000000006
0.7846000000000002
0.7827400000000005
0.7859900000000003
0.7859600000000004
0.7859400000000002
0.7845900000000009
0.7849100000000004
0.7847600000000007
0.7861999999999998
0.7844800000000001
0.7856000000000002
0.7858700000000002
0.7862500000000006
0.78692
0.7857600000000001
0.7868200000000002
0.7862
0.7869200000000001
0.7892600000000003
0.7881500000000002
0.7856600000000004
0.7862499999999999
0.7858700000000001
0.78497
0.7845700000000003
0.7848500000000006
0.78373
0.7847200000000002
0.7861100000000002
0.7834600000000002
0.7843799999999999
0.7842100000000003
0.7845100000000003
0.7833000000000002
0.7849900000000004
0.7851300000000001
0.7843400000000004
0.78326
0.7844100000000003
0.7849500000000001
0.7868099999999996
0.78646
0.7854200000000001
0.7860900000000001
0.7854700000000001
0.7837700000000005
0.78325
0.7847600000000002
0.7826600000000004
0.7846900000000003
0.7865799999999998
0.7849700000000003
0.7843300000000005
0.7844200000000002
0.7836700000000002
0.7848000000000006
0.7861200000000003
0.7851500000000001
0.7844000000000004
0.7850500000000004
0.78274
0.78358
0.7854900000000002
0.7860799999999998
0.7845100000000004
0.7860699999999998
0.7852300000000001
0.7842900000000003
0.7848400000000002
0.7861300000000003
0.7854000000000007
0.7849000000000004
0.7864900000000002
0.7857000000000002
0.7873100000000004
0.7854700000000007
0.7856300000000002
0.7857000000000005
0.7858700000000002
0.7851300000000003
0.7860299999999998
0.7865999999999999
0.7843900000000003
0.7847099999999999
0.7849299999999999
0.7839300000000001
0.7838600000000003
0.78565
0.7861500000000001
0.7878300000000001
0.78654
0.78802
0.78647
0.7857800000000001
0.7862699999999998
0.7850800000000003
0.7845899999999998
0.7843800000000001
0.7842400000000005
0.7844700000000002
0.78399
0.7863700000000001
0.7884199999999999
0.7844500000000002
0.7828200000000005
0.7863100000000003
0.7859899999999999
0.7826700000000002
0.7824000000000002
0.7834300000000001
0.78319
0.7835500000000006
0.7849800000000006
0.7848800000000002
0.7849800000000002
0.7838500000000002
0.7838799999999999
0.7855300000000001
0.7853000000000004
0.7846700000000004
0.7833200000000005
0.7840900000000005
0.7862
0.7868200000000001
0.7866800000000005
0.7863400000000003
0.7865300000000002
0.7855300000000007
0.7858000000000002
0.7838700000000003
0.78369
0.7829600000000007
0.7856000000000003
0.78549
0.7843499999999998
0.7846799999999997
0.7844700000000002
0.7860600000000004
0.7853900000000005
0.78557
0.7850300000000004
0.7855800000000005
0.7855200000000001
0.78606
0.7858900000000005
0.7830600000000003
0.7835600000000003
0.7848200000000003
0.7854700000000001
0.7856999999999998
0.7853600000000001
0.78687
0.7836400000000002
0.7833500000000003
0.7855100000000002
0.7838700000000007
0.7834000000000003
0.7853000000000001
0.7881300000000002
0.7866599999999999
0.7860200000000002
0.78606
0.7854500000000002
0.7848900000000002
0.7840500000000001
0.7839100000000001
0.7854399999999999
0.7842500000000002
0.7853400000000004
0.7851000000000004
0.7831600000000001
0.7837900000000002
0.7817099999999999
0.7840500000000001
0.7835400000000002
0.7837900000000004
0.78398
0.7871000000000002
0.7864199999999998
0.7850300000000001
0.7839000000000002
0.7841900000000004
0.7840200000000003
0.7835000000000005
0.7857500000000001
0.7828099999999999
0.7817200000000004
0.7842600000000001
0.78502
0.7860800000000004
0.7857500000000002
0.7851700000000004
0.7846400000000002
0.7850800000000002
0.78644
0.78578
0.78542
0.7862399999999998
0.7857500000000006
0.7872300000000005
0.7859300000000001
0.78472
0.7838200000000003
0.7836600000000005
0.7832600000000001
0.78293
0.7843500000000003
0.7845799999999999
0.7843900000000004
