0.19999999999999962
0.4056299999999999
0.6814000000000003
0.8093600000000001
0.8535699999999994
0.8704200000000003
0.8749599999999996
0.8774700000000004
0.87965
0.8809800000000001
0.8804100000000002
0.8812400000000004
0.8795100000000001
0.8794199999999996
0.8794399999999999
0.8800900000000003
0.8802400000000005
0.8800500000000001
0.8786700000000003
0.8806300000000006
0.8805499999999996
0.8827899999999999
0.8804100000000001
0.8799400000000004
0.8815700000000005
0.8806500000000004
0.8788799999999999
0.8811000000000004
0.8804900000000002
0.8784700000000002
0.8792500000000004
0.8814700000000001
0.8799699999999997
0.8807400000000004
0.8809100000000001
0.8814400000000002
0.8799600000000001
0.8780100000000004
0.8806899999999998
0.8803000000000003
0.8793599999999997
0.88032
0.87917
0.8803900000000001
0.8812600000000002
0.8805200000000002
0.8789800000000002
0.8795800000000004
0.8804700000000003
0.8801000000000001
0.8777799999999998
0.8813700000000005
0.8817300000000003
0.8805600000000001
0.8804599999999998
0.8791900000000001
0.8795899999999999
0.8792900000000001
0.8790300000000001
0.8808700000000006
0.88043
0.8819100000000003
0.8810100000000004
0.8798
0.8810200000000001
0.8808600000000005
0.8818600000000001
0.882
0.8800800000000002
0.8806800000000002
0.8791200000000007
0.87845
0.8787100000000003
0.8788200000000002
0.8791500000000005
0.8802200000000002
0.8798000000000001
0.8799299999999998
0.8802199999999999
0.8798799999999999
0.8818700000000006
0.8786700000000003
0.8810000000000001
0.8797900000000005
0.8787399999999995
0.8775400000000002
0.8788600000000001
0.8807299999999999
0.8793000000000005
0.8811400000000004
0.8813100000000003
0.8830600000000001
0.8822199999999999
0.8812700000000002
0.8811299999999999
0.8787300000000002
0.8798500000000002
0.8808799999999999
0.8815000000000004
0.8817700000000002
0.8787700000000003
0.8805200000000003
0.8787000000000004
0.8788500000000004
0.8812700000000001
0.8789199999999999
0.8810300000000002
0.8798300000000009
0.8797600000000003
0.88098
0.8800200000000002
0.8806600000000002
0.8797599999999995
0.8814300000000004
0.88157
0.8797600000000004
0.88047
0.8800299999999995
0.8800199999999999
0.8807400000000003
0.8801000000000002
0.8804899999999999
0.8807699999999999
0.8827800000000007
0.8814699999999996
0.8803
0.8813200000000004
0.8803200000000004
0.8814500000000001
0.8809900000000005
0.8798800000000001
0.8803699999999995
0.8805800000000003
0.8809100000000001
0.8806
0.8801600000000004
0.8789500000000003
0.8789800000000001
0.8803600000000006
0.8803199999999998
0.8811600000000003
0.8804299999999999
0.8796700000000002
0.8792400000000002
0.8801000000000001
0.8780400000000006
0.8807300000000002
0.8811
0.8792800000000004
0.8793200000000003
0.8782000000000001
0.8816900000000003
0.88185
0.8811300000000003
0.8812400000000002
0.8817300000000001
0.8821800000000001
0.8817500000000001
0.8797800000000001
0.88097
0.8794500000000005
0.8794299999999999
0.8806599999999999
0.88164
0.8789
0.8806400000000005
0.8810499999999999
0.8811499999999997
0.8802700000000001
0.8795600000000003
0.8813799999999995
0.8818300000000001
0.8809
0.8789700000000004
0.8813099999999998
0.88054
0.88104
0.8805400000000002
0.8787000000000005
0.8807699999999998
0.8807500000000001
0.88265
0.8800700000000002
0.8786199999999998
0.8818300000000003
0.8809
0.8807399999999999
0.8805400000000003
0.8796500000000002
0.8779400000000005
0.8799100000000002
0.8807100000000001
0.8805899999999997
0.8803800000000004
0.8800600000000003
0.8806399999999998
0.8802899999999998
0.8804000000000003
0.8792700000000004
0.8810400000000002
0.8806100000000003
0.8837700000000003
0.8809900000000002
0.8804000000000002
0.8794300000000006
0.8784899999999993
0.8780800000000003
0.8782300000000001
0.8805
0.87954
0.87909
0.8803100000000004
0.8801499999999999
0.8806800000000004
0.8799500000000002
0.8801000000000003
0.8798000000000001
0.8817300000000001
0.8807100000000004
0.8818100000000001
0.8788100000000001
0.88023
0.8803600000000001
0.8801800000000002
0.8797700000000003
0.8809200000000001
0.8794800000000004
0.8810400000000004
0.8797500000000007
0.8807600000000005
0.87889
0.8805800000000003
0.88063
0.88024
0.8806400000000008
0.8803600000000001
0.8814600000000005
0.8804600000000002
0.8819
0.8812600000000002
0.8810800000000004
0.8811200000000006
0.8792299999999997
0.8796799999999999
0.8801299999999996
0.8819099999999996
0.8811700000000006
0.8807300000000001
0.8808099999999999
0.8796299999999998
0.8790099999999995
0.8792599999999999
0.87987
0.8808
0.87987
0.8805300000000004
0.8802500000000003
0.88031
0.8791800000000002
0.8811500000000005
0.8816499999999999
0.88017
0.8793400000000002
0.8794200000000001
0.8794900000000002
0.8798800000000001
0.88231
0.8818799999999999
0.8822000000000003
0.8802999999999999
0.8787600000000001
0.88071
0.8795000000000001
0.8810200000000001
0.8804900000000002
0.8793899999999999
0.8790700000000001
0.8796100000000001
0.8817000000000002
0.8796900000000002
0.87869
0.87874
0.8785600000000003
0.87877
0.8790500000000004
0.8800000000000003
0.8808600000000001
0.8784899999999999
0.8794600000000001
0.87967
0.8793300000000002
0.8813400000000002
0.88098
0.8795000000000002
0.8806300000000004
0.8809900000000002
0.87988
0.8792500000000004
0.8794500000000001
0.8801599999999999
0.8826900000000001
0.8791499999999999
0.8805300000000003
0.8810300000000002
0.8812199999999997
0.8802299999999998
0.88011
0.8802400000000005
0.8813200000000001
0.8793400000000001
0.8821100000000005
0.8809200000000003
0.8808800000000003
0.88051
0.8807
0.8818300000000001
0.8802800000000004
0.8805399999999999
0.8789400000000004
0.8830700000000005
0.8810400000000002
0.8800200000000004
0.8801300000000006
0.8788900000000003
0.87902
0.8807300000000002
0.8812300000000002
0.8795099999999998
0.8805200000000002
0.8792499999999999
0.8786700000000005
0.8795099999999997
0.8791299999999999
0.8793999999999997
0.8819600000000001
0.8813999999999999
0.8805599999999998
0.87922
0.8802300000000001
0.8805799999999999
0.8803599999999996
0.87991
0.8802900000000003
0.8805900000000001
0.8784899999999999
0.8802499999999999
0.8788499999999999
0.8793300000000004
0.8813800000000004
0.8798900000000002
0.87934
0.8796800000000004
0.8798500000000001
0.88068
0.8804900000000001
0.8801399999999998
0.8809299999999999
0.8803
0.8801000000000002
0.87942
0.8807700000000003
0.8787600000000001
0.8791199999999999
0.8797700000000002
0.8788300000000001
0.8802200000000003
0.8784800000000001
0.8797399999999997
0.8790500000000001
0.8791800000000006
0.8814700000000002
0.8803700000000001
0.8800100000000001
0.8791800000000001
0.8798900000000002
0.8789999999999997
0.8797500000000003
0.8791299999999995
0.8791100000000004
0.8790999999999998
0.8799600000000002
0.8799600000000001
0.8812300000000001
0.8816199999999997
0.8808400000000002
0.8789200000000001
0.88023
0.8804500000000002
0.87979
0.8795600000000001
0.8808100000000006
0.8795200000000003
0.8801700000000003
0.8804400000000001
0.8789500000000002
0.8821300000000002
0.8780900000000004
0.8803099999999999
0.8816200000000006
0.8817999999999999
0.8806400000000006
0.87886
0.87886
0.8795199999999999
0.88153
0.87907
0.8794600000000001
0.8806800000000002
0.87921
0.8787200000000002
0.8809499999999999
0.87971
0.8804800000000002
0.8794099999999999
0.8793899999999999
0.8787200000000003
0.88056
0.8800500000000001
0.88036
0.8814600000000001
0.8815100000000001
0.8801700000000003
0.8808700000000003
0.8804400000000002
0.8780400000000002
0.8793500000000003
0.8800900000000003
0.8800900000000003
0.8831100000000002
0.8800999999999999
0.8801099999999998
0.8797200000000001
0.8787000000000001
0.8790299999999999
0.8818300000000003
0.8790200000000001
0.8797
0.8792000000000002
0.8804900000000002
0.8806800000000001
0.8820800000000004
0.8806800000000004
0.87913
0.8784000000000001
0.8823500000000002
0.8818600000000005
0.8810500000000004
0.8809200000000004
0.87847
0.8791100000000002
0.8799500000000002
0.8793900000000003
0.8797
0.8814599999999999
0.8807000000000003
0.8797400000000006
0.8792899999999996
0.87854
0.8805700000000002
0.8794499999999995
0.8790300000000006
0.8820000000000008
0.8822600000000003
0.8800100000000001
0.8812300000000002
0.8808999999999996
0.8807400000000001
0.8793400000000002
0.8793199999999998
0.8793500000000001
0.88016
0.8810000000000003
0.8810800000000003
0.8800800000000002
0.8799800000000003
0.8796299999999998
0.8822
0.88024
0.8783899999999999
0.8791600000000003
0.8802000000000004
0.8808999999999999
0.8806400000000002
0.8788799999999997
0.8796200000000001
0.8794399999999999
0.8785800000000005
0.8799300000000001
0.8800800000000001
0.8810300000000002
0.8813100000000003
0.8804700000000006
0.8807100000000001
0.8809300000000002
0.8790800000000003
0.8798100000000004
0.87896
0.8809
0.8816100000000003
0.8805099999999999
0.88109
0.88034
0.8808900000000002
0.8827099999999996
0.8816000000000003
0.8810099999999997
0.8800199999999997
0.88074
0.8801500000000001
0.8807000000000003
0.8795000000000005
0.8794999999999997
0.8802299999999996
0.8808900000000005
0.88023
0.8789200000000001
0.8814200000000001
0.8806800000000002
0.8816400000000002
0.8818299999999999
0.8813200000000003
0.8817900000000001
0.8814000000000003
0.87958
0.8798800000000001
0.8806400000000001
0.8795800000000004
0.8796800000000004
0.8819500000000003
0.8809500000000005
0.8809000000000005
0.8798500000000005
0.8787499999999997
0.8810100000000004
0.8794900000000001
0.8804099999999999
0.87936
0.8799800000000002
0.8799600000000001
0.8788800000000002
0.8796800000000001
0.8807700000000007
0.8794300000000004
0.8814700000000005
0.8810300000000005
0.8785200000000002
0.8796699999999998
0.8805400000000002
0.8790599999999997
0.8798800000000001
0.88131
0.8804699999999999
0.8787800000000001
0.8788999999999999
0.8799100000000004
0.87949
0.8805700000000002
0.8819500000000001
0.8806700000000002
0.8797500000000004
0.8807400000000001
0.8805599999999997
0.8820999999999998
0.8811999999999999
0.8807600000000005
0.8812900000000002
0.8808800000000002
0.8808900000000002
0.8801400000000004
0.8800400000000004
0.8802800000000004
0.8815300000000001
0.8804000000000001
0.8812300000000001
0.8791200000000003
0.8802500000000006
0.8790400000000003
0.8797100000000007
0.8800500000000001
0.8822900000000005
0.8817
0.8807300000000001
0.8809900000000002
0.8785600000000001
0.8798200000000003
0.8795999999999998
0.8822100000000002
0.8811600000000004
0.8774199999999998
0.8796200000000001
0.8792700000000003
0.8806700000000002
0.8791200000000002
0.8820600000000002
0.8795400000000002
0.8800999999999999
0.8806
0.8804800000000002
0.8794200000000002
0.8803700000000001
0.8799500000000005
0.8798800000000003
0.8795200000000001
0.8806300000000004
0.87964
0.8787400000000001
0.87975
0.8805000000000003
0.8803500000000004
0.88097
0.8785200000000001
0.8810700000000005
0.8810000000000001
0.8796600000000001
0.8795099999999998
0.8807300000000002
0.8793500000000001
0.8789300000000003
0.8802300000000001
0.8805600000000002
0.8801100000000003
0.8789200000000001
0.8812800000000006
0.8795700000000004
0.8791299999999999
0.8800400000000007
0.8798099999999998
0.8794299999999999
0.88032
0.8804699999999999
0.87984
0.88107
0.8806900000000006
0.8807900000000002
0.8819900000000002
0.8795800000000001
0.8799400000000003
0.8798000000000005
0.8779700000000001
0.8784900000000003
0.8804499999999996
0.8798999999999998
0.8813700000000001
0.8802100000000003
0.8792500000000001
0.8795900000000002
0.8797200000000004
0.8787600000000002
0.88034
0.8792599999999999
0.87815
0.8799299999999998
0.88129
0.87948
0.8801300000000003
0.8799000000000001
0.8793700000000002
0.8778099999999996
0.8777300000000001
0.8807500000000006
0.87999
0.88
0.8795500000000003
0.8787199999999997
0.8801800000000004
0.8808900000000003
0.8808400000000001
0.8809000000000006
0.88114
0.88062
0.8809
0.8811600000000003
0.8796400000000004
0.8801800000000003
0.88069
0.8796100000000001
0.8806199999999998
0.8809100000000001
0.8816600000000001
0.8813799999999999
0.8798199999999997
0.8792899999999999
0.8801000000000003
0.87924
0.8799199999999999
0.8791999999999999
0.87804
0.8792300000000001
0.8807400000000003
0.8795200000000004
0.8814000000000003
0.8811600000000004
0.8799999999999999
0.8788600000000005
0.8798600000000001
0.8809600000000004
0.8806500000000002
0.8821900000000005
0.8810000000000001
0.8818500000000005
0.8819900000000002
0.8813000000000001
0.8803600000000001
0.8804600000000002
0.8808600000000004
0.88005
0.8809800000000003
0.8790500000000003
0.8806800000000001
0.8800200000000001
0.8794900000000001
0.8779199999999999
0.8796100000000006
0.8808399999999996
0.8793500000000001
0.88105
0.8796699999999998
0.8797999999999999
0.8803000000000002
0.8783999999999998
0.88051
0.87837
0.8815100000000002
0.8821000000000002
0.8802200000000002
0.8797500000000004
0.8798600000000002
0.8790600000000005
0.8798000000000006
0.8813499999999999
0.8782999999999999
0.8798600000000002
0.8806000000000002
0.8797100000000002
0.8793500000000006
0.8803200000000001
0.8799000000000002
0.8798399999999998
0.8801200000000001
0.88115
0.8811800000000002
0.8817600000000002
0.8796900000000001
0.8787600000000001
0.87894
0.8802700000000003
0.8795000000000005
0.8808099999999999
0.8809200000000004
0.8816200000000001
0.8800400000000002
0.88089
0.8798600000000002
0.8807900000000001
0.8799200000000006
0.87981
0.8798900000000001
0.8806700000000002
0.8808600000000003
0.87945
0.8782999999999997
0.8785600000000002
0.8798900000000003
0.8790099999999996
0.8814600000000002
0.8811600000000003
0.8813099999999996
0.8815599999999999
0.8794200000000001
0.8809100000000002
0.88164
0.8803800000000004
0.87993
0.8809000000000003
0.8816600000000002
0.8827700000000002
0.87895
0.8793400000000001
0.8808
0.87944
0.8801900000000002
0.8802999999999997
0.8799899999999999
0.8802200000000002
0.8807600000000002
0.8821200000000003
0.8795700000000001
0.8810499999999999
0.8785199999999999
0.8797899999999998
0.8800700000000005
0.8791199999999999
0.8813300000000001
0.8795599999999999
0.8800099999999997
0.8802999999999999
0.8795500000000002
0.8794699999999998
0.8813300000000003
0.8798799999999999
0.87977
0.87909
0.8798600000000004
0.8808199999999999
0.8813799999999997
0.8810499999999999
0.8793900000000001
0.87992
0.8806099999999999
0.8798900000000001
0.8806500000000003
0.8794399999999999
0.8798499999999998
0.8794600000000001
0.8799400000000004
0.8804400000000001
0.8805000000000005
0.8804700000000003
0.88059
0.8810400000000004
0.8802299999999998
0.8807000000000003
0.8794399999999998
0.8782300000000002
0.8780899999999999
0.8817000000000003
0.8808
0.8786200000000005
0.8817699999999999
0.8818000000000003
0.8801000000000001
0.8792000000000002
0.87988
0.8776800000000002
0.8791500000000003
0.8801700000000002
0.8799100000000003
0.8810500000000006
0.8792899999999999
0.8798499999999998
0.8780900000000001
0.8796100000000004
0.8802400000000002
0.8809699999999997
0.8800600000000004
0.8792800000000003
0.88141
0.8787999999999998
0.8801900000000005
0.8805900000000001
0.8805800000000004
0.8791099999999998
0.8791500000000001
0.8795400000000005
0.8799499999999996
0.8798199999999998
0.87894
0.8785500000000005
0.8817200000000003
0.88098
0.8802000000000002
0.8797600000000001
0.8811699999999999
0.8813100000000005
0.8811600000000002
0.88051
0.8805300000000004
0.88017
0.8784400000000003
0.8801500000000003
0.8801500000000003
0.8780699999999997
0.8799300000000003
0.8793199999999999
0.8794299999999997
0.8776000000000002
0.8789499999999997
0.8791700000000005
0.8794700000000003
0.8786500000000004
0.87958
0.8811000000000001
0.8804800000000006
0.88133
0.8801700000000001
0.8776499999999997
0.8799000000000001
0.8801300000000003
0.8806600000000002
0.8803500000000004
0.8806200000000005
0.8783200000000003
0.8801000000000007
0.8797500000000003
0.8779700000000006
0.8778099999999999
0.8789200000000003
0.8780000000000001
0.8778400000000001
0.8808400000000001
0.8807200000000006
0.8798699999999999
0.88069
0.8802100000000002
0.8810800000000001
0.8810099999999997
0.88081
0.8798400000000001
0.8804299999999998
0.8798699999999998
0.8808200000000004
0.8815700000000003
0.8788200000000002
0.8800000000000003
0.8798900000000001
0.8793799999999997
0.8789899999999998
0.87945
0.8789800000000005
0.8793200000000003
0.8790400000000002
0.8810899999999999
0.8821700000000005
0.8819100000000002
0.8796800000000004
0.8791599999999998
0.88103
0.8805700000000002
0.8814800000000003
0.8797099999999999
0.87984
0.8797599999999997
0.8797600000000004
0.8790399999999997
0.8787600000000004
0.8793800000000003
0.8802200000000002
0.8802599999999999
0.88063
0.88016
0.8781800000000004
0.8797500000000003
0.8815799999999999
0.88145
0.8797900000000004
0.8812800000000004
0.8798599999999994
0.8786799999999998
0.8784400000000001
0.8819
0.8794999999999996
0.88114
0.8814900000000001
0.8805200000000003
0.8796900000000004
0.8806000000000002
0.8799400000000002
0.88018
0.8803900000000003
0.8779300000000002
0.87999
0.8796300000000001
0.8793599999999995
0.8789900000000003
0.8807100000000002
0.8799000000000003
0.8797200000000001
0.8814900000000001
0.8803300000000002
0.8809000000000006
0.8807500000000006
0.8811399999999996
0.8792800000000003
0.8789300000000003
0.8789799999999999
0.8790100000000005
0.88036
0.8813100000000005
0.8790300000000001
0.8792300000000002
0.8792399999999999
0.8785299999999998
0.8789300000000003
0.8775599999999999
0.8793100000000001
0.87848
0.8800899999999996
0.8817700000000005
0.8807800000000001
0.8795100000000002
0.8789599999999999
0.8789400000000002
0.8825000000000002
0.8808899999999995
0.8807500000000006
0.87942
0.8806800000000001
0.8800600000000004
0.8797099999999999
0.8801600000000004
