0.19999999999999962
0.25127999999999995
0.32411000000000006
0.39178999999999997
0.45199000000000017
0.4998
0.5395
0.5694799999999998
0.5936499999999999
0.6126199999999998
0.6286400000000002
0.6398200000000002
0.6489400000000002
0.6557900000000003
0.6616999999999998
0.6653799999999999
0.6661500000000002
0.6682799999999999
0.6724
0.6746700000000004
0.6766800000000001
0.67731
0.6786
0.6788199999999998
0.6802600000000001
0.6824300000000002
0.6826000000000001
0.6830700000000001
0.6815300000000002
0.6803200000000003
0.6828900000000001
0.68269
0.68378
0.6831000000000002
0.6837000000000001
0.68336
0.6826900000000002
0.68275
0.6841000000000002
0.68387
0.6806999999999997
0.6840999999999999
0.6829500000000001
0.6855099999999998
0.684
0.68196
0.6826399999999998
0.6822499999999999
0.6825299999999999
0.6839400000000002
0.6819399999999995
0.68268
0.6842200000000002
0.6835900000000003
0.6830600000000001
0.68487
0.68493
0.6847100000000004
0.6827899999999997
0.6837900000000002
0.6838400000000001
0.68408
0.6843499999999996
0.6840499999999998
0.6832399999999998
0.6847600000000001
0.6849899999999997
0.68494
0.6837400000000001
0.6854899999999998
0.6845999999999998
0.68601
0.6840000000000002
0.6841900000000001
0.6834
0.6831099999999998
0.6849600000000002
0.6847899999999999
0.6842900000000001
0.68434
0.6835000000000002
0.6802799999999998
0.6811899999999999
0.6797499999999999
0.6803499999999998
0.6799299999999999
0.68317
0.68221
0.68244
0.68163
0.6823599999999997
0.682
0.6831099999999999
0.6818000000000001
0.67972
0.6803399999999997
0.6814399999999998
0.6816300000000004
0.6816900000000001
0.6814799999999999
0.6815100000000001
0.6800899999999999
0.6787100000000003
0.68125
0.6803200000000003
0.68562
0.68524
0.68324
0.6830499999999996
0.6818900000000001
0.6820600000000002
0.68163
0.6810499999999999
0.6819699999999999
0.6815199999999999
0.6841699999999998
0.6841799999999999
0.6846700000000001
0.6850899999999998
0.6849200000000003
0.6830200000000002
0.68447
0.68436
0.6833300000000002
0.6824699999999999
0.6835299999999997
0.6828700000000001
0.6841999999999999
0.6841700000000003
0.6840900000000002
0.6818599999999999
0.6824899999999999
0.68181
0.6807499999999996
0.67948
0.68017
0.6806799999999997
0.67973
0.6815799999999999
0.6808999999999998
0.6825199999999999
0.6821999999999996
0.6836600000000002
0.6843699999999998
0.6841099999999999
0.68232
0.6830000000000003
0.6845399999999997
0.6828099999999999
0.6844000000000002
0.6827200000000001
0.68184
0.6844
0.6848700000000004
0.6841700000000003
0.68363
0.6833899999999998
0.68169
0.68117
0.6824400000000003
0.6821499999999996
0.6818299999999999
0.6804299999999999
0.68206
0.6807500000000004
0.6803599999999997
0.6824099999999997
0.6812600000000001
0.6815200000000001
0.6829999999999999
0.6836999999999998
0.6835299999999997
0.6833599999999997
0.6831999999999999
0.6818100000000002
0.6824000000000002
0.6813400000000001
0.6834800000000001
0.6814599999999998
0.6814899999999998
0.68401
0.68389
0.6820300000000001
0.68182
0.6833599999999999
0.6843699999999998
0.6837099999999999
0.68116
0.6799299999999998
0.6815400000000003
0.6828599999999999
0.68172
0.6800499999999998
0.6796700000000004
0.6812299999999999
0.6806300000000001
0.6819800000000003
0.68261
0.68283
0.6835
0.6837600000000004
0.6841699999999997
0.6838000000000002
0.6854600000000004
0.6846800000000001
0.68235
0.68381
0.68238
0.6830700000000002
0.6835700000000001
0.68215
0.6822699999999997
0.6839399999999999
0.6830899999999999
0.68214
0.6819000000000003
0.6804600000000002
0.6819300000000004
0.6821700000000002
0.6827699999999999
0.6829799999999997
0.6827999999999999
0.6839699999999997
0.6823
0.6835599999999996
0.6831300000000005
0.6848899999999999
0.6865799999999997
0.6863600000000001
0.6854300000000001
0.6853499999999998
0.6868799999999999
0.68495
0.6838099999999998
0.6843100000000001
0.6833
0.68464
0.6832300000000001
0.6826700000000001
0.6830400000000003
0.6843600000000001
0.6819099999999995
0.6807999999999998
0.6835500000000002
0.68483
0.6850499999999999
0.6850800000000002
0.6860300000000004
0.6840400000000002
0.6849599999999997
0.6852600000000004
0.6849099999999997
0.68477
0.6850099999999997
0.6853099999999996
0.6832999999999998
0.6837900000000002
0.6820900000000001
0.6831000000000005
0.6836
0.6836399999999996
0.68467
0.68425
0.68546
0.6845000000000002
0.6849800000000001
0.68267
0.6826599999999998
0.68277
0.6832
0.68345
0.6834899999999999
0.6849700000000003
0.6846400000000001
0.68377
0.6818599999999999
0.6829299999999999
0.68171
0.6803200000000001
0.6818000000000002
0.68202
0.6822500000000001
0.6829800000000001
0.6812900000000002
0.6816900000000002
0.6825299999999999
0.6821900000000001
0.68366
0.6843699999999998
0.68302
0.6811299999999997
0.6824299999999996
0.6814500000000002
0.68094
0.6821800000000002
0.6850000000000002
0.6833200000000003
0.6838
0.6836800000000003
0.6818899999999998
0.6816900000000002
0.6817700000000001
0.6816200000000001
0.6809400000000001
0.6824299999999998
0.6820899999999999
0.6807299999999996
0.6795100000000001
0.6803100000000001
0.6783799999999996
0.6793099999999996
0.6795700000000002
0.6802999999999997
0.6795099999999998
0.6797099999999999
0.6818699999999996
0.6806199999999998
0.6815299999999997
0.6821299999999999
0.6821600000000002
0.6803299999999999
0.6822400000000001
0.68093
0.68167
0.6826199999999999
0.6819799999999998
0.6809499999999998
0.68098
0.6795099999999995
0.6804699999999998
0.68082
0.6822799999999997
0.6821900000000001
0.68136
0.6815700000000002
0.6828700000000001
0.6828200000000001
0.6836699999999999
0.6837399999999998
0.6844300000000003
0.6840900000000002
0.6828899999999996
0.6838599999999999
0.6840900000000002
0.6844600000000003
0.6803000000000001
0.6818500000000002
0.6812100000000001
0.6814299999999998
0.6808299999999999
0.6829400000000004
0.6823299999999999
0.6827000000000001
0.6842900000000002
0.6847700000000002
0.6863999999999997
0.6848899999999994
0.6846900000000001
0.68467
0.6859099999999999
0.6828600000000001
0.6828799999999999
0.6830799999999998
0.6852199999999997
0.6854
0.68511
0.68446
0.6849000000000001
0.6857199999999999
0.6830099999999999
0.6844199999999997
0.68263
0.6821099999999997
0.6810600000000001
0.68139
0.6821199999999997
0.6820000000000002
0.6816299999999995
0.68017
0.6804399999999997
0.6827700000000003
0.6821199999999997
0.6827200000000001
0.6823399999999998
0.6831900000000006
0.6821699999999998
0.6812799999999999
0.6813999999999999
0.6817299999999998
0.6841999999999999
0.6834700000000001
0.6834000000000002
0.6828499999999998
0.6823999999999998
0.68306
0.68286
0.6813000000000002
0.6842
0.6846599999999998
0.6867199999999998
0.6859100000000001
0.6842800000000002
0.6823199999999998
0.6831799999999998
0.6836299999999997
0.68238
0.6833300000000001
0.6841199999999997
0.6844900000000003
0.6846799999999997
0.68332
0.68444
0.6840199999999999
0.68283
0.6841499999999996
0.6836000000000001
0.6824000000000001
0.6823100000000005
0.6823300000000004
0.6844399999999999
0.6844299999999999
0.6828599999999999
0.6838599999999999
0.6846799999999998
0.6853699999999999
0.6849000000000001
0.6846099999999999
0.6837799999999997
0.6840199999999997
0.68368
0.6813799999999998
0.68023
0.6803400000000001
0.6836500000000001
0.6830200000000001
0.6818000000000002
0.6829199999999999
0.6813299999999998
0.6801499999999998
0.6819700000000002
0.6807000000000001
0.6808100000000001
0.68179
0.6809599999999999
0.6806700000000001
0.6806100000000002
0.68152
0.67976
0.6806199999999998
0.6815600000000002
0.6822099999999999
0.6841000000000002
0.6830399999999996
0.6822200000000003
0.6843900000000002
0.6847399999999998
0.6846300000000001
0.6829699999999999
0.68314
0.6834199999999998
0.6829699999999999
0.68181
0.6823200000000001
0.6837300000000003
0.6846100000000002
0.6835799999999999
0.6824199999999999
0.6826300000000002
0.6835399999999998
0.68194
0.6812400000000001
0.68094
0.68267
0.6821800000000002
0.6841399999999997
0.6840000000000002
0.6843100000000001
0.6862999999999998
0.6856500000000001
0.6861899999999999
0.6831699999999998
0.68355
0.6837799999999998
0.6822
0.6809500000000002
0.6795300000000002
0.6798599999999999
0.6795899999999999
0.6809499999999996
0.6810499999999999
0.6824099999999999
0.6828800000000003
0.6837399999999997
0.6835799999999997
0.6840199999999999
0.68152
0.6836800000000003
0.6828399999999998
0.6830699999999997
0.6833600000000001
0.6843
0.6830599999999998
0.6836299999999998
0.6837900000000002
0.6840499999999998
0.6842900000000001
0.6849200000000003
0.6845700000000001
0.6826599999999999
0.6844100000000001
0.6859700000000001
0.6862699999999999
0.6863299999999998
0.6861899999999999
0.68258
0.68408
0.6828500000000001
0.6820999999999998
0.6824799999999999
0.6809400000000001
0.6829899999999999
0.6828900000000004
0.6830300000000004
0.6845700000000002
0.6820099999999999
0.6840300000000004
0.6838700000000003
0.6828699999999996
0.6819299999999998
0.6818399999999998
0.6821200000000001
0.6824300000000001
0.6822600000000005
0.6831299999999999
0.6842599999999999
0.6852399999999997
0.6859999999999998
0.6853699999999998
0.6843099999999996
0.6831399999999997
0.6839899999999999
0.6840899999999999
0.6838799999999999
0.6838000000000001
0.6800499999999998
0.6816800000000001
0.6819699999999999
0.6820499999999998
0.6811700000000002
0.6824800000000001
0.6821999999999998
0.6836500000000002
0.6818000000000004
0.6815400000000004
0.6806099999999998
0.6838599999999997
0.6826500000000002
0.6806700000000001
0.6809000000000001
0.6827099999999998
0.6819200000000001
0.6844300000000001
0.68513
0.6840199999999999
0.68388
0.6841999999999997
0.6834999999999998
0.6828799999999999
0.6831900000000001
0.6842999999999999
0.6838900000000001
0.6817499999999999
0.6810699999999997
0.68176
0.6850699999999997
0.6857799999999998
0.68585
0.6820600000000002
0.6826399999999999
0.682
0.6800900000000002
0.6776399999999999
0.67936
0.6801999999999997
0.6818400000000001
0.68188
0.6829900000000001
0.6831299999999998
0.6819399999999999
0.6807099999999999
0.6797899999999996
0.6798199999999999
0.6800000000000002
0.6816200000000001
0.6818800000000003
0.6799799999999998
0.6828400000000001
0.6805099999999998
0.6828799999999995
0.6819100000000001
0.6819399999999998
0.6823099999999998
0.6835599999999998
0.6828500000000001
0.68281
0.6837300000000001
0.68199
0.68348
0.68345
0.6803200000000003
0.6817900000000001
0.6812299999999999
0.68199
0.6805499999999999
0.68116
0.6826699999999997
0.6822799999999997
0.6807900000000001
0.6789100000000002
0.68052
0.6799
0.6796500000000002
0.6788299999999997
0.68034
0.6820499999999999
0.6841100000000003
0.6842899999999998
0.6826699999999998
0.68296
0.6847700000000002
0.6844699999999997
0.6839699999999997
0.68356
0.6825200000000001
0.68408
0.6832900000000001
0.6836700000000003
0.68342
0.68302
0.6836199999999997
0.6852999999999997
0.6822300000000001
0.68397
0.6837800000000002
0.6854200000000003
0.6833799999999998
0.6834600000000001
0.6839399999999998
0.68471
0.68411
0.6821199999999996
0.68249
0.6811800000000002
0.6822
0.6815600000000002
0.68033
0.6823
0.6825999999999998
0.6819600000000001
0.6820099999999998
0.6821499999999997
0.6825900000000001
0.6818999999999998
0.6792
0.6822400000000002
0.6804699999999998
0.6811399999999999
0.6805300000000004
0.6814000000000001
0.6821500000000001
0.6832800000000002
0.6826199999999999
0.6822300000000001
0.6844499999999999
0.6852599999999996
0.6854599999999997
0.6859999999999999
0.6843599999999997
0.68344
0.6829899999999999
0.6825799999999999
0.6831000000000003
0.68192
0.68231
0.6834700000000002
0.6834800000000001
0.6853900000000003
0.6844699999999999
0.6847599999999998
0.6840800000000001
0.6830199999999996
0.6819300000000001
0.6823899999999999
0.6848400000000002
0.6854699999999998
0.6843600000000001
0.6829199999999999
0.6835099999999998
0.68402
0.6842499999999998
0.6836800000000001
0.6843100000000001
0.6837200000000004
0.68112
0.6818000000000002
0.68131
0.6805899999999998
0.6798700000000002
0.6808
0.6805500000000001
0.68077
0.6818
0.6838799999999999
0.6821300000000001
0.6831200000000003
0.6833999999999998
0.68265
0.6837000000000001
0.6848200000000001
0.6848199999999999
0.6850499999999999
0.6852699999999997
0.6870199999999999
0.6868399999999998
0.6858199999999997
0.6852699999999998
0.6853899999999997
0.6832899999999996
0.6837200000000004
0.6841700000000001
0.6813500000000002
0.6819499999999996
0.6834299999999998
0.6836499999999998
0.6832400000000003
0.6829300000000003
0.68273
0.68326
0.6823299999999998
0.6816800000000001
0.6820200000000003
0.6818200000000002
0.6806899999999998
0.6793200000000001
0.6799600000000001
0.6809900000000002
0.6811999999999996
0.6819299999999997
0.6822500000000001
0.6829199999999999
0.6850600000000001
0.6842999999999999
0.6823699999999998
0.6817599999999999
0.6809599999999999
0.6817400000000002
0.6823499999999999
0.6836299999999997
0.6838300000000003
0.6838999999999998
0.6829
0.6819999999999999
0.68231
0.6811200000000003
0.6801299999999999
0.6809099999999999
0.6811599999999995
0.6813399999999997
0.6829000000000001
0.6838200000000002
0.6826900000000002
0.6832100000000004
0.6844500000000001
0.6847100000000002
0.6846099999999998
0.6846600000000004
0.6854799999999996
0.68439
0.68378
0.68244
0.6839700000000001
0.6865000000000002
0.6842499999999997
0.6828200000000002
0.68411
0.6833600000000001
0.6831900000000002
0.6821599999999997
0.6832699999999998
0.6824899999999997
0.6821799999999999
0.6830899999999999
0.68402
0.6844099999999999
0.68268
0.68157
0.68153
0.6799400000000003
0.6813299999999998
0.68326
0.68289
0.68556
0.6838299999999995
0.6830999999999999
0.6836800000000006
0.68245
0.68218
0.68174
0.6809099999999999
0.68097
0.6801900000000002
0.6802399999999997
0.67907
0.68092
0.6809199999999997
0.6824100000000002
0.6824399999999998
0.68454
0.68351
0.6831100000000002
0.6835499999999998
0.6847000000000001
0.68458
0.6833600000000001
0.684
0.68356
0.6834999999999998
0.6819399999999999
0.6816500000000003
0.6820599999999999
0.68188
0.6816900000000001
0.6836400000000001
0.68296
0.6837400000000001
0.68202
0.6828400000000001
0.6823000000000001
0.6817099999999996
0.6819699999999999
0.6819800000000003
0.6820700000000001
0.6836300000000003
0.68232
0.68251
0.6815100000000003
0.6801300000000002
0.6802399999999998
0.6812599999999999
0.6821200000000001
0.6824999999999999
0.6825799999999999
0.68047
0.6815700000000001
0.68296
0.6820600000000003
0.68363
0.6819900000000001
0.6819299999999997
0.6812299999999999
0.6824800000000001
0.68246
0.6840400000000002
0.6832800000000002
0.68218
0.6834499999999999
0.6849600000000002
0.6859499999999996
0.68556
0.6848600000000005
0.6843699999999999
0.6829900000000001
0.6822799999999998
0.68238
0.68097
0.6835700000000005
0.6849700000000002
0.6819099999999998
0.6820799999999997
0.6838100000000001
0.68231
0.6800400000000001
0.68068
0.6816199999999999
0.68258
0.6837800000000002
0.6842800000000002
0.685
0.6826699999999998
0.6828400000000002
0.6841000000000002
0.6820599999999996
0.6843500000000001
0.6847499999999997
0.6851
0.68448
0.6851400000000001
0.6853400000000001
0.68321
0.6830199999999997
0.6832499999999999
0.68549
0.6829699999999999
0.6821599999999998
0.68163
0.6815200000000005
0.6824799999999998
0.6815100000000003
0.6806900000000001
0.6803899999999998
0.6800399999999998
0.68096
0.6807400000000001
0.6841999999999995
0.6846899999999999
0.6845099999999998
0.6825200000000001
0.6828400000000003
0.6819399999999998
0.6833400000000002
0.6836200000000002
0.6844299999999999
0.6824800000000002
0.6806200000000001
0.6799500000000003
0.6833699999999999
0.68228
0.6825699999999999
0.6814599999999996
0.6814499999999998
0.6831400000000001
0.6816599999999999
0.6828099999999998
0.6801899999999997
0.6813800000000001
0.6823500000000001
0.68249
0.6813899999999999
0.6810799999999999
0.68081
0.6815300000000001
0.6830400000000003
0.6822299999999997
0.68064
0.6797700000000002
0.6797700000000002
0.6802399999999996
0.6805699999999999
0.68183
0.6808399999999999
0.6799700000000002
0.6818900000000001
0.6825700000000002
0.6844699999999999
0.6851900000000001
0.6845799999999995
0.6831000000000005
0.6813000000000001
0.6796599999999999
0.6805300000000001
0.68203
0.6829899999999999
0.6818100000000001
0.6837899999999998
0.6854600000000001
0.6841700000000001
0.6832500000000001
0.6855800000000003
0.6841299999999998
0.6831200000000003
0.6831499999999999
0.68562
0.6838499999999997
0.6849300000000003
0.6823100000000004
0.6847600000000004
0.68431
0.6844200000000003
0.6839599999999999
0.6835000000000001
0.6842500000000002
0.6844000000000001
0.68455
0.6849000000000001
0.6845300000000003
0.6832600000000002
0.6844400000000003
0.6833299999999999
0.6836399999999995
0.68231
0.6827699999999999
0.6827599999999998
0.6821800000000002
0.68259
0.6854299999999999
0.6840399999999995
0.6846699999999999
0.6836100000000002
0.6813800000000002
0.6826099999999999
