0.19999999999999962
0.2462700000000002
0.31025000000000014
0.37100999999999984
0.42695999999999984
0.4718599999999998
0.5100199999999999
0.5396700000000001
0.5653100000000002
0.5853399999999996
0.6020300000000001
0.6156399999999997
0.6245
0.63239
0.6378500000000001
0.6416300000000004
0.64528
0.6481599999999997
0.6515599999999999
0.65512
0.6564900000000001
0.6580400000000003
0.6592000000000003
0.66072
0.66107
0.66195
0.66368
0.6644399999999997
0.66506
0.6655599999999997
0.66494
0.6651599999999998
0.6650299999999999
0.6641299999999998
0.6650399999999999
0.66435
0.6651799999999999
0.6654499999999998
0.6659700000000001
0.6644899999999998
0.6640900000000002
0.6634099999999999
0.66549
0.6644799999999997
0.6646899999999999
0.6661099999999999
0.6657800000000001
0.66566
0.6659199999999998
0.6641200000000004
0.66405
0.6651400000000004
0.66472
0.66559
0.6643500000000002
0.6648800000000001
0.6645799999999997
0.6671400000000002
0.6684599999999999
0.6685999999999998
0.6677899999999997
0.66648
0.66404
0.6650099999999999
0.6632599999999997
0.6639899999999997
0.6653399999999998
0.6656399999999998
0.66655
0.6663699999999996
0.6637500000000002
0.6651699999999999
0.6646
0.6671399999999998
0.66562
0.6664499999999998
0.6659599999999999
0.6650899999999997
0.6660900000000001
0.6653599999999997
0.6648099999999997
0.6654699999999998
0.6662300000000001
0.66622
0.6657299999999998
0.6652999999999999
0.6656200000000001
0.6640800000000004
0.6653100000000001
0.6640500000000001
0.6647900000000001
0.6657000000000002
0.6673399999999998
0.66682
0.6656700000000001
0.6654300000000002
0.6654800000000002
0.6642699999999998
0.6645900000000001
0.6655999999999999
0.6670800000000001
0.6680099999999999
0.6680100000000002
0.6676000000000002
0.6663899999999998
0.66688
0.6675399999999999
0.6645400000000001
0.6624099999999999
0.6630400000000001
0.6633599999999998
0.6644
0.6652100000000002
0.6654400000000001
0.6651899999999997
0.6648700000000001
0.6651999999999998
0.6667000000000001
0.6667499999999998
0.66717
0.6669900000000001
0.66606
0.6661800000000001
0.66777
0.6667099999999998
0.6663999999999999
0.6663999999999999
0.6671300000000001
0.6667799999999999
0.6660100000000001
0.6658699999999999
0.6652199999999999
0.66522
0.6651300000000002
0.6652499999999999
0.6649200000000003
0.66577
0.66482
0.6657700000000001
0.66496
0.66399
0.6625600000000003
0.6631300000000003
0.6634000000000002
0.6635499999999999
0.6639299999999999
0.6633800000000002
0.66494
0.66483
0.66661
0.66619
0.66471
0.6650400000000001
0.66476
0.6647000000000002
0.6643200000000001
0.6651500000000001
0.6650000000000001
0.6661100000000001
0.66687
0.6646400000000001
0.6652099999999999
0.6649199999999995
0.6659100000000001
0.6665300000000003
0.66736
0.6673900000000001
0.6670999999999999
0.6670399999999996
0.6661999999999998
0.6643000000000001
0.6626299999999999
0.6622800000000001
0.6620100000000001
0.66364
0.6640299999999999
0.6650900000000002
0.6654099999999998
0.6655599999999999
0.66561
0.6651600000000001
0.66482
0.6662900000000002
0.6655599999999997
0.6655999999999997
0.6654700000000001
0.6628400000000001
0.66321
0.6640999999999998
0.6646400000000001
0.6628899999999999
0.6633099999999998
0.6627900000000001
0.6638300000000003
0.6646299999999999
0.6643500000000002
0.6649499999999997
0.6649700000000002
0.66534
0.66478
0.66473
0.6655999999999997
0.6665999999999995
0.66518
0.6653800000000001
0.6654699999999998
0.6649699999999997
0.66525
0.6642299999999998
0.66352
0.6626899999999998
0.66081
0.6617899999999999
0.6612600000000003
0.6621000000000004
0.6617000000000001
0.6631800000000002
0.66475
0.6644200000000001
0.66486
0.66491
0.66431
0.6642100000000002
0.66573
0.6654300000000001
0.6666300000000001
0.66694
0.66702
0.66676
0.66602
0.6660199999999997
0.6667100000000002
0.66653
0.6671000000000002
0.6654799999999997
0.6644800000000002
0.66327
0.6641300000000001
0.6631
0.6627599999999998
0.6636700000000002
0.6636799999999998
0.6638
0.6635300000000001
0.66262
0.6647699999999999
0.6644799999999997
0.66433
0.66435
0.66461
0.6667800000000003
0.6656499999999999
0.6640400000000003
0.6650599999999999
0.66554
0.6643400000000002
0.6647000000000002
0.66403
0.6642800000000002
0.6648499999999996
0.6635399999999998
0.6639899999999997
0.6663399999999997
0.6666400000000003
0.6658300000000003
0.66619
0.6656500000000001
0.6650499999999999
0.6653500000000001
0.6658399999999998
0.66652
0.6646399999999999
0.6640500000000001
0.6641899999999998
0.6633100000000001
0.6634699999999998
0.66318
0.66375
0.6639000000000002
0.6621599999999997
0.6629999999999998
0.6643399999999997
0.6646900000000001
0.66584
0.6654700000000001
0.6662999999999997
0.6662600000000001
0.6658100000000001
0.66471
0.6645899999999999
0.6633699999999999
0.6629699999999998
0.6638600000000002
0.6633099999999998
0.6632000000000001
0.66283
0.6643500000000002
0.6641400000000001
0.6629300000000005
0.6629600000000001
0.6644900000000002
0.6633399999999999
0.66569
0.66542
0.66522
0.6652399999999998
0.6647199999999998
0.66574
0.66478
0.6674
0.6680999999999999
0.6684599999999999
0.66582
0.6661199999999999
0.6662100000000001
0.66499
0.6638
0.66364
0.66431
0.6636000000000003
0.6647000000000002
0.6674399999999997
0.6673999999999998
0.66616
0.6676400000000001
0.6662699999999999
0.6674099999999998
0.6663600000000001
0.6658399999999999
0.6654899999999999
0.6649900000000001
0.66718
0.6655799999999998
0.6659099999999999
0.6652800000000002
0.6640000000000001
0.6665299999999997
0.6672100000000001
0.6679800000000001
0.6686300000000003
0.6661200000000003
0.6658300000000004
0.6647799999999995
0.6648100000000001
0.6643100000000001
0.66497
0.6643600000000001
0.6649600000000002
0.66362
0.6641800000000001
0.6633900000000003
0.6641300000000001
0.6649799999999999
0.6644999999999998
0.6622200000000004
0.6617099999999999
0.6624300000000001
0.6632099999999999
0.6629299999999999
0.6627399999999999
0.6649099999999999
0.6678699999999996
0.6673700000000002
0.6665700000000002
0.6657400000000001
0.66696
0.6672799999999998
0.6677399999999999
0.667
0.6678700000000001
0.6679299999999999
0.6664499999999998
0.6655600000000002
0.6669500000000003
0.66673
0.6684100000000001
0.66857
0.6679200000000001
0.6653399999999996
0.6662600000000001
0.6670600000000002
0.6672899999999998
0.6667200000000002
0.6665599999999999
0.66533
0.6667900000000002
0.6671699999999998
0.6670099999999999
0.6655199999999999
0.6660299999999999
0.6666400000000001
0.6643500000000002
0.6651
0.6667299999999998
0.6658400000000002
0.6633600000000002
0.6650100000000002
0.6645199999999999
0.66644
0.6658499999999999
0.6648799999999998
0.66325
0.6649400000000003
0.66618
0.6655399999999999
0.6669099999999998
0.6648100000000001
0.6648100000000003
0.66515
0.66509
0.6654899999999999
0.6626000000000001
0.6644099999999998
0.6631700000000003
0.66385
0.6652699999999999
0.6641200000000006
0.6620199999999999
0.6620400000000001
0.6642600000000002
0.6637300000000004
0.6655900000000003
0.6673500000000001
0.6668799999999999
0.6672100000000001
0.66578
0.6662500000000002
0.6674800000000001
0.6685000000000001
0.6683
0.6667000000000001
0.6670200000000002
0.66584
0.6657999999999998
0.6666800000000004
0.6678099999999999
0.6668300000000005
0.6663599999999998
0.6635999999999999
0.6642399999999998
0.66506
0.66647
0.6658299999999997
0.6656900000000001
0.6669099999999999
0.6678499999999998
0.6666999999999998
0.6677599999999999
0.6685500000000001
0.6668099999999998
0.6661500000000002
0.6658999999999999
0.6644100000000001
0.66534
0.6665799999999997
0.6664
0.66567
0.6670200000000003
0.6690500000000003
0.6662299999999999
0.6655099999999998
0.6660299999999999
0.66612
0.66561
0.6638300000000003
0.6642100000000001
0.6643799999999999
0.6657700000000001
0.66608
0.6662499999999999
0.66677
0.6666899999999998
0.6645600000000002
0.66621
0.6651199999999998
0.6648300000000001
0.6661199999999999
0.6662000000000003
0.6667300000000005
0.66786
0.6662200000000001
0.6669400000000002
0.6657299999999998
0.6648400000000002
0.6641499999999999
0.6650600000000001
0.6666200000000001
0.6662799999999999
0.66471
0.6647700000000001
0.6654599999999998
0.66605
0.66634
0.66524
0.6648200000000003
0.66569
0.6680800000000001
0.6678099999999998
0.6663499999999998
0.6670799999999997
0.6675200000000001
0.6677000000000001
0.66699
0.6657099999999997
0.66622
0.6667600000000001
0.6660399999999999
0.66555
0.6649700000000002
0.6662600000000002
0.6680799999999999
0.6686900000000001
0.66687
0.6671700000000003
0.6655900000000002
0.6638400000000003
0.6643399999999999
0.66416
0.66474
0.66316
0.6651
0.6636099999999999
0.6635500000000001
0.6645399999999999
0.6648599999999998
0.6642100000000001
0.6636
0.6640799999999999
0.6639400000000001
0.6637100000000002
0.6637999999999998
0.6634
0.6648100000000002
0.66646
0.6673999999999997
0.6675399999999998
0.6681099999999998
0.66586
0.6663199999999998
0.6657999999999997
0.6654199999999996
0.6653899999999997
0.66409
0.6650099999999998
0.6633999999999999
0.6625899999999999
0.6628799999999999
0.6643100000000001
0.6646299999999996
0.6662299999999998
0.6666299999999997
0.6682700000000001
0.6672999999999999
0.6673600000000001
0.6650200000000001
0.6660499999999999
0.6654500000000003
0.6661999999999999
0.66443
0.6657100000000001
0.6645600000000002
0.6656600000000001
0.66633
0.6668599999999999
0.6662600000000001
0.6653500000000001
0.6654899999999999
0.6648
0.6666400000000003
0.6652199999999999
0.66538
0.6635900000000001
0.66448
0.6661799999999998
0.6656599999999999
0.6658399999999998
0.66605
0.6669299999999997
0.6670699999999998
0.6632999999999997
0.66175
0.6635899999999999
0.6638399999999999
0.6624
0.6628200000000001
0.66306
0.66345
0.6630099999999999
0.6626000000000001
0.6637900000000001
0.6647700000000001
0.6660900000000002
0.66692
0.6659700000000004
0.6668200000000002
0.6657899999999999
0.6649499999999999
0.66488
0.6662100000000001
0.66574
0.66439
0.6649900000000002
0.6632800000000002
0.6646200000000002
0.6642
0.6663399999999998
0.6660600000000001
0.66551
0.6656700000000001
0.66514
0.6647199999999998
0.66553
0.6660100000000003
0.6668600000000001
0.6643199999999999
0.6649800000000003
0.6647900000000001
0.66581
0.6646
0.6632000000000003
0.6617599999999999
0.6617299999999999
0.6636500000000001
0.6643599999999998
0.6646299999999996
0.6655800000000002
0.6658000000000003
0.66601
0.6657699999999995
0.6663800000000001
0.6692500000000002
0.6697900000000001
0.66865
0.6669799999999998
0.6668800000000004
0.6669300000000002
0.6676599999999999
0.6681400000000002
0.6673500000000003
0.6677300000000004
0.66731
0.6651999999999998
0.6645599999999999
0.66449
0.6642600000000001
0.6638399999999998
0.6632800000000003
0.6630200000000002
0.6616299999999999
0.6620000000000001
0.66431
0.6641999999999997
0.66397
0.66289
0.6638600000000001
0.6649200000000002
0.66524
0.6655999999999996
0.66475
0.66509
0.6647399999999999
0.66437
0.6644099999999997
0.66597
0.66573
0.6654500000000002
0.6641800000000001
0.6657000000000001
0.6664099999999997
0.6657499999999998
0.6667400000000001
0.66879
0.6638600000000002
0.6637900000000001
0.6648
0.6645199999999999
0.6646500000000002
0.6651100000000002
0.6659399999999996
0.6671700000000002
0.6668900000000001
0.6657199999999998
0.6671399999999998
0.66727
0.66705
0.6655100000000002
0.66503
0.66652
0.6658300000000003
0.6665699999999998
0.6646100000000001
0.6659900000000001
0.6662100000000004
0.6664299999999999
0.6652899999999999
0.66365
0.6650000000000001
0.6636199999999998
0.66409
0.6661800000000001
0.6667899999999999
0.6667799999999998
0.66726
0.66811
0.6682899999999999
0.6672799999999998
0.66741
0.6668400000000004
0.66521
0.6656299999999997
0.6668399999999999
0.6670499999999997
0.66642
0.6645899999999999
0.66376
0.6662699999999995
0.6644599999999998
0.6651
0.6650200000000001
0.6649399999999995
0.66506
0.66534
0.6649299999999999
0.6648000000000001
0.6650499999999999
0.66572
0.6677899999999997
0.6670100000000001
0.6666999999999998
0.6650199999999998
0.6648599999999999
0.6662500000000001
0.6662700000000001
0.6669999999999999
0.6660200000000001
0.6648099999999999
0.66297
0.6620599999999998
0.66499
0.66541
0.6636300000000002
0.6622800000000001
0.6636700000000003
0.6640199999999998
0.6642399999999996
0.6635300000000001
0.6650299999999999
0.6650900000000003
0.6642599999999999
0.6626400000000001
0.6634
0.6655500000000001
0.6655599999999999
0.6651199999999998
0.6651499999999999
0.6644099999999995
0.6654599999999999
0.6667399999999999
0.6662500000000001
0.6656800000000003
0.6672600000000002
0.6668499999999998
0.6663899999999998
0.6666
0.6660500000000004
0.6658100000000003
0.6658700000000001
0.66549
0.66614
0.66545
0.6643599999999996
0.66474
0.6664500000000001
0.6640499999999999
0.6654599999999999
0.6653199999999998
0.6640900000000001
0.6644600000000002
0.6637900000000002
0.66584
0.6668199999999999
0.6672099999999999
0.6669599999999999
0.6668099999999998
0.6674600000000004
0.6674599999999999
0.6674699999999999
0.66693
0.66653
0.66569
0.6653199999999997
0.66545
0.6639899999999999
0.6640799999999999
0.66495
0.6651000000000002
0.66317
0.6639200000000001
0.6641200000000004
0.6638999999999998
0.6640199999999997
0.6629199999999998
0.66244
0.6646899999999999
0.6635499999999996
0.66315
0.6639900000000003
0.6624200000000003
0.6633699999999999
0.6650800000000001
0.6665700000000001
0.6678299999999999
0.6681499999999997
0.6665099999999998
0.6651600000000002
0.6671899999999998
0.66811
0.6679999999999998
0.6667800000000002
0.66633
0.6650100000000002
0.6662899999999997
0.6651400000000003
0.6662200000000001
0.66506
0.6651000000000004
0.6653600000000002
0.6666599999999999
0.6659799999999997
0.6666599999999996
0.6656999999999997
0.6645599999999997
0.66502
0.6660300000000001
0.6637700000000001
0.6649499999999997
0.6668399999999997
0.6653200000000001
0.6671399999999998
0.6678300000000001
0.6682299999999999
0.66901
0.6691199999999998
0.6682199999999999
0.6679999999999999
0.6665800000000002
0.6661400000000002
0.66832
0.6656100000000003
0.6645599999999999
0.6658399999999999
0.6664999999999999
0.6675800000000003
0.66622
0.66782
0.6702899999999999
0.6698600000000002
0.6691999999999999
0.6660699999999999
0.6655400000000004
0.66521
0.6662
0.6662299999999999
0.6671099999999999
0.6667399999999998
0.6655000000000002
0.66435
0.6646499999999999
0.66393
0.66397
0.6649799999999996
0.6657799999999997
0.6668900000000001
0.66602
0.6657200000000002
0.6648399999999998
0.66551
0.6638499999999999
0.6645599999999999
0.6640800000000001
0.6646699999999999
0.6650399999999999
0.66389
0.6631199999999998
0.6636700000000001
0.6639599999999998
0.6641900000000001
0.6645999999999997
0.6665899999999999
0.6676799999999998
0.6669999999999996
0.6666200000000002
0.6673500000000001
0.6676900000000002
0.6684600000000002
0.6669900000000003
0.6650000000000001
0.6622600000000003
0.6624300000000001
0.6647699999999999
0.66538
0.6658999999999996
0.6661699999999997
0.6662899999999999
0.6659600000000003
0.66664
0.66608
0.66829
0.6658400000000003
0.6663299999999999
0.6664400000000001
0.6660200000000001
0.66646
0.6664899999999997
0.66582
0.6670100000000003
0.6663800000000002
0.6663699999999999
0.6662899999999999
0.6653800000000001
0.6658700000000001
0.6650699999999999
0.6629599999999997
0.6654200000000001
0.6646800000000002
0.6657799999999999
0.66581
0.6641699999999999
0.6655399999999997
0.6648400000000001
0.6665800000000001
0.66756
0.66605
0.6682499999999996
0.6669800000000002
0.66645
0.66538
0.66478
0.66524
0.6671300000000001
0.6641900000000003
0.6647
0.6658699999999997
0.6653600000000002
0.6665399999999999
0.66681
0.6683099999999998
0.66633
0.6670500000000001
0.6656800000000002
0.6650599999999999
0.6641799999999999
0.6660200000000003
0.66588
0.6637099999999999
0.6641400000000002
0.6658499999999999
0.6662599999999997
0.6638700000000003
0.66408
0.66403
0.6630300000000002
0.6657399999999999
0.66416
0.66514
0.6638099999999996
0.6654099999999998
0.6657500000000002
0.6634300000000001
0.66475
0.6644999999999999
0.6652000000000003
0.6665100000000002
0.6655400000000001
0.6652199999999999
0.6649700000000002
0.6660400000000003
0.6663800000000001
0.6643500000000002
0.6650599999999998
0.66665
0.66604
0.6685499999999999
0.66742
0.66633
0.66549
0.6663099999999998
0.6660100000000001
0.6643599999999995
0.6649300000000001
0.6642899999999998
0.66408
0.6638300000000003
0.6636299999999997
0.6643600000000001
0.6646700000000001
0.66432
0.6648900000000001
0.6657500000000002
0.6648299999999999
