0.19999999999999962
0.4933900000000001
0.8480299999999997
0.9079400000000005
0.9072900000000003
0.9065400000000008
0.90672
0.90753
0.9057600000000007
0.9056700000000005
0.9053700000000008
0.9050100000000006
0.9070400000000001
0.9071100000000003
0.9045400000000007
0.9071100000000005
0.9065300000000004
0.9057400000000002
0.9045300000000005
0.9063600000000004
0.9069800000000001
0.9067500000000005
0.9056100000000005
0.9049700000000002
0.9038100000000001
0.9060600000000001
0.9053300000000007
0.9051400000000004
0.9061300000000004
0.9055600000000006
0.9056600000000005
0.90601
0.9061200000000008
0.9063500000000004
0.9070200000000006
0.9075200000000001
0.9058000000000002
0.9055400000000007
0.9055900000000005
0.9055500000000003
0.9045200000000007
0.9078000000000006
0.9064300000000007
0.9052300000000004
0.9049600000000007
0.9045500000000003
0.9062300000000002
0.90654
0.9038800000000008
0.9047200000000005
0.9050200000000005
0.9063600000000005
0.90532
0.9051700000000004
0.9038100000000004
0.9052800000000002
0.9044800000000001
0.9068100000000002
0.9055000000000003
0.9072300000000005
0.9074200000000009
0.9041200000000003
0.9061400000000005
0.9043200000000001
0.9066900000000002
0.9050700000000005
0.9058600000000002
0.9063800000000001
0.9057
0.9056300000000005
0.9072900000000003
0.9068600000000008
0.9062900000000002
0.9080100000000008
0.9057000000000008
0.9051100000000001
0.9068400000000004
0.9051200000000006
0.9051300000000007
0.9046400000000001
0.9056300000000003
0.9058300000000002
0.9062500000000001
0.9067100000000009
0.9063300000000004
0.9052000000000002
0.9057800000000009
0.9054000000000001
0.9059100000000008
0.9061500000000001
0.9051600000000002
0.9065200000000005
0.9057500000000007
0.9068600000000002
0.9049300000000007
0.9071600000000004
0.9051100000000001
0.9054800000000006
0.9049400000000005
0.9066500000000002
0.9056000000000001
0.9071299999999995
0.9053000000000003
0.9059
0.9062100000000005
0.9050000000000002
0.9075100000000004
0.9054000000000002
0.9059400000000001
0.9051200000000008
0.9065100000000005
0.9052800000000002
0.9067700000000003
0.9058100000000006
0.905830000000001
0.9045400000000009
0.9053900000000007
0.90606
0.9056000000000002
0.9058100000000004
0.9050000000000007
0.9064700000000007
0.9065400000000006
0.9063500000000007
0.9063899999999999
0.90683
0.9058200000000004
0.9057300000000004
0.9064500000000006
0.9065800000000004
0.9040000000000006
0.9053600000000003
0.9067800000000003
0.9048500000000003
0.9031800000000003
0.9062900000000004
0.9064600000000006
0.9052600000000003
0.9040500000000007
0.9070800000000006
0.9052300000000004
0.9050200000000005
0.9048300000000008
0.9053100000000002
0.9068800000000004
0.9049600000000005
0.9066300000000004
0.9056900000000006
0.9058700000000002
0.9062600000000005
0.9047200000000002
0.9056900000000006
0.9053100000000004
0.9064100000000006
0.9077600000000001
0.9048500000000006
0.9055400000000001
0.9072600000000004
0.9056700000000005
0.9045700000000001
0.9061500000000006
0.9055400000000006
0.9056600000000007
0.9063100000000002
0.9055700000000004
0.9062800000000003
0.9067100000000003
0.90817
0.9056300000000006
0.9064300000000004
0.9048500000000004
0.9053300000000006
0.9068700000000001
0.9053300000000006
0.9052100000000003
0.9046900000000005
0.9063800000000003
0.9057800000000004
0.9053500000000002
0.905950000000001
0.9068900000000002
0.9054200000000003
0.90717
0.9057200000000004
0.9068300000000007
0.9073900000000004
0.9044000000000005
0.9065800000000007
0.9060700000000006
0.9063100000000002
0.9071500000000003
0.9044800000000005
0.9060300000000002
0.9048500000000003
0.9056500000000005
0.9071500000000008
0.9056900000000006
0.9069600000000005
0.9061900000000004
0.9049700000000008
0.9054400000000002
0.9053100000000006
0.9051100000000006
0.9054700000000004
0.9046199999999999
0.9050700000000002
0.9067200000000005
0.9057400000000002
0.9071500000000001
0.9053700000000005
0.9061700000000006
0.90717
0.9042500000000006
0.9044300000000005
0.9045500000000004
0.9072000000000007
0.9061600000000005
0.9065600000000004
0.9059900000000006
0.9055700000000004
0.9053399999999999
0.9062700000000004
0.9058900000000003
0.9044400000000001
0.9058700000000003
0.90559
0.90538
0.905740000000001
0.9058300000000002
0.9055000000000004
0.9056500000000003
0.9053399999999999
0.9064400000000005
0.90645
0.9063100000000003
0.9063199999999999
0.9039700000000002
0.9041400000000004
0.9061400000000003
0.9065300000000006
0.9057300000000005
0.9080400000000001
0.9049600000000004
0.9075200000000003
0.9063300000000005
0.9050099999999999
0.9052900000000003
0.9047999999999999
0.9061000000000001
0.9041900000000007
0.9040299999999999
0.9040800000000008
0.9063100000000006
0.9065900000000003
0.9051600000000002
0.9057300000000005
0.9040300000000003
0.9068600000000004
0.9060200000000009
0.9066000000000003
0.9037600000000003
0.9074800000000005
0.9050400000000005
0.9062800000000008
0.9063200000000005
0.9038800000000002
0.9059100000000003
0.9056600000000001
0.9071300000000005
0.9041800000000006
0.9053400000000008
0.9062100000000005
0.90482
0.9055400000000005
0.9044700000000002
0.90609
0.9064399999999998
0.9055600000000004
0.9059500000000003
0.9059200000000008
0.9055400000000005
0.9059300000000003
0.9050600000000003
0.9058800000000007
0.9049300000000001
0.9056500000000004
0.9058800000000004
0.9057300000000004
0.9047900000000005
0.9050500000000006
0.9073600000000009
0.9052799999999999
0.9072600000000003
0.9068999999999999
0.9062800000000004
0.9041800000000003
0.9068000000000005
0.9056100000000004
0.9051800000000001
0.9053900000000003
0.9060600000000002
0.90561
0.9051200000000003
0.9050900000000004
0.9051000000000003
0.9063900000000005
0.9058500000000003
0.9070400000000004
0.90562
0.90604
0.9069900000000004
0.9073100000000004
0.9066900000000004
0.9068000000000006
0.90593
0.9070400000000002
0.9052000000000002
0.9061700000000004
0.9051000000000003
0.9067800000000009
0.9054500000000004
0.9073400000000004
0.9047400000000008
0.9050300000000004
0.9047100000000001
0.9063200000000003
0.9050000000000007
0.9055800000000005
0.9054800000000006
0.9061100000000004
0.9061599999999999
0.9067300000000003
0.9055600000000006
0.9058900000000003
0.9060900000000006
0.90607
0.9055800000000002
0.9068499999999999
0.9046500000000006
0.90676
0.9064800000000003
0.90448
0.9059300000000006
0.9053600000000004
0.90628
0.9071600000000006
0.9059300000000008
0.9053700000000003
0.9052500000000003
0.9048600000000004
0.9071200000000001
0.9055200000000005
0.9050900000000003
0.9061800000000004
0.9058000000000004
0.9040699999999999
0.9047400000000008
0.9070300000000004
0.9050400000000005
0.9037800000000001
0.9066
0.9058800000000009
0.9059300000000001
0.9054300000000001
0.9058300000000004
0.9067900000000004
0.9049100000000007
0.9054400000000006
0.9047100000000001
0.9056800000000004
0.9075600000000001
0.9067300000000009
0.9068800000000006
0.9068100000000007
0.90571
0.9056400000000003
0.90523
0.9034300000000003
0.9053700000000005
0.9057000000000005
0.9055800000000008
0.9060500000000004
0.9041600000000006
0.9050500000000004
0.9045700000000003
0.9056700000000006
0.9072400000000005
0.9049800000000005
0.9068500000000006
0.9035200000000003
0.9049900000000004
0.9062000000000008
0.9068800000000005
0.9050700000000006
0.904670000000001
0.9064900000000001
0.9051200000000007
0.9043500000000003
0.9058100000000003
0.90708
0.9054000000000002
0.90598
0.9057200000000002
0.9047800000000004
0.9058800000000005
0.9034400000000004
0.9031600000000002
0.9065900000000003
0.9062800000000004
0.9051300000000007
0.9047500000000005
0.906140000000001
0.9064600000000005
0.9049000000000005
0.9037900000000008
0.9066899999999998
0.9055000000000001
0.9061300000000001
0.9051900000000004
0.9068700000000004
0.9044500000000003
0.9061300000000009
0.9059500000000003
0.9041200000000005
0.9041900000000002
0.9062400000000003
0.9051700000000001
0.9042600000000004
0.9059800000000001
0.9076500000000004
0.9050100000000006
0.90612
0.9070100000000003
0.9071800000000003
0.9056300000000006
0.9056000000000002
0.9061299999999999
0.9064500000000001
0.9062400000000003
0.9054600000000002
0.9050800000000002
0.9065800000000004
0.9058600000000002
0.9071400000000002
0.9060600000000002
0.9060200000000003
0.9051800000000005
0.9054500000000003
0.9047799999999999
0.9080200000000004
0.9047600000000002
0.90535
0.9063900000000008
0.9050500000000006
0.9063900000000005
0.9071399999999997
0.9055600000000009
0.9055700000000004
0.9051300000000007
0.9059600000000003
0.90716
0.9060400000000002
0.9066500000000002
0.9057700000000001
0.9044000000000004
0.9071400000000004
0.90683
0.9054600000000002
0.9052900000000004
0.9057800000000001
0.9064500000000009
0.9054900000000004
0.9056000000000001
0.9058300000000002
0.9061200000000004
0.9049800000000005
0.9050100000000004
0.9057499999999998
0.9058400000000008
0.9064500000000006
0.9057400000000007
0.9055800000000006
0.9061400000000005
0.9060300000000002
0.9042200000000006
0.9054400000000006
0.9056600000000006
0.9056200000000003
0.9047700000000005
0.9028500000000002
0.9055600000000001
0.9047900000000001
0.9058000000000003
0.9069499999999999
0.906540000000001
0.9080700000000005
0.9047700000000005
0.9063400000000003
0.9056100000000004
0.9056700000000003
0.9046400000000007
0.9066200000000003
0.9074500000000003
0.9069200000000008
0.90608
0.9047800000000005
0.90726
0.9048600000000002
0.9052500000000004
0.9055800000000006
0.9045400000000007
0.9055999999999997
0.9045000000000003
0.9070300000000003
0.90496
0.9059500000000001
0.9055800000000004
0.9073700000000002
0.9058700000000005
0.9049400000000005
0.9067000000000003
0.9039700000000009
0.90614
0.9041500000000005
0.9056200000000001
0.9063800000000003
0.9063200000000006
0.9061100000000003
0.9032200000000005
0.9071000000000005
0.9057800000000005
0.9047400000000002
0.9057300000000004
0.9061800000000005
0.9053000000000003
0.9050100000000003
0.9087300000000005
0.9060500000000001
0.9054200000000003
0.90468
0.9062700000000006
0.9041800000000002
0.9063100000000003
0.9045000000000004
0.9046900000000005
0.9058700000000007
0.9053500000000005
0.9064800000000003
0.9060800000000004
0.9058700000000008
0.9059500000000003
0.9072100000000005
0.9062900000000006
0.9055900000000006
0.9059799999999999
0.9064000000000005
0.9051400000000005
0.9043900000000004
0.9063800000000003
0.9046900000000003
0.9068500000000003
0.9050400000000003
0.9064400000000005
0.9069700000000003
0.9066400000000003
0.9048200000000003
0.9060400000000002
0.9046800000000005
0.9059500000000006
0.9062300000000004
0.9041000000000007
0.9067300000000003
0.9054800000000002
0.9064600000000005
0.9059300000000009
0.9043000000000005
0.9083000000000007
0.9043600000000004
0.9049100000000004
0.9052400000000003
0.9060000000000005
0.9069000000000006
0.9068500000000005
0.9071900000000003
0.9055200000000003
0.9048500000000007
0.9069300000000007
0.9053000000000004
0.9047800000000008
0.90621
0.9062800000000002
0.9055200000000007
0.9057100000000008
0.9062800000000008
0.9038700000000006
0.9066400000000001
0.9050500000000002
0.9042900000000006
0.9055100000000005
0.9068100000000006
0.9058400000000006
0.9050200000000003
0.9058100000000003
0.9072300000000005
0.9072100000000005
0.9078700000000004
0.9043000000000008
0.9046200000000008
0.9056000000000001
0.9056000000000007
0.9051200000000003
0.9064000000000008
0.9072600000000007
0.9056800000000004
0.9068300000000008
0.90607
0.9041100000000004
0.9061900000000004
0.9055300000000005
0.9052100000000006
0.9049700000000004
0.9059700000000003
0.9056100000000004
0.9053500000000001
0.9054900000000004
0.9061200000000004
0.9056800000000002
0.9075100000000004
0.9055400000000006
0.90473
0.9065800000000004
0.9056000000000004
0.905300000000001
0.9081400000000006
0.9060300000000003
0.9055200000000007
0.9056300000000003
0.9064800000000003
0.9056800000000002
0.9076700000000006
0.9047500000000005
0.9053600000000003
0.9059000000000006
0.90566
0.9061100000000004
0.9075000000000003
0.9062700000000006
0.9044700000000003
0.9066500000000004
0.9054800000000002
0.9072600000000003
0.9055400000000003
0.9062200000000006
0.9051100000000004
0.9055300000000005
0.9078300000000002
0.9050300000000004
0.9048000000000003
0.9053800000000004
0.9065000000000002
0.9056000000000004
0.9052000000000006
0.9058200000000004
0.90596
0.9059
0.9056400000000003
0.9052400000000006
0.9056400000000003
0.9056000000000004
0.90539
0.9065900000000003
0.9057300000000008
0.9062000000000004
0.9061000000000007
0.9052800000000005
0.9058300000000007
0.9066300000000002
0.9067700000000006
0.9053200000000003
0.9062900000000002
0.9060800000000007
0.90502
0.9052900000000007
0.9056300000000002
0.90573
0.9076700000000004
0.9049400000000004
0.9062100000000004
0.9044700000000003
0.9044800000000006
0.9066000000000001
0.9074600000000005
0.906420000000001
0.9065700000000004
0.9049800000000002
0.9063100000000004
0.9046500000000005
0.9057100000000005
0.9053700000000005
0.9059500000000008
0.9046300000000005
0.9053300000000002
0.9062600000000006
0.9057000000000001
0.9061100000000002
0.9058300000000006
0.9065900000000003
0.9048100000000003
0.9038500000000005
0.9052700000000006
0.90763
0.9054500000000005
0.90601
0.9049700000000006
0.9048000000000002
0.9048100000000003
0.9056800000000007
0.9051000000000003
0.90613
0.9047300000000001
0.9062100000000004
0.9044200000000009
0.9061900000000003
0.9050700000000005
0.9044500000000003
0.9058900000000003
0.90634
0.9069500000000009
0.9063400000000001
0.9050000000000006
0.9070099999999998
0.9061000000000005
0.9054500000000004
0.9052200000000002
0.9065400000000007
0.9056300000000003
0.9045400000000005
0.9060900000000003
0.9041700000000006
0.9051600000000006
0.9061800000000001
0.9057600000000003
0.9036000000000003
0.9062100000000002
0.9076600000000006
0.9063500000000004
0.9057800000000004
0.9063499999999999
0.9059100000000003
0.9065600000000008
0.9067500000000003
0.9058300000000007
0.9064700000000004
0.9064300000000004
0.9065700000000002
0.9048500000000004
0.9055100000000001
0.9050400000000005
0.9063000000000003
0.9054200000000004
0.9050400000000005
0.9069999999999999
0.9056600000000004
0.9048400000000004
0.9058100000000008
0.9060400000000007
0.9071699999999998
0.9058000000000006
0.9056300000000003
0.9048300000000005
0.9069900000000009
0.9040500000000001
0.9045699999999997
0.9047200000000007
0.90638
0.9049000000000004
0.9083300000000007
0.90626
0.9051499999999999
0.9058100000000008
0.9053400000000004
0.9055000000000004
0.9054400000000002
0.9047200000000007
0.9061100000000002
0.90558
0.9058700000000002
0.9059400000000005
0.9070800000000006
0.9043100000000004
0.9060300000000003
0.9055000000000005
0.9055900000000002
0.9062800000000002
0.9072900000000006
0.9066600000000007
0.9054800000000001
0.9046100000000004
0.9048300000000009
0.9064000000000001
0.9050500000000006
0.9056000000000004
0.9066900000000001
0.9074699999999999
0.9053800000000001
0.906530000000001
0.9045600000000005
0.9051800000000005
0.9068800000000004
0.9051900000000002
0.9058400000000006
0.9064000000000003
0.9049100000000004
0.9042200000000008
0.9057900000000005
0.9044700000000004
0.9060500000000008
0.9055000000000001
0.9044500000000006
0.9061200000000004
0.9063800000000003
0.9044400000000006
0.9036600000000006
0.9051500000000001
0.9063600000000005
0.9065800000000007
0.9060000000000007
0.9047700000000005
0.906070000000001
0.9058700000000001
0.9053100000000002
0.9057800000000007
0.9055800000000005
0.9046000000000002
0.9059400000000007
0.90612
0.9038600000000006
0.9044600000000006
0.9055600000000007
0.9059800000000005
0.9073000000000004
0.9060000000000002
0.9046500000000001
0.9072200000000004
0.9056100000000005
0.9043000000000008
0.9048200000000005
0.90643
0.9076100000000002
0.9046000000000002
0.9053100000000002
0.9061500000000002
0.9068100000000006
0.9050700000000007
0.90374
0.9077500000000004
0.9055200000000002
0.9057200000000006
0.9062100000000005
0.9061000000000006
0.90449
0.9047000000000003
0.9049100000000003
0.9046600000000002
0.9054000000000006
0.9056900000000006
0.9056300000000002
0.9057400000000004
0.9063400000000003
0.9048600000000003
0.9063700000000006
0.9043700000000005
0.9072100000000002
0.9068200000000003
0.9046000000000001
0.9043100000000007
0.9060600000000001
0.9064900000000005
0.9060300000000003
0.9057500000000007
0.90597
0.9048000000000005
0.9047200000000004
0.9064700000000001
0.9059900000000006
0.9042700000000007
0.9053900000000003
0.9050100000000006
0.9037700000000002
0.9064200000000002
0.9049100000000005
0.9048800000000002
0.90637
0.9057999999999998
0.9065100000000004
0.9042600000000001
0.9068300000000004
0.9073200000000002
0.9049100000000003
0.9050299999999999
0.9052700000000002
0.9051200000000003
0.9069900000000003
0.9065100000000003
0.9061000000000007
0.9052399999999998
0.9065100000000005
0.9047600000000006
0.9053300000000003
0.9069400000000003
0.90585
0.9051200000000003
0.905360000000001
0.9065200000000003
0.9049800000000002
0.9060000000000007
0.9056500000000005
0.9067500000000005
0.9063900000000003
0.9057900000000003
0.9059500000000006
0.9039800000000007
0.9046199999999998
0.9044700000000006
0.9050900000000006
0.9051500000000007
0.9070300000000006
0.9053400000000008
0.9065100000000011
0.9045400000000003
0.9053300000000007
0.9052200000000004
0.9079700000000007
0.9057100000000005
0.9061900000000008
0.9057400000000001
0.9058300000000006
0.9047299999999997
0.9051800000000003
0.9078900000000005
0.9062100000000005
0.907200000000001
0.9066200000000006
0.9071300000000001
0.9049700000000007
0.9041400000000006
0.9039900000000002
0.9069400000000007
0.9064400000000006
0.9061400000000002
0.9057400000000002
0.9080200000000006
0.9056100000000008
0.9061300000000003
0.9038100000000001
0.9044200000000007
0.9056400000000004
0.9049299999999999
0.9044200000000003
0.9065900000000007
0.9057100000000002
0.9054700000000001
0.9057700000000003
0.9056300000000003
0.9085000000000005
0.90575
0.9058800000000002
0.9074300000000001
0.9064500000000005
0.9049300000000006
0.9053400000000004
0.9052500000000002
0.9059200000000004
0.9052700000000005
0.9052200000000006
0.9048900000000007
0.9079800000000006
0.9050000000000002
0.9053100000000004
0.9059799999999997
0.9066700000000003
0.9056299999999999
0.90596
0.9055900000000001
0.9052100000000002
0.9047200000000005
0.9067000000000002
0.9063700000000003
0.9054700000000001
0.9050700000000004
0.906950000000001
0.9060200000000006
0.9045700000000002
0.9063700000000006
0.9057000000000005
0.9068400000000009
0.9049400000000004
0.9067700000000002
0.90514
0.9043399999999999
