0.19999999999999962
0.2624
0.3147399999999999
0.35413999999999995
0.3866000000000001
0.40764000000000017
0.4172399999999999
0.42107999999999995
0.4256800000000001
0.4286800000000001
0.4305999999999999
0.42904
0.4279
0.4276200000000002
0.4285000000000002
0.43192
0.4303999999999999
0.42796000000000023
0.42783999999999994
0.4247000000000003
0.42604
0.42678000000000005
0.43422000000000005
0.43238000000000004
0.42846000000000023
0.42806
0.4288000000000002
0.43062
0.4320400000000002
0.43250000000000005
0.43200000000000005
0.43060000000000004
0.42896000000000006
0.42804
0.42835999999999985
0.43028000000000005
0.42851999999999996
0.4296199999999999
0.4303800000000001
0.42735999999999974
0.42725999999999975
0.4300200000000002
0.43297999999999986
0.4279
0.4328599999999998
0.43192000000000014
0.4320400000000001
0.4272200000000001
0.42621999999999993
0.42778000000000027
0.42548000000000025
0.42818000000000006
0.42947999999999986
0.4291
0.4314600000000002
0.42820000000000014
0.42812000000000017
0.42732000000000014
0.4328200000000002
0.4316400000000001
0.43123999999999996
0.4292400000000001
0.43006000000000005
0.4256800000000003
0.42802000000000023
0.4293999999999999
0.4294399999999999
0.43054000000000014
0.42843999999999993
0.4302000000000002
0.42810000000000004
0.4302
0.42736
0.4283200000000001
0.42890000000000006
0.42713999999999996
0.4271400000000001
0.4316400000000003
0.4329200000000001
0.4295400000000002
0.4331799999999999
0.43116000000000004
0.43501999999999996
0.4305399999999998
0.43310000000000015
0.43024
0.4295000000000001
0.4288000000000002
0.4270799999999998
0.4299600000000001
0.4321600000000001
0.4299000000000001
0.4285000000000001
0.43022
0.43133999999999983
0.4292999999999999
0.42800000000000016
0.4313800000000001
0.42925999999999986
0.4279199999999998
0.42798
0.42976
0.42506000000000016
0.42542
0.4245999999999999
0.42832000000000003
0.4273800000000002
0.4287199999999999
0.42472
0.4248200000000001
0.4276999999999999
0.4294000000000001
0.43288000000000004
0.4310999999999999
0.4307800000000001
0.43286000000000013
0.43004000000000014
0.4321200000000001
0.43426000000000003
0.42977999999999994
0.42972
0.42963999999999986
0.4314600000000002
0.42750000000000005
0.4263600000000002
0.42636
0.42613999999999985
0.42723999999999995
0.42814
0.42813999999999985
0.43069999999999986
0.4338199999999998
0.43720000000000003
0.43618
0.4326000000000002
0.42922000000000016
0.42999999999999994
0.42916
0.42840000000000006
0.4233400000000001
0.43038
0.4317000000000001
0.4304999999999996
0.4314
0.43004000000000003
0.42863999999999985
0.43346
0.4295400000000002
0.4291
0.42951999999999996
0.43410000000000004
0.4298200000000001
0.43142
0.4287800000000002
0.43056
0.42791999999999986
0.4301399999999999
0.4274000000000001
0.43046
0.42601999999999995
0.42436
0.4270800000000002
0.4288800000000002
0.42804
0.4307999999999999
0.43118
0.4294999999999999
0.4281199999999999
0.4257799999999999
0.4307999999999999
0.4296
0.4310399999999999
0.42856000000000016
0.42687999999999987
0.4261599999999999
0.42999999999999994
0.43198000000000003
0.43124000000000007
0.43359999999999993
0.43508
0.43179999999999985
0.43054000000000003
0.4294600000000001
0.4294399999999999
0.42784000000000005
0.4289800000000003
0.4299
0.4327000000000002
0.43181999999999987
0.42919999999999997
0.4317
0.4279000000000002
0.4252600000000002
0.42516000000000004
0.42585999999999985
0.42610000000000015
0.4298200000000001
0.4274600000000002
0.42773999999999984
0.42841999999999997
0.42706000000000016
0.42645999999999995
0.4274800000000003
0.4266600000000001
0.4265199999999998
0.4307600000000001
0.42932000000000003
0.42800000000000027
0.43083999999999995
0.43378
0.4304000000000003
0.4301600000000001
0.42950000000000005
0.4263599999999998
0.42951999999999985
0.43113999999999997
0.42766
0.42757999999999996
0.42684000000000005
0.42826000000000014
0.4292799999999999
0.43332000000000015
0.43474000000000024
0.4294000000000001
0.42824000000000007
0.4271399999999999
0.42763999999999996
0.42423999999999973
0.42644000000000026
0.42641999999999997
0.4301
0.4285600000000002
0.4307000000000001
0.43107999999999996
0.43367999999999995
0.43058
0.4290999999999998
0.4302399999999998
0.43073999999999996
0.42914000000000013
0.43294
0.4316000000000002
0.4300200000000003
0.42860000000000015
0.43248
0.43186000000000013
0.43116000000000004
0.43292000000000025
0.4316400000000001
0.4284800000000001
0.4313800000000001
0.4321600000000003
0.42895999999999995
0.42926
0.4270600000000001
0.42735999999999996
0.42794
0.4281799999999999
0.4308800000000003
0.4315800000000001
0.43252
0.4300800000000001
0.43054000000000014
0.42757999999999996
0.42888000000000004
0.4285
0.4330400000000001
0.43035999999999996
0.4307599999999999
0.4322000000000001
0.43371999999999994
0.4305600000000001
0.42533999999999983
0.4294999999999999
0.4328800000000003
0.4305399999999999
0.4266800000000002
0.42928000000000016
0.4286000000000001
0.4285999999999999
0.43304000000000004
0.43238
0.43054000000000014
0.4303199999999998
0.43168000000000023
0.43174
0.4294600000000001
0.42760000000000004
0.43018
0.4313800000000002
0.43044
0.42659999999999987
0.42541999999999985
0.4291000000000001
0.4299799999999999
0.42951999999999996
0.4299000000000001
0.4308799999999999
0.4286
0.4286200000000002
0.4307600000000002
0.42904000000000025
0.42784000000000005
0.42645999999999995
0.43028
0.4314400000000001
0.4300999999999999
0.43158000000000013
0.4293000000000001
0.4296800000000001
0.43106
0.42562000000000005
0.4278400000000001
0.4292600000000001
0.42644000000000004
0.42606000000000016
0.42282000000000003
0.42326
0.42493999999999993
0.4255800000000003
0.42764
0.4307400000000001
0.43001999999999996
0.4311200000000001
0.43216
0.4298599999999999
0.4284200000000001
0.4294400000000001
0.42911999999999983
0.42693999999999993
0.43097999999999986
0.43386
0.4318999999999999
0.4329
0.42931999999999987
0.4284000000000001
0.42835999999999996
0.4325799999999999
0.43178000000000005
0.4319600000000001
0.43124000000000007
0.43218
0.43151999999999996
0.43095999999999995
0.43087999999999993
0.43110000000000015
0.4332799999999999
0.43092000000000036
0.4297600000000001
0.43306000000000006
0.43174000000000007
0.43166000000000004
0.42816000000000004
0.4286
0.4271399999999999
0.4288400000000002
0.4318199999999998
0.42962000000000006
0.43074000000000007
0.42964000000000024
0.42928000000000005
0.4278200000000003
0.4233400000000001
0.4270799999999999
0.4278
0.42318000000000006
0.42585999999999996
0.42601999999999995
0.42841999999999997
0.43028000000000005
0.42998
0.42826000000000003
0.4289800000000001
0.42916000000000004
0.4275400000000004
0.4295800000000003
0.4282799999999999
0.43116
0.4289400000000002
0.4293800000000003
0.43020000000000025
0.4280000000000001
0.43018
0.42608000000000024
0.4270400000000002
0.43104000000000026
0.43118000000000023
0.43168
0.43668
0.43262
0.43115999999999993
0.42901999999999996
0.42664
0.43144000000000005
0.43133999999999995
0.42946000000000006
0.42711999999999983
0.42890000000000006
0.42711999999999994
0.4269399999999999
0.42804000000000014
0.42422000000000004
0.42632000000000014
0.42894
0.4304200000000001
0.43193999999999994
0.4296400000000002
0.42871999999999993
0.4285799999999999
0.4267399999999999
0.42564000000000024
0.42902000000000007
0.4283800000000001
0.4263600000000002
0.42758000000000007
0.4292600000000001
0.42808000000000007
0.42826000000000014
0.4358600000000001
0.43065999999999993
0.42888000000000004
0.43256000000000017
0.43199999999999983
0.42896
0.43168
0.4319799999999999
0.4336999999999998
0.43297999999999986
0.43042
0.4332599999999998
0.43126
0.43354
0.4279
0.42966
0.42942
0.4295200000000002
0.4293600000000001
0.4270799999999999
0.4267399999999998
0.42311999999999983
0.4254599999999998
0.4258199999999999
0.4250200000000001
0.4233199999999999
0.4335399999999999
0.43154000000000003
0.42951999999999985
0.42652
0.4284199999999999
0.42865999999999993
0.42877999999999994
0.42712000000000006
0.42376
0.43150000000000005
0.4303199999999998
0.42601999999999995
0.42704000000000003
0.43090000000000006
0.42780000000000007
0.42924000000000007
0.4278400000000002
0.42659999999999987
0.42644
0.42744
0.4325200000000002
0.43157999999999985
0.43178000000000033
0.4303400000000001
0.42544000000000004
0.4273400000000001
0.42808000000000007
0.4243999999999999
0.42932000000000003
0.42588000000000015
0.42720000000000014
0.42966000000000015
0.4331200000000001
0.43034000000000006
0.4248400000000001
0.42750000000000005
0.42926
0.43004000000000014
0.4311600000000002
0.42678000000000016
0.4252599999999999
0.42894000000000004
0.42896000000000023
0.43030000000000007
0.42980000000000024
0.42844000000000015
0.4295400000000001
0.42752
0.4304000000000002
0.4358199999999997
0.43111999999999995
0.42754000000000003
0.4330400000000001
0.42816000000000004
0.4272600000000002
0.43010000000000004
0.43372000000000005
0.43162
0.43139999999999995
0.4297600000000001
0.43205999999999994
0.4253200000000001
0.42747999999999997
0.4291199999999998
0.42668000000000006
0.42693999999999993
0.42214000000000007
0.42767999999999984
0.4265800000000002
0.4265999999999998
0.42820000000000014
0.42754
0.43025999999999986
0.42590000000000017
0.42690000000000017
0.42661999999999994
0.4328800000000003
0.42901999999999996
0.42613999999999985
0.4275999999999999
0.42865999999999993
0.43004000000000003
0.42864000000000013
0.4336200000000002
0.42703999999999986
0.42792000000000013
0.43013999999999997
0.4289400000000001
0.42751999999999996
0.43312000000000034
0.43122000000000016
0.43101999999999996
0.4304600000000001
0.43476000000000015
0.42992000000000014
0.42976
0.42940000000000006
0.42578000000000016
0.42906000000000005
0.4282199999999999
0.4282200000000001
0.42889999999999995
0.42926
0.4271999999999999
0.4242599999999998
0.4232200000000001
0.4280400000000001
0.43422000000000005
0.4285999999999999
0.4329
0.42972
0.4308800000000001
0.43101999999999996
0.4266
0.4299000000000001
0.42962000000000006
0.43030000000000007
0.42855999999999983
0.42940000000000017
0.4299799999999999
0.42826000000000014
0.42749999999999994
0.4275600000000003
0.4300200000000002
0.43111999999999995
0.43122000000000016
0.43360000000000015
0.4354199999999999
0.43206000000000017
0.4304800000000001
0.42998000000000003
0.43208000000000013
0.42923999999999984
0.4319000000000002
0.42986000000000013
0.42867999999999995
0.42966000000000015
0.42672000000000004
0.42506000000000005
0.4269199999999998
0.43174
0.43023999999999996
0.4281000000000001
0.42878000000000005
0.4307
0.4326600000000001
0.42948000000000003
0.43266
0.4322999999999999
0.4312999999999999
0.4286799999999998
0.42910000000000004
0.4291799999999999
0.4281400000000003
0.4308600000000001
0.43294000000000005
0.42782
0.42957999999999996
0.4297199999999997
0.42739999999999995
0.4254
0.4290000000000002
0.43148000000000003
0.4319600000000002
0.43276000000000026
0.4324799999999999
0.43168000000000023
0.43089999999999995
0.4319200000000001
0.42937999999999993
0.43095999999999995
0.42812000000000017
0.4279800000000001
0.4251800000000002
0.4235
0.42709999999999987
0.43053999999999987
0.43024000000000007
0.4292800000000001
0.4284800000000002
0.42814000000000013
0.43147999999999986
0.42821999999999993
0.4256600000000001
0.4304200000000001
0.42942000000000013
0.4288599999999999
0.4301799999999998
0.4298400000000001
0.42619999999999997
0.42847999999999997
0.4294200000000001
0.4289400000000002
0.42876000000000003
0.4303799999999999
0.4306200000000001
0.42635999999999974
0.4263600000000001
0.42307999999999985
0.42739999999999995
0.4260000000000001
0.42946000000000006
0.43000000000000005
0.43022000000000005
0.42744000000000004
0.4273400000000002
0.42408
0.4280400000000001
0.4279400000000002
0.42762000000000017
0.4277200000000001
0.4302
0.4344000000000001
0.43217999999999984
0.4285399999999999
0.43012000000000006
0.4303800000000001
0.43321999999999994
0.43306
0.43195999999999996
0.4332600000000001
0.43066000000000004
0.43119999999999997
0.43107999999999985
0.42628000000000005
0.42802000000000023
0.43029999999999996
0.4264800000000002
0.4256400000000001
0.42794
0.42536000000000035
0.4277200000000001
0.4276399999999999
0.42783999999999994
0.4226399999999997
0.42502
0.42726000000000025
0.42876000000000003
0.42938000000000015
0.43178
0.42951999999999985
0.43066000000000004
0.42983999999999994
0.43015999999999993
0.4287600000000002
0.42961999999999995
0.43270000000000003
0.42988
0.4295200000000002
0.42959999999999987
0.4281799999999999
0.4312
0.4297399999999999
0.43116000000000015
0.4308000000000001
0.43204
0.43358000000000013
0.43101999999999996
0.4303000000000001
0.4295399999999999
0.43304000000000004
0.43024
0.43045999999999984
0.4334599999999999
0.4334999999999999
0.43436
0.4284600000000002
0.43000000000000005
0.42908
0.42701999999999996
0.42838
0.42747999999999997
0.42635999999999996
0.4269199999999999
0.4294600000000002
0.4287600000000002
0.43048000000000003
0.42718000000000006
0.42764
0.42715999999999993
0.42698000000000014
0.4284599999999999
0.42766
0.42664000000000013
0.42993999999999993
0.43244
0.4289000000000003
0.4294200000000001
0.42938000000000015
0.42686000000000024
0.42988000000000015
0.42906000000000044
0.4300399999999998
0.4297000000000001
0.4275599999999997
0.42438000000000003
0.42729999999999974
0.42928
0.42935999999999985
0.42964000000000013
0.4276999999999999
0.4297400000000002
0.4330000000000001
0.43297999999999986
0.43032000000000004
0.4273800000000002
0.42579999999999996
0.4269399999999999
0.4315599999999998
0.43248
0.43294
0.42882000000000015
0.43138
0.4280599999999999
0.43244000000000005
0.4343
0.43544
0.42968000000000006
0.42996
0.43172
0.42818000000000006
0.43185999999999986
0.4282999999999999
0.42889999999999995
0.43025999999999986
0.4311999999999999
0.4285000000000002
0.43072000000000005
0.42994
0.4298800000000002
0.4297200000000002
0.42770000000000025
0.43200000000000005
0.43168000000000006
0.43310000000000015
0.42766
0.4310799999999999
0.4293200000000001
0.42831999999999987
0.4299600000000001
0.4277799999999998
0.43038000000000026
0.4287399999999999
0.42698
0.43292000000000014
0.43288
0.4350200000000002
0.43232
0.4350200000000002
0.4316000000000001
0.4310999999999999
0.4293199999999999
0.43081999999999965
0.4272400000000001
0.42563999999999985
0.42657999999999996
0.42872000000000005
0.4273400000000001
0.42594000000000015
0.42797999999999997
0.42836000000000013
0.43111999999999995
0.4317399999999999
0.42878000000000005
0.42718000000000006
0.42994
0.43056000000000005
0.42699999999999994
0.4285200000000002
0.4284999999999998
0.42680000000000007
0.4245999999999999
0.42192
0.4233800000000001
0.42843999999999993
0.42896000000000006
0.43012
0.4296
0.4277599999999999
0.4283799999999998
0.42898000000000003
0.4305799999999999
0.4317400000000001
0.43188000000000004
0.4321200000000001
0.4279000000000001
0.42856
0.4263
0.42742000000000013
0.4266000000000001
0.4266600000000001
0.42641999999999997
0.4288
0.43066000000000004
0.42744
0.42922000000000005
0.4269800000000001
0.4279400000000002
0.4262799999999999
0.43133999999999983
0.43122000000000005
0.4326800000000002
0.4329799999999999
0.4254399999999998
0.42700000000000005
0.42612
0.42964000000000013
0.42884
0.42638000000000026
0.4281000000000001
0.4279400000000001
0.4279
0.42657999999999985
0.4315800000000001
0.4339
0.42968000000000023
0.4310599999999999
0.43095999999999984
0.42732
0.43089999999999995
0.42940000000000006
0.43085999999999985
0.42751999999999996
0.42898
0.43274000000000024
0.4349800000000002
0.43146000000000007
0.42888000000000015
0.42410000000000003
0.42891999999999997
0.43148000000000003
0.4277000000000001
0.4271600000000001
0.42368000000000017
0.42413999999999996
0.4281399999999999
0.42732
0.43038000000000004
0.42444000000000026
0.42784
0.4265400000000001
0.42707999999999996
0.42633999999999994
0.42954000000000014
0.43007999999999996
0.4308000000000002
0.42854000000000014
0.4304200000000001
0.4269000000000001
0.4310000000000001
0.42966
0.4285200000000001
0.42893999999999993
0.4297200000000001
0.4300200000000002
0.42789999999999995
0.42789999999999995
0.42903999999999987
0.4277599999999999
0.4261000000000002
0.42965999999999993
0.42855999999999983
0.43288000000000015
0.4301999999999999
0.43387999999999977
0.4306999999999999
0.4305
0.43459999999999993
0.4348400000000001
0.4264399999999997
0.42714000000000013
0.4281399999999999
0.4285800000000002
0.4300399999999998
0.4273400000000001
0.43006000000000016
0.42954000000000003
0.43241999999999997
0.43273999999999996
0.43302
0.43352
0.43372000000000005
0.43560000000000004
0.4284599999999999
0.42802000000000007
0.42979999999999985
0.43094000000000016
0.4351199999999998
0.43252
0.42967999999999995
0.4293199999999999
0.43134000000000006
0.43044000000000004
0.43008
0.4306399999999999
0.42979999999999985
0.4325800000000002
0.4309600000000002
0.4302400000000002
0.4314400000000001
0.42794
0.42579999999999996
0.42610000000000026
0.42728
0.42419999999999985
0.42707999999999985
0.4294599999999999
0.42682000000000003
0.4248399999999999
0.4289800000000001
0.4298199999999999
0.4279000000000002
0.4271600000000002
0.42634
0.4266599999999999
0.4293200000000001
0.4313199999999998
0.4320800000000002
0.4318600000000001
0.43513999999999986
0.43358000000000013
0.42957999999999996
0.42885999999999974
0.42884
0.4268
0.42896
0.4275
0.42822000000000005
0.42966
0.43000000000000005
0.4316600000000001
0.4335000000000002
0.4325
0.4295200000000002
0.4319399999999998
0.4305400000000001
0.42930000000000007
0.42782000000000003
0.4300199999999998
0.42935999999999985
0.43074000000000007
0.42696
0.42912000000000006
0.42767999999999984
0.42855999999999994
0.4261200000000002
0.42927999999999983
0.4302400000000002
0.43206000000000033
0.43322000000000005
0.43492000000000003
0.43390000000000023
0.4338000000000001
0.4315600000000001
0.4317000000000001
0.4299199999999999
