0.19999999999999962
0.18414000000000005
0.16949999999999998
0.16226000000000002
0.15274000000000007
0.14388000000000004
0.13878000000000001
0.13063999999999998
0.12884
0.12744000000000003
0.12517999999999996
0.11958000000000003
0.11727999999999997
0.11551999999999987
0.11254000000000002
0.11292000000000003
0.11019999999999999
0.10754000000000001
0.10783999999999999
0.10814
0.10844000000000004
0.10682000000000003
0.10416
0.10207999999999995
0.10041999999999997
0.10006000000000002
0.09967999999999995
0.09904
0.09443999999999995
0.09243999999999997
0.09222
0.09157999999999998
0.09360000000000002
0.09141999999999997
0.09011999999999994
0.08943999999999998
0.08785999999999994
0.09022000000000001
0.08815999999999999
0.08995999999999998
0.09039999999999992
0.09031999999999997
0.09093999999999994
0.09223999999999996
0.09255999999999995
0.09132
0.09295999999999999
0.09308
0.09303999999999998
0.09525999999999993
0.09449999999999999
0.09472
0.09586000000000001
0.09329999999999998
0.09281999999999994
0.09292000000000002
0.09161999999999998
0.09013999999999997
0.09232000000000001
0.09208000000000002
0.0915
0.08918
0.08866000000000002
0.08840000000000002
0.08881999999999998
0.08869999999999999
0.08661999999999996
0.08697999999999999
0.08827999999999997
0.08827999999999994
0.09119999999999998
0.09309999999999999
0.0929
0.09293999999999994
0.09267999999999998
0.09399999999999999
0.09247999999999998
0.09447999999999998
0.09259999999999997
0.09261999999999997
0.09150000000000003
0.09289999999999997
0.09239999999999993
0.09073999999999999
0.09134000000000003
0.08981999999999996
0.09019999999999997
0.08918
0.0894
0.08946
0.09042000000000001
0.09081999999999998
0.09101999999999993
0.09194
0.09331999999999996
0.09107999999999995
0.09108
0.09074000000000002
0.08905999999999999
0.08815999999999996
0.08821999999999999
0.08759999999999998
0.08735999999999997
0.08649999999999995
0.08727999999999997
0.08579999999999999
0.08446
0.08508000000000003
0.08366
0.08473999999999998
0.08244
0.08303999999999995
0.08501999999999997
0.08609999999999998
0.08708
0.08817999999999998
0.08755999999999994
0.08873999999999999
0.08786
0.08954000000000001
0.08623999999999998
0.08769999999999996
0.08565999999999997
0.08567999999999999
0.08486000000000002
0.08438000000000001
0.08520000000000001
0.08368
0.08511999999999993
0.08582
0.08615999999999997
0.08491999999999995
0.0873
0.08795999999999998
0.08961999999999998
0.08802
0.08757999999999995
0.09036000000000001
0.09033999999999999
0.09006
0.08982000000000002
0.09028
0.09131999999999993
0.09190000000000001
0.09235999999999998
0.09177999999999993
0.09023999999999999
0.09183999999999996
0.09015999999999998
0.09062000000000003
0.09079999999999996
0.08981999999999994
0.08956000000000001
0.0901
0.09031999999999993
0.09127999999999999
0.09112
0.09061999999999996
0.08908000000000003
0.08997999999999996
0.08793999999999999
0.08760000000000001
0.08808000000000002
0.08871999999999995
0.08742000000000003
0.08795999999999998
0.08813999999999994
0.08927999999999998
0.08947999999999999
0.08923999999999994
0.08697999999999999
0.08733999999999996
0.08615999999999996
0.08644
0.08771999999999996
0.08706000000000001
0.08761999999999999
0.08631999999999998
0.08625999999999999
0.08511999999999995
0.08560000000000001
0.08556
0.08591999999999998
0.08510000000000001
0.08431999999999996
0.08351999999999997
0.08301999999999994
0.08383999999999997
0.08413999999999998
0.08429999999999996
0.08381999999999999
0.08449999999999999
0.08263999999999996
0.08303999999999996
0.08299999999999999
0.08345999999999992
0.08371999999999995
0.08461999999999995
0.08272
0.08336000000000005
0.08374000000000001
0.08453999999999998
0.08308000000000001
0.08223999999999997
0.08344
0.08317999999999999
0.08453999999999999
0.08347999999999997
0.08267999999999999
0.08241999999999995
0.08285999999999996
0.08325999999999997
0.08355999999999998
0.0845
0.08603999999999998
0.08578000000000001
0.08710000000000001
0.08624000000000001
0.08666000000000001
0.08513999999999995
0.08575999999999999
0.08615999999999997
0.08519999999999996
0.08493999999999996
0.08592000000000001
0.08719999999999997
0.08483999999999997
0.08727999999999998
0.08889999999999997
0.08834
0.08786
0.08701999999999996
0.08929999999999998
0.08926000000000002
0.08755999999999999
0.08777999999999998
0.08786
0.08754000000000003
0.08835999999999997
0.08539999999999999
0.08759999999999998
0.08729999999999993
0.08649999999999998
0.08749999999999998
0.08675999999999995
0.08669999999999996
0.08721999999999999
0.08577999999999994
0.08493999999999995
0.08359999999999995
0.08466
0.08389999999999997
0.08193999999999996
0.08086
0.07920000000000002
0.07859999999999996
0.07817999999999999
0.07963999999999999
0.07979999999999998
0.08031999999999996
0.0802
0.07999999999999997
0.08107999999999997
0.08071999999999999
0.08113999999999999
0.08171999999999997
0.08285999999999998
0.08287999999999997
0.08403999999999998
0.08269999999999998
0.08319999999999995
0.08237999999999994
0.08225999999999999
0.08130000000000001
0.08175999999999997
0.08123999999999999
0.0825
0.08167999999999999
0.08289999999999996
0.08193999999999996
0.08161999999999998
0.08330000000000001
0.08179999999999996
0.08019999999999997
0.08177999999999998
0.08279999999999996
0.0816
0.08252000000000001
0.08452
0.08257999999999997
0.08221999999999997
0.08344
0.08165999999999995
0.08143999999999998
0.08107999999999999
0.08112
0.08097999999999997
0.08303999999999995
0.08357999999999995
0.08185999999999999
0.08285999999999998
0.08348000000000003
0.08267999999999999
0.08327999999999998
0.08319999999999995
0.08367999999999995
0.08317999999999995
0.08225999999999997
0.08177999999999998
0.07862000000000001
0.07797999999999998
0.07865999999999998
0.07953999999999999
0.07921999999999998
0.07871999999999997
0.08051999999999997
0.07929999999999998
0.07837999999999994
0.07751999999999998
0.07799999999999999
0.07734
0.07812
0.07826000000000001
0.07777999999999997
0.07553999999999998
0.07483999999999999
0.07633999999999999
0.07754
0.077
0.07655999999999998
0.07603999999999997
0.0758
0.07527999999999997
0.07573999999999997
0.07689999999999995
0.07904
0.0778
0.07733999999999999
0.07809999999999997
0.07975999999999998
0.07908000000000003
0.08007999999999997
0.07984
0.07913999999999997
0.07815999999999997
0.07764
0.07636
0.07446
0.07515999999999998
0.07591999999999997
0.07693999999999995
0.07776000000000001
0.07946
0.07989999999999997
0.08302000000000001
0.08108
0.08131999999999998
0.07839999999999998
0.07857999999999998
0.07791999999999999
0.07857999999999998
0.0797
0.07845999999999999
0.07865999999999994
0.07998
0.08167999999999996
0.08165999999999997
0.08235999999999997
0.08076
0.08045999999999998
0.08063999999999996
0.08068
0.08216
0.08208
0.08192
0.08193999999999999
0.08290000000000002
0.08306
0.08227999999999996
0.08467999999999998
0.08556
0.08267999999999995
0.08239999999999997
0.08257999999999999
0.08279999999999997
0.08344
0.08232
0.08231999999999999
0.08244000000000001
0.08111999999999998
0.08076
0.08002000000000001
0.08070000000000001
0.08130000000000001
0.08081999999999999
0.08071999999999999
0.07976000000000004
0.07898
0.07889999999999996
0.07760000000000003
0.07828000000000002
0.07882
0.0778
0.07832
0.07833999999999999
0.07963999999999999
0.07767999999999996
0.07898
0.07817999999999999
0.07819999999999996
0.07889999999999996
0.07644
0.07683999999999998
0.07782000000000003
0.07841999999999999
0.07855999999999998
0.07728
0.07691999999999999
0.07744
0.07736
0.07693999999999997
0.07894
0.07724
0.07594
0.07535999999999998
0.07521999999999998
0.07568
0.07615999999999999
0.07696
0.07837999999999998
0.07721999999999998
0.07668
0.07795999999999999
0.07798000000000001
0.07771999999999997
0.07607999999999998
0.07622000000000001
0.07567999999999998
0.07702
0.07809999999999997
0.07772000000000001
0.07664000000000001
0.07701999999999999
0.07799999999999999
0.07778
0.07890000000000001
0.07816000000000001
0.07869999999999999
0.07768
0.07757999999999994
0.07758000000000002
0.07838
0.07841999999999999
0.07853999999999998
0.0768
0.07765999999999997
0.07753999999999997
0.07678000000000001
0.0759
0.07549999999999998
0.07657999999999998
0.07709999999999999
0.0765
0.07612
0.07616
0.07569999999999999
0.07639999999999997
0.07825999999999998
0.07915999999999998
0.07763999999999999
0.0766
0.07612000000000001
0.07717999999999998
0.07529999999999996
0.07613999999999999
0.07485999999999997
0.07595999999999997
0.07621999999999998
0.07555999999999999
0.07643999999999995
0.07594
0.07545999999999997
0.07762
0.07743999999999997
0.07640000000000004
0.07576
0.07594
0.07513999999999998
0.07537999999999996
0.07508000000000002
0.07397999999999998
0.07373999999999997
0.07325999999999996
0.07288
0.07459999999999997
0.07406
0.07343999999999999
0.07495999999999998
0.07526
0.07475999999999997
0.07395999999999998
0.07385999999999998
0.07309999999999997
0.07215999999999997
0.07289999999999998
0.07237999999999999
0.07372
0.07339999999999999
0.07501999999999998
0.07424
0.07443999999999996
0.07533999999999998
0.07390000000000001
0.07235999999999997
0.07108
0.07063999999999998
0.0713
0.07127999999999998
0.07099999999999998
0.06919999999999997
0.06863999999999999
0.07017999999999998
0.07049999999999998
0.07087999999999998
0.07118
0.07151999999999999
0.07181999999999998
0.07152
0.0715
0.07203999999999999
0.07289999999999996
0.07382
0.07318
0.07278
0.07137999999999999
0.0715
0.07028
0.07066000000000003
0.07
0.06921999999999998
0.07006
0.07075999999999998
0.07123999999999998
0.07123999999999998
0.07253999999999998
0.07316
0.07153999999999999
0.06914
0.07147999999999997
0.07138000000000001
0.06937999999999998
0.0689
0.06717999999999999
0.068
0.06873999999999998
0.06938000000000001
0.0702
0.06872
0.06697999999999998
0.06674
0.06671999999999997
0.06914
0.0692
0.06784
0.06713999999999996
0.06758000000000002
0.06670000000000002
0.06609999999999999
0.06568
0.06449999999999999
0.06304
0.06454
0.06483999999999997
0.06541999999999998
0.06641999999999999
0.06665999999999998
0.06739999999999996
0.06858
0.06896
0.06957999999999999
0.06899999999999999
0.06951999999999997
0.06918
0.06867999999999999
0.06932
0.06856
0.06799999999999999
0.06869999999999998
0.06934
0.07126
0.07087999999999997
0.07338
0.07311999999999998
0.07325999999999998
0.0725
0.07153999999999999
0.07235999999999998
0.07279999999999996
0.07211999999999998
0.07081999999999998
0.07061999999999999
0.07165999999999999
0.07088
0.0715
0.06985999999999998
0.07082
0.07119999999999996
0.07075999999999999
0.06966
0.06923999999999998
0.06923999999999998
0.06928
0.06838
0.0693
0.07058000000000002
0.06867999999999999
0.06910000000000001
0.06888
0.06673999999999998
0.06671999999999999
0.06589999999999997
0.06702
0.06487999999999997
0.06489999999999997
0.06338
0.06363999999999996
0.06551999999999998
0.06519999999999998
0.06625999999999999
0.06643999999999999
0.06559999999999999
0.06686000000000003
0.06642
0.06789999999999999
0.06745999999999999
0.06635999999999999
0.06831999999999998
0.06781999999999998
0.06617999999999999
0.06684000000000001
0.06553999999999999
0.06686
0.06742
0.06753999999999999
0.06789999999999996
0.06891999999999995
0.06789999999999999
0.06744
0.06699999999999999
0.06658
0.06589999999999999
0.06508
0.06495999999999999
0.06439999999999999
0.06576
0.0644
0.06395999999999998
0.06305999999999998
0.06181999999999998
0.06329999999999998
0.064
0.06358
0.06409999999999998
0.0649
0.06648
0.06445999999999998
0.06301999999999999
0.06426
0.06449999999999997
0.06412000000000001
0.06488
0.06557999999999999
0.06425999999999997
0.06557999999999999
0.06786
0.06639999999999999
0.06569999999999998
0.06715999999999998
0.06564
0.06493999999999998
0.06525999999999997
0.06551999999999998
0.06597999999999998
0.06469999999999998
0.06591999999999996
0.06523999999999998
0.06465999999999998
0.06280000000000001
0.06119999999999999
0.05976000000000003
0.05827999999999998
0.058959999999999985
0.05997999999999999
0.05993999999999998
0.060759999999999995
0.060479999999999985
0.059759999999999994
0.05967999999999999
0.06112
0.061919999999999975
0.06158000000000001
0.06266
0.06237999999999998
0.06431999999999999
0.06424000000000002
0.06258
0.061679999999999964
0.06391999999999999
0.06399999999999997
0.06341999999999998
0.06347999999999998
0.06338
0.06247999999999996
0.06316
0.06539999999999999
0.0668
0.06525999999999998
0.06405999999999998
0.06614
0.06535999999999999
0.06598000000000001
0.06637999999999997
0.06609999999999998
0.06559999999999998
0.06466000000000001
0.06661999999999997
0.06566
0.06736
0.06646
0.06503999999999997
0.06503999999999999
0.06463999999999999
0.06543999999999998
0.06641999999999998
0.06698
0.06681999999999998
0.06584
0.06694000000000001
0.06761999999999996
0.06615999999999998
0.06618000000000002
0.06594
0.06671999999999999
0.06562
0.06672
0.06628
0.0661
0.06622
0.06522
0.06656000000000001
0.06745999999999996
0.06819999999999998
0.06897999999999999
0.06918
0.06914000000000001
0.06854
0.06933999999999997
0.06976000000000002
0.07050000000000001
0.07055999999999997
0.06988000000000004
0.06958
0.06928
0.06908
0.06866000000000001
0.06736
0.06869999999999998
0.06771999999999999
0.0666
0.06802000000000001
0.06781999999999998
0.06699999999999999
0.06702
0.06716
0.06516
0.0644
0.06314
0.06299999999999999
0.06443999999999998
0.06373999999999996
0.06306
0.06318
0.06276
0.06403999999999997
0.06349999999999997
0.06403999999999999
0.06241999999999998
0.061200000000000004
0.06139999999999998
0.06103999999999999
0.06163999999999998
0.061839999999999985
0.061919999999999996
0.062299999999999994
0.06061999999999999
0.06133999999999998
0.06079999999999999
0.059699999999999996
0.05969999999999997
0.059660000000000005
0.060059999999999995
0.061499999999999985
0.06254000000000001
0.06284
0.06358
0.06287999999999998
0.06359999999999999
0.06405999999999996
0.06479999999999998
0.06471999999999999
0.06571999999999997
0.06439999999999999
0.06356
0.06339999999999996
0.06275999999999998
0.06355999999999998
0.06267999999999999
0.06233999999999998
0.06445999999999999
0.0633
0.06209999999999999
0.06121999999999998
0.06014000000000001
0.059079999999999994
0.059620000000000006
0.05793999999999998
0.05851999999999999
0.05741999999999997
0.05566
0.05598000000000001
0.05704
0.05673999999999999
0.05622
0.056159999999999995
0.055619999999999996
0.0565
0.056559999999999985
0.057459999999999976
0.05773999999999999
0.05785999999999998
0.058039999999999994
0.05917999999999999
0.060299999999999986
0.059939999999999986
0.06013999999999998
0.05919999999999999
0.06137999999999999
0.06175999999999998
0.05905999999999998
0.05926000000000001
0.06159999999999998
0.06096
0.059719999999999974
0.05746
0.057699999999999994
0.05851999999999999
0.05774
0.05741999999999999
0.05694000000000001
0.05681999999999999
0.05753999999999996
0.058180000000000016
0.05902
0.0605
0.05936000000000001
0.05938000000000002
0.06046
0.06223999999999998
0.06149999999999998
0.060479999999999985
0.058539999999999995
0.05898
0.06006
0.06107999999999999
0.05979999999999999
0.06101999999999999
0.060759999999999995
0.06043999999999999
0.06113999999999999
0.06179999999999998
0.06199999999999999
0.06254
0.06301999999999999
0.06129999999999998
0.06027999999999999
0.06151999999999998
0.06201999999999999
0.060839999999999984
0.05942000000000001
0.05988
0.05916
0.060759999999999995
0.05909999999999999
0.060899999999999975
0.06029999999999998
0.05862
0.05792
0.059519999999999997
0.059499999999999977
0.05835999999999999
0.05862
0.05883999999999998
0.05939999999999999
0.05905999999999999
0.05832
0.05794
0.05727999999999999
0.05873999999999998
0.059560000000000016
0.06015999999999997
0.05995999999999998
0.06018
0.06071999999999999
0.06127999999999998
0.06163999999999998
0.060619999999999986
0.059719999999999974
0.06041999999999999
0.05995999999999999
0.06131999999999998
0.06113999999999997
0.060359999999999976
0.06130000000000001
0.06113999999999997
0.05989999999999998
0.058699999999999995
0.05901999999999997
0.05953999999999999
0.06008000000000001
0.05851999999999999
0.059919999999999994
0.05979999999999995
0.05807999999999999
0.059080000000000014
0.05932
0.061039999999999976
0.061819999999999944
0.06219999999999998
0.06087999999999999
0.06125999999999999
0.06031999999999999
0.05977999999999997
0.06001999999999999
0.05953999999999997
0.059759999999999994
0.060959999999999986
0.061899999999999976
0.0638
0.06541999999999999
0.06457999999999998
0.06487999999999998
0.06604000000000002
0.06497999999999998
0.06479999999999998
0.06322
0.0628
0.06297999999999998
0.06289999999999997
0.06313999999999999
0.06208
0.06086
0.061679999999999964
0.06096
0.05985999999999999
0.060120000000000014
0.06057999999999998
0.05958
0.05933999999999999
0.05931999999999998
0.059419999999999994
0.060939999999999994
0.06136
0.060880000000000004
0.06093999999999999
0.05992000000000001
0.05982000000000001
0.06194000000000001
0.0623
0.061639999999999986
0.06080000000000002
0.060839999999999984
0.06114000000000001
0.06123999999999999
0.06012000000000001
0.05992
0.05976000000000003
0.05975999999999998
0.05884
0.05891999999999999
0.0588
0.05830000000000001
0.05817999999999996
0.059239999999999994
0.058779999999999985
0.058679999999999996
0.05818
0.060059999999999995
0.05977999999999998
0.05864
0.05712
