0.19999999999999962
0.4858999999999999
0.6899200000000001
0.6261400000000001
0.6473400000000001
0.64138
0.6435
0.6425000000000002
0.6432599999999998
0.63658
0.6413
0.6425400000000002
0.64574
0.6378200000000003
0.6460399999999997
0.6402000000000001
0.6413600000000002
0.64046
0.6444600000000001
0.64052
0.6396999999999998
0.6449400000000002
0.6382200000000001
0.64524
0.6387599999999999
0.6444400000000001
0.6434999999999998
0.6411799999999999
0.6408
0.64416
0.6440400000000003
0.6407200000000001
0.6448
0.6389600000000002
0.6445200000000001
0.6409800000000003
0.6403000000000003
0.64488
0.6399200000000002
0.6397000000000002
0.6424000000000001
0.6415600000000002
0.6419400000000003
0.6406200000000001
0.643
0.64168
0.6431000000000003
0.6406600000000001
0.6454999999999999
0.6380999999999999
0.6397200000000001
0.63922
0.6439800000000001
0.6415000000000002
0.644
0.6407199999999998
0.64282
0.6411200000000002
0.63894
0.6418599999999998
0.6392399999999998
0.6461799999999998
0.6434600000000001
0.6389
0.64494
0.6365800000000003
0.6409599999999999
0.6455999999999998
0.6405400000000001
0.63882
0.6439000000000001
0.6410600000000002
0.64324
0.64034
0.6387200000000003
0.6385000000000002
0.6443199999999999
0.64144
0.6418
0.6399400000000001
0.6408999999999999
0.6440799999999999
0.6423399999999999
0.6411200000000001
0.6427999999999998
0.6417600000000001
0.6432399999999998
0.6428000000000001
0.6411
0.64036
0.6423400000000001
0.6421600000000001
0.6398600000000002
0.6416000000000001
0.6435999999999998
0.6425200000000001
0.6396200000000003
0.6385800000000001
0.64732
0.6422600000000002
0.6415400000000002
0.6417400000000002
0.6410000000000001
0.6423399999999999
0.6419800000000001
0.6451200000000002
0.64238
0.6433800000000002
0.64408
0.6393600000000002
0.6392399999999999
0.6422
0.6428800000000001
0.6396600000000002
0.6383600000000001
0.6439599999999998
0.6418200000000003
0.6387999999999999
0.64412
0.6412400000000001
0.6398800000000001
0.64162
0.6454000000000002
0.6417000000000002
0.6416600000000001
0.6429399999999998
0.6415400000000001
0.6383800000000001
0.6436200000000001
0.6445599999999999
0.6418800000000001
0.6379600000000001
0.6399199999999999
0.6409199999999999
0.6432400000000001
0.6396400000000003
0.6450199999999998
0.6425799999999999
0.64284
0.6420200000000003
0.63842
0.6420999999999999
0.6425000000000003
0.6437800000000002
0.6395800000000003
0.6417
0.6432000000000002
0.6387600000000002
0.6412199999999999
0.6394000000000001
0.6432000000000001
0.64178
0.6408200000000001
0.6433600000000002
0.64016
0.63928
0.64178
0.6386399999999999
0.6421200000000001
0.6363199999999998
0.6434400000000002
0.6447800000000004
0.6386999999999998
0.64372
0.6404000000000002
0.6413200000000002
0.6416000000000001
0.6431200000000002
0.64244
0.6432000000000001
0.6418400000000003
0.6430199999999999
0.64174
0.6417400000000001
0.6407200000000001
0.6425800000000002
0.6406799999999998
0.6418
0.6398600000000001
0.6410400000000003
0.64012
0.64282
0.6393
0.6397200000000001
0.6389200000000002
0.6437999999999999
0.6447600000000001
0.6395599999999999
0.64256
0.6405799999999999
0.6424400000000001
0.6450800000000002
0.6408800000000001
0.6426200000000003
0.64712
0.6408400000000002
0.64202
0.64176
0.6395400000000001
0.6418200000000001
0.6389200000000002
0.6401
0.64202
0.64204
0.6454399999999998
0.63772
0.64052
0.63868
0.6420600000000002
0.6438200000000001
0.6401400000000002
0.6423000000000001
0.6436800000000001
0.6408400000000001
0.6426800000000001
0.6408399999999999
0.64188
0.6414000000000002
0.64156
0.6405200000000001
0.6395800000000003
0.6421799999999998
0.6425199999999995
0.6413600000000002
0.6436200000000001
0.6406600000000001
0.6418400000000003
0.6430800000000001
0.6382199999999998
0.6384200000000001
0.6422400000000001
0.6396199999999999
0.6391199999999998
0.64384
0.6438200000000002
0.6422999999999999
0.6414600000000001
0.6440199999999997
0.64068
0.6405200000000001
0.6406999999999999
0.6439000000000005
0.6406999999999998
0.6441399999999998
0.63904
0.6419800000000003
0.6410999999999999
0.6438400000000002
0.64272
0.63942
0.64512
0.6425400000000002
0.64254
0.6385799999999999
0.64512
0.6397199999999998
0.6449200000000002
0.6417600000000003
0.6407600000000002
0.6407600000000001
0.64004
0.63968
0.6419800000000001
0.6466199999999998
0.6391400000000003
0.6389400000000001
0.6423399999999999
0.6424399999999999
0.6413399999999997
0.6377000000000002
0.64362
0.6428800000000001
0.6401
0.6404600000000003
0.6433
0.6459199999999999
0.6418599999999998
0.6422399999999999
0.63794
0.6399200000000002
0.6397
0.6424
0.6432400000000004
0.6395200000000001
0.6409600000000001
0.6405200000000001
0.6444999999999999
0.6378799999999999
0.6425000000000002
0.6415799999999998
0.6407600000000002
0.6404200000000002
0.6398200000000002
0.6411600000000002
0.6431199999999998
0.6437199999999998
0.6407800000000001
0.6429400000000003
0.6426200000000002
0.64078
0.6448600000000003
0.64016
0.6423200000000001
0.64378
0.6398000000000001
0.6444000000000003
0.63844
0.6435799999999997
0.63794
0.64566
0.6394400000000001
0.64046
0.6428200000000001
0.643
0.6415400000000002
0.6458800000000002
0.6385600000000002
0.64268
0.6422800000000002
0.6438999999999999
0.6449599999999998
0.6410599999999999
0.6415800000000002
0.6405200000000002
0.6407800000000003
0.64542
0.6387199999999998
0.6455000000000001
0.63882
0.6401599999999997
0.6457600000000001
0.6396400000000003
0.6436
0.6440600000000001
0.6420399999999999
0.64644
0.64132
0.6414200000000004
0.6435200000000001
0.63792
0.6412399999999999
0.6459200000000004
0.6445399999999999
0.6412399999999999
0.64298
0.6394600000000001
0.6417599999999999
0.6411800000000002
0.64406
0.64334
0.6425599999999999
0.6428000000000003
0.6406399999999999
0.6421000000000001
0.6459400000000001
0.6389799999999999
0.6446
0.63884
0.6424000000000004
0.6437200000000002
0.6427200000000002
0.63994
0.6433400000000001
0.63932
0.6416200000000002
0.6405000000000001
0.6410400000000003
0.64048
0.6379600000000002
0.6441000000000001
0.6422599999999998
0.6393799999999998
0.64338
0.6392400000000001
0.6409
0.6392000000000002
0.64168
0.6433400000000001
0.6417400000000001
0.6410599999999999
0.6397799999999997
0.6438200000000003
0.6384800000000002
0.64386
0.6401199999999999
0.6428400000000003
0.6436799999999998
0.64322
0.6395000000000001
0.64386
0.6426000000000002
0.64082
0.6408200000000001
0.6414200000000001
0.6415000000000002
0.6426200000000002
0.64204
0.64184
0.64188
0.6437799999999999
0.6441200000000002
0.6386999999999995
0.64118
0.6420000000000003
0.6355200000000001
0.6435600000000001
0.6394400000000003
0.64434
0.6439999999999999
0.6394599999999998
0.6412799999999999
0.6435799999999997
0.64042
0.6434400000000001
0.6383399999999998
0.6422999999999998
0.6461400000000002
0.6391000000000002
0.6433
0.6423800000000002
0.64294
0.64514
0.6393200000000001
0.6405400000000001
0.64154
0.6427800000000002
0.6452000000000001
0.6416800000000003
0.6397800000000003
0.63874
0.64424
0.6387200000000001
0.6417200000000001
0.63814
0.64192
0.6388200000000002
0.6379600000000003
0.6403600000000002
0.64296
0.64172
0.6405600000000002
0.6412
0.6438400000000003
0.6369600000000002
0.6395599999999998
0.64526
0.6421600000000002
0.6410000000000001
0.6424200000000003
0.6416999999999998
0.64022
0.6384399999999999
0.6396799999999999
0.6444000000000003
0.6392999999999999
0.6460600000000001
0.6415000000000002
0.64498
0.6405799999999999
0.6407999999999998
0.6404599999999999
0.6446200000000002
0.6390399999999998
0.643
0.6392999999999998
0.6423600000000002
0.6429600000000001
0.6442800000000001
0.6379200000000004
0.63786
0.6465599999999999
0.6401400000000002
0.6461200000000001
0.6398600000000001
0.6434399999999998
0.64342
0.6389999999999998
0.6399999999999997
0.6439600000000003
0.6422800000000004
0.64278
0.64276
0.6377
0.63936
0.6439600000000002
0.6374200000000001
0.6427399999999999
0.6432000000000002
0.6420999999999998
0.64144
0.6370199999999998
0.6453000000000002
0.6436800000000003
0.6446
0.6397999999999999
0.6439799999999998
0.6410199999999999
0.6421600000000004
0.6397000000000002
0.63836
0.6467599999999999
0.6398400000000001
0.6409599999999999
0.64192
0.6417800000000001
0.6425
0.6385799999999999
0.64312
0.6415399999999997
0.6438800000000002
0.6444200000000002
0.6399999999999999
0.6413400000000001
0.6414399999999999
0.6427600000000001
0.64018
0.6398799999999998
0.6441999999999999
0.6411600000000003
0.6439800000000001
0.6435200000000001
0.6440800000000002
0.6377400000000002
0.6451
0.6405600000000002
0.6415400000000002
0.6403800000000003
0.64216
0.63866
0.6401399999999998
0.6414200000000004
0.6412800000000002
0.6429800000000001
0.6434600000000001
0.6408600000000001
0.64018
0.6408399999999997
0.64164
0.6423600000000004
0.6372800000000002
0.6426600000000002
0.6446800000000001
0.6391400000000002
0.6441600000000003
0.6413800000000002
0.6434399999999999
0.64542
0.64034
0.6412399999999999
0.6418800000000003
0.6416800000000003
0.64028
0.64248
0.6416200000000001
0.6428800000000001
0.6443999999999996
0.6395799999999998
0.6429400000000001
0.6425200000000001
0.64126
0.6395000000000001
0.6451600000000003
0.6427200000000001
0.6445400000000001
0.6399200000000003
0.6425600000000002
0.6399399999999998
0.6412599999999999
0.64176
0.6401800000000003
0.6392000000000002
0.6432600000000002
0.6386800000000004
0.6410199999999999
0.6417200000000003
0.6425399999999999
0.6432800000000002
0.6401799999999999
0.6444000000000001
0.6432799999999999
0.6450000000000002
0.64032
0.6432200000000001
0.6405600000000001
0.6418800000000005
0.6423000000000003
0.64158
0.6412599999999999
0.6427400000000002
0.6394399999999999
0.6393400000000001
0.6429
0.64094
0.64326
0.6456399999999998
0.6394200000000001
0.6427999999999998
0.63948
0.64386
0.6426200000000004
0.6419800000000001
0.6425800000000004
0.6430400000000002
0.6403199999999998
0.6414599999999999
0.6432799999999999
0.6415
0.6432800000000002
0.6424200000000002
0.6381
0.6417599999999999
0.6452
0.6447800000000001
0.6378400000000002
0.6419800000000001
0.6431200000000001
0.6419199999999999
0.64062
0.6429600000000001
0.6384400000000002
0.6424599999999999
0.6413400000000005
0.6402
0.6450599999999997
0.6439199999999998
0.6423399999999998
0.6410000000000001
0.6404599999999998
0.6429400000000003
0.6378400000000002
0.6455
0.6396799999999998
0.6440600000000003
0.6383200000000001
0.6450800000000002
0.6346799999999999
0.64298
0.6419599999999996
0.6432000000000001
0.6393800000000003
0.64006
0.6409399999999998
0.6413399999999999
0.63668
0.64558
0.6402400000000001
0.6421800000000002
0.6408000000000001
0.6405799999999999
0.64616
0.6376400000000003
0.6420999999999999
0.64408
0.6394000000000004
0.64404
0.6428200000000003
0.6404
0.6416600000000001
0.6422600000000002
0.6408200000000002
0.6406000000000001
0.6389599999999999
0.6486200000000001
0.6423400000000001
0.6421400000000002
0.64276
0.6430000000000001
0.6436800000000001
0.63842
0.6420799999999999
0.6386800000000001
0.64616
0.6418200000000003
0.6424800000000002
0.64126
0.6432000000000001
0.6418400000000001
0.6453000000000002
0.6422400000000001
0.6439800000000002
0.64292
0.6418800000000001
0.6403000000000003
0.6423599999999997
0.6429399999999998
0.6437999999999999
0.6410399999999998
0.644
0.6412600000000002
0.6424000000000001
0.6416400000000002
0.64224
0.63904
0.6406200000000003
0.6431800000000003
0.6423000000000001
0.64148
0.6440200000000001
0.6431200000000001
0.6416400000000002
0.64102
0.6416600000000001
0.6410800000000001
0.64172
0.64048
0.6440600000000001
0.6445600000000001
0.6444599999999998
0.6413400000000005
0.64492
0.6412400000000004
0.6426400000000001
0.64366
0.6404800000000002
0.6428800000000002
0.63948
0.6418800000000001
0.6421000000000001
0.6402599999999998
0.6409600000000002
0.6449800000000002
0.64236
0.6418200000000001
0.6417000000000002
0.64212
0.6421000000000002
0.64278
0.6406000000000001
0.64032
0.6427999999999998
0.63982
0.64306
0.6375800000000005
0.6415999999999998
0.6407600000000001
0.6433599999999999
0.6406600000000003
0.63946
0.6440599999999997
0.6440000000000003
0.64012
0.6443400000000002
0.6414
0.6406800000000001
0.6460200000000001
0.63956
0.6415599999999999
0.6462200000000001
0.6392200000000001
0.64488
0.64364
0.6415000000000002
0.6418200000000002
0.6419400000000003
0.64188
0.64026
0.64288
0.64224
0.6422800000000002
0.6414799999999998
0.6410200000000004
0.6428800000000001
0.6446999999999999
0.6374000000000002
0.6415400000000002
0.63902
0.6447600000000002
0.6391999999999998
0.6406999999999999
0.6389599999999999
0.6433800000000002
0.6419399999999997
0.6394599999999999
0.64534
0.6378400000000002
0.6441800000000001
0.6414200000000002
0.6380799999999995
0.6420399999999999
0.6427000000000004
0.6426799999999999
0.63836
0.6423000000000001
0.6420000000000003
0.6421399999999999
0.6418799999999999
0.64116
0.6439600000000002
0.6409000000000001
0.64338
0.64118
0.6449799999999999
0.6418200000000001
0.6374
0.6455400000000001
0.64022
0.6422800000000002
0.6437999999999999
0.6405799999999999
0.6437599999999999
0.64238
0.64386
0.6451399999999999
0.64162
0.6447000000000002
0.6398799999999999
0.6421800000000002
0.6444200000000001
0.6421400000000002
0.6410800000000001
0.6423800000000003
0.6452800000000001
0.63906
0.6449000000000003
0.6416600000000002
0.6429999999999997
0.64144
0.64244
0.6433600000000002
0.6424200000000002
0.6422400000000001
0.6408400000000001
0.6381200000000002
0.6415399999999998
0.6424799999999999
0.6427600000000002
0.6399000000000001
0.6424000000000001
0.64236
0.6404400000000001
0.64094
0.6439600000000003
0.64126
0.63956
0.64134
0.6434000000000002
0.64266
0.6399400000000001
0.6441999999999998
0.6433000000000001
0.64032
0.64012
0.6406600000000001
0.6409799999999997
0.6419600000000001
0.6425600000000001
0.6402600000000003
0.64542
0.6411800000000001
0.6447799999999999
0.63984
0.64286
0.6418199999999998
0.64212
0.6408200000000002
0.64192
0.6411000000000001
0.6407400000000005
0.64318
0.64196
0.64022
0.64232
0.6423800000000002
0.6433000000000001
0.6434000000000001
0.64244
0.6440800000000002
0.6392599999999998
0.64148
0.642
0.6425600000000001
0.6441800000000003
0.64266
0.64184
0.6443599999999999
0.6400400000000002
0.6416199999999997
0.64106
0.64482
0.6378
0.6425200000000002
0.6439400000000001
0.6429199999999998
0.6417999999999999
0.6388600000000002
0.6449400000000003
0.6395200000000002
0.6380799999999998
0.6421800000000001
0.6413800000000002
0.6413599999999999
0.6408200000000005
0.6415599999999999
0.64184
0.6430800000000001
0.6396200000000003
0.6422
0.6380600000000002
0.6412399999999999
0.6411600000000002
0.6408799999999999
0.6429400000000001
0.64074
0.6383400000000001
0.6427600000000001
0.6456999999999999
0.64048
0.6413800000000002
0.64364
0.6410400000000002
0.6448199999999998
0.6411400000000002
0.6392599999999998
0.6435600000000002
0.64146
0.6418600000000002
0.64318
0.6427
0.6391
0.64146
0.6405200000000001
0.6412800000000002
0.6419200000000003
0.6379399999999998
0.63994
0.6421000000000002
0.6434200000000001
0.6422200000000002
0.64068
0.6438600000000001
0.64374
0.6401200000000002
0.64146
0.6399
0.6434599999999999
0.64166
0.6400200000000001
0.6413200000000002
0.6447200000000001
0.6401
0.6466000000000003
0.6425200000000001
0.6381399999999999
0.6422599999999999
0.6430400000000001
0.6397800000000001
0.64334
0.6435199999999999
0.6437600000000002
0.6443200000000001
0.6403400000000004
0.6388400000000001
0.6407799999999999
0.6422399999999999
0.6407799999999999
0.64318
0.6391600000000003
0.64242
0.6470600000000001
0.6416000000000001
0.6391600000000001
0.6410000000000001
0.6454199999999999
0.6435600000000004
0.6394999999999997
0.6405200000000003
0.64252
0.6415599999999999
0.6401799999999999
0.6399399999999997
0.6424599999999999
0.6419999999999998
0.6371800000000001
0.6417
0.6422000000000001
0.64024
0.6370000000000002
0.63954
0.64606
0.6400399999999999
0.6446799999999999
0.64284
0.63868
0.6464799999999997
0.64202
0.6386999999999997
0.6406600000000003
0.6404599999999998
0.6439
0.64004
0.6403600000000005
0.6412
0.6450999999999998
0.6409800000000001
0.6387800000000001
0.6462799999999999
0.63906
0.6416600000000001
0.6393800000000001
0.6427800000000002
