0.19999999999999962
0.15599999999999997
0.1360800000000001
0.12178000000000003
0.11098000000000004
0.10460000000000001
0.10072000000000003
0.09681999999999999
0.09408000000000002
0.09161999999999998
0.09243999999999998
0.09008
0.08972
0.08873999999999999
0.08593999999999997
0.08521999999999996
0.08185999999999996
0.08141999999999998
0.08100000000000002
0.07948
0.07996
0.07854000000000001
0.07633999999999999
0.07619999999999996
0.07798
0.07798
0.07993999999999996
0.08063999999999996
0.08109999999999998
0.08032
0.07911999999999994
0.07797999999999997
0.07559999999999999
0.07491999999999999
0.07558
0.07579999999999998
0.07595999999999994
0.07677999999999999
0.07615999999999996
0.07731999999999997
0.07759999999999996
0.07775999999999997
0.07809999999999999
0.07665999999999998
0.07671999999999998
0.07649999999999998
0.07712
0.07903999999999999
0.07914
0.08076
0.08041999999999998
0.08013999999999996
0.07911999999999995
0.08045999999999996
0.08143999999999994
0.08066000000000001
0.08021999999999999
0.07907999999999993
0.07821999999999997
0.07687999999999996
0.07685999999999996
0.07819999999999996
0.07631999999999999
0.07495999999999996
0.07543999999999997
0.07627999999999999
0.07674
0.07691999999999997
0.0746
0.07327999999999997
0.07443999999999996
0.07497999999999999
0.07413999999999997
0.07352
0.07491999999999997
0.07407999999999997
0.07367999999999998
0.07289999999999995
0.07371999999999998
0.07337999999999999
0.07503999999999997
0.07369999999999996
0.0756
0.07647999999999996
0.07609999999999997
0.07329999999999998
0.07369999999999999
0.07558
0.07247999999999996
0.07375999999999998
0.07315999999999998
0.07411999999999999
0.07296
0.07169999999999999
0.07377999999999998
0.07329999999999999
0.07055999999999996
0.06937999999999993
0.06947999999999994
0.07037999999999994
0.07105999999999998
0.07057999999999998
0.07235999999999997
0.07369999999999995
0.07517999999999997
0.07427999999999996
0.07561999999999997
0.07639999999999998
0.0768
0.07677999999999999
0.07613999999999999
0.07521999999999998
0.07578
0.07492000000000003
0.07383999999999999
0.07357999999999996
0.07163999999999997
0.07019999999999993
0.07161999999999999
0.07095999999999998
0.07145999999999997
0.07223999999999998
0.07128
0.07299999999999997
0.07389999999999995
0.07479999999999996
0.07606
0.07519999999999996
0.07618000000000001
0.07615999999999999
0.07552
0.07543999999999997
0.07599999999999998
0.07517999999999998
0.07431999999999997
0.07428
0.07572000000000002
0.07596
0.07587999999999998
0.07499999999999997
0.07613999999999997
0.07581999999999997
0.07331999999999995
0.07163999999999997
0.07324000000000001
0.07121999999999998
0.07025999999999996
0.06999999999999998
0.06811999999999996
0.06849999999999996
0.06753999999999999
0.06797999999999997
0.06879999999999996
0.06957999999999996
0.07175999999999998
0.07119999999999999
0.07207999999999996
0.07345999999999998
0.07509999999999999
0.0742
0.07317999999999998
0.07189999999999999
0.07283999999999997
0.07259999999999997
0.07149999999999997
0.07311999999999999
0.07201999999999999
0.07238
0.07168000000000001
0.07182
0.07183999999999996
0.07251999999999995
0.07311999999999999
0.07115999999999999
0.07227999999999996
0.07198000000000002
0.07171999999999996
0.07191999999999997
0.07101999999999999
0.07135999999999998
0.07181999999999998
0.06971999999999999
0.06977999999999995
0.06954
0.06934
0.06891999999999998
0.06831999999999995
0.06847999999999996
0.07003999999999999
0.07361999999999998
0.07175999999999999
0.07069999999999997
0.0717
0.06945999999999998
0.0693
0.06911999999999996
0.07063999999999998
0.07085999999999996
0.07041999999999995
0.07049999999999997
0.06883999999999997
0.06951999999999997
0.06969999999999998
0.07155999999999998
0.07223999999999996
0.07221999999999996
0.07095999999999995
0.07021999999999999
0.06792
0.06902
0.06759999999999995
0.06631999999999996
0.06533999999999997
0.06677999999999998
0.06863999999999998
0.07006
0.07075999999999998
0.07143999999999996
0.07187999999999999
0.06971999999999996
0.07001999999999997
0.06926000000000002
0.06923999999999997
0.06861999999999999
0.07015999999999997
0.06852
0.06643999999999997
0.06637999999999997
0.06825999999999997
0.06673999999999997
0.06659999999999995
0.06607999999999999
0.06663999999999999
0.06783999999999996
0.06619999999999998
0.06615999999999997
0.06737999999999998
0.06682000000000002
0.06723999999999998
0.06612
0.06843999999999995
0.06956
0.06931999999999999
0.06815999999999998
0.06757999999999999
0.06405999999999998
0.06441999999999998
0.06429999999999997
0.06483999999999998
0.06797999999999997
0.06852
0.06787999999999998
0.06749999999999998
0.06776
0.06638
0.06718000000000002
0.06727999999999999
0.06675999999999997
0.06725999999999999
0.06507999999999997
0.065
0.0657
0.06530000000000001
0.06311999999999998
0.06262000000000001
0.06315999999999997
0.06367999999999997
0.06285999999999999
0.06334
0.06135999999999998
0.06129999999999998
0.06159999999999997
0.06249999999999998
0.06111999999999997
0.06153999999999999
0.061219999999999955
0.06203999999999996
0.06266
0.06153999999999997
0.06319999999999998
0.06351999999999994
0.06353999999999994
0.06473999999999996
0.06332
0.0626
0.06195999999999999
0.061579999999999975
0.059459999999999985
0.05856
0.05915999999999998
0.060039999999999975
0.06067999999999997
0.06001999999999996
0.05987999999999997
0.06171999999999999
0.06021999999999995
0.060539999999999955
0.06033999999999998
0.06001999999999999
0.05976
0.060599999999999994
0.06183999999999999
0.06405999999999999
0.06363999999999997
0.06090000000000001
0.06165999999999999
0.06195999999999998
0.06275999999999998
0.06304
0.06383999999999998
0.06463999999999998
0.06705999999999998
0.06727999999999999
0.06766
0.06689999999999997
0.06883999999999997
0.0678
0.06573999999999998
0.06439999999999999
0.06441999999999996
0.06599999999999999
0.06455999999999998
0.06382000000000002
0.064
0.0638
0.06348
0.06295999999999996
0.06235999999999999
0.061799999999999994
0.06167999999999996
0.06328000000000002
0.06275999999999998
0.06209999999999998
0.06322000000000001
0.06351999999999998
0.06318
0.06417999999999999
0.06385999999999999
0.06317999999999996
0.06191999999999997
0.06231999999999999
0.06373999999999996
0.06399999999999999
0.06345999999999999
0.06268
0.06417999999999996
0.06405999999999999
0.06383999999999998
0.06423999999999996
0.06498
0.06523999999999998
0.06655999999999997
0.06567999999999996
0.06449999999999999
0.06453999999999997
0.06564
0.0642
0.06404
0.06281999999999996
0.0633
0.06285999999999999
0.06347999999999997
0.06389999999999997
0.06363999999999997
0.06263999999999999
0.06169999999999996
0.06319999999999998
0.06261999999999998
0.06272
0.06405999999999996
0.06285999999999999
0.06338
0.062119999999999995
0.060639999999999986
0.06287999999999996
0.061599999999999995
0.062239999999999976
0.062179999999999985
0.06375999999999996
0.06317999999999997
0.06411999999999998
0.06364
0.0619
0.06175999999999997
0.05870000000000001
0.05851999999999999
0.05869999999999998
0.059300000000000005
0.05912
0.059379999999999995
0.05893999999999995
0.05827999999999999
0.05949999999999998
0.06017999999999997
0.06029999999999998
0.05937999999999999
0.058259999999999985
0.05663999999999996
0.05627999999999998
0.05631999999999998
0.059320000000000005
0.05937999999999999
0.05973999999999999
0.06129999999999997
0.060079999999999995
0.061999999999999986
0.0623
0.06305999999999996
0.06373999999999998
0.06077999999999999
0.05962
0.06117999999999995
0.06122000000000002
0.06049999999999997
0.061159999999999985
0.06161999999999998
0.06356000000000002
0.06448000000000002
0.06573999999999999
0.06473999999999999
0.06253999999999997
0.06253999999999998
0.060779999999999994
0.06143999999999997
0.06049999999999997
0.06163999999999996
0.06179999999999999
0.06163999999999998
0.06148
0.06022000000000001
0.06107999999999997
0.06051999999999996
0.05939999999999998
0.058599999999999985
0.059359999999999975
0.06019999999999997
0.06061999999999996
0.060799999999999965
0.060680000000000005
0.05949999999999999
0.0603
0.06215999999999997
0.06293999999999997
0.060839999999999964
0.06255999999999999
0.06325999999999998
0.06257999999999997
0.06007999999999998
0.0593
0.05961999999999998
0.05921999999999998
0.05943999999999997
0.059199999999999975
0.05849999999999997
0.060059999999999975
0.05968000000000002
0.05955999999999999
0.05953999999999996
0.058820000000000004
0.05889999999999996
0.059179999999999976
0.06003999999999997
0.06003999999999999
0.06077999999999999
0.062179999999999985
0.06157999999999997
0.05987999999999999
0.057959999999999984
0.05838
0.05857999999999998
0.05995999999999999
0.060500000000000005
0.05891999999999998
0.059059999999999994
0.05987999999999999
0.06137999999999998
0.06115999999999997
0.05877999999999999
0.05885999999999997
0.05901999999999998
0.05809999999999994
0.05767999999999998
0.05654
0.05637999999999999
0.05701999999999997
0.05631999999999997
0.05763999999999998
0.05621999999999999
0.05532
0.05513999999999997
0.056419999999999956
0.057
0.05615999999999998
0.056139999999999995
0.055299999999999995
0.053699999999999984
0.053919999999999975
0.05681999999999999
0.05575999999999999
0.05526
0.05477999999999997
0.05382
0.053899999999999976
0.053539999999999956
0.05219999999999999
0.05343999999999994
0.05624
0.054999999999999966
0.05609999999999998
0.055959999999999975
0.05763999999999995
0.057559999999999986
0.057879999999999994
0.05861999999999998
0.05737999999999998
0.056979999999999996
0.05679999999999998
0.05586
0.055319999999999994
0.05478000000000001
0.05528
0.05599999999999998
0.05467999999999999
0.055379999999999985
0.057839999999999975
0.05734
0.05732
0.057619999999999984
0.057699999999999994
0.057779999999999984
0.05859999999999999
0.058699999999999974
0.059679999999999976
0.05841999999999997
0.0575
0.058059999999999966
0.05896
0.05863999999999999
0.05681999999999999
0.05799999999999998
0.05693999999999999
0.05639999999999998
0.05659999999999999
0.05567999999999998
0.05601999999999999
0.05616000000000001
0.055819999999999974
0.05669999999999997
0.05654
0.055839999999999994
0.05741999999999997
0.056519999999999966
0.056999999999999995
0.058519999999999996
0.056819999999999996
0.056859999999999994
0.056359999999999986
0.05667999999999998
0.05667999999999998
0.05495999999999999
0.05435999999999999
0.05287999999999997
0.051759999999999994
0.05249999999999997
0.054259999999999975
0.05245999999999998
0.05247999999999998
0.053899999999999976
0.05475999999999998
0.05541999999999998
0.05545999999999998
0.05765999999999999
0.057539999999999966
0.05771999999999999
0.056600000000000004
0.054179999999999985
0.054079999999999996
0.05417999999999998
0.05453999999999999
0.055639999999999995
0.05437999999999999
0.053699999999999984
0.055619999999999996
0.05519999999999998
0.05451999999999999
0.05363999999999998
0.053919999999999996
0.054720000000000005
0.05615999999999996
0.05857999999999999
0.05857999999999999
0.057999999999999996
0.05783999999999999
0.05611999999999998
0.05733999999999997
0.05594
0.0553
0.055179999999999965
0.05404
0.054900000000000004
0.05569999999999999
0.054439999999999975
0.05495999999999999
0.055739999999999984
0.05694
0.05533999999999997
0.05591999999999998
0.05495999999999999
0.054879999999999984
0.05495999999999999
0.05750000000000001
0.057319999999999996
0.05697999999999999
0.05477999999999999
0.05615999999999998
0.053840000000000006
0.05331999999999997
0.052139999999999985
0.05281999999999999
0.05454
0.05341999999999997
0.05347999999999998
0.05314
0.05415999999999998
0.05403999999999999
0.05431999999999998
0.05481999999999997
0.05347999999999999
0.0548
0.05551999999999999
0.05573999999999999
0.054279999999999974
0.05513999999999997
0.055679999999999986
0.055699999999999986
0.05475999999999996
0.05407999999999999
0.05417999999999999
0.05316
0.05239999999999998
0.05357999999999999
0.05339999999999999
0.054599999999999975
0.0561
0.05539999999999999
0.05419999999999996
0.05564
0.05845999999999998
0.05764
0.05705999999999998
0.057559999999999965
0.05843999999999999
0.05705999999999999
0.05642
0.05548000000000001
0.05648
0.05564
0.05469999999999998
0.05344
0.05327999999999999
0.05301999999999996
0.05265999999999997
0.05349999999999998
0.05241999999999998
0.053859999999999984
0.054099999999999995
0.05509999999999998
0.05697999999999997
0.05732
0.057539999999999966
0.05564
0.05472
0.056499999999999974
0.056599999999999984
0.056259999999999984
0.05585999999999999
0.05523999999999998
0.05405999999999999
0.054079999999999996
0.05477999999999997
0.05541999999999998
0.05545999999999997
0.055779999999999996
0.05574
0.05495999999999998
0.05306
0.05515999999999997
0.055
0.054719999999999984
0.05335999999999999
0.05286
0.051419999999999993
0.05067999999999999
0.05129999999999999
0.051599999999999986
0.05095999999999999
0.04977999999999996
0.05193999999999997
0.05123999999999999
0.04952
0.05063999999999998
0.05205999999999999
0.050639999999999984
0.05105999999999998
0.05135999999999999
0.050679999999999975
0.049739999999999986
0.04961999999999998
0.05007999999999997
0.05063999999999999
0.05112
0.051640000000000005
0.05124000000000001
0.05006
0.048799999999999996
0.04927999999999999
0.05053999999999999
0.049499999999999995
0.05101999999999998
0.050539999999999974
0.051559999999999995
0.052279999999999986
0.052840000000000005
0.05250000000000001
0.051679999999999976
0.052399999999999995
0.051239999999999994
0.04954
0.04941999999999999
0.04812
0.04846000000000001
0.04852
0.04891999999999998
0.05077999999999999
0.05181999999999998
0.05091999999999999
0.0501
0.050719999999999994
0.05127999999999997
0.05120000000000001
0.05286
0.052300000000000006
0.05081999999999999
0.05048000000000001
0.05012
0.04955999999999999
0.04937999999999998
0.04985999999999999
0.04752000000000001
0.04895999999999999
0.04821999999999999
0.04901999999999998
0.047619999999999975
0.04803999999999998
0.04761999999999997
0.04693999999999999
0.046439999999999974
0.046099999999999995
0.04709999999999999
0.048379999999999986
0.04758
0.04628
0.04595999999999998
0.04573999999999999
0.04514000000000001
0.045779999999999973
0.04629999999999999
0.04785999999999999
0.04769999999999999
0.04887999999999999
0.04901999999999998
0.04888
0.04733999999999997
0.04693999999999998
0.04587999999999998
0.046379999999999984
0.04646
0.0472
0.04849999999999997
0.04850000000000001
0.04922
0.048359999999999986
0.04831999999999999
0.048519999999999994
0.04783999999999999
0.045719999999999976
0.045119999999999987
0.04562
0.046079999999999996
0.04699999999999997
0.046679999999999985
0.04735999999999998
0.04706
0.046700000000000005
0.0464
0.04597999999999998
0.04533999999999999
0.04654
0.04612000000000001
0.04647999999999999
0.046379999999999984
0.047219999999999984
0.046639999999999994
0.0451
0.04443999999999998
0.045860000000000005
0.045439999999999994
0.04435999999999999
0.044579999999999995
0.04506
0.04594
0.045919999999999996
0.04447999999999998
0.04407999999999999
0.044219999999999995
0.04398
0.045259999999999995
0.044959999999999986
0.0452
0.04674
0.046980000000000015
0.04749999999999998
0.0481
0.04727999999999999
0.046599999999999996
0.04677999999999999
0.04635999999999999
0.04632
0.045799999999999993
0.047959999999999975
0.04706
0.047299999999999995
0.04773999999999999
0.04662
0.046419999999999975
0.04647999999999998
0.046499999999999986
0.04663999999999999
0.048760000000000005
0.04847999999999999
0.04982
0.04902
0.04975999999999999
0.049
0.04881999999999998
0.047639999999999995
0.0484
0.047459999999999995
0.045340000000000005
0.04276
0.043179999999999975
0.043039999999999995
0.043739999999999994
0.04449999999999999
0.04345999999999999
0.04255999999999999
0.04259999999999999
0.04281999999999999
0.04203999999999999
0.04299999999999999
0.04385999999999998
0.04459999999999998
0.044719999999999996
0.045919999999999996
0.04567999999999998
0.046479999999999994
0.044999999999999984
0.043900000000000015
0.04511999999999999
0.04565999999999999
0.04497999999999999
0.04576
0.04616
0.04555999999999999
0.04490000000000001
0.045380000000000004
0.04515999999999999
0.04532
0.04606
0.04534
0.04524
0.04523999999999999
0.04335999999999998
0.04234
0.043099999999999986
0.04323999999999998
0.04373999999999999
0.04398
0.043079999999999986
0.04137999999999999
0.042259999999999985
0.041239999999999985
0.04203999999999999
0.042219999999999994
0.04226
0.04234
0.043319999999999984
0.04194
0.04209999999999999
0.04212
0.04225999999999999
0.04237999999999999
0.04258
0.04295999999999999
0.043059999999999994
0.04462000000000001
0.046499999999999986
0.04632
0.047259999999999996
0.04706
0.049339999999999995
0.04896000000000002
0.04974
0.0493
0.04821999999999999
0.04749999999999997
0.04627999999999998
0.04543999999999998
0.044639999999999985
0.04437999999999999
0.045379999999999976
0.04709999999999999
0.04716
0.04716
0.04667999999999999
0.04552
0.04421999999999999
0.04355999999999998
0.04474
0.04439999999999999
0.04417999999999999
0.04559999999999999
0.045419999999999995
0.0447
0.04580000000000002
0.04458
0.04401999999999998
0.045059999999999996
0.04511999999999999
0.044559999999999995
0.044199999999999996
0.04364
0.044159999999999984
0.044239999999999995
0.043219999999999995
0.04283999999999998
0.04208
0.04041999999999999
0.04207999999999999
0.043459999999999985
0.0434
0.04259999999999999
0.04251999999999999
0.0432
0.04182
0.042559999999999994
0.0425
0.04274
0.04393999999999997
0.04267999999999999
0.044
0.044139999999999985
0.04469999999999999
0.04355999999999999
0.043079999999999986
0.04365999999999998
0.04465999999999999
0.044660000000000005
0.04472
0.04314
0.044160000000000005
0.043899999999999995
0.04325999999999999
0.04313999999999999
0.04177999999999999
0.04219999999999999
0.04218
0.04193999999999999
0.04298
0.04279999999999999
0.04265999999999999
0.04446000000000001
0.04482
0.044539999999999996
0.04432
0.044239999999999995
0.043379999999999995
0.04388000000000001
0.04652000000000001
0.04596
0.04566
0.04298
0.043299999999999984
0.04381999999999999
0.042699999999999995
0.041519999999999994
0.04097999999999999
0.04147999999999999
0.0417
0.04017999999999999
