0.19999999999999962
0.47272
0.6833400000000001
0.62458
0.6402199999999999
0.63402
0.63668
0.6402800000000001
0.6402800000000002
0.6357
0.6369799999999998
0.6352000000000001
0.63654
0.6390199999999999
0.6398800000000001
0.6370000000000002
0.6412800000000002
0.6378199999999999
0.6363799999999998
0.64006
0.63558
0.6400800000000001
0.63864
0.6357200000000002
0.6427200000000001
0.6411
0.6343200000000001
0.6360000000000001
0.6350800000000001
0.6377200000000002
0.6409199999999998
0.6397600000000003
0.6365999999999999
0.6372400000000001
0.6352000000000004
0.6413
0.6372200000000003
0.6378599999999998
0.6400799999999998
0.6370799999999998
0.6402999999999999
0.6372400000000001
0.6363599999999999
0.64134
0.6362199999999999
0.6371200000000001
0.6374400000000001
0.6419
0.63704
0.6355200000000002
0.6378400000000002
0.6389
0.6341600000000001
0.6400199999999999
0.63422
0.6381600000000003
0.64134
0.6344600000000002
0.6397200000000002
0.64036
0.6357400000000001
0.6384799999999998
0.63778
0.6383000000000001
0.6410600000000002
0.6365000000000002
0.6417
0.6349400000000001
0.63624
0.6385
0.6376400000000003
0.6367600000000002
0.63746
0.6393800000000003
0.6360600000000001
0.6407599999999999
0.6367
0.63656
0.6400000000000001
0.6393999999999999
0.63416
0.6409600000000002
0.6367400000000001
0.6353599999999998
0.6380800000000002
0.6373199999999997
0.6368399999999999
0.6387400000000004
0.6361800000000002
0.6428000000000001
0.6353800000000001
0.63638
0.6393600000000002
0.6405599999999998
0.6372000000000001
0.63442
0.63786
0.6372600000000002
0.6396600000000001
0.6414799999999999
0.6351
0.6403000000000003
0.6322399999999999
0.6423600000000002
0.63778
0.63666
0.6369400000000003
0.6405600000000002
0.63622
0.6352799999999998
0.6383200000000001
0.6346400000000001
0.6400400000000004
0.6379800000000002
0.6362400000000002
0.6370200000000003
0.6403799999999998
0.63732
0.64034
0.63768
0.63784
0.6361000000000002
0.6369000000000001
0.6347800000000001
0.6380800000000001
0.6362200000000001
0.6369400000000002
0.6400000000000001
0.6352000000000002
0.6383600000000001
0.6378999999999999
0.6380399999999998
0.6383199999999999
0.6384399999999998
0.6383599999999999
0.6353399999999998
0.6358199999999999
0.63876
0.6360399999999998
0.6386800000000001
0.6382800000000001
0.6376400000000002
0.6364999999999998
0.6398399999999997
0.63642
0.6389600000000001
0.63592
0.6369800000000004
0.6390599999999999
0.63344
0.63994
0.6379600000000001
0.6410800000000001
0.63762
0.6400800000000001
0.6371200000000002
0.63704
0.6373000000000002
0.6372200000000003
0.6387200000000002
0.6355000000000001
0.6356
0.6398599999999999
0.63778
0.6380399999999999
0.63618
0.6379800000000002
0.6405400000000001
0.6386600000000001
0.6353800000000001
0.6411200000000001
0.63554
0.63908
0.6400400000000002
0.6369800000000003
0.6416600000000001
0.6366599999999999
0.6390000000000005
0.6369800000000001
0.63704
0.6395399999999999
0.63954
0.6361400000000001
0.6400199999999999
0.6393399999999998
0.6352000000000002
0.6371200000000001
0.6396400000000002
0.6424600000000003
0.63198
0.6382799999999998
0.6416
0.6379800000000002
0.6342799999999998
0.6413399999999999
0.6407600000000006
0.6363400000000001
0.6376199999999999
0.6356799999999998
0.6431399999999999
0.6350799999999999
0.6392600000000002
0.6340400000000002
0.63748
0.6376399999999999
0.6342000000000001
0.63938
0.63824
0.6417200000000003
0.6340000000000002
0.63776
0.6379400000000001
0.6353
0.6375399999999998
0.6374200000000003
0.6408600000000001
0.6342199999999998
0.63662
0.6414600000000001
0.63726
0.63788
0.6369400000000001
0.6403000000000002
0.6368799999999999
0.63604
0.6384
0.6414799999999999
0.6384400000000002
0.63592
0.63782
0.6394999999999998
0.6385000000000002
0.63656
0.6374
0.6388799999999999
0.6395400000000003
0.63536
0.6408600000000001
0.6362000000000003
0.6399199999999998
0.6356000000000003
0.6399600000000002
0.6358600000000003
0.63924
0.6376799999999997
0.63426
0.6362200000000002
0.6371400000000002
0.6388400000000002
0.6370999999999997
0.6380399999999999
0.6386599999999999
0.6340199999999999
0.6351399999999999
0.6392600000000002
0.63326
0.6387200000000002
0.6397
0.6396600000000002
0.6379599999999997
0.63924
0.6381800000000001
0.6359200000000002
0.6386600000000001
0.6363400000000001
0.6386599999999999
0.6401800000000004
0.63686
0.63992
0.63926
0.6364800000000002
0.6386599999999998
0.6351400000000005
0.63714
0.6386999999999999
0.6371800000000003
0.64266
0.6361
0.6424800000000002
0.6388000000000001
0.6368199999999999
0.6409999999999999
0.63636
0.6367200000000001
0.6402600000000003
0.6334399999999999
0.6383999999999999
0.6384999999999998
0.6373400000000002
0.6390199999999999
0.6398400000000004
0.6383000000000001
0.6370199999999999
0.6394799999999998
0.6365200000000002
0.6394399999999999
0.6371000000000002
0.6383999999999999
0.6359800000000001
0.6379800000000001
0.6357200000000001
0.6399199999999999
0.6381000000000001
0.63814
0.6386000000000003
0.6405799999999999
0.6350200000000001
0.6344399999999998
0.6394999999999998
0.6341999999999998
0.6373199999999997
0.6388000000000004
0.6393599999999999
0.6331800000000003
0.64494
0.6396000000000001
0.6374200000000003
0.6386999999999999
0.6387799999999998
0.6332600000000003
0.64244
0.6359800000000001
0.6424800000000004
0.6362
0.6383999999999999
0.6360800000000001
0.6388200000000003
0.6378800000000003
0.6383400000000002
0.6363600000000001
0.63518
0.63584
0.6408200000000001
0.6380200000000003
0.6387999999999999
0.63872
0.6395599999999999
0.6394600000000001
0.6401799999999999
0.6365200000000002
0.6340400000000002
0.6353999999999999
0.6372200000000003
0.6360799999999999
0.6369000000000001
0.6400199999999999
0.6384799999999999
0.6392999999999999
0.6384799999999999
0.6354
0.6370000000000001
0.63788
0.6395399999999999
0.6383200000000003
0.6373200000000001
0.6367799999999999
0.6410799999999999
0.6364
0.6373399999999999
0.6408400000000001
0.6419200000000004
0.6376400000000003
0.6327200000000001
0.6381400000000002
0.6370000000000002
0.63966
0.6397400000000002
0.6404600000000003
0.6363000000000002
0.6395400000000004
0.6389600000000004
0.6394800000000004
0.6377800000000002
0.6423800000000004
0.63798
0.6357600000000001
0.6397400000000002
0.6374000000000002
0.6361000000000001
0.6359799999999999
0.6369399999999998
0.6374
0.637
0.6390200000000003
0.6403600000000002
0.6361
0.6371200000000004
0.63748
0.6364000000000002
0.63766
0.6388400000000002
0.6370600000000003
0.6397400000000003
0.63584
0.6350400000000004
0.6375400000000002
0.6347600000000003
0.63414
0.6373400000000001
0.6377400000000002
0.6379999999999999
0.6371600000000002
0.6348799999999999
0.6349200000000003
0.6411
0.6411600000000002
0.63506
0.6383600000000001
0.6377600000000002
0.6374000000000002
0.6343200000000001
0.6401199999999999
0.63746
0.63456
0.6382599999999997
0.63926
0.63878
0.63638
0.6395600000000001
0.6331399999999999
0.6362199999999999
0.63816
0.63706
0.63724
0.6386599999999998
0.6376799999999999
0.6362600000000002
0.6405999999999997
0.6360999999999999
0.63734
0.6389600000000002
0.6382
0.6374400000000001
0.6384400000000001
0.6374400000000002
0.63664
0.6376199999999999
0.6412400000000001
0.6388399999999999
0.6375799999999999
0.6398799999999999
0.6401400000000002
0.6395999999999997
0.6340200000000003
0.6408399999999999
0.6357599999999999
0.6374800000000002
0.6397799999999999
0.6353200000000001
0.63746
0.6397600000000002
0.6400400000000004
0.6372800000000004
0.6398000000000001
0.6350800000000001
0.6380599999999998
0.6348800000000003
0.64044
0.6349000000000002
0.6403800000000003
0.6374800000000002
0.6351800000000002
0.6406200000000001
0.6371399999999998
0.6359
0.6414799999999999
0.6344000000000002
0.63472
0.6372800000000002
0.6390600000000002
0.6382200000000001
0.63412
0.6383399999999999
0.6389199999999998
0.63702
0.6413599999999999
0.6378200000000003
0.6372000000000001
0.6379399999999997
0.6383800000000001
0.6410800000000002
0.6360799999999999
0.6349000000000001
0.6387000000000004
0.6381000000000002
0.6371599999999998
0.6398400000000002
0.6375199999999999
0.6381000000000001
0.63824
0.6412800000000002
0.6345600000000002
0.6364
0.6397000000000002
0.6409200000000003
0.6365999999999999
0.6374
0.6398800000000001
0.6417999999999999
0.63348
0.6344200000000001
0.6365200000000003
0.63838
0.6376999999999997
0.63804
0.6398600000000001
0.6363000000000002
0.6363399999999998
0.6353600000000001
0.63976
0.6389599999999999
0.6379399999999997
0.6389800000000003
0.6371799999999999
0.6383600000000001
0.6373199999999999
0.6374399999999998
0.6368400000000003
0.63732
0.63774
0.6380600000000002
0.6332999999999998
0.6372799999999998
0.6377400000000001
0.6396600000000001
0.6351200000000001
0.6404600000000003
0.63686
0.6358000000000001
0.6425600000000002
0.6389400000000001
0.6341400000000001
0.6412800000000002
0.6386199999999999
0.63754
0.6371600000000001
0.6401600000000001
0.6383599999999997
0.6371600000000001
0.6362
0.6381599999999997
0.6400800000000001
0.63802
0.6402800000000001
0.63852
0.6362800000000001
0.6408000000000001
0.6371200000000001
0.6385200000000002
0.6426
0.6383200000000001
0.6377400000000002
0.6395599999999999
0.63804
0.6389800000000001
0.6374400000000001
0.63948
0.6373400000000001
0.6386400000000002
0.6351
0.6385799999999997
0.6399600000000002
0.6369600000000001
0.6373799999999996
0.63448
0.6392000000000001
0.63986
0.63626
0.6402999999999999
0.63638
0.6383399999999999
0.6405000000000001
0.63862
0.6340200000000003
0.6382199999999999
0.6411000000000001
0.6387999999999999
0.6361799999999999
0.6431400000000004
0.6362200000000003
0.6379
0.6378400000000001
0.6408999999999999
0.6366199999999999
0.6451200000000001
0.6387799999999999
0.6380600000000002
0.6392800000000003
0.6402600000000004
0.6387200000000002
0.64184
0.6366200000000005
0.6376200000000001
0.6371800000000003
0.63882
0.6363000000000001
0.63806
0.6386599999999997
0.6388199999999997
0.6415800000000002
0.63658
0.6386
0.6391800000000003
0.6375800000000004
0.6384399999999999
0.6355
0.6359800000000002
0.6399999999999999
0.6376200000000001
0.6378600000000002
0.6372400000000001
0.6362000000000001
0.6372199999999999
0.6364800000000003
0.63806
0.6394599999999999
0.6376599999999999
0.63998
0.6375
0.6359599999999999
0.6376000000000001
0.6363599999999999
0.6388800000000001
0.6371200000000001
0.6401400000000002
0.63808
0.6360800000000002
0.6384999999999998
0.6427600000000001
0.63438
0.6372599999999999
0.6388800000000002
0.6358599999999999
0.6418800000000001
0.6341200000000002
0.6365000000000002
0.6379999999999998
0.6364000000000001
0.63894
0.6386600000000001
0.6401800000000002
0.6362999999999999
0.6374600000000001
0.63754
0.6404599999999999
0.6381799999999999
0.6382999999999996
0.6394800000000002
0.6384200000000002
0.6400399999999999
0.63896
0.6372399999999999
0.63908
0.6414000000000002
0.6332000000000001
0.6369199999999998
0.6372200000000001
0.6368799999999998
0.6372800000000002
0.6373400000000001
0.6385200000000002
0.6338400000000002
0.63874
0.6410200000000004
0.6378600000000002
0.6386199999999999
0.6356
0.6354000000000002
0.6389000000000001
0.6362200000000003
0.63708
0.63584
0.63684
0.6394199999999999
0.63682
0.6393399999999997
0.6379600000000001
0.6419399999999998
0.6405
0.6421000000000001
0.6376200000000002
0.63438
0.6382199999999998
0.6373800000000002
0.6341800000000002
0.6372600000000002
0.6370000000000003
0.6397200000000001
0.6418400000000003
0.6396199999999999
0.6354200000000002
0.6384999999999998
0.6394599999999998
0.6361200000000002
0.6351799999999999
0.6393800000000003
0.6386600000000002
0.6343999999999999
0.63896
0.6360600000000001
0.6431599999999998
0.63616
0.6373400000000001
0.6380600000000003
0.6360200000000001
0.6339800000000002
0.6404599999999999
0.6339200000000002
0.6379400000000001
0.6419399999999997
0.6405400000000004
0.6367000000000002
0.6379399999999996
0.6377600000000003
0.6365399999999999
0.6382599999999998
0.6346800000000001
0.6406999999999999
0.6413600000000002
0.6365200000000001
0.6345800000000004
0.63742
0.638
0.63822
0.6360000000000002
0.6443400000000001
0.6384399999999999
0.63924
0.6376400000000001
0.6390000000000002
0.63932
0.6347999999999998
0.6387800000000002
0.6353600000000003
0.6402
0.63958
0.6394600000000001
0.6375600000000001
0.63874
0.63856
0.6359400000000001
0.63428
0.6357000000000003
0.63876
0.6387399999999999
0.6369
0.6359600000000003
0.6413600000000002
0.6373399999999999
0.6386599999999999
0.63954
0.6346999999999999
0.63674
0.63822
0.6395399999999999
0.63568
0.6371600000000002
0.63728
0.6399400000000001
0.6358600000000001
0.6370200000000001
0.63842
0.6397800000000002
0.6412400000000001
0.6355400000000003
0.6336999999999997
0.6376200000000003
0.6400600000000003
0.63754
0.6378000000000003
0.6382800000000002
0.6393
0.6369800000000002
0.63902
0.6357199999999998
0.6380399999999998
0.6404600000000004
0.6368600000000001
0.6400400000000002
0.6358400000000001
0.6387999999999999
0.6401200000000002
0.6389000000000002
0.6394800000000002
0.6370000000000001
0.6373599999999999
0.6380599999999998
0.64016
0.6361799999999999
0.6377200000000003
0.6402400000000003
0.6353200000000002
0.6396800000000001
0.6378199999999998
0.63834
0.64048
0.6362200000000001
0.6368200000000003
0.6386400000000001
0.6396999999999999
0.6383599999999999
0.6375400000000003
0.6402600000000003
0.6338
0.6360799999999999
0.6406000000000002
0.6376000000000002
0.6348600000000001
0.63602
0.6368599999999999
0.6335000000000002
0.6380399999999999
0.6354600000000002
0.6359600000000003
0.6387599999999999
0.6394399999999998
0.64204
0.6360000000000003
0.6346599999999999
0.63784
0.63766
0.6376
0.6356600000000003
0.6414199999999998
0.6375599999999999
0.6386999999999999
0.6360800000000001
0.6393000000000003
0.6406000000000001
0.63762
0.63928
0.6376800000000001
0.6385400000000001
0.6381
0.6349199999999999
0.6396600000000001
0.6369800000000001
0.6359600000000001
0.6391800000000002
0.6384400000000001
0.6367800000000002
0.6373999999999999
0.6372800000000002
0.63826
0.6392600000000002
0.6379399999999998
0.6420999999999998
0.6363200000000002
0.63896
0.6358800000000001
0.6393800000000001
0.6387200000000001
0.6395799999999999
0.6367200000000003
0.6382800000000001
0.63564
0.6360800000000001
0.6364400000000001
0.6367200000000002
0.6391400000000002
0.6333400000000001
0.6389200000000002
0.63824
0.6388799999999999
0.6375799999999999
0.6363000000000002
0.6393
0.6363000000000003
0.6374799999999999
0.63792
0.6398600000000001
0.6347400000000002
0.6388199999999999
0.6369400000000001
0.6372799999999998
0.6378199999999999
0.6392799999999998
0.6382800000000004
0.6321600000000002
0.6367600000000003
0.6392399999999998
0.63922
0.6368599999999998
0.6393600000000004
0.6381600000000001
0.6369999999999999
0.6369199999999999
0.6379000000000004
0.6361800000000002
0.6362000000000004
0.63598
0.63662
0.6397599999999999
0.6371000000000001
0.6373599999999999
0.6369199999999999
0.6378000000000003
0.6355400000000002
0.6396800000000001
0.6368800000000002
0.6388200000000004
0.6372199999999999
0.63648
0.6392
0.6367800000000002
0.6385600000000001
0.63602
0.6396799999999998
0.6368400000000001
0.6394800000000003
0.6395400000000003
0.6365200000000002
0.6364799999999999
0.6394199999999998
0.6363200000000002
0.6401999999999998
0.6376599999999998
0.6406000000000002
0.6361399999999999
0.6414200000000001
0.6375200000000001
0.6394000000000001
0.6384399999999999
0.6360600000000001
0.6391600000000001
0.6352
0.6356
0.6401800000000002
0.6354400000000002
0.6394600000000001
0.6361800000000002
0.6376400000000001
0.6356600000000002
0.6384
0.63726
0.6383800000000004
0.63704
0.63824
0.6390600000000001
0.6339400000000002
0.6375599999999999
0.6398600000000001
0.6402599999999998
0.6366999999999998
0.6377999999999999
0.6400599999999999
0.63894
0.6385600000000003
0.6354000000000002
0.6388400000000002
0.6402199999999998
0.6387200000000001
0.6365999999999999
0.6345599999999999
0.6426199999999997
0.63224
0.6390199999999998
0.6378600000000002
0.6375799999999999
0.6349000000000001
0.6361400000000001
0.6372800000000001
0.6423400000000002
0.63734
0.6378199999999999
0.638
0.6383000000000001
0.6386600000000001
0.6369600000000002
0.6377000000000005
0.6342200000000001
0.63804
0.63564
0.6378800000000001
0.6381999999999999
0.6367400000000001
0.63616
0.6399200000000004
0.6369200000000002
0.6349800000000002
0.6389200000000002
0.6372200000000001
0.64242
0.6360000000000001
0.6372399999999998
0.6420200000000003
0.6367799999999998
0.6407599999999998
0.6372
0.6350000000000001
0.64012
0.63792
0.6395000000000002
0.6404799999999998
0.6372199999999999
0.6362199999999999
0.6373800000000001
0.6342199999999999
0.63888
0.6363200000000001
