0.19999999999999962
0.36959999999999993
0.5620999999999998
0.57514
0.5784999999999999
0.5782200000000002
0.5840399999999998
0.5786799999999996
0.5847199999999999
0.5792399999999998
0.58046
0.57796
0.5808800000000002
0.5808199999999999
0.5803200000000001
0.5806599999999997
0.57918
0.5808600000000002
0.57912
0.58154
0.5808400000000001
0.58312
0.5814599999999999
0.5833
0.5805000000000002
0.5817200000000002
0.5779399999999998
0.5803000000000003
0.5807000000000001
0.57882
0.5830199999999998
0.5792600000000001
0.57956
0.57932
0.5810600000000001
0.5772399999999999
0.57888
0.5826000000000002
0.5822999999999997
0.5798600000000002
0.5819
0.58044
0.5796600000000001
0.5797999999999996
0.5829200000000001
0.5784999999999999
0.57894
0.5798800000000002
0.58126
0.5792000000000002
0.5820599999999999
0.58266
0.57692
0.5813400000000003
0.5831599999999999
0.57962
0.58296
0.5805800000000001
0.5795600000000002
0.5813200000000002
0.5792399999999999
0.5868599999999999
0.5789400000000003
0.5791999999999997
0.5802800000000001
0.5798000000000001
0.5779200000000002
0.5799600000000001
0.5862400000000003
0.5799799999999999
0.5780000000000001
0.5824599999999998
0.57894
0.5781000000000003
0.58008
0.5790799999999999
0.5770000000000001
0.5802199999999997
0.58148
0.5783400000000002
0.5832400000000001
0.58166
0.57952
0.5812599999999999
0.5811600000000002
0.5810400000000001
0.57958
0.58144
0.5804799999999998
0.57748
0.5795199999999999
0.5791
0.5788600000000002
0.58144
0.57818
0.5794800000000001
0.5815800000000002
0.5785800000000001
0.5822599999999999
0.57906
0.5752400000000002
0.5809199999999999
0.5777599999999999
0.5794599999999999
0.5808199999999997
0.5841800000000001
0.5794800000000001
0.57848
0.58018
0.5815999999999998
0.58
0.5808599999999999
0.5843400000000001
0.57806
0.5776999999999998
0.5799599999999999
0.5807199999999999
0.58126
0.5831000000000002
0.57804
0.5823399999999999
0.58014
0.5826399999999999
0.5791
0.5823200000000002
0.5817199999999998
0.5794200000000003
0.57822
0.5830800000000003
0.5796600000000001
0.5799000000000004
0.5782400000000001
0.5790800000000002
0.5805199999999998
0.5810399999999999
0.58122
0.5785199999999998
0.58042
0.57918
0.5801400000000004
0.58128
0.5829800000000002
0.58216
0.5833600000000001
0.5816599999999997
0.58176
0.57838
0.5771600000000001
0.5799599999999999
0.57694
0.5821599999999999
0.5813599999999999
0.5825800000000001
0.5827399999999998
0.57904
0.57794
0.5795599999999997
0.5833000000000002
0.57882
0.5759599999999999
0.5845199999999998
0.57948
0.57712
0.5788
0.5821000000000001
0.5803800000000001
0.57856
0.5798200000000001
0.5809999999999998
0.58014
0.5806600000000001
0.5827200000000001
0.5823400000000001
0.5782199999999998
0.5818000000000001
0.5808799999999998
0.5803600000000002
0.5787
0.57624
0.5795199999999999
0.5786399999999997
0.5804199999999998
0.5834400000000003
0.58098
0.5804199999999999
0.5810000000000001
0.57766
0.5844799999999999
0.5795200000000001
0.58064
0.5779800000000002
0.5811000000000002
0.5805
0.5797800000000004
0.5792000000000003
0.5795200000000001
0.5827800000000001
0.57748
0.57892
0.5843799999999999
0.5816
0.58062
0.58152
0.5782200000000003
0.5826800000000002
0.5838000000000002
0.5866800000000001
0.5801800000000003
0.5830200000000001
0.5791999999999999
0.5806399999999999
0.5824399999999997
0.5798200000000001
0.58532
0.5801
0.5785599999999999
0.57798
0.5802000000000002
0.5785799999999999
0.58096
0.5814
0.5820000000000001
0.58204
0.5832800000000001
0.5800599999999999
0.5772200000000001
0.5796800000000001
0.5814000000000001
0.5781600000000001
0.5808599999999996
0.5797800000000002
0.5778400000000001
0.58164
0.5792399999999999
0.5783399999999999
0.58812
0.5809000000000001
0.57882
0.5804600000000001
0.5810199999999996
0.5802400000000001
0.5816199999999999
0.5807
0.5843200000000002
0.57774
0.57768
0.58038
0.5792799999999999
0.5787600000000002
0.5814999999999998
0.5786399999999999
0.57836
0.5796800000000002
0.5813400000000002
0.5828200000000001
0.5822200000000002
0.5787800000000002
0.58504
0.5775600000000002
0.5834599999999999
0.5819399999999997
0.5796199999999999
0.5806399999999998
0.57936
0.5794599999999999
0.57978
0.5793400000000001
0.5804400000000001
0.5846999999999999
0.5794000000000001
0.5827000000000002
0.5809399999999999
0.5808399999999997
0.5843200000000003
0.58206
0.5782200000000001
0.58156
0.5789599999999999
0.5823999999999999
0.5847000000000001
0.5815800000000001
0.5799200000000001
0.5799400000000001
0.5826800000000001
0.5798200000000002
0.58164
0.5821199999999999
0.5802199999999998
0.5825599999999997
0.5781399999999999
0.58008
0.5798199999999999
0.5778599999999998
0.58124
0.5796199999999999
0.5815799999999999
0.5778800000000004
0.5812999999999997
0.58188
0.58228
0.58076
0.58222
0.5811399999999997
0.57656
0.58268
0.5811400000000004
0.5824599999999999
0.5768
0.5826
0.5811400000000002
0.57634
0.58346
0.5787799999999999
0.57702
0.5803199999999998
0.5852799999999998
0.5771999999999999
0.5834999999999999
0.5789399999999999
0.5816799999999998
0.58478
0.58174
0.5794600000000001
0.5851799999999998
0.5782200000000003
0.57678
0.5819400000000001
0.57812
0.5803399999999997
0.5822399999999999
0.5756600000000001
0.5811599999999996
0.5805800000000002
0.58022
0.5815400000000002
0.5811600000000001
0.5769799999999998
0.5801600000000002
0.5817999999999998
0.5826800000000002
0.5810599999999999
0.5784599999999999
0.5822599999999999
0.58186
0.58376
0.5811600000000001
0.5777999999999999
0.5806599999999998
0.5827
0.57916
0.5809999999999997
0.5847599999999997
0.5767599999999999
0.5805599999999999
0.5805200000000001
0.5795800000000002
0.5784600000000001
0.5786000000000001
0.5793800000000001
0.5806399999999998
0.5818799999999998
0.5818599999999999
0.58026
0.5824999999999999
0.5824800000000002
0.58216
0.5832399999999999
0.58182
0.5814400000000002
0.5753200000000003
0.5786599999999996
0.5777400000000003
0.5837399999999999
0.5808199999999999
0.57904
0.5805600000000002
0.5819199999999999
0.5828000000000001
0.5827399999999998
0.5774199999999999
0.5847800000000001
0.58038
0.5729600000000002
0.5821800000000001
0.5815200000000001
0.5782000000000003
0.5795399999999998
0.5765400000000002
0.5808800000000001
0.5805999999999997
0.5820399999999997
0.5777000000000001
0.5777800000000001
0.5805799999999998
0.5822799999999997
0.5821599999999999
0.5811200000000002
0.5801799999999999
0.5806999999999999
0.57882
0.57866
0.58258
0.5776400000000002
0.5780000000000003
0.58018
0.5837800000000001
0.5811199999999999
0.5822000000000002
0.5820400000000001
0.58168
0.5810000000000001
0.5754599999999999
0.5826
0.57922
0.57618
0.5798199999999999
0.5817199999999999
0.58204
0.5832
0.57808
0.5845600000000002
0.5813400000000001
0.5803199999999998
0.5796399999999999
0.5820000000000001
0.5856999999999999
0.5829399999999999
0.5808399999999998
0.5786399999999998
0.5804400000000001
0.5847199999999999
0.5814999999999998
0.57682
0.58076
0.57898
0.5774199999999999
0.5786400000000003
0.5779200000000002
0.5803800000000003
0.5829599999999998
0.57846
0.58016
0.5811599999999999
0.57914
0.5803000000000001
0.57578
0.5810199999999996
0.5801800000000001
0.5809399999999999
0.5795399999999996
0.58104
0.5802799999999999
0.5799399999999998
0.5802600000000001
0.57898
0.57928
0.5796199999999999
0.5812799999999999
0.57824
0.5817999999999997
0.5828399999999998
0.5791000000000001
0.5788199999999999
0.58116
0.58108
0.57938
0.58148
0.5781999999999998
0.57944
0.5794400000000001
0.5798800000000002
0.5832599999999999
0.5824000000000001
0.5792199999999997
0.5800400000000003
0.5815400000000001
0.5822600000000001
0.5774800000000001
0.58302
0.58274
0.5784400000000001
0.58162
0.5796999999999999
0.58026
0.5799000000000002
0.5820600000000001
0.5823200000000001
0.5796600000000001
0.58648
0.5810799999999999
0.58164
0.5808800000000001
0.5821599999999997
0.5755199999999999
0.5819999999999999
0.5818
0.5835799999999999
0.581
0.5823
0.5837600000000002
0.5791400000000001
0.5801200000000001
0.5833000000000002
0.5781799999999999
0.5815800000000002
0.5822600000000001
0.57536
0.5805400000000004
0.5794999999999998
0.5853000000000003
0.5802600000000001
0.58362
0.5804200000000003
0.5813399999999999
0.58064
0.5833000000000002
0.5820800000000002
0.5789800000000003
0.5790000000000003
0.5785200000000001
0.5792999999999998
0.5811599999999999
0.5790999999999998
0.5821599999999999
0.5807000000000001
0.5819999999999999
0.5848599999999999
0.5818800000000002
0.5756000000000001
0.5787800000000001
0.5815599999999997
0.58034
0.5804200000000002
0.57708
0.5791000000000005
0.5795800000000003
0.5775399999999999
0.5793200000000002
0.57806
0.58042
0.58428
0.58564
0.5798000000000002
0.58198
0.57976
0.5781399999999999
0.58196
0.5836
0.57894
0.5748000000000001
0.5829599999999998
0.5805199999999998
0.5837600000000001
0.5792999999999999
0.5752000000000002
0.5786199999999998
0.5813200000000003
0.5856799999999996
0.57696
0.57774
0.5782600000000001
0.58366
0.57942
0.57826
0.5821600000000002
0.58386
0.5811199999999999
0.57908
0.5755800000000001
0.5823200000000004
0.5813799999999999
0.58078
0.5828199999999996
0.5795
0.5799799999999999
0.57992
0.5787200000000002
0.5803800000000002
0.57938
0.5808799999999998
0.5827800000000001
0.5781000000000003
0.5776
0.58022
0.58152
0.5831399999999999
0.5809400000000001
0.5792999999999997
0.5803799999999998
0.5812199999999998
0.5797400000000001
0.57882
0.58358
0.5833200000000001
0.5808000000000002
0.5833200000000001
0.5839400000000001
0.5812999999999999
0.5795399999999998
0.5809400000000001
0.5791999999999998
0.5777399999999999
0.5773400000000001
0.5818600000000002
0.5794799999999999
0.5800200000000002
0.57662
0.5818000000000002
0.5840400000000001
0.5815800000000002
0.5761200000000001
0.58176
0.5781800000000004
0.5775199999999999
0.5822599999999999
0.5795199999999998
0.5807000000000003
0.5819800000000002
0.58124
0.5788000000000001
0.5777399999999998
0.5815400000000002
0.5846000000000001
0.5843799999999999
0.5846400000000002
0.5804200000000002
0.5784399999999998
0.5824800000000002
0.5795400000000002
0.5745999999999998
0.5810999999999997
0.57842
0.5848000000000001
0.5816399999999999
0.5806399999999999
0.57946
0.5810400000000001
0.5808399999999999
0.5800400000000001
0.5776999999999998
0.5792400000000003
0.5821599999999999
0.5787000000000001
0.5789199999999999
0.58126
0.5802999999999998
0.579
0.5767399999999999
0.57896
0.58094
0.5786799999999999
0.5782
0.5841799999999996
0.5798000000000002
0.5793800000000001
0.5773600000000001
0.58292
0.5769600000000001
0.5833400000000002
0.57848
0.57874
0.58234
0.58192
0.5826399999999998
0.5858399999999999
0.5823600000000001
0.5807400000000001
0.57866
0.5777599999999999
0.5764600000000002
0.578
0.5799
0.5818000000000001
0.5773199999999998
0.5789000000000002
0.5802599999999999
0.5796600000000002
0.57806
0.5801799999999999
0.5767400000000003
0.5771800000000001
0.5795600000000002
0.5798399999999999
0.58386
0.58416
0.5769000000000001
0.58256
0.5844399999999997
0.5803199999999997
0.5770600000000001
0.58318
0.5830199999999999
0.5794400000000001
0.5739599999999999
0.57898
0.5788400000000002
0.5804199999999998
0.5785999999999999
0.5789000000000001
0.58042
0.5782400000000001
0.5783400000000001
0.58228
0.57914
0.5806800000000001
0.5798599999999999
0.5805199999999998
0.5812599999999999
0.5803200000000002
0.5845800000000001
0.57972
0.5798799999999996
0.5779599999999999
0.5824000000000001
0.58346
0.5784400000000002
0.5776600000000002
0.57708
0.5793600000000002
0.5786600000000001
0.5833400000000001
0.5776
0.5795400000000002
0.5826600000000001
0.5820000000000002
0.5817599999999998
0.58016
0.5836199999999998
0.5838000000000002
0.5840800000000003
0.5808800000000001
0.5809599999999999
0.5838599999999997
0.5798599999999999
0.5775199999999998
0.5812199999999997
0.5825799999999999
0.57508
0.5779999999999998
0.5818999999999999
0.5798199999999998
0.5812800000000002
0.58132
0.58402
0.5830400000000001
0.5849199999999999
0.5806800000000001
0.57772
0.5809400000000001
0.5842200000000001
0.5816799999999999
0.5831200000000001
0.5833200000000001
0.5795
0.58388
0.58174
0.5789600000000001
0.5806800000000002
0.57956
0.5791200000000001
0.5783799999999998
0.5783800000000001
0.57548
0.5797999999999998
0.5791800000000004
0.5800799999999999
0.5809799999999999
0.5783800000000003
0.58172
0.57546
0.5823600000000001
0.5821599999999999
0.57882
0.5786000000000004
0.5768199999999998
0.57988
0.5828200000000001
0.5841999999999997
0.5859999999999999
0.5759199999999999
0.5819799999999998
0.5747000000000001
0.58282
0.5810800000000002
0.57866
0.58026
0.58028
0.58158
0.5827800000000001
0.5810200000000004
0.5780799999999996
0.5792800000000001
0.58514
0.5837600000000002
0.5815400000000002
0.58538
0.5795600000000001
0.57782
0.57952
0.5798800000000002
0.5809
0.5847399999999999
0.5807200000000001
0.5821599999999999
0.5788
0.57916
0.5816600000000001
0.5810599999999997
0.57954
0.5833399999999997
0.5809600000000001
0.58216
0.5774599999999999
0.58466
0.5827000000000001
0.5767600000000003
0.58414
0.5790200000000003
0.5815199999999999
0.5797599999999999
0.5811400000000001
0.5790799999999998
0.58012
0.5810000000000004
0.5825000000000002
0.58406
0.5822799999999999
0.5801200000000001
0.58206
0.58088
0.5810799999999998
0.5831600000000001
0.57778
0.5821200000000002
0.5832999999999998
0.5783000000000005
0.58364
0.5808000000000001
0.58064
0.5817
0.5790000000000002
0.5821400000000003
0.5823199999999998
0.5781999999999999
0.5818599999999998
0.57704
0.5763800000000002
0.5804600000000001
0.5779600000000001
0.5829799999999998
0.5801400000000003
0.5770200000000003
0.5800799999999999
0.5828800000000003
0.57966
0.5790000000000001
0.5761599999999999
0.58018
0.5841800000000003
0.5782399999999999
0.5804599999999999
0.57898
0.5768200000000001
0.5773400000000002
0.5844999999999999
0.5848999999999998
0.5821000000000001
0.5757400000000001
0.57864
0.5817999999999998
0.5816200000000001
0.5799800000000002
0.5803999999999998
0.5819000000000001
0.5826600000000003
0.5811399999999999
0.5798200000000001
0.5812200000000002
0.5772800000000001
0.5801400000000002
0.5785399999999996
0.5749200000000002
0.5824400000000001
0.5806199999999999
0.5785
0.5794600000000001
0.57776
0.5822400000000001
0.5793800000000001
0.5801
0.5795800000000002
0.58042
0.5793600000000001
0.5790799999999998
0.58248
0.58006
0.5810000000000001
0.58234
0.5795999999999999
0.5760799999999999
0.5786199999999999
0.5818599999999999
0.5803400000000001
0.5805000000000002
0.58082
0.5792200000000003
0.5802999999999999
0.5803000000000003
0.5830199999999999
0.58172
0.5758800000000002
0.5807
0.58264
0.5801799999999999
0.58186
0.57942
0.5796399999999999
0.58338
0.5826199999999998
0.5807999999999999
0.5822799999999999
0.5778200000000001
0.58306
0.5753999999999998
0.5799999999999998
0.5842
0.5786399999999999
0.57952
0.58176
0.5782799999999998
0.5831000000000001
0.5818
0.58314
0.58048
0.5842
0.5786599999999997
0.5831800000000001
0.58302
0.5785
0.5797400000000001
0.5786000000000001
0.5800600000000002
0.58124
0.57752
0.58036
0.5781400000000001
0.5766200000000002
0.5820399999999997
0.5790200000000002
0.58014
0.5773199999999999
0.5781
0.5811800000000001
0.58174
0.57658
0.5774600000000001
0.5818799999999996
0.58208
0.57658
0.5821600000000001
0.5794600000000001
0.5805200000000003
0.5804199999999998
0.58494
0.5827400000000001
0.5788800000000002
0.57782
0.5818600000000003
0.58208
0.5838000000000001
0.5806999999999998
0.5792400000000002
0.5828599999999998
0.5784600000000001
0.5808199999999998
0.5780600000000002
0.5851199999999996
0.58112
0.5808000000000001
0.5799400000000001
0.58014
0.5794999999999998
0.5775399999999999
0.57986
0.57858
0.5813799999999999
0.5795399999999997
0.57756
0.5820600000000001
0.57612
0.5817599999999998
0.5796200000000001
0.5806800000000001
0.5841800000000003
0.5792200000000003
0.5820599999999998
0.5759199999999999
0.5865
0.5813799999999999
0.5797
