0.19999999999999962
0.22718000000000005
0.28718000000000005
0.32374
0.3465399999999999
0.35798
0.36566000000000004
0.36858
0.3740200000000001
0.37174000000000007
0.37174
0.37273999999999996
0.3719000000000002
0.37451999999999974
0.37358
0.37203999999999987
0.36985999999999997
0.37072000000000005
0.36547999999999997
0.3695799999999999
0.37072000000000005
0.37248000000000014
0.3673800000000002
0.36644000000000004
0.3717199999999999
0.37172000000000005
0.3716
0.37237999999999993
0.3754
0.3787199999999998
0.3704799999999999
0.37305999999999995
0.37182000000000004
0.37032000000000004
0.3724399999999999
0.37051999999999985
0.37100000000000016
0.37295999999999985
0.37582000000000015
0.37456000000000017
0.36891999999999997
0.37128
0.36985999999999997
0.37027999999999994
0.3734400000000001
0.3732399999999999
0.37636
0.37085999999999986
0.37352
0.37654
0.37590000000000023
0.37674
0.3761999999999998
0.3724600000000002
0.36977999999999994
0.3664600000000002
0.37262000000000006
0.37446000000000007
0.3770200000000002
0.3794400000000001
0.37278
0.37644
0.37410000000000027
0.37285999999999997
0.3735999999999999
0.36988000000000004
0.3696200000000001
0.368
0.36948000000000014
0.37214000000000014
0.3684599999999999
0.36838
0.37520000000000003
0.3753
0.3748800000000002
0.3769200000000001
0.37528
0.3715600000000002
0.3704799999999999
0.3699
0.3709000000000001
0.3718400000000001
0.3759
0.37582000000000015
0.37776000000000004
0.37934000000000023
0.37367999999999996
0.37412000000000006
0.3754000000000001
0.3748399999999999
0.3758000000000001
0.37579999999999975
0.3755200000000001
0.3728399999999999
0.3715600000000001
0.37416000000000005
0.36808000000000013
0.36918
0.36973999999999996
0.3694799999999999
0.36904000000000003
0.37278
0.37198000000000014
0.3708399999999999
0.37275999999999987
0.37068000000000006
0.37127999999999994
0.37488000000000005
0.37352
0.37493999999999994
0.37204
0.37250000000000016
0.37370000000000003
0.37516
0.37573999999999996
0.3734200000000001
0.37364000000000014
0.37144000000000005
0.37142000000000003
0.37360000000000004
0.37272
0.36878000000000005
0.37208000000000013
0.37163999999999997
0.36944000000000005
0.37248000000000014
0.37166
0.3729
0.37300000000000005
0.37270000000000003
0.36911999999999984
0.37496
0.3743399999999999
0.37438000000000005
0.37216000000000016
0.37160000000000004
0.37373999999999996
0.3714400000000001
0.37048000000000003
0.3748999999999999
0.37277999999999983
0.36739999999999995
0.36878
0.37316000000000005
0.37191999999999986
0.36926000000000003
0.3728
0.3709400000000001
0.37158
0.37646000000000024
0.37401999999999985
0.3753200000000001
0.3739800000000001
0.37549999999999983
0.37627999999999995
0.37592
0.3758200000000001
0.3742800000000001
0.3767399999999999
0.37651999999999997
0.37628000000000017
0.3755399999999999
0.37228
0.3736399999999999
0.37373999999999996
0.37388000000000005
0.3735799999999999
0.3749400000000002
0.37348000000000003
0.3718799999999999
0.37186
0.37632000000000004
0.37496
0.37257999999999997
0.3741600000000001
0.37461999999999995
0.37035999999999986
0.37569999999999987
0.3729000000000001
0.37550000000000006
0.3702000000000001
0.37012
0.3725799999999999
0.37002000000000007
0.3698999999999999
0.37026
0.3706599999999999
0.3704000000000001
0.36992
0.36889999999999984
0.36999999999999994
0.3703999999999999
0.37261999999999995
0.3758800000000001
0.3798
0.3780799999999999
0.3722199999999998
0.37100000000000016
0.3741399999999999
0.3724000000000002
0.3753
0.3755999999999999
0.37331999999999993
0.3721000000000001
0.3720199999999999
0.37333999999999995
0.37522000000000005
0.3759000000000002
0.3725200000000001
0.3729800000000001
0.37332
0.37501999999999996
0.37663999999999986
0.37756000000000006
0.37560000000000004
0.37249999999999983
0.37149999999999994
0.37189999999999995
0.3684999999999999
0.37012
0.3706399999999999
0.3741599999999998
0.37272000000000005
0.37562000000000006
0.3734000000000002
0.37298000000000014
0.37494
0.3732000000000001
0.37373999999999996
0.3700399999999998
0.36899999999999994
0.37484000000000006
0.37585999999999997
0.3698
0.3740999999999998
0.37209999999999965
0.3714800000000001
0.3704
0.37127999999999983
0.3756600000000001
0.37088
0.37255999999999984
0.36856
0.3733399999999999
0.3727200000000001
0.3742599999999999
0.37321999999999983
0.37281999999999976
0.36894
0.37274000000000024
0.37244000000000005
0.3725400000000001
0.36959999999999993
0.37111999999999995
0.3757999999999999
0.37526
0.37332000000000015
0.36694000000000004
0.36609999999999976
0.37077999999999994
0.3674000000000001
0.3710600000000001
0.37606000000000006
0.37158000000000035
0.37220000000000014
0.37334
0.37186
0.37223999999999985
0.37622000000000017
0.37422000000000005
0.37294000000000005
0.3733600000000001
0.3667
0.3708599999999999
0.37217999999999996
0.37573999999999996
0.3742799999999999
0.37677999999999995
0.3746999999999999
0.37722
0.37676000000000004
0.37416000000000005
0.3720399999999999
0.36937999999999993
0.36782
0.37184000000000017
0.37376
0.37362000000000006
0.3715200000000001
0.37101999999999996
0.37492
0.3690000000000001
0.37083999999999995
0.37532
0.37451999999999996
0.37546
0.3770399999999999
0.3750199999999999
0.37242
0.37176000000000003
0.37005999999999994
0.37207999999999997
0.3723199999999997
0.37094
0.3707199999999999
0.3711199999999999
0.37513999999999986
0.37243999999999994
0.3729200000000001
0.3710799999999999
0.3693200000000001
0.3730400000000001
0.37467999999999996
0.37160000000000004
0.37541999999999986
0.37268
0.37383999999999995
0.37820000000000015
0.3715
0.3707399999999999
0.3693399999999998
0.3699
0.37687999999999994
0.37523999999999996
0.3729200000000001
0.36940000000000006
0.3739599999999998
0.37438000000000016
0.37422000000000005
0.37485999999999997
0.3725599999999998
0.3742200000000001
0.3738000000000001
0.3705000000000001
0.36882
0.37388000000000005
0.3731399999999998
0.37050000000000005
0.37388000000000005
0.37348000000000003
0.37350000000000017
0.3692999999999998
0.36984000000000017
0.3741599999999999
0.3735399999999999
0.37351999999999996
0.3710399999999999
0.3744400000000001
0.37278
0.37761999999999984
0.37151999999999996
0.37077999999999994
0.3707999999999999
0.37242000000000003
0.3770199999999999
0.37628
0.3742399999999999
0.37286
0.37408
0.3726
0.37364
0.37200000000000005
0.3732399999999999
0.37226
0.37156000000000006
0.37114000000000025
0.37239999999999995
0.37650000000000006
0.3752200000000001
0.3718600000000001
0.3705599999999999
0.37172000000000005
0.3719199999999999
0.37108
0.37300000000000005
0.37169999999999986
0.3707800000000001
0.36874000000000007
0.36905999999999994
0.37404
0.3751
0.37516
0.37348000000000003
0.37238
0.3717799999999999
0.37209999999999993
0.3727200000000001
0.37107999999999997
0.3703
0.37278
0.3727799999999998
0.37428000000000017
0.37396000000000007
0.37815999999999983
0.38148
0.3782
0.3751
0.3742200000000003
0.37399999999999983
0.36923999999999985
0.36846
0.3741599999999999
0.37504000000000004
0.3749
0.3715600000000002
0.37612000000000007
0.37507999999999986
0.37451999999999985
0.36974
0.37189999999999995
0.36998000000000003
0.3737799999999998
0.3741599999999998
0.3744000000000001
0.3705800000000001
0.36998000000000014
0.37378000000000017
0.37267999999999996
0.3682399999999999
0.37011999999999995
0.37222
0.37070000000000003
0.36864
0.37384
0.37310000000000004
0.37138000000000004
0.36913999999999997
0.37268
0.37209999999999993
0.37612000000000007
0.37362
0.37108000000000013
0.37301999999999985
0.3701599999999998
0.3746999999999999
0.3725200000000001
0.36905999999999994
0.3673200000000001
0.3721799999999999
0.3708399999999999
0.37488
0.37518
0.36963999999999997
0.3734199999999999
0.37860000000000005
0.37736
0.3789399999999999
0.3753800000000001
0.37479999999999997
0.3738200000000002
0.3713
0.37355999999999995
0.3704600000000001
0.37446000000000024
0.37333999999999995
0.3753200000000001
0.3767600000000002
0.37626
0.3738399999999998
0.3685599999999999
0.36980000000000013
0.36988000000000015
0.37274
0.37204000000000015
0.3732000000000001
0.37109999999999993
0.37112000000000017
0.37012000000000006
0.3710000000000001
0.37010000000000004
0.37207999999999997
0.3724199999999999
0.37388000000000005
0.37334
0.37608
0.37161999999999984
0.37371999999999983
0.37656
0.37427999999999995
0.3757999999999999
0.3779799999999999
0.37530000000000013
0.37685999999999986
0.37504000000000004
0.3735799999999999
0.37391999999999986
0.37361999999999995
0.37345999999999996
0.37286
0.3768599999999999
0.3735000000000001
0.36998
0.3682800000000001
0.36998000000000003
0.37282
0.37128000000000005
0.37696000000000013
0.37772
0.37517999999999985
0.37563999999999986
0.3753400000000001
0.37140000000000006
0.37223999999999996
0.3732800000000001
0.3713999999999998
0.3705999999999999
0.3725800000000002
0.37317999999999985
0.3704799999999998
0.37326
0.3730400000000001
0.3732600000000001
0.37738
0.3751000000000001
0.3733200000000001
0.37302
0.3707200000000001
0.37394000000000005
0.37408000000000013
0.37616
0.3765800000000001
0.37618000000000007
0.37268000000000007
0.37546
0.37484
0.37345999999999985
0.3722999999999999
0.3728000000000003
0.37711999999999996
0.37805999999999984
0.37189999999999995
0.3729200000000001
0.3734799999999999
0.37226000000000004
0.3738200000000001
0.3707999999999999
0.37365999999999977
0.37612
0.37453999999999993
0.37686
0.37559999999999993
0.3742399999999999
0.3757599999999999
0.3728799999999998
0.37399999999999983
0.37582
0.3781799999999996
0.3782399999999999
0.37634
0.37645999999999996
0.37213999999999986
0.36763999999999997
0.3709
0.36723999999999996
0.36685999999999985
0.37094
0.37216
0.3734399999999999
0.3727800000000001
0.36983999999999995
0.3714399999999998
0.3699
0.37197999999999987
0.3718799999999999
0.36985999999999997
0.3748400000000002
0.3772
0.37408
0.37072000000000005
0.37370000000000003
0.37346
0.37250000000000016
0.3780400000000001
0.3747399999999999
0.37094
0.3680199999999998
0.36945999999999996
0.3730399999999999
0.37072000000000005
0.37246000000000024
0.37390000000000007
0.37226000000000004
0.37511999999999995
0.37398
0.37738000000000005
0.3745000000000002
0.3700800000000002
0.36556000000000005
0.36995999999999996
0.37356
0.3719199999999999
0.37273999999999996
0.37632000000000004
0.37353999999999987
0.3744400000000001
0.37232000000000004
0.37168000000000007
0.3718799999999999
0.37356
0.3758000000000001
0.37388
0.37246
0.37444000000000005
0.37567999999999985
0.37624
0.3727
0.3762000000000001
0.3758600000000001
0.37677999999999995
0.3759799999999999
0.3707399999999999
0.3747599999999999
0.37431999999999976
0.37284
0.37105999999999995
0.37265999999999994
0.37637999999999994
0.37718
0.37964
0.37319999999999987
0.37714000000000014
0.37352
0.3716599999999998
0.37377999999999995
0.3703
0.37377999999999983
0.37366
0.37227999999999994
0.3780200000000003
0.37573999999999996
0.37668000000000007
0.3758199999999999
0.37158
0.36999999999999994
0.37116
0.37120000000000014
0.3719199999999999
0.37303999999999987
0.3727
0.3730800000000003
0.37284
0.37431999999999993
0.37226000000000004
0.37264
0.3732999999999999
0.3773599999999999
0.3715600000000002
0.37478
0.3749599999999999
0.37327999999999995
0.37120000000000003
0.37242000000000014
0.37132
0.36762
0.37196000000000007
0.37350000000000017
0.3746199999999999
0.37726000000000004
0.37682000000000015
0.3755999999999999
0.37457999999999997
0.3731599999999998
0.37265999999999994
0.3702599999999998
0.3712399999999999
0.37218
0.37488
0.37725999999999993
0.3766400000000001
0.37372000000000016
0.37542000000000003
0.3743799999999999
0.37133999999999995
0.3729800000000001
0.37525999999999987
0.37889999999999996
0.37732
0.37622
0.37526
0.3744599999999998
0.3775200000000002
0.3736399999999999
0.37012
0.37244000000000016
0.37235999999999997
0.3729000000000001
0.3709599999999999
0.37418
0.36899999999999983
0.3709399999999999
0.3714400000000001
0.3729199999999999
0.3732
0.37218
0.3743599999999999
0.3683799999999999
0.36888
0.37120000000000014
0.37255999999999995
0.3688199999999999
0.37226000000000015
0.37085999999999997
0.3729
0.3746799999999999
0.3710200000000002
0.36966
0.36824000000000007
0.36860000000000015
0.3729800000000001
0.3720999999999999
0.3697199999999999
0.3729399999999999
0.3709800000000001
0.3675399999999999
0.36783999999999983
0.36918000000000006
0.37026000000000003
0.37492
0.3714200000000001
0.36994000000000005
0.37372000000000005
0.37445999999999996
0.37284000000000006
0.37463999999999986
0.37555999999999995
0.3747799999999999
0.37144000000000005
0.3750200000000001
0.37364
0.36862
0.3707800000000001
0.36904
0.37164000000000014
0.3757800000000002
0.3708400000000001
0.3703600000000001
0.3726800000000001
0.3729599999999999
0.3753599999999999
0.37464
0.3769400000000001
0.3753799999999999
0.37697999999999987
0.37924000000000013
0.37762
0.3737
0.37370000000000003
0.37134000000000006
0.3701
0.3706399999999999
0.37420000000000003
0.3691199999999998
0.3695200000000001
0.3711200000000001
0.3710199999999999
0.37329999999999997
0.37550000000000006
0.37345999999999996
0.3755399999999999
0.37154000000000004
0.3721799999999999
0.37398000000000003
0.3753599999999999
0.3764399999999997
0.37546000000000007
0.37342000000000014
0.37213999999999997
0.37106000000000017
0.3728800000000001
0.37559999999999993
0.37717999999999996
0.3751600000000002
0.37492
0.37422
0.3753599999999999
0.3745999999999999
0.37182000000000004
0.37124
0.3742999999999999
0.3717999999999999
0.3677
0.37151999999999985
0.3720999999999999
0.37168000000000007
0.37412000000000006
0.37076
0.3715800000000001
0.3713200000000001
0.37263999999999986
0.37122
0.3720199999999999
0.3721199999999999
0.37217999999999996
0.37236000000000014
0.3733999999999999
0.3735199999999999
0.37210000000000015
0.37016000000000004
0.37370000000000003
0.3730200000000002
0.37214000000000014
0.3704999999999999
0.37432000000000004
0.37546
0.37329999999999997
0.3689800000000002
0.3715600000000001
0.3708600000000001
0.3741800000000001
0.3747600000000002
0.3730599999999999
0.3689199999999999
0.3695399999999998
0.3732000000000001
0.37314000000000014
0.37116000000000005
0.3683400000000001
0.37097999999999987
0.3732399999999999
0.3704800000000001
0.3727399999999998
0.37149999999999994
0.37282
0.37211999999999995
0.37512000000000006
0.3729799999999999
0.3759400000000001
0.37406
0.3741399999999998
0.37446000000000007
0.3726
0.3731400000000001
0.37432000000000015
0.37274
0.3776000000000001
0.37824000000000013
0.3766
0.37547999999999976
0.37583999999999995
0.37455999999999984
0.3716199999999999
0.3724799999999998
0.3733400000000001
0.37056000000000017
0.3717999999999999
0.37306000000000017
0.3757799999999999
0.37235999999999997
0.37238000000000016
0.3757400000000001
0.3798600000000001
0.3771
0.37579999999999997
0.3718400000000001
0.3681599999999999
0.37242
0.3728000000000001
0.3741200000000001
0.37283999999999984
0.37633999999999984
0.3747000000000002
0.3716400000000001
0.37337999999999993
0.3720600000000002
0.37517999999999996
0.37703999999999993
0.37476
0.3695600000000001
0.37145999999999996
0.37169999999999986
0.3726400000000002
0.3735599999999999
0.37244000000000005
0.37032
0.37427999999999995
0.3756399999999999
0.37288000000000004
0.37517999999999996
0.3759
0.3776999999999998
0.37629999999999997
0.3735000000000001
0.37648000000000004
0.37192000000000003
0.3693600000000001
0.37101999999999996
0.3730799999999999
0.3753999999999999
0.37714000000000003
0.37894
0.37846
0.37243999999999994
0.3735799999999998
0.3706800000000001
0.3728600000000001
0.37156
0.37109999999999993
0.3715599999999999
0.37114
0.37332
0.3767799999999999
0.37379999999999997
0.37351999999999996
0.37226000000000004
0.37378
0.37734
0.37585999999999997
0.3715200000000001
0.37074000000000007
0.37271999999999994
0.37378000000000006
0.37464
0.36942
0.3729200000000001
0.37699999999999995
0.37318000000000007
0.3728199999999999
0.36923999999999985
0.37301999999999985
0.37186
0.37263999999999986
0.36888
0.3707399999999999
0.37170000000000003
0.3717599999999999
0.37187999999999993
0.37174
0.37530000000000013
0.37544
0.37443999999999983
0.3696600000000001
0.37358000000000013
0.37561999999999995
0.3778400000000001
0.3746999999999999
0.37530000000000013
0.3742799999999998
0.37622
0.3770000000000001
0.37408000000000013
0.37528000000000006
0.3706199999999999
0.36944000000000005
0.36898
0.3722999999999999
0.3747999999999999
0.37152
0.37536
0.37385999999999986
0.37242000000000003
0.37328000000000006
0.3694400000000001
0.37052
0.37001999999999996
0.37589999999999985
0.37790000000000007
0.3749999999999997
0.37150000000000005
0.3718799999999999
0.3709
0.37025999999999987
0.37066000000000016
0.3729399999999999
0.3694000000000001
0.37511999999999984
0.3770200000000001
0.3729199999999999
0.37674
0.37662000000000007
0.3725599999999998
0.37265999999999994
0.3747599999999999
0.37106
0.37262000000000023
0.37022
0.3707799999999997
0.37097999999999987
0.37263999999999997
0.37282000000000004
0.37501999999999996
0.37514
0.3716999999999999
0.3702400000000001
0.37236000000000014
0.3765200000000001
0.37309999999999993
0.37239999999999995
0.37748000000000004
0.3731999999999999
0.3732599999999999
0.3737599999999998
0.37309999999999993
0.36983999999999995
0.3703
0.3699799999999999
0.36805999999999983
0.37271999999999994
0.37254
0.3735199999999999
0.37106
