0.19999999999999962
0.3056399999999998
0.4521800000000003
0.4917199999999999
0.5073200000000001
0.51206
0.5145399999999999
0.5136600000000002
0.5140400000000005
0.5147200000000001
0.5159400000000002
0.5169399999999998
0.5135199999999999
0.5186200000000001
0.5183599999999999
0.5183200000000002
0.5169200000000003
0.5184399999999999
0.5134199999999998
0.5170200000000001
0.5138599999999998
0.5126200000000001
0.5117400000000001
0.5136
0.51226
0.5106800000000001
0.51922
0.5160800000000001
0.51594
0.5133199999999999
0.5130400000000002
0.5109000000000001
0.5133400000000002
0.5144
0.51506
0.51566
0.5148599999999999
0.5162800000000002
0.51664
0.5158600000000003
0.5165399999999999
0.5144200000000001
0.5167599999999999
0.5103199999999999
0.5128599999999999
0.50778
0.5129000000000001
0.51634
0.5120600000000003
0.5143200000000001
0.5147199999999997
0.5107800000000001
0.51414
0.5150999999999998
0.5183800000000002
0.5146399999999999
0.51436
0.51378
0.5139599999999999
0.5145800000000001
0.5155400000000001
0.5171200000000001
0.50934
0.5112600000000002
0.51986
0.5130599999999998
0.51592
0.51156
0.5160399999999999
0.5108
0.5144199999999999
0.5070600000000003
0.5124400000000001
0.5152600000000003
0.5159600000000001
0.51704
0.5212200000000002
0.5207399999999998
0.5159800000000001
0.51356
0.51548
0.5123599999999998
0.5171400000000003
0.5142200000000001
0.5105999999999999
0.5110800000000001
0.5142400000000004
0.5173600000000002
0.5152800000000002
0.5176
0.5125999999999998
0.5172600000000004
0.51664
0.5129
0.5171000000000002
0.5131600000000001
0.5097600000000001
0.5092199999999998
0.5125400000000001
0.5114799999999999
0.51412
0.51326
0.5160399999999999
0.5163599999999999
0.5138400000000001
0.51604
0.5145200000000001
0.5107999999999999
0.5119600000000001
0.51378
0.5141800000000001
0.5172800000000001
0.5125200000000001
0.51134
0.5141999999999998
0.5138800000000003
0.5153200000000003
0.5139
0.5123600000000003
0.5138600000000001
0.5153600000000002
0.5151200000000002
0.50956
0.5147800000000001
0.5107600000000001
0.5127199999999997
0.5141000000000002
0.5155600000000001
0.5155200000000001
0.51172
0.51528
0.5129199999999999
0.51088
0.5132400000000001
0.5145400000000001
0.5129400000000003
0.5128599999999999
0.5139400000000002
0.51378
0.51352
0.5141600000000001
0.5149400000000001
0.5114
0.5119799999999998
0.5133600000000004
0.5160000000000001
0.5187600000000001
0.5156600000000001
0.51276
0.5175799999999999
0.5161800000000002
0.51616
0.5156
0.5157400000000001
0.5156999999999999
0.5127200000000002
0.5202199999999997
0.51788
0.5084000000000001
0.5123000000000001
0.5105200000000001
0.5149799999999999
0.5133399999999999
0.5131000000000001
0.5159000000000001
0.51288
0.50712
0.51462
0.5121999999999999
0.5146400000000002
0.5171600000000002
0.5158200000000002
0.51744
0.5136599999999999
0.5100999999999999
0.51476
0.51396
0.5150000000000001
0.5127600000000001
0.51412
0.51534
0.5122600000000002
0.51646
0.5111800000000001
0.50812
0.5181999999999999
0.5133000000000002
0.5146200000000001
0.5170600000000001
0.5164399999999999
0.5181400000000002
0.5162200000000001
0.51284
0.5156600000000001
0.5151800000000001
0.5089000000000001
0.5084200000000001
0.5153599999999999
0.5163200000000001
0.5126600000000003
0.5135599999999999
0.51436
0.5117200000000001
0.5125000000000001
0.51132
0.5185599999999999
0.5137200000000002
0.5121999999999999
0.5156400000000001
0.51306
0.51198
0.5100200000000001
0.5141800000000002
0.51444
0.5160600000000001
0.5168400000000001
0.5164599999999999
0.51704
0.5179999999999998
0.5165000000000001
0.5159400000000002
0.5150200000000003
0.5172599999999998
0.5142199999999998
0.5147
0.51434
0.5161000000000001
0.5168200000000003
0.5157999999999998
0.51176
0.5161200000000001
0.5146000000000001
0.5110999999999999
0.51572
0.5125599999999999
0.5098199999999999
0.5164600000000001
0.51048
0.5096000000000003
0.51548
0.5120799999999999
0.5170199999999998
0.5171800000000003
0.5171000000000001
0.5113999999999999
0.5126999999999999
0.5102599999999999
0.51524
0.5182800000000003
0.5136000000000002
0.5132799999999996
0.5196800000000001
0.5134000000000003
0.51472
0.5126399999999995
0.5113000000000004
0.5122400000000001
0.5122400000000001
0.51364
0.51348
0.5112199999999999
0.5120399999999998
0.5161600000000001
0.5156199999999999
0.5118799999999999
0.5191
0.5122999999999999
0.5133800000000002
0.5129200000000002
0.51078
0.51182
0.5143
0.5132400000000001
0.5113599999999999
0.5121800000000003
0.5163400000000001
0.51644
0.51512
0.5149
0.5147799999999998
0.5140400000000003
0.5145399999999998
0.5164399999999999
0.5129799999999999
0.51368
0.5155000000000004
0.5146399999999999
0.5102800000000002
0.5138
0.51398
0.5120600000000003
0.5122999999999999
0.5146400000000004
0.5109
0.5129800000000001
0.51612
0.5161399999999999
0.51624
0.5131599999999998
0.5120600000000003
0.5098400000000002
0.51418
0.5146999999999999
0.5144800000000004
0.51658
0.5127400000000001
0.5125600000000001
0.51834
0.5151000000000002
0.51512
0.51402
0.5104000000000001
0.5147400000000001
0.51634
0.5159199999999999
0.51504
0.5154400000000001
0.5148200000000002
0.5136799999999999
0.5143000000000001
0.51544
0.51336
0.5147800000000002
0.5143599999999999
0.5134000000000003
0.5132199999999998
0.5128600000000001
0.5118
0.5148400000000001
0.5167200000000001
0.5138199999999996
0.5172599999999999
0.51814
0.51824
0.5156399999999999
0.5128600000000001
0.5123999999999999
0.5133000000000001
0.5167600000000002
0.5188200000000002
0.5129999999999999
0.5127600000000001
0.5143200000000001
0.5164599999999999
0.51252
0.5154200000000002
0.5153200000000002
0.5138000000000001
0.51646
0.5150400000000004
0.5114400000000002
0.5099599999999997
0.51536
0.5127999999999999
0.5132999999999999
0.5137400000000001
0.5133400000000004
0.5133400000000001
0.51496
0.5132599999999999
0.5113399999999999
0.51516
0.5130000000000003
0.5157199999999998
0.5147800000000001
0.51474
0.51334
0.5118400000000001
0.5157600000000001
0.5134600000000001
0.5113599999999999
0.5137400000000002
0.5186600000000001
0.5147799999999998
0.5117
0.5136999999999999
0.5179400000000001
0.5163
0.5138400000000001
0.51356
0.5149200000000002
0.5124999999999998
0.5142799999999998
0.51698
0.5155000000000001
0.5114599999999997
0.51692
0.5152399999999999
0.51354
0.5134599999999999
0.5173
0.51168
0.51048
0.5067599999999998
0.5163800000000002
0.5147600000000001
0.5164600000000001
0.5141800000000001
0.5146000000000002
0.51524
0.5093199999999999
0.5150999999999999
0.5111
0.5147000000000002
0.5104399999999998
0.5155
0.5125999999999996
0.5128
0.5172200000000002
0.5157
0.5135600000000001
0.5127399999999998
0.51214
0.5139999999999998
0.5135599999999999
0.5130999999999999
0.5110199999999999
0.5134800000000003
0.5153600000000002
0.5136599999999999
0.5146200000000001
0.51566
0.5154
0.51612
0.5171199999999998
0.5115799999999999
0.5107
0.5100400000000002
0.5117000000000002
0.5160400000000002
0.5163800000000002
0.51686
0.51398
0.5157000000000002
0.5156000000000002
0.5120600000000002
0.5143999999999999
0.5170800000000001
0.5140400000000003
0.5147400000000002
0.51424
0.5154200000000002
0.51798
0.5114400000000001
0.5127400000000001
0.51024
0.5148599999999999
0.51156
0.5139400000000002
0.5189199999999998
0.5110600000000002
0.5103600000000003
0.5202999999999999
0.51386
0.5163800000000001
0.5161000000000001
0.51554
0.5182000000000003
0.5164200000000002
0.5143
0.5173199999999999
0.5109999999999999
0.5168799999999998
0.5180200000000003
0.5163400000000001
0.5162599999999999
0.5131999999999999
0.5121600000000002
0.5208200000000002
0.5149400000000001
0.5133000000000001
0.5111400000000001
0.5155400000000002
0.5105199999999999
0.5115799999999999
0.5147800000000001
0.5180999999999998
0.51348
0.5167999999999998
0.5168800000000001
0.5099
0.5163400000000002
0.51532
0.5129400000000001
0.5173400000000004
0.5159799999999999
0.5154200000000001
0.5148800000000001
0.51066
0.5134400000000002
0.5139
0.51506
0.5159799999999999
0.5140400000000002
0.5144000000000003
0.5174000000000002
0.5109599999999999
0.51306
0.5181200000000001
0.5134399999999998
0.5160399999999999
0.5139800000000003
0.51556
0.5145200000000001
0.5161999999999999
0.5109400000000001
0.5155200000000001
0.51474
0.5167599999999999
0.5093000000000002
0.5137799999999998
0.5149799999999999
0.51258
0.5116800000000002
0.5146000000000001
0.5188200000000001
0.5146
0.5146600000000001
0.5160800000000002
0.5167800000000004
0.5201400000000002
0.5122400000000001
0.5155999999999998
0.5116800000000001
0.5163200000000003
0.5174400000000001
0.5122199999999999
0.5139800000000001
0.5124400000000003
0.5163200000000001
0.5170599999999999
0.5154800000000002
0.51266
0.5143000000000001
0.51084
0.5158799999999998
0.5166200000000002
0.5168
0.5165
0.5142599999999998
0.51206
0.5077000000000003
0.5124800000000002
0.5181400000000003
0.5140199999999999
0.5144600000000001
0.5113400000000001
0.50848
0.5146799999999997
0.5134600000000001
0.51526
0.5172199999999999
0.5149400000000002
0.51334
0.51158
0.5171600000000002
0.5118600000000002
0.5170799999999999
0.51728
0.5132399999999997
0.5174799999999999
0.5143399999999999
0.5189
0.5166200000000001
0.51814
0.5179999999999999
0.51552
0.5133800000000003
0.50808
0.51592
0.5124399999999999
0.51572
0.51458
0.5147600000000001
0.5151000000000001
0.5163399999999999
0.51132
0.5086200000000001
0.51178
0.5132399999999998
0.5135799999999999
0.51766
0.5163800000000003
0.51862
0.5151399999999999
0.51454
0.5178999999999999
0.5170799999999999
0.5104599999999998
0.5157600000000001
0.5132
0.5119400000000001
0.5148999999999999
0.5162400000000001
0.5150600000000003
0.5147600000000001
0.5110399999999999
0.5123199999999998
0.5143200000000001
0.51328
0.5170800000000001
0.5132599999999999
0.5181
0.5155800000000001
0.5137400000000002
0.5174799999999998
0.5148800000000002
0.51664
0.5119800000000001
0.5183800000000001
0.5175599999999999
0.5133000000000001
0.5112400000000001
0.5136199999999999
0.51532
0.51138
0.5149200000000002
0.51692
0.51526
0.51384
0.5141000000000001
0.51888
0.50722
0.5153
0.5152399999999999
0.51236
0.5128199999999999
0.5177200000000003
0.5139399999999997
0.5149600000000002
0.5120599999999998
0.5133399999999999
0.51466
0.51418
0.5142800000000001
0.5145000000000003
0.51412
0.5121400000000002
0.5142600000000002
0.5151000000000001
0.5168800000000001
0.51958
0.5120800000000001
0.5115599999999999
0.5153199999999999
0.5133399999999999
0.5101999999999998
0.51834
0.51008
0.5119799999999998
0.5098400000000001
0.51232
0.5128199999999999
0.5156400000000002
0.51458
0.51256
0.51524
0.51688
0.5104000000000001
0.5150799999999998
0.5152999999999999
0.513
0.5141399999999998
0.5193400000000002
0.5172999999999999
0.5138399999999997
0.51244
0.5148600000000001
0.5130000000000002
0.5147000000000003
0.51446
0.5130200000000001
0.5168599999999999
0.5127599999999999
0.51132
0.5138
0.51434
0.5153000000000003
0.5124400000000001
0.5122000000000001
0.5097999999999999
0.5139600000000002
0.5106799999999998
0.5134199999999999
0.5087000000000004
0.51508
0.51282
0.5123800000000003
0.5127000000000003
0.5156800000000001
0.5130200000000003
0.5098800000000001
0.5134000000000002
0.51738
0.5124000000000001
0.5103
0.5177200000000001
0.5148999999999999
0.5132800000000002
0.5132000000000001
0.51362
0.5134200000000002
0.5161199999999999
0.5183800000000002
0.5102
0.5118599999999999
0.51326
0.51648
0.5161399999999999
0.5131999999999999
0.51226
0.51704
0.51744
0.5125799999999998
0.5129000000000004
0.5149200000000002
0.5160600000000002
0.51438
0.51438
0.5155800000000003
0.5165399999999999
0.5151600000000003
0.51536
0.5125200000000001
0.51526
0.5098
0.5161399999999999
0.5120000000000001
0.5139199999999999
0.5115400000000002
0.51268
0.51636
0.5161200000000001
0.51146
0.5141200000000002
0.5141999999999999
0.5170600000000001
0.5166000000000001
0.5148400000000001
0.5136599999999999
0.5177400000000002
0.5170399999999998
0.5153600000000002
0.5089000000000001
0.5135000000000001
0.5121
0.5120000000000001
0.5113400000000001
0.51396
0.5178799999999998
0.5104000000000002
0.5159800000000001
0.5112200000000002
0.51692
0.5180800000000001
0.5120999999999999
0.5150800000000002
0.51262
0.5125600000000001
0.5127799999999998
0.5147400000000002
0.5176800000000003
0.51784
0.51164
0.5117800000000003
0.5151
0.5160000000000001
0.5196599999999997
0.51664
0.5158800000000002
0.5137200000000003
0.5140399999999998
0.51374
0.5136400000000001
0.5124799999999999
0.5140399999999999
0.5163000000000002
0.5123599999999998
0.5145999999999997
0.5137999999999999
0.50928
0.5082199999999999
0.5147399999999999
0.5086000000000002
0.5068400000000001
0.5095199999999999
0.51044
0.5059399999999998
0.5123399999999999
0.51144
0.5147600000000001
0.5112000000000002
0.5169199999999998
0.5145800000000001
0.5125800000000001
0.5133200000000001
0.5137000000000002
0.50908
0.5125000000000001
0.51552
0.5152800000000001
0.5149800000000002
0.5167400000000001
0.5170799999999999
0.51358
0.51362
0.5106799999999999
0.5127000000000002
0.5125400000000001
0.5185600000000004
0.5129199999999999
0.5121799999999999
0.5163000000000002
0.5128199999999997
0.5178400000000001
0.5145599999999999
0.5146000000000001
0.5151199999999998
0.51288
0.5154200000000001
0.5133399999999999
0.51394
0.5162799999999997
0.5151199999999999
0.5147400000000002
0.5142399999999998
0.51536
0.5182199999999998
0.5138800000000002
0.5172200000000001
0.5143800000000001
0.51334
0.5134400000000001
0.51236
0.5135800000000004
0.5140600000000001
0.51164
0.5116599999999999
0.5118000000000003
0.5097800000000003
0.5165000000000002
0.5181000000000001
0.5159199999999999
0.5133600000000001
0.5135000000000003
0.5132599999999999
0.51346
0.51564
0.51422
0.5155000000000001
0.5135199999999999
0.5134600000000001
0.5126600000000002
0.5125000000000002
0.51458
0.51628
0.51334
0.51276
0.5138600000000002
0.5153600000000003
0.5149000000000004
0.5165000000000001
0.5131799999999999
0.5133800000000001
0.5150800000000002
0.5108399999999998
0.5194400000000001
0.5139400000000002
0.5143800000000001
0.51768
0.5122800000000001
0.5114
0.5133400000000001
0.5103600000000001
0.5122200000000002
0.51422
0.5100999999999999
0.5110999999999999
0.51478
0.51206
0.5166599999999999
0.5124000000000001
0.5146799999999999
0.5135999999999998
0.51518
0.51376
0.5124000000000001
0.5115
0.5111800000000001
0.5153800000000001
0.51282
0.5124200000000001
0.5099000000000002
0.5158000000000001
0.5172800000000001
0.51292
0.5133800000000001
0.51146
0.51336
0.51058
0.5143600000000003
0.5162
0.5190800000000003
0.5154600000000003
0.5148000000000001
0.5135600000000001
0.5175999999999998
0.5126600000000002
0.5132000000000001
0.51618
0.5148000000000004
0.5102199999999999
0.5162400000000003
0.5129
0.5142
0.51396
0.5120800000000001
0.5139399999999998
0.5120600000000001
0.51532
0.52244
0.5133600000000001
0.5165799999999998
0.51376
0.51232
0.5099999999999999
0.5102200000000001
0.5123999999999999
0.5125800000000001
0.5133
0.5137999999999999
0.5153999999999997
0.51486
0.5162800000000002
0.5174400000000001
0.5166000000000003
0.5143000000000001
0.51408
0.5135800000000001
0.5159
0.51152
0.5145600000000001
0.5121600000000001
0.5144399999999999
0.51326
0.5132
0.5164600000000001
0.5159599999999999
0.5118999999999997
0.5124200000000001
0.51324
0.5114599999999998
0.5162399999999999
0.5145800000000001
0.5121000000000001
0.5196
0.5155199999999999
0.5160200000000004
0.51176
0.5147600000000001
0.5156200000000001
0.51568
0.5104799999999998
0.5157199999999998
0.5171000000000001
0.51494
0.5157599999999999
0.5142199999999997
0.5154400000000001
0.5165000000000001
0.5128000000000003
0.5151000000000001
0.5118600000000002
0.50882
0.51624
0.5132200000000001
0.51246
0.51284
0.5109599999999999
0.51598
0.5156200000000001
0.5104400000000001
0.5159
0.51454
0.5120600000000002
0.5142799999999998
0.5172399999999999
0.5115
0.5134200000000002
0.5147599999999997
0.5146999999999998
0.5141600000000001
0.51282
0.5147800000000001
0.5148400000000001
0.5148199999999999
0.5094000000000001
0.51502
0.5167000000000003
0.5163599999999999
