0.19999999999999962
0.33049999999999985
0.49998000000000004
0.53156
0.55062
0.5481800000000002
0.5462400000000001
0.55206
0.54918
0.5513599999999999
0.5524400000000003
0.5495399999999999
0.5502400000000001
0.5496000000000001
0.5524399999999998
0.5522599999999999
0.5525399999999999
0.5501000000000001
0.5465800000000001
0.5511199999999997
0.5495599999999999
0.54916
0.54858
0.5475799999999998
0.5510800000000001
0.5495399999999999
0.5490799999999999
0.54634
0.5522600000000001
0.5508199999999998
0.55154
0.55248
0.5489800000000001
0.5488999999999998
0.5564200000000001
0.5526599999999998
0.55218
0.5517000000000001
0.54732
0.54774
0.5496
0.5446199999999998
0.5517200000000002
0.55284
0.5469999999999999
0.5476600000000004
0.5483199999999999
0.5487400000000003
0.54616
0.5484400000000001
0.54968
0.5503000000000001
0.5461400000000001
0.5477600000000001
0.5467000000000001
0.5524800000000001
0.5527799999999999
0.5512200000000003
0.5491599999999999
0.54816
0.5535599999999999
0.5496999999999999
0.5468800000000003
0.55046
0.5472400000000001
0.5466000000000001
0.5502999999999998
0.5488400000000001
0.548
0.5506000000000001
0.5489599999999999
0.5523399999999998
0.5485800000000001
0.54842
0.54802
0.5502200000000003
0.54742
0.5473399999999997
0.549
0.5535799999999998
0.5522
0.54762
0.5482
0.5520800000000002
0.5512400000000001
0.54818
0.5505399999999998
0.5508600000000001
0.5526
0.54844
0.5491
0.5506200000000002
0.54902
0.54932
0.5512999999999999
0.5511399999999999
0.5471999999999997
0.5536200000000001
0.5504199999999998
0.5513800000000001
0.54988
0.5489599999999997
0.54992
0.5534800000000001
0.55026
0.5487399999999998
0.5470000000000002
0.5504399999999999
0.5497399999999999
0.5489399999999999
0.5495799999999998
0.5508599999999999
0.5474600000000001
0.5491400000000002
0.5472
0.5459600000000001
0.55242
0.5501199999999998
0.55204
0.5457800000000002
0.5488199999999999
0.5469
0.5513799999999999
0.5502199999999998
0.5522199999999998
0.5491400000000002
0.5481400000000001
0.5501999999999999
0.5503400000000002
0.5525800000000003
0.5464000000000001
0.54948
0.54988
0.5497999999999997
0.5535399999999997
0.5461400000000001
0.5514200000000001
0.5488000000000001
0.5492199999999998
0.5512199999999998
0.55208
0.5481999999999999
0.5503400000000002
0.5475399999999999
0.5499399999999999
0.55048
0.5499200000000001
0.5519599999999998
0.5494199999999999
0.55064
0.5504799999999999
0.5468599999999999
0.5520600000000002
0.5504400000000002
0.5473999999999998
0.5509200000000001
0.5502800000000001
0.5498200000000003
0.54626
0.55046
0.5469599999999999
0.5518199999999999
0.5477600000000004
0.55266
0.5502199999999998
0.5477000000000001
0.5527999999999998
0.54944
0.54882
0.5477999999999997
0.55328
0.5469199999999999
0.5474800000000003
0.5502800000000003
0.5506599999999999
0.5481199999999998
0.5465800000000003
0.54644
0.5517400000000001
0.5496200000000002
0.5486600000000003
0.55202
0.5498200000000004
0.5525599999999998
0.5465999999999996
0.5514999999999999
0.5505
0.5457200000000002
0.5500599999999999
0.5523599999999999
0.54608
0.5512
0.54826
0.5527199999999999
0.5472400000000001
0.54952
0.5471199999999999
0.5481199999999998
0.5485999999999999
0.5505200000000002
0.5489200000000001
0.5519799999999997
0.5499599999999999
0.54778
0.5493599999999998
0.5499399999999999
0.54812
0.5488000000000003
0.55046
0.5542199999999999
0.5483199999999999
0.5452999999999999
0.5450000000000002
0.5493600000000002
0.5484999999999999
0.5471999999999998
0.5485
0.54982
0.54806
0.55356
0.54942
0.5501599999999999
0.5504200000000001
0.5496599999999999
0.54974
0.5503000000000001
0.5494400000000002
0.5492800000000003
0.5509199999999997
0.5521399999999999
0.5512600000000002
0.5460600000000002
0.5536600000000002
0.5452199999999999
0.5492199999999998
0.5478000000000002
0.5474800000000001
0.5513599999999999
0.55306
0.5471999999999999
0.5468
0.5483400000000002
0.5457799999999999
0.54924
0.5513200000000001
0.55284
0.5517200000000002
0.5502999999999997
0.5507
0.5500800000000001
0.5514400000000003
0.5485599999999999
0.5511000000000003
0.5495399999999999
0.54966
0.55048
0.5501400000000003
0.5469999999999999
0.5494199999999999
0.5536400000000001
0.5505600000000002
0.54852
0.54814
0.5488600000000001
0.5472400000000001
0.5510400000000001
0.5475600000000002
0.5505999999999998
0.5464399999999999
0.5514200000000001
0.5480999999999999
0.5502199999999999
0.5500199999999998
0.5460399999999997
0.5504000000000001
0.5482799999999998
0.54978
0.5496599999999999
0.5498799999999999
0.5505800000000002
0.5505399999999999
0.5531200000000003
0.54988
0.5503199999999999
0.5505999999999999
0.5505400000000001
0.5520000000000003
0.5517399999999999
0.5488400000000001
0.5457800000000002
0.54982
0.55116
0.5523199999999999
0.5487400000000001
0.5527799999999999
0.5524399999999998
0.5565399999999999
0.54876
0.55294
0.5532400000000001
0.5514
0.5486
0.5510000000000002
0.5488999999999998
0.5480600000000002
0.5484999999999999
0.5488200000000001
0.55018
0.5513999999999999
0.5518000000000002
0.5489799999999998
0.5488200000000001
0.54776
0.54834
0.5501399999999999
0.5471999999999999
0.5486599999999999
0.55038
0.5504799999999999
0.5490199999999998
0.5493399999999998
0.5517799999999997
0.54982
0.54754
0.5482600000000001
0.5532800000000001
0.5485399999999998
0.5514600000000001
0.5476800000000001
0.5529000000000001
0.5484800000000001
0.5521600000000002
0.55356
0.5457799999999999
0.5494000000000002
0.5471999999999998
0.5489999999999998
0.5517
0.5506
0.5487399999999998
0.5482999999999998
0.54878
0.5498599999999999
0.5487000000000002
0.5475399999999998
0.5476000000000001
0.5512999999999999
0.5548799999999998
0.5521999999999999
0.5518199999999999
0.54818
0.5520600000000003
0.5474599999999998
0.5479199999999997
0.5494799999999997
0.5503800000000001
0.5524
0.54978
0.55028
0.5500600000000001
0.5510799999999997
0.5524399999999999
0.5439
0.5518800000000001
0.5507
0.54744
0.5501199999999999
0.5526799999999998
0.54818
0.5481400000000001
0.5483000000000001
0.5516599999999999
0.5481799999999999
0.5520400000000002
0.5469800000000001
0.54916
0.54848
0.54554
0.5498999999999999
0.55204
0.5521999999999999
0.5538200000000001
0.5469
0.5474599999999997
0.55276
0.54588
0.5489599999999998
0.55106
0.5514799999999999
0.5519399999999999
0.5520400000000001
0.55254
0.5480200000000002
0.5512600000000001
0.5511600000000001
0.55366
0.5502199999999999
0.5495799999999998
0.55058
0.55076
0.5495599999999999
0.5492400000000002
0.5496399999999999
0.5518800000000001
0.5500600000000001
0.5509
0.5508199999999999
0.5495199999999998
0.5504199999999999
0.5519599999999999
0.55106
0.55132
0.5485000000000001
0.55128
0.55322
0.5502400000000002
0.5481999999999999
0.5509999999999998
0.5479199999999999
0.5525599999999998
0.5508000000000001
0.54946
0.5493600000000001
0.5454800000000002
0.5507600000000002
0.5482600000000002
0.5509599999999997
0.5516200000000001
0.5507999999999998
0.5447200000000002
0.5509999999999998
0.5503600000000001
0.5517999999999998
0.54984
0.5493600000000002
0.5513599999999997
0.54926
0.5476799999999998
0.5491199999999997
0.5485000000000001
0.5438799999999999
0.5537799999999998
0.5481400000000002
0.5479399999999999
0.5508800000000003
0.5479999999999999
0.5486800000000002
0.5464399999999998
0.5462799999999998
0.5503800000000002
0.5493799999999996
0.5482
0.5484800000000002
0.5521999999999997
0.5478599999999999
0.5489399999999999
0.5526999999999997
0.5512
0.5478400000000001
0.54628
0.54826
0.5504200000000001
0.5487399999999999
0.5486800000000001
0.55068
0.5520999999999998
0.55132
0.55308
0.5526600000000002
0.5514199999999999
0.5492800000000004
0.5510800000000002
0.5526599999999999
0.5503199999999997
0.54842
0.55244
0.5489400000000001
0.54572
0.5532199999999999
0.5456200000000001
0.55046
0.54458
0.5490600000000001
0.5512600000000001
0.5502399999999998
0.5542199999999999
0.5494399999999998
0.5480000000000002
0.5493999999999998
0.5478400000000002
0.54662
0.5504400000000002
0.5478399999999999
0.5511999999999999
0.5515400000000001
0.5477600000000001
0.5504600000000002
0.5485800000000001
0.5536800000000001
0.5493199999999998
0.5494599999999998
0.5528199999999999
0.55064
0.5493399999999999
0.5517999999999997
0.54886
0.5499400000000001
0.54744
0.5501800000000001
0.5515
0.5504199999999999
0.5498000000000001
0.5499399999999999
0.54944
0.5507
0.5493199999999999
0.5492799999999999
0.5472600000000002
0.5490400000000002
0.5529
0.55124
0.5493199999999999
0.5526000000000001
0.5489199999999997
0.5486800000000001
0.5473199999999998
0.5504800000000001
0.5488800000000001
0.5525799999999998
0.5499599999999999
0.5498800000000001
0.54692
0.5519
0.5522799999999998
0.5518200000000003
0.55118
0.5488800000000001
0.55122
0.5533199999999999
0.5500399999999999
0.5511199999999998
0.5502999999999998
0.55182
0.5501999999999999
0.5470400000000001
0.5496800000000001
0.5495199999999998
0.55186
0.5521200000000003
0.5475199999999996
0.5514199999999999
0.5511
0.54862
0.5513399999999999
0.5497000000000002
0.55224
0.5486
0.5516399999999999
0.55094
0.5523599999999999
0.5507199999999998
0.5511799999999999
0.5501399999999999
0.54984
0.54942
0.54586
0.54984
0.5484999999999999
0.5519200000000002
0.5507599999999999
0.5487999999999997
0.5478599999999997
0.5509999999999998
0.54926
0.5493
0.553
0.54714
0.54896
0.5479799999999998
0.5492000000000001
0.55426
0.5497200000000002
0.5492199999999997
0.5494800000000002
0.5507
0.5501400000000001
0.5471
0.54684
0.5505399999999999
0.54888
0.5486000000000001
0.5456199999999999
0.54938
0.5535999999999999
0.55264
0.5506399999999999
0.5502199999999998
0.5526199999999997
0.5504600000000002
0.5543799999999999
0.5531799999999999
0.5466200000000001
0.5489199999999999
0.5495599999999999
0.5512
0.54492
0.5502800000000001
0.5476799999999998
0.5479999999999998
0.55052
0.54924
0.5479199999999996
0.5482400000000001
0.5493399999999999
0.5495599999999999
0.5521200000000002
0.5491799999999998
0.5522800000000001
0.5513400000000002
0.5515199999999999
0.55668
0.54486
0.5487400000000002
0.54356
0.549
0.5500199999999998
0.55148
0.5508399999999998
0.5505800000000002
0.5475800000000001
0.5501199999999998
0.5498200000000001
0.55036
0.55252
0.5459999999999998
0.54804
0.5485599999999998
0.5503600000000002
0.5475800000000002
0.5484200000000001
0.54616
0.5470200000000002
0.5497199999999999
0.5482399999999998
0.5508799999999999
0.5497200000000002
0.5451999999999998
0.54714
0.5468
0.54816
0.5495999999999998
0.5497799999999998
0.5482
0.54874
0.5518399999999999
0.5523799999999999
0.5516200000000001
0.5503800000000001
0.5506399999999998
0.5486
0.5455599999999999
0.5500600000000001
0.54716
0.5504799999999999
0.5482
0.5535200000000001
0.5479799999999998
0.5509800000000002
0.5546000000000002
0.55078
0.5509199999999997
0.5486
0.5511599999999999
0.5515399999999999
0.5520399999999998
0.5499599999999997
0.5499399999999999
0.54956
0.5511400000000003
0.5463799999999999
0.5469399999999999
0.5478200000000002
0.54966
0.5469799999999999
0.5462600000000001
0.5480799999999998
0.5529199999999999
0.5496200000000003
0.55122
0.5474999999999999
0.5478599999999999
0.5487000000000001
0.5537399999999999
0.5522200000000002
0.5508
0.5495599999999998
0.5455399999999997
0.55074
0.54832
0.5525399999999998
0.5491399999999999
0.5490800000000001
0.5512799999999999
0.5481199999999999
0.5461599999999999
0.5505199999999998
0.5517599999999999
0.5512599999999999
0.5474799999999999
0.5473399999999999
0.5485600000000002
0.5500800000000001
0.5492800000000001
0.5503599999999998
0.5479999999999999
0.5523600000000002
0.5530600000000002
0.54596
0.55096
0.54688
0.5514399999999998
0.5510399999999999
0.5530799999999999
0.5456400000000001
0.5507199999999998
0.5489799999999998
0.5464799999999999
0.5499400000000001
0.5503599999999998
0.54856
0.5486000000000001
0.5501
0.55464
0.5497799999999999
0.54866
0.5506599999999998
0.5532799999999998
0.5496799999999997
0.5530600000000003
0.5508800000000003
0.5472000000000002
0.5479800000000001
0.5495799999999998
0.5482599999999996
0.5482000000000002
0.5494399999999999
0.5512799999999999
0.54914
0.5509400000000002
0.55088
0.55142
0.5517799999999997
0.5495800000000001
0.54874
0.5494399999999999
0.5487999999999998
0.5440800000000001
0.5509000000000002
0.54828
0.5477800000000002
0.5522
0.5510200000000001
0.55198
0.5516399999999998
0.5481199999999998
0.5474600000000001
0.5488200000000002
0.5515599999999998
0.5480199999999997
0.5509200000000001
0.5518799999999999
0.5499399999999999
0.5506599999999999
0.55122
0.5490599999999999
0.5491199999999997
0.5513799999999999
0.54716
0.5493800000000001
0.5499399999999999
0.54836
0.55122
0.55264
0.5511400000000003
0.5502400000000002
0.555
0.55108
0.5507799999999999
0.5496800000000002
0.5532399999999998
0.5452800000000003
0.54692
0.5484800000000001
0.5483399999999999
0.551
0.5507800000000004
0.54952
0.54758
0.5505999999999996
0.55148
0.5512200000000003
0.54772
0.5492400000000001
0.55046
0.5475799999999997
0.5488400000000001
0.55108
0.5536999999999997
0.5466
0.5480800000000001
0.5552999999999999
0.5513400000000002
0.5500399999999996
0.54782
0.55228
0.54988
0.5471999999999998
0.5446799999999998
0.5487
0.5464200000000001
0.5516400000000001
0.5499600000000002
0.5503399999999999
0.5471599999999998
0.54342
0.5467799999999999
0.5473800000000003
0.5493799999999999
0.5503000000000001
0.5505200000000001
0.5545399999999999
0.5545599999999996
0.5505400000000003
0.55234
0.5484000000000001
0.54924
0.5490000000000002
0.5501199999999999
0.5505799999999997
0.5474199999999999
0.5465799999999998
0.5463399999999998
0.5532800000000002
0.5455000000000002
0.5456599999999999
0.5504399999999999
0.5564599999999998
0.5506599999999999
0.5487399999999996
0.55218
0.5515199999999997
0.5516200000000001
0.5493399999999999
0.5513800000000003
0.5498599999999999
0.54818
0.5511999999999999
0.5478000000000001
0.5494999999999998
0.5478999999999997
0.5522999999999998
0.5485600000000002
0.5474999999999999
0.54876
0.5515999999999999
0.5491399999999999
0.5483399999999998
0.54568
0.5441600000000001
0.54856
0.54816
0.55238
0.5478399999999999
0.5495199999999999
0.5501400000000003
0.5531399999999997
0.55276
0.5523599999999999
0.5489399999999997
0.55104
0.5474
0.55076
0.5499800000000001
0.5466999999999999
0.5484199999999998
0.54744
0.5530999999999999
0.5522
0.5501399999999999
0.5503399999999999
0.5509200000000001
0.54636
0.55094
0.5480600000000001
0.5519000000000002
0.5490600000000003
0.5538199999999999
0.5533199999999998
0.5525599999999998
0.5478199999999998
0.5514600000000003
0.5550200000000001
0.5491399999999999
0.5488600000000003
0.54998
0.5539000000000001
0.5504600000000001
0.54206
0.5516799999999998
0.5473400000000002
0.55172
0.5486
0.5489999999999998
0.54814
0.5485
0.5502600000000001
0.5532799999999998
0.5517799999999999
0.5430200000000003
0.5526200000000001
0.5497999999999998
0.55198
0.5519400000000002
0.5513800000000005
0.5459999999999998
0.5452600000000001
0.5491
0.5495
0.5477999999999998
0.5471399999999998
0.5496000000000002
0.5504
0.5509200000000003
0.5493399999999999
0.5514599999999998
0.54834
0.54958
0.5452800000000001
0.5489600000000002
0.5515599999999999
0.54926
0.55118
0.5497200000000002
0.5467799999999999
0.5490399999999999
0.5489599999999998
0.5464600000000001
0.5516000000000001
0.5478400000000002
0.5499
0.5499599999999998
0.5523599999999999
0.5488800000000001
0.55298
0.5489400000000001
0.55272
0.55084
0.5502800000000002
0.5499200000000001
0.5493600000000002
0.5527399999999999
0.5502800000000001
0.54906
0.55106
0.5434400000000003
0.551
0.5518199999999999
0.5476800000000002
0.5488400000000001
0.5518
0.5502200000000002
0.5491799999999999
0.5502800000000001
0.55198
0.5512200000000003
0.5527600000000001
0.5484799999999997
0.54606
0.55024
0.5502999999999999
0.5517199999999999
0.5497200000000001
0.5527600000000003
0.5523999999999999
0.55096
0.5512199999999999
0.5517599999999999
0.5539600000000001
0.5529199999999999
0.5546000000000002
0.5538800000000001
0.54902
0.54588
0.54952
0.5485599999999998
0.5453000000000002
0.55092
0.5499799999999999
0.5485600000000003
0.5535799999999998
