0.19999999999999962
0.19562000000000004
0.21248000000000006
0.22318000000000005
0.23339999999999997
0.24212000000000006
0.24604000000000018
0.24726000000000004
0.24710000000000015
0.2494400000000001
0.2535
0.25504
0.2529000000000001
0.25201999999999997
0.25323999999999997
0.254
0.2533599999999999
0.2533599999999999
0.25232000000000004
0.2494400000000001
0.24705999999999995
0.25149999999999995
0.25232000000000004
0.25222000000000006
0.25206
0.25331999999999993
0.25106
0.2528
0.25224
0.25451999999999997
0.25266
0.24960000000000004
0.25244
0.2506600000000001
0.24950000000000014
0.24916000000000005
0.25137999999999994
0.24832000000000007
0.25152
0.24898000000000003
0.25015999999999994
0.25292000000000003
0.2539
0.25464000000000003
0.25711999999999996
0.25754000000000005
0.25722
0.25670000000000004
0.25406000000000006
0.25322
0.25507999999999986
0.2539399999999999
0.25172000000000005
0.25154
0.2514200000000001
0.25300000000000006
0.254
0.2548399999999999
0.25392
0.2517000000000001
0.25166
0.2514200000000001
0.24909999999999996
0.2518200000000001
0.25032
0.25038
0.24837999999999993
0.24852
0.24714
0.24927999999999995
0.2510000000000001
0.25183999999999995
0.24785999999999997
0.25015999999999994
0.2501400000000001
0.24906000000000014
0.24958000000000008
0.2510600000000001
0.25042000000000003
0.25004000000000004
0.24802
0.25001999999999996
0.25104
0.25042000000000014
0.25092
0.2485200000000001
0.24811999999999995
0.24706000000000003
0.24994000000000008
0.24642000000000006
0.2456600000000001
0.24858000000000013
0.25014
0.24917999999999996
0.25077999999999995
0.2527000000000001
0.25290000000000007
0.25429999999999997
0.25373999999999997
0.25482000000000005
0.25247999999999987
0.2523399999999999
0.25363999999999987
0.25425999999999993
0.24997999999999995
0.25206
0.25373999999999997
0.25436000000000003
0.25264
0.2525800000000001
0.24957999999999983
0.25074
0.2526999999999999
0.25468000000000013
0.2535799999999999
0.25336
0.2504
0.25146
0.25278
0.25094
0.24784000000000003
0.2512599999999999
0.25177999999999995
0.2536400000000001
0.25379999999999997
0.25135999999999986
0.25224
0.25050000000000006
0.2519600000000001
0.25616000000000005
0.2568600000000001
0.25354000000000015
0.25576
0.2528200000000001
0.25307999999999997
0.2515800000000001
0.25310000000000005
0.2515800000000001
0.24896000000000004
0.24834
0.2529
0.2535
0.25514000000000003
0.25244
0.2523200000000001
0.24944000000000013
0.25060000000000004
0.2510800000000001
0.2517199999999999
0.25160000000000016
0.2494000000000001
0.24960000000000002
0.25174
0.25566000000000005
0.25348000000000015
0.25553999999999993
0.2567400000000001
0.25328
0.2518000000000001
0.25224
0.25066000000000005
0.25424
0.25428
0.2511999999999999
0.2500000000000001
0.2499
0.25289999999999996
0.25445999999999996
0.25163999999999986
0.2501600000000001
0.25249999999999995
0.25368000000000007
0.25372000000000006
0.25342000000000003
0.2514200000000001
0.2554600000000001
0.24986000000000008
0.25108
0.2505400000000001
0.25032
0.25007999999999986
0.2502600000000001
0.2486600000000001
0.24685999999999997
0.2522200000000001
0.25379999999999997
0.2534200000000001
0.2545200000000001
0.2532999999999999
0.25188
0.25592000000000004
0.25312000000000007
0.25242
0.2557
0.25586
0.2561800000000002
0.25639999999999996
0.25611999999999996
0.25475999999999993
0.2538000000000001
0.25290000000000007
0.25362000000000007
0.24974
0.2514200000000001
0.2490600000000001
0.25430000000000025
0.2543000000000001
0.2549600000000001
0.25378000000000006
0.25326
0.25512
0.25592000000000004
0.25711999999999996
0.25751999999999997
0.25694
0.25462
0.25342
0.25048000000000004
0.24871999999999997
0.2487000000000001
0.24688000000000002
0.25008000000000014
0.25046
0.25024
0.24970000000000003
0.25176000000000004
0.2525400000000001
0.25402
0.25364000000000003
0.2564800000000001
0.2527199999999999
0.2541999999999999
0.2520400000000001
0.25373999999999997
0.25214
0.25354
0.24797999999999995
0.2490600000000002
0.25038
0.25044000000000005
0.25030000000000013
0.25304000000000015
0.25358
0.25372000000000017
0.25115999999999994
0.2520800000000001
0.24978000000000006
0.253
0.2549800000000001
0.2517999999999999
0.25278000000000006
0.24974
0.24842000000000003
0.24664000000000003
0.24867999999999998
0.24917999999999996
0.25267999999999996
0.25256000000000006
0.25479999999999997
0.2566799999999999
0.25282000000000004
0.24778000000000008
0.2500600000000002
0.25078
0.25267999999999985
0.2514599999999999
0.25566
0.2534200000000001
0.25371999999999995
0.2555200000000001
0.25294000000000005
0.25086000000000014
0.2508000000000001
0.24772
0.24917999999999998
0.25014
0.2507
0.2493999999999999
0.24815999999999996
0.25228000000000006
0.25514000000000014
0.25588
0.2557399999999999
0.25338
0.25482000000000005
0.2577200000000001
0.25964
0.2579400000000001
0.2542400000000001
0.2527000000000001
0.25179999999999997
0.25415999999999994
0.25194000000000005
0.24985999999999994
0.24966000000000002
0.24884000000000003
0.2455400000000001
0.24562000000000006
0.2475400000000001
0.25016
0.24884000000000017
0.2491200000000001
0.24982000000000013
0.2535199999999999
0.25556000000000006
0.25628000000000006
0.25568
0.25388
0.25545999999999996
0.25499999999999995
0.25512
0.25386000000000014
0.25318000000000007
0.25144
0.2520399999999999
0.2532400000000001
0.2530599999999998
0.25756
0.25689999999999996
0.25556000000000006
0.25004000000000004
0.2513600000000001
0.2567
0.25659999999999994
0.25650000000000006
0.25395999999999996
0.25316
0.2530399999999998
0.2539199999999999
0.2494000000000001
0.25168
0.24971999999999994
0.25634000000000007
0.255
0.25442000000000004
0.24981999999999996
0.25003999999999993
0.25147999999999987
0.2501
0.2543000000000001
0.2513800000000001
0.25342
0.2521199999999999
0.2519799999999999
0.2491600000000001
0.25085999999999997
0.25240000000000007
0.25196000000000013
0.25248
0.25520000000000004
0.25415999999999994
0.25547999999999993
0.25551999999999997
0.2568
0.25492
0.25670000000000004
0.25383999999999995
0.25154000000000015
0.24974000000000005
0.24824000000000002
0.25254
0.25100000000000006
0.24875999999999998
0.2513200000000002
0.24762000000000003
0.24422
0.24724000000000004
0.25012000000000006
0.24908000000000008
0.25136
0.25001999999999996
0.25353999999999993
0.25206
0.24626
0.24998000000000004
0.25187999999999994
0.25146
0.25234000000000006
0.2528399999999999
0.25236
0.25251999999999997
0.2505000000000001
0.2514200000000001
0.25306000000000006
0.25078000000000006
0.2513200000000001
0.25100000000000017
0.24954000000000018
0.25086
0.2525200000000002
0.2507400000000001
0.25228000000000017
0.25462
0.2555200000000002
0.25292000000000014
0.25456
0.25272000000000006
0.24911999999999998
0.24652000000000007
0.24832
0.24982000000000004
0.25035999999999997
0.24975999999999995
0.24997999999999995
0.25512
0.2510000000000001
0.25205999999999995
0.25366000000000005
0.2521
0.25886000000000003
0.25855999999999996
0.25689999999999985
0.2537400000000001
0.252
0.2531600000000001
0.2539400000000001
0.25565999999999994
0.25582000000000005
0.25420000000000015
0.25446
0.2552000000000001
0.25598000000000004
0.25408000000000003
0.2545799999999999
0.25174
0.25288000000000005
0.25161999999999995
0.2493200000000001
0.25012
0.25062
0.2515
0.2509400000000001
0.25115999999999994
0.2502600000000001
0.2517799999999999
0.2524800000000001
0.25312
0.25511999999999996
0.25266000000000016
0.2527600000000001
0.25558
0.2520800000000001
0.24966000000000002
0.25228000000000006
0.2549199999999999
0.25312000000000007
0.2542399999999999
0.25338
0.2526
0.25066000000000005
0.24855999999999998
0.24816000000000002
0.25046
0.25483999999999996
0.2542
0.2534
0.25232
0.25204
0.25264
0.25046
0.25103999999999993
0.25159999999999993
0.25304
0.25315999999999983
0.25336000000000003
0.25288
0.25244
0.24865999999999996
0.2505200000000001
0.25149999999999995
0.2521600000000001
0.25386
0.25354000000000004
0.24980000000000008
0.25272000000000017
0.24818
0.24938000000000005
0.24948
0.2523999999999999
0.2526200000000001
0.25318
0.25239999999999996
0.2557600000000001
0.25748000000000015
0.25390000000000007
0.25357999999999997
0.25584
0.25272000000000006
0.2533
0.25581999999999994
0.2524800000000001
0.2536200000000002
0.25360000000000005
0.25306000000000006
0.2521200000000001
0.25256000000000006
0.2545
0.25299999999999995
0.24858000000000008
0.25066000000000005
0.24840000000000004
0.25172
0.2503000000000001
0.24702000000000018
0.24838000000000013
0.2542000000000001
0.25432
0.25154
0.25186000000000003
0.2507
0.2502800000000001
0.25178000000000006
0.24986
0.2491
0.2524800000000001
0.24931999999999999
0.24876000000000015
0.24942000000000003
0.25150000000000006
0.25536000000000003
0.2547399999999999
0.2513400000000002
0.25166000000000005
0.25451999999999997
0.25488000000000016
0.25224
0.24996000000000002
0.25251999999999997
0.25095999999999996
0.2539000000000001
0.25442000000000004
0.25376
0.2543000000000001
0.25142000000000014
0.2538799999999999
0.2498
0.2528999999999999
0.2515799999999999
0.2514000000000001
0.24920000000000006
0.24679999999999996
0.25181999999999993
0.2498599999999999
0.25241999999999987
0.24995999999999988
0.24953999999999998
0.24863999999999994
0.24969999999999998
0.2504200000000001
0.24967999999999996
0.24852000000000005
0.2514
0.2507400000000002
0.2492000000000001
0.24964000000000003
0.25088
0.24910000000000004
0.2505200000000001
0.25157999999999997
0.2530800000000001
0.24786000000000002
0.25237999999999994
0.25077999999999995
0.25152
0.2515
0.25372
0.25842
0.2559599999999999
0.25731999999999994
0.25166000000000005
0.25094
0.25225999999999993
0.25192
0.2534400000000001
0.25178000000000006
0.24832000000000007
0.25278
0.24636
0.24739999999999998
0.24846000000000015
0.24789999999999998
0.25356
0.2492600000000001
0.25360000000000005
0.25402
0.25396
0.25356
0.25412000000000007
0.25362000000000007
0.25245999999999996
0.25402
0.25400000000000006
0.25276
0.25478
0.25474000000000013
0.2546
0.25203999999999993
0.25202
0.25425999999999993
0.25373999999999997
0.25548
0.2557
0.2543000000000001
0.2539600000000002
0.25004000000000004
0.24968
0.24888000000000016
0.25164000000000003
0.25112000000000007
0.25414
0.25302
0.25186
0.25403999999999993
0.25472
0.25205999999999995
0.25516
0.25712
0.25479999999999997
0.2526400000000001
0.25290000000000007
0.2530400000000001
0.24980000000000005
0.25034000000000006
0.25186
0.25212
0.25194
0.25099999999999995
0.25106000000000006
0.24988
0.25070000000000003
0.24965999999999997
0.25282000000000004
0.25462
0.2487200000000001
0.2501800000000001
0.25139999999999996
0.24994
0.2472600000000001
0.25195999999999996
0.25225999999999993
0.25206000000000006
0.2534799999999999
0.25474
0.25496
0.25586
0.25477999999999995
0.2551599999999999
0.2520400000000001
0.25278
0.25414000000000003
0.25424
0.25320000000000004
0.2520200000000001
0.2508800000000001
0.24996000000000007
0.25364
0.25364000000000003
0.2532600000000001
0.25401999999999997
0.25214000000000003
0.2514799999999999
0.2537400000000001
0.25289999999999996
0.2545200000000001
0.25526000000000004
0.25536000000000014
0.25226
0.25462
0.2534400000000001
0.25267999999999996
0.25458
0.25488
0.2555400000000001
0.25472000000000006
0.2533199999999999
0.25390000000000007
0.24994000000000002
0.2479999999999999
0.2510999999999999
0.252
0.25152
0.25406000000000006
0.25222000000000006
0.25046
0.25256000000000006
0.25172
0.25358000000000014
0.25344
0.24933999999999995
0.24790000000000004
0.24836
0.2521000000000001
0.25316
0.254
0.25528
0.2554200000000001
0.25438000000000005
0.25139999999999996
0.2527400000000001
0.25442000000000004
0.2516600000000002
0.25150000000000006
0.25102
0.25084
0.25206
0.2538000000000001
0.2527
0.25158
0.2514399999999999
0.25130000000000013
0.25417999999999996
0.25378000000000006
0.25443999999999994
0.25495999999999996
0.25234
0.25214000000000014
0.25068000000000007
0.25234
0.25245999999999996
0.25042000000000003
0.2520000000000001
0.2526400000000001
0.25066
0.25322
0.25110000000000005
0.25334
0.25379999999999997
0.2552400000000001
0.25438000000000005
0.25329999999999997
0.2534600000000001
0.25312000000000007
0.25236000000000014
0.25436
0.2536399999999999
0.25438
0.25318
0.25204000000000004
0.2532600000000001
0.25784
0.2565600000000001
0.2579599999999999
0.25999999999999995
0.25508
0.25606
0.2579
0.25495999999999996
0.25550000000000006
0.24970000000000014
0.24920000000000023
0.25254
0.25060000000000004
0.2540000000000001
0.25342
0.25356
0.25140000000000007
0.25058
0.25360000000000005
0.25456
0.25447999999999993
0.25483999999999996
0.25264
0.25042000000000003
0.2532200000000001
0.2537800000000001
0.2542199999999999
0.2547399999999999
0.25133999999999995
0.2517399999999999
0.2501
0.25534
0.25698000000000004
0.25467999999999996
0.2534000000000001
0.25158
0.24954
0.25115999999999994
0.24934000000000014
0.2505400000000001
0.25152
0.2528
0.24798000000000006
0.2494
0.24924000000000007
0.24874000000000002
0.24763999999999997
0.24477999999999997
0.24714000000000014
0.24764000000000005
0.24938000000000005
0.24691999999999997
0.24890000000000012
0.24846000000000001
0.24812000000000003
0.24921999999999994
0.24646
0.2495000000000001
0.25158
0.2510000000000001
0.25011999999999995
0.2531600000000001
0.2527200000000001
0.2535
0.2533
0.2514
0.2540600000000001
0.24899999999999994
0.25198
0.25128000000000006
0.25256000000000006
0.25346
0.25376
0.2531000000000001
0.25578000000000006
0.25506
0.25714000000000015
0.25458000000000003
0.2521600000000001
0.24966000000000008
0.25258000000000014
0.25302000000000013
0.2551800000000001
0.25172000000000005
0.2512400000000001
0.2522400000000002
0.2516200000000001
0.2515400000000001
0.2509000000000001
0.25062000000000006
0.25060000000000004
0.25199999999999995
0.25389999999999996
0.25042000000000014
0.25120000000000003
0.24954
0.25086000000000014
0.25194000000000005
0.2515600000000001
0.25030000000000013
0.2520800000000001
0.25494000000000006
0.253
0.25434000000000007
0.2507400000000001
0.25176000000000015
0.24996000000000002
0.2499
0.25098000000000004
0.2530600000000001
0.2531000000000001
0.25481999999999994
0.2536999999999999
0.252
0.25194000000000005
0.24985999999999997
0.25108000000000014
0.25036
0.25312
0.25207999999999997
0.25599999999999995
0.25288
0.25284
0.2532000000000001
0.25418
0.25506
0.2518400000000002
0.25195999999999996
0.25388000000000005
0.25240000000000007
0.25147999999999987
0.2514000000000001
0.25194000000000005
0.2512800000000001
0.25316000000000005
0.2542400000000001
0.2546000000000001
0.25336
0.2523999999999999
0.25024
0.2504600000000002
0.25132
0.25372000000000006
0.25226
0.24806000000000006
0.25158
0.25314000000000003
0.25312000000000007
0.2513000000000001
0.25042000000000003
0.24984
0.2496600000000001
0.25118
0.25373999999999997
0.2539
0.25592000000000004
0.25324000000000013
0.25256000000000006
0.2537400000000002
0.25258
0.2540000000000001
0.25428000000000006
0.25046
0.25388
0.2510000000000001
0.24834000000000006
0.24756000000000009
0.24830000000000002
0.24806000000000009
0.24760000000000018
0.24962
0.25016
0.25128
0.25078
0.25170000000000015
0.24914000000000008
0.25121999999999994
0.24960000000000002
0.24872000000000002
0.24915999999999996
0.2493
0.25138
0.2511
0.2504800000000001
0.24960000000000007
0.24909999999999993
0.24802000000000013
0.25026000000000004
0.25198
0.25198
0.25036000000000014
0.2503200000000001
0.24954000000000007
0.25034
0.24735999999999997
0.2471799999999999
0.24898000000000015
0.24927999999999995
0.2528599999999999
0.25118
0.25231999999999993
0.2500000000000001
0.25130000000000013
0.24964000000000008
0.25042
0.2515599999999999
0.25082
0.2504799999999999
0.25123999999999996
0.25068
0.2521
0.25098000000000004
0.24907999999999994
0.24820000000000011
0.24942000000000009
0.2535800000000002
0.25426000000000004
0.2531199999999999
0.2541200000000001
0.25322
0.25118
0.25123999999999996
0.25210000000000005
0.2538200000000001
0.25345999999999996
0.25220000000000004
0.24828000000000006
0.2503599999999999
0.24833999999999995
0.24918000000000007
0.25014000000000003
0.2500800000000001
0.25420000000000004
0.25079999999999997
0.25606000000000007
0.2507799999999999
0.25198000000000004
0.2500000000000001
0.2514200000000001
0.25336
0.25344000000000005
0.25254
0.25387999999999994
0.2519200000000001
0.2544200000000001
0.25470000000000004
0.25523999999999997
0.2563800000000001
0.2554600000000001
0.25524
0.2533000000000001
0.25118
0.2533799999999999
0.2534400000000001
0.2545
0.25152
0.2512000000000001
0.24929999999999997
0.2511
0.2523600000000001
0.25146
