0.19999999999999962
0.2370600000000001
0.3066000000000001
0.34429999999999983
0.3681200000000001
0.38154000000000005
0.3888
0.3850199999999998
0.38593999999999995
0.39089999999999997
0.38909999999999995
0.3883600000000002
0.38924000000000014
0.39004000000000005
0.39046
0.3914000000000001
0.39588000000000034
0.3956600000000002
0.3943199999999999
0.39512
0.3933600000000002
0.39348000000000005
0.39370000000000027
0.3905199999999999
0.38908000000000004
0.38976000000000005
0.3965600000000001
0.39510000000000006
0.3966199999999999
0.3920199999999999
0.39092000000000005
0.39048
0.3922600000000001
0.39071999999999996
0.39016
0.39104
0.38932
0.39502000000000004
0.39716000000000007
0.39218
0.39187999999999995
0.3882399999999999
0.3944800000000003
0.3948800000000001
0.3884399999999998
0.39382000000000006
0.3922000000000001
0.39181999999999995
0.3914399999999999
0.39204000000000006
0.3900800000000001
0.3902999999999999
0.3900000000000001
0.3927799999999997
0.3926599999999999
0.3886400000000001
0.38879999999999987
0.3897399999999999
0.3912000000000001
0.3915400000000002
0.3900400000000001
0.38824000000000025
0.39156000000000013
0.3852399999999999
0.38734
0.38848000000000005
0.3886400000000002
0.3932800000000001
0.3941600000000001
0.39166000000000006
0.39197999999999994
0.3929799999999999
0.39142000000000005
0.39111999999999986
0.3905999999999999
0.3932999999999999
0.39171999999999985
0.39264000000000004
0.39117999999999986
0.39403999999999995
0.39426000000000017
0.392
0.39228
0.3909599999999999
0.39105999999999996
0.39684000000000014
0.3941400000000001
0.39122
0.3901599999999999
0.39094000000000007
0.3922000000000001
0.3930000000000001
0.39242
0.39180000000000015
0.38830000000000003
0.39108000000000004
0.38954
0.38717999999999997
0.3930600000000002
0.39532000000000017
0.3938799999999999
0.3908200000000002
0.3905800000000002
0.3930200000000001
0.38948
0.39098000000000005
0.3916800000000002
0.39578
0.3938799999999999
0.38994
0.39244
0.39252000000000004
0.3885200000000001
0.38736
0.3903199999999999
0.39129999999999987
0.3928400000000001
0.39344000000000007
0.39019999999999994
0.3940000000000001
0.38892000000000015
0.39105999999999974
0.38978000000000007
0.38980000000000004
0.3853599999999999
0.3903199999999999
0.38913999999999993
0.3887000000000001
0.38996
0.39498000000000005
0.3953000000000001
0.39378
0.3937199999999999
0.3938999999999999
0.3908
0.38568
0.3859799999999998
0.39102
0.38924
0.39433999999999997
0.39232
0.3910000000000002
0.39174000000000014
0.39202000000000015
0.3908799999999999
0.39172000000000007
0.39588000000000007
0.39076000000000016
0.3909000000000001
0.39076000000000005
0.38812000000000013
0.3921000000000002
0.39342
0.3902999999999999
0.38948000000000005
0.3886999999999999
0.3909400000000002
0.3909400000000002
0.39078
0.3904199999999997
0.3901999999999999
0.38926
0.38900000000000007
0.39161999999999986
0.39424
0.3934800000000002
0.3925
0.39071999999999996
0.39292
0.38716000000000006
0.39039999999999997
0.38866000000000006
0.38462
0.3898800000000001
0.39504
0.3991200000000002
0.39271999999999996
0.39492
0.39457999999999993
0.39396000000000003
0.39297999999999983
0.3933400000000001
0.3889000000000001
0.39114
0.3905000000000001
0.38787999999999995
0.3888200000000001
0.3896799999999998
0.3902199999999999
0.3909600000000002
0.39104
0.38940000000000036
0.3911799999999998
0.3926799999999999
0.39214000000000004
0.3923400000000001
0.3871799999999999
0.39254000000000006
0.38981999999999994
0.3958800000000002
0.3955399999999998
0.39630000000000004
0.39232000000000006
0.3925200000000001
0.3922000000000002
0.39268000000000003
0.3874199999999999
0.3857999999999999
0.39136000000000004
0.3891000000000001
0.3931799999999999
0.3957
0.39624000000000026
0.39844
0.39442
0.3913799999999999
0.3929600000000002
0.3925800000000001
0.39240000000000025
0.3934599999999999
0.392
0.39098
0.38984
0.38876000000000005
0.38989999999999986
0.39581999999999984
0.3945199999999999
0.39330000000000015
0.39516000000000007
0.39608000000000004
0.3934600000000002
0.3896200000000001
0.38972
0.3915200000000002
0.38946000000000036
0.39023999999999986
0.3912
0.39321999999999974
0.3956999999999998
0.39016000000000006
0.3909799999999998
0.3927199999999999
0.39258000000000015
0.3934800000000001
0.3938599999999999
0.39392000000000005
0.3889600000000001
0.38772
0.38996
0.39177999999999985
0.38858
0.39007999999999987
0.3894399999999998
0.39065999999999995
0.39044000000000006
0.38604
0.38864
0.38808
0.38881999999999983
0.39308
0.3945000000000001
0.39293999999999996
0.3932800000000002
0.39068000000000014
0.3901000000000001
0.39184
0.39120000000000005
0.39037999999999984
0.38860000000000006
0.3922999999999998
0.39186000000000015
0.39296000000000014
0.39318
0.3956799999999999
0.39490000000000014
0.3970800000000001
0.38909999999999995
0.3910800000000001
0.3927000000000001
0.3917600000000001
0.39236000000000004
0.38955999999999996
0.38998000000000005
0.3929800000000001
0.3921200000000001
0.39168
0.39262
0.39064
0.3925
0.39061999999999997
0.3915999999999999
0.3917000000000001
0.39134
0.39198
0.39576000000000017
0.39087999999999995
0.3915799999999998
0.38988000000000006
0.38882000000000017
0.3873000000000001
0.3883
0.38871999999999984
0.39126000000000005
0.39185999999999993
0.3934599999999999
0.39055999999999996
0.38656
0.3924
0.39362
0.39277999999999985
0.39127999999999985
0.3960200000000001
0.39415999999999984
0.3917600000000001
0.3919600000000002
0.3895800000000002
0.39412000000000014
0.3895
0.39068
0.39254000000000006
0.39379999999999993
0.39471999999999996
0.3943000000000002
0.39221999999999996
0.39208
0.39233999999999997
0.3920599999999999
0.39456
0.39134000000000013
0.3901000000000001
0.39134
0.3900200000000001
0.38743999999999984
0.38898000000000005
0.3873000000000001
0.3943599999999999
0.38880000000000015
0.3888400000000001
0.39146000000000003
0.3931199999999997
0.39024000000000003
0.3863400000000001
0.38449999999999995
0.38772000000000006
0.39561999999999997
0.3958400000000002
0.39632
0.39436
0.39126000000000005
0.39044000000000006
0.38992000000000004
0.3917400000000001
0.3889799999999998
0.3926200000000001
0.39512
0.39462
0.3935800000000001
0.39155999999999996
0.3911400000000001
0.39156000000000013
0.38860000000000006
0.38958
0.3921800000000001
0.3914600000000001
0.38968
0.39086000000000015
0.38904000000000005
0.39002
0.3925800000000001
0.39408
0.3940399999999999
0.39358
0.39454
0.3941399999999999
0.39220000000000005
0.3905400000000001
0.38962
0.3944399999999999
0.39088000000000017
0.38946
0.3862000000000001
0.38932
0.38931999999999994
0.3865799999999999
0.3892
0.3916000000000001
0.3934200000000002
0.39086000000000004
0.39072
0.39124000000000003
0.39048000000000016
0.39109999999999995
0.39442000000000005
0.39227999999999985
0.38932
0.38764
0.3925200000000003
0.38970000000000016
0.39358000000000004
0.38994000000000023
0.3926199999999999
0.39088000000000017
0.39046
0.3972600000000002
0.39656000000000025
0.39446
0.39287999999999995
0.3901600000000002
0.3902799999999999
0.3861600000000001
0.39032000000000006
0.39419999999999994
0.39094000000000023
0.39068
0.3900200000000001
0.3892000000000001
0.38995999999999986
0.3892200000000001
0.39134000000000013
0.39197999999999994
0.38925999999999994
0.39202
0.39186
0.38915999999999995
0.3926200000000001
0.3914600000000001
0.39153999999999983
0.38878
0.39536
0.3910200000000001
0.39533999999999997
0.39392000000000005
0.3969200000000002
0.3981199999999998
0.39058000000000026
0.38867999999999997
0.3906000000000001
0.3905800000000001
0.38893999999999984
0.3892800000000001
0.3897399999999998
0.3887999999999998
0.39226000000000005
0.38770000000000016
0.39706000000000025
0.39305999999999996
0.3931
0.39442
0.39124000000000003
0.3890799999999999
0.38953999999999994
0.3885800000000001
0.3913400000000001
0.39248
0.39004000000000016
0.3897999999999999
0.38987999999999984
0.38986
0.3899400000000001
0.39134
0.3903599999999999
0.39527999999999996
0.38948000000000016
0.38650000000000007
0.39166000000000006
0.39156000000000013
0.3895799999999997
0.39055999999999996
0.3892200000000002
0.39187999999999995
0.3907599999999998
0.39216
0.39178000000000035
0.38740000000000024
0.3877999999999999
0.39256000000000013
0.3901400000000001
0.3938599999999998
0.3901
0.39171999999999996
0.3896999999999998
0.3912799999999998
0.3919799999999999
0.38921999999999995
0.38708
0.38998
0.3906000000000002
0.3895600000000002
0.396
0.3913999999999999
0.3937000000000001
0.39232
0.39047999999999994
0.3897999999999998
0.38848
0.38968
0.38841999999999977
0.38583999999999996
0.39204000000000017
0.3919600000000002
0.3928000000000002
0.3927999999999999
0.3918200000000001
0.38960000000000017
0.38878
0.3907200000000002
0.3887
0.38622000000000006
0.3881600000000001
0.3935000000000002
0.39004000000000005
0.3874200000000001
0.38836000000000015
0.3955000000000002
0.39756
0.39407999999999993
0.3913000000000001
0.3944400000000001
0.38955999999999996
0.39063999999999993
0.3908600000000002
0.38926
0.39134000000000013
0.39372
0.39187999999999995
0.3926000000000001
0.3937000000000001
0.39268000000000003
0.3916999999999999
0.3904599999999999
0.39552000000000015
0.3957200000000002
0.3922800000000002
0.39061999999999986
0.39089999999999997
0.39180000000000015
0.391
0.39260000000000006
0.3966599999999999
0.39298000000000033
0.39373999999999987
0.39421999999999985
0.3928399999999998
0.38942
0.39414
0.39342
0.39116
0.39126000000000016
0.39368000000000003
0.3949399999999999
0.3915399999999999
0.39382000000000006
0.39057999999999987
0.38920000000000016
0.39278000000000013
0.39277999999999996
0.3946200000000001
0.3920600000000001
0.3900600000000001
0.3935800000000001
0.39317999999999975
0.3943
0.39244000000000007
0.39443999999999996
0.39078
0.39153999999999994
0.3902799999999999
0.39226000000000005
0.38926
0.3937799999999999
0.39130000000000015
0.3911800000000001
0.39156000000000013
0.39457999999999993
0.39149999999999996
0.3944400000000001
0.3893199999999999
0.3873599999999999
0.3901399999999999
0.3920599999999999
0.3913399999999999
0.3898599999999999
0.39283999999999997
0.39118
0.3912
0.39424
0.39288000000000006
0.3950999999999999
0.3912600000000001
0.39052000000000014
0.3894400000000001
0.39296
0.39227999999999985
0.39070000000000016
0.3905599999999999
0.39026000000000005
0.3924799999999999
0.38896000000000003
0.3907
0.39076
0.3926200000000001
0.39044000000000006
0.39182
0.39126
0.39084
0.39182
0.3940400000000001
0.39203999999999994
0.39299999999999996
0.3921399999999998
0.39069999999999994
0.39044000000000006
0.38838000000000017
0.39011999999999986
0.39226
0.38716
0.3858200000000002
0.39406000000000013
0.39419999999999994
0.39161999999999997
0.3899999999999998
0.3895199999999999
0.38696
0.3859600000000002
0.39044000000000006
0.3874199999999999
0.38924
0.39064
0.3926799999999999
0.3926
0.3935799999999999
0.3956599999999998
0.39369999999999983
0.39366000000000007
0.39471999999999974
0.3931799999999999
0.39011999999999974
0.39294000000000007
0.39718000000000003
0.39343999999999996
0.39361999999999986
0.39326
0.39181999999999995
0.3938599999999999
0.3912200000000001
0.38943999999999995
0.3919199999999999
0.38702
0.3888199999999999
0.39403999999999995
0.3958400000000002
0.3973
0.39038000000000006
0.3910600000000002
0.3923400000000001
0.3923000000000001
0.3931
0.39251999999999987
0.39180000000000015
0.3895
0.3916200000000001
0.3913999999999999
0.39007999999999987
0.3884000000000002
0.3917200000000001
0.39336000000000026
0.3950000000000001
0.39352
0.3958199999999997
0.38702
0.38567999999999997
0.39293999999999973
0.38834
0.3922400000000002
0.3872400000000001
0.39287999999999984
0.39067999999999997
0.39225999999999994
0.3914599999999999
0.39325999999999994
0.39365999999999984
0.39331999999999995
0.39378
0.39303999999999994
0.39004
0.3884000000000001
0.38864000000000004
0.3900600000000001
0.3916000000000001
0.39471999999999985
0.39147999999999983
0.3945599999999999
0.39338
0.39224
0.3926600000000001
0.3939400000000001
0.3950800000000001
0.39307999999999976
0.39486
0.38869999999999977
0.39545999999999987
0.3925800000000001
0.38849999999999985
0.39003999999999983
0.39609999999999984
0.3926399999999999
0.39173999999999976
0.3908399999999998
0.3927400000000001
0.39248
0.3940000000000002
0.39309999999999995
0.38914000000000004
0.38976000000000005
0.38826000000000016
0.38884
0.3921200000000001
0.3931199999999999
0.38894
0.39018
0.39099999999999996
0.39535999999999993
0.39458000000000004
0.39138
0.3942400000000001
0.3971200000000002
0.3923000000000001
0.3908199999999997
0.39180000000000015
0.3926200000000001
0.39501999999999987
0.39272000000000007
0.39326
0.3951200000000001
0.3944399999999999
0.39443999999999996
0.39192
0.39610000000000006
0.39136000000000015
0.3905000000000001
0.3886600000000001
0.39736
0.3922400000000001
0.39361999999999997
0.3939000000000001
0.39632
0.39533999999999997
0.3928600000000001
0.39224
0.39520000000000005
0.39988000000000007
0.39684
0.39640000000000003
0.3923200000000001
0.3909599999999999
0.39356
0.3913400000000001
0.3915199999999999
0.39269999999999994
0.39444
0.39100000000000024
0.39518000000000014
0.39135999999999993
0.39098000000000005
0.38942000000000027
0.38912000000000013
0.39084
0.3894
0.3930400000000001
0.38962000000000024
0.39222
0.39102000000000003
0.39310000000000017
0.39055999999999996
0.39141999999999993
0.39202
0.3920000000000001
0.3927800000000001
0.39134
0.39526000000000006
0.3933
0.3937
0.3889600000000001
0.39204
0.39117999999999997
0.3936999999999999
0.3932599999999999
0.39354
0.3926199999999999
0.39699999999999996
0.3973599999999999
0.3928400000000001
0.3929600000000001
0.3940800000000001
0.39088
0.3931
0.39006000000000013
0.3935200000000001
0.3923000000000002
0.3914199999999998
0.39480000000000026
0.39286000000000015
0.39283999999999986
0.39333999999999997
0.38998000000000005
0.39180000000000015
0.38981999999999983
0.3887800000000001
0.3882200000000001
0.38653999999999994
0.39002000000000003
0.39455999999999997
0.3924400000000001
0.3962800000000001
0.39213999999999993
0.3920799999999998
0.3968999999999999
0.39248000000000005
0.39189999999999997
0.39464
0.39418
0.39012
0.3909200000000002
0.3930400000000001
0.39183999999999997
0.39394000000000007
0.3906799999999999
0.38908000000000004
0.39102000000000003
0.39236000000000004
0.39492000000000016
0.39221999999999996
0.39605999999999986
0.39319999999999994
0.38921999999999973
0.39281999999999995
0.39366000000000007
0.39237999999999995
0.3897
0.3899200000000001
0.39154000000000005
0.39185999999999993
0.39402000000000004
0.3907199999999999
0.39230000000000004
0.39117999999999997
0.3880799999999999
0.39033999999999996
0.3874199999999998
0.38858
0.38874000000000003
0.3900599999999999
0.39714
0.39348
0.3930800000000001
0.3892400000000002
0.38951999999999987
0.3911999999999999
0.39437999999999995
0.395
0.39154000000000005
0.39118
0.39105999999999985
0.38794000000000006
0.39252
0.39826
0.39466000000000007
0.3921600000000002
0.3969799999999999
0.3924399999999999
0.3941000000000001
0.39166000000000006
0.39230000000000004
0.38797999999999994
0.3927200000000002
0.39184
0.3925
0.39058
0.3879200000000001
0.3888199999999999
0.39032000000000006
0.3905000000000002
0.3876000000000001
0.38772
0.38672000000000006
0.38878
0.39050000000000007
0.3922000000000001
0.3929400000000001
0.38868000000000014
0.3891600000000002
0.3884400000000002
0.38746
0.3893000000000001
0.3905799999999999
0.39032000000000006
0.39356
0.38956000000000013
0.39171999999999996
0.39349999999999996
0.39238
0.3901800000000001
0.38793999999999973
0.38995999999999986
0.3860800000000001
0.3889799999999999
0.3914399999999999
0.3897999999999998
0.39146000000000003
0.38815999999999995
0.38836000000000004
0.3900599999999999
0.39104000000000005
0.3927399999999999
0.39039999999999997
0.3922
0.39136000000000026
0.38888000000000006
0.3921199999999999
0.38942
0.3922600000000001
0.39210000000000006
0.3949000000000001
0.39460000000000023
0.3895599999999999
0.39399999999999996
0.39044000000000006
0.3905199999999999
0.39425999999999994
0.39089999999999997
0.39140000000000014
0.39011999999999986
0.38942
0.39282000000000006
0.38943999999999995
0.39
0.39242000000000005
0.3949400000000001
0.39142000000000005
0.38994
0.38967999999999997
0.39199999999999996
0.39411999999999997
0.3953999999999999
0.3967600000000001
0.3903800000000001
0.39390000000000003
0.39549999999999996
0.3915600000000001
0.38964
0.3888400000000001
0.39330000000000004
0.38825999999999994
0.38963999999999993
0.39031999999999994
0.39242
0.3951
0.3918400000000002
0.38963999999999993
0.3916200000000001
0.39286000000000015
0.3953
0.39404000000000017
0.39091999999999993
0.39178
0.3891799999999998
0.39234000000000013
0.3876800000000001
0.38804000000000016
0.3912400000000001
0.39205999999999996
0.39197999999999994
0.38988
0.3902400000000002
0.3905800000000001
0.39026000000000005
0.39013999999999993
0.39025999999999983
0.39204
0.39374
0.39196000000000003
0.39141999999999993
0.3910199999999999
0.3936999999999999
0.39104000000000005
0.39364000000000005
0.39151999999999987
0.3896599999999998
0.39138000000000006
0.39088
0.39216000000000006
0.39103999999999983
0.38752
0.39116000000000006
0.39067999999999997
0.39029999999999987
0.3911000000000002
0.39172000000000007
0.39038000000000017
0.38638000000000006
