0.19999999999999962
0.15031999999999993
0.12367999999999996
0.10779999999999998
0.09197999999999999
0.08335999999999996
0.07749999999999992
0.07081999999999997
0.06475999999999997
0.06181999999999995
0.06025999999999997
0.05737999999999999
0.05759999999999999
0.057319999999999996
0.05435999999999997
0.05508000000000001
0.05361999999999993
0.051759999999999966
0.04911999999999996
0.048479999999999954
0.04795999999999995
0.04711999999999997
0.047759999999999955
0.04727999999999996
0.047259999999999976
0.04631999999999995
0.04637999999999997
0.045159999999999964
0.043099999999999944
0.04273999999999997
0.04163999999999996
0.04199999999999998
0.04131999999999996
0.04115999999999997
0.04179999999999996
0.03927999999999997
0.03941999999999997
0.03925999999999997
0.03863999999999999
0.03773999999999999
0.03653999999999997
0.035539999999999974
0.03523999999999997
0.03577999999999997
0.03687999999999999
0.03655999999999998
0.036579999999999974
0.037659999999999985
0.03855999999999999
0.03809999999999998
0.03803999999999998
0.037439999999999994
0.03711999999999997
0.03693999999999999
0.037999999999999985
0.03631999999999998
0.03634
0.03633999999999999
0.03666
0.03627999999999998
0.03629999999999999
0.035739999999999994
0.03551999999999998
0.03675999999999999
0.036399999999999995
0.03613999999999999
0.035899999999999994
0.03545999999999999
0.035499999999999976
0.03541999999999998
0.034419999999999985
0.03357999999999998
0.033339999999999995
0.03285999999999998
0.030539999999999994
0.029999999999999995
0.03069999999999999
0.030459999999999997
0.028079999999999983
0.028279999999999993
0.028160000000000004
0.029199999999999983
0.029079999999999984
0.029759999999999998
0.029300000000000003
0.029319999999999995
0.02789999999999999
0.026540000000000005
0.025879999999999997
0.026699999999999995
0.025539999999999993
0.02508000000000001
0.023940000000000003
0.023819999999999997
0.02312
0.022720000000000004
0.023119999999999998
0.02314
0.023880000000000002
0.023440000000000003
0.023020000000000006
0.022039999999999997
0.02156000000000001
0.02218
0.02190000000000001
0.021660000000000013
0.02116000000000001
0.021460000000000007
0.02108000000000001
0.021460000000000007
0.020560000000000005
0.020920000000000005
0.021620000000000007
0.022220000000000004
0.022300000000000004
0.021860000000000008
0.02048000000000001
0.01964000000000001
0.01978000000000001
0.01968000000000001
0.02042000000000001
0.021200000000000007
0.020800000000000006
0.02066000000000001
0.020500000000000008
0.021060000000000013
0.02102000000000001
0.021440000000000004
0.02106000000000001
0.02094000000000001
0.02086000000000001
0.02120000000000001
0.020780000000000003
0.021280000000000007
0.02090000000000001
0.02036000000000001
0.020020000000000007
0.01944000000000001
0.01930000000000001
0.01864000000000001
0.01846000000000001
0.01838000000000001
0.017860000000000008
0.017620000000000007
0.01730000000000001
0.017940000000000008
0.01856000000000001
0.01882000000000001
0.01936000000000001
0.01886000000000001
0.01892000000000001
0.01762000000000001
0.01800000000000001
0.01808000000000001
0.01790000000000001
0.01840000000000001
0.01790000000000001
0.01874000000000001
0.019700000000000013
0.01920000000000001
0.01886000000000001
0.01882000000000001
0.01776000000000001
0.017580000000000005
0.01738000000000001
0.01772000000000001
0.01770000000000001
0.017180000000000008
0.01730000000000001
0.01678000000000001
0.017080000000000005
0.015600000000000008
0.015540000000000009
0.015320000000000005
0.015060000000000007
0.015040000000000006
0.014980000000000007
0.014200000000000006
0.013240000000000007
0.013780000000000006
0.014420000000000006
0.014400000000000008
0.014160000000000006
0.013980000000000006
0.014260000000000005
0.014000000000000005
0.013740000000000007
0.012960000000000006
0.012980000000000005
0.012360000000000005
0.011860000000000004
0.012300000000000004
0.012100000000000005
0.011740000000000004
0.011680000000000006
0.011600000000000006
0.011340000000000003
0.011980000000000005
0.012400000000000005
0.012900000000000007
0.012680000000000007
0.012360000000000005
0.011720000000000006
0.011580000000000003
0.011420000000000003
0.011880000000000003
0.011700000000000004
0.011960000000000004
0.010920000000000006
0.010700000000000005
0.010500000000000004
0.010080000000000002
0.010240000000000004
0.010340000000000005
0.010420000000000006
0.010040000000000004
0.010340000000000005
0.010720000000000002
0.011540000000000002
0.012120000000000002
0.010600000000000005
0.010460000000000004
0.010280000000000004
0.010620000000000003
0.010860000000000003
0.009920000000000003
0.009660000000000002
0.009300000000000001
0.009360000000000002
0.009360000000000002
0.009220000000000004
0.009700000000000004
0.009740000000000004
0.009840000000000005
0.010380000000000006
0.010280000000000003
0.009880000000000005
0.010700000000000003
0.009840000000000002
0.010060000000000003
0.010720000000000002
0.009620000000000004
0.008960000000000001
0.008740000000000001
0.00864
0.00808
0.008080000000000002
0.008380000000000002
0.008420000000000002
0.007940000000000003
0.007480000000000002
0.007340000000000001
0.008360000000000003
0.0082
0.009140000000000004
0.008720000000000002
0.008100000000000001
0.007740000000000002
0.007860000000000002
0.007980000000000003
0.007520000000000002
0.008360000000000001
0.008420000000000004
0.008780000000000001
0.008320000000000003
0.008480000000000003
0.008960000000000003
0.008820000000000003
0.00872
0.008400000000000003
0.00784
0.007940000000000001
0.007420000000000002
0.0072000000000000015
0.006480000000000001
0.006560000000000002
0.006980000000000002
0.006200000000000002
0.006280000000000001
0.0065200000000000015
0.006720000000000001
0.0068600000000000015
0.007060000000000002
0.006820000000000001
0.006420000000000001
0.006640000000000002
0.007080000000000002
0.007260000000000002
0.007040000000000002
0.006540000000000001
0.006420000000000001
0.006440000000000001
0.006660000000000003
0.0068400000000000015
0.006680000000000002
0.006920000000000001
0.007480000000000001
0.0068400000000000015
0.007120000000000002
0.00714
0.006280000000000001
0.0060799999999999995
0.005139999999999999
0.005
0.00502
0.00464
0.00462
0.004699999999999999
0.00416
0.00382
0.003939999999999999
0.00392
0.00414
0.00394
0.00366
0.0038799999999999998
0.0038399999999999997
0.00374
0.004039999999999999
0.00416
0.0037599999999999995
0.004
0.0037199999999999998
0.0036
0.0037
0.004
0.00388
0.00398
0.00382
0.00376
0.00382
0.00382
0.00362
0.00364
0.0036
0.0034400000000000003
0.0034800000000000005
0.00336
0.00338
0.0033
0.00308
0.0031400000000000004
0.00344
0.00322
0.00334
0.0036600000000000005
0.0035800000000000003
0.0034999999999999996
0.00362
0.0035399999999999993
0.00382
0.0037600000000000008
0.0034200000000000003
0.0034600000000000004
0.00336
0.0036600000000000005
0.0038799999999999998
0.00332
0.0036799999999999992
0.0033199999999999996
0.00334
0.0030200000000000005
0.0029600000000000004
0.00272
0.0027800000000000004
0.0030000000000000005
0.00316
0.00268
0.00268
0.00318
0.0027400000000000002
0.00256
0.00264
0.0026
0.00232
0.00242
0.0020800000000000003
0.00204
0.00228
0.00226
0.00254
0.00234
0.0022
0.0027799999999999995
0.0026399999999999996
0.0025800000000000003
0.00248
0.0024800000000000004
0.0024399999999999995
0.0024
0.00226
0.00192
0.0017399999999999998
0.0018000000000000002
0.0016600000000000005
0.0015
0.0014199999999999998
0.00138
0.0015799999999999998
0.0012
0.0013800000000000002
0.0014200000000000003
0.0013
0.00126
0.00156
0.0016
0.0017
0.0019400000000000003
0.00194
0.00188
0.00182
0.0019
0.0019399999999999999
0.00188
0.0023399999999999996
0.00266
0.0025800000000000003
0.0028399999999999996
0.0025
0.0026
0.0030399999999999993
0.0031399999999999996
0.0026
0.0024799999999999996
0.0026
0.00226
0.0021600000000000005
0.0023799999999999997
0.0022400000000000002
0.00234
0.00214
0.00234
0.0022
0.00182
0.0021200000000000004
0.00198
0.00202
0.00168
0.0015
0.00156
0.0015
0.0016
0.0016799999999999999
0.0018600000000000003
0.0017200000000000002
0.0017
0.0017
0.00216
0.0020599999999999998
0.00208
0.00226
0.0024
0.0021799999999999996
0.00194
0.00212
0.0020399999999999997
0.0018599999999999999
0.0020199999999999997
0.00216
0.002
0.0018
0.00196
0.0018400000000000003
0.0017600000000000003
0.0017200000000000002
0.00194
0.0019
0.00158
0.00132
0.0013800000000000002
0.00156
0.0014399999999999999
0.0010799999999999998
8.799999999999999E-4
6.999999999999999E-4
5.4E-4
5.600000000000001E-4
7.000000000000001E-4
7.599999999999999E-4
5.600000000000001E-4
4.3999999999999996E-4
5.4E-4
5.6E-4
6.2E-4
6.8E-4
6.2E-4
4.8E-4
5.200000000000001E-4
5.8E-4
4.6E-4
5.0E-4
5.0E-4
5.0E-4
4.2E-4
4.2E-4
6.0E-4
4.8E-4
6.4E-4
6.2E-4
6.0E-4
6.8E-4
6.8E-4
7.8E-4
6.8E-4
6.4E-4
7.000000000000001E-4
6.4E-4
5.4E-4
6.2E-4
5.8E-4
5.600000000000001E-4
4.0E-4
3.5999999999999997E-4
3.2E-4
2.6E-4
4.0E-4
5.0E-4
5.2E-4
6.0E-4
6.4E-4
8.6E-4
6.2E-4
6.2E-4
9.0E-4
9.4E-4
9.0E-4
8.6E-4
7.4E-4
7.599999999999999E-4
9.2E-4
8.0E-4
8.0E-4
6.8E-4
5.2E-4
5.0E-4
4.2E-4
3.7999999999999997E-4
3.5999999999999997E-4
3.0E-4
3.7999999999999997E-4
3.4E-4
3.7999999999999997E-4
3.0E-4
4.0E-4
3.5999999999999997E-4
2.1999999999999998E-4
1.7999999999999998E-4
1.4000000000000001E-4
8.0E-5
8.0E-5
4.0E-5
2.0E-5
2.0E-5
0.0
0.0
0.0
0.0
0.0
0.0
0.0
0.0
0.0
0.0
0.0
0.0
0.0
0.0
0.0
0.0
0.0
0.0
0.0
0.0
0.0
0.0
0.0
0.0
0.0
0.0
0.0
0.0
0.0
0.0
0.0
0.0
0.0
0.0
0.0
0.0
0.0
0.0
0.0
0.0
0.0
0.0
0.0
0.0
0.0
0.0
0.0
0.0
0.0
0.0
0.0
0.0
0.0
0.0
0.0
0.0
0.0
0.0
0.0
0.0
0.0
0.0
0.0
0.0
0.0
0.0
0.0
0.0
0.0
0.0
0.0
0.0
0.0
0.0
0.0
0.0
0.0
0.0
0.0
0.0
0.0
0.0
0.0
0.0
0.0
0.0
0.0
0.0
0.0
0.0
0.0
0.0
0.0
0.0
0.0
0.0
0.0
0.0
0.0
0.0
0.0
0.0
0.0
0.0
0.0
0.0
0.0
0.0
0.0
0.0
0.0
0.0
0.0
0.0
0.0
0.0
0.0
0.0
0.0
0.0
0.0
0.0
0.0
0.0
0.0
0.0
0.0
0.0
0.0
0.0
0.0
0.0
0.0
0.0
0.0
0.0
0.0
0.0
0.0
0.0
0.0
0.0
0.0
0.0
0.0
0.0
0.0
0.0
0.0
0.0
0.0
0.0
0.0
0.0
0.0
0.0
0.0
0.0
0.0
0.0
0.0
0.0
0.0
0.0
0.0
0.0
0.0
0.0
0.0
0.0
0.0
0.0
0.0
0.0
0.0
0.0
0.0
0.0
0.0
0.0
0.0
0.0
0.0
0.0
0.0
0.0
0.0
0.0
0.0
0.0
0.0
0.0
0.0
0.0
0.0
0.0
0.0
0.0
0.0
0.0
0.0
0.0
0.0
0.0
0.0
0.0
0.0
0.0
0.0
0.0
0.0
0.0
0.0
0.0
0.0
0.0
0.0
0.0
0.0
0.0
0.0
0.0
0.0
0.0
0.0
0.0
0.0
0.0
0.0
0.0
0.0
0.0
0.0
0.0
0.0
0.0
0.0
0.0
0.0
0.0
0.0
0.0
0.0
0.0
0.0
0.0
0.0
0.0
0.0
0.0
0.0
0.0
0.0
0.0
0.0
0.0
0.0
0.0
0.0
0.0
0.0
0.0
0.0
0.0
0.0
0.0
0.0
0.0
0.0
0.0
0.0
0.0
0.0
0.0
0.0
0.0
0.0
0.0
0.0
0.0
0.0
0.0
0.0
0.0
0.0
0.0
0.0
0.0
0.0
0.0
0.0
0.0
0.0
0.0
0.0
0.0
0.0
0.0
0.0
0.0
0.0
0.0
0.0
0.0
0.0
0.0
0.0
0.0
0.0
0.0
0.0
0.0
0.0
0.0
0.0
0.0
0.0
0.0
0.0
0.0
0.0
0.0
0.0
0.0
0.0
0.0
0.0
0.0
0.0
0.0
0.0
0.0
0.0
0.0
0.0
0.0
0.0
0.0
0.0
0.0
0.0
0.0
0.0
0.0
0.0
0.0
0.0
0.0
0.0
0.0
0.0
0.0
0.0
0.0
0.0
0.0
0.0
0.0
0.0
0.0
0.0
0.0
0.0
0.0
0.0
0.0
0.0
0.0
0.0
0.0
0.0
0.0
0.0
0.0
0.0
0.0
0.0
0.0
0.0
0.0
0.0
0.0
0.0
0.0
0.0
0.0
0.0
0.0
0.0
0.0
0.0
0.0
0.0
0.0
0.0
0.0
0.0
0.0
0.0
0.0
0.0
0.0
0.0
0.0
0.0
0.0
0.0
0.0
0.0
0.0
0.0
0.0
0.0
0.0
0.0
0.0
0.0
0.0
0.0
0.0
0.0
0.0
0.0
0.0
0.0
0.0
0.0
0.0
0.0
0.0
0.0
0.0
0.0
0.0
0.0
0.0
0.0
0.0
0.0
0.0
0.0
0.0
0.0
0.0
0.0
0.0
0.0
