0.19999999999999962
0.16324000000000002
0.14578
0.13592000000000007
0.13290000000000005
0.12829999999999997
0.12445999999999996
0.12367999999999997
0.12094000000000005
0.11991999999999997
0.11986000000000001
0.1165
0.11632000000000002
0.11403999999999997
0.11418
0.11379999999999996
0.11639999999999993
0.11407999999999997
0.11319999999999993
0.11132000000000002
0.11143999999999998
0.11158
0.11294000000000004
0.11344000000000003
0.11282000000000006
0.11332
0.11233999999999998
0.11193999999999998
0.11183999999999994
0.11311999999999997
0.11482
0.11279999999999996
0.11088
0.11115999999999997
0.11059999999999992
0.11223999999999998
0.11528000000000002
0.11391999999999998
0.11222000000000004
0.11247999999999996
0.11338000000000006
0.11265999999999998
0.11213999999999999
0.11475999999999997
0.11166000000000001
0.11043999999999995
0.10997999999999994
0.11239999999999997
0.11198000000000002
0.11188000000000003
0.11278
0.11325999999999997
0.11250000000000003
0.11388
0.11363999999999994
0.11300000000000006
0.11326000000000003
0.11073999999999995
0.11027999999999999
0.10970000000000002
0.10743999999999998
0.10804000000000002
0.10987999999999996
0.10907999999999995
0.10989999999999998
0.10741999999999999
0.10761999999999994
0.10727999999999996
0.10772
0.10808000000000001
0.10835999999999998
0.10939999999999998
0.11131999999999997
0.11105999999999996
0.10865999999999999
0.10923999999999998
0.10792000000000003
0.10908
0.11094
0.10973999999999999
0.11007999999999997
0.10967999999999993
0.11113999999999997
0.11184000000000002
0.11099999999999993
0.11141999999999999
0.11051999999999998
0.11077999999999996
0.11226000000000003
0.11124
0.11023999999999999
0.11071999999999994
0.10831999999999999
0.10851999999999991
0.10830000000000001
0.10778000000000007
0.10879999999999997
0.10654000000000002
0.10639999999999995
0.10558
0.10711999999999997
0.10775999999999998
0.10796
0.10624
0.10869999999999999
0.11016000000000004
0.11157999999999996
0.11046000000000003
0.1091
0.11154000000000001
0.11162
0.11116
0.10948000000000001
0.11141999999999994
0.11147999999999997
0.11066
0.11009999999999996
0.11067999999999996
0.11128000000000002
0.10964
0.10844000000000001
0.10942000000000002
0.10847999999999994
0.10811999999999992
0.11021999999999998
0.1094
0.10962000000000001
0.11122000000000001
0.10925999999999998
0.10877999999999995
0.10932
0.11094000000000001
0.10843999999999998
0.11194000000000001
0.11185999999999999
0.11027999999999995
0.11029999999999995
0.1115
0.10852
0.10787999999999999
0.11135999999999999
0.11094
0.11171999999999999
0.11056000000000005
0.11040000000000004
0.10903999999999994
0.10893999999999998
0.10922000000000001
0.11141999999999996
0.10837999999999998
0.10778000000000003
0.10782000000000001
0.11079999999999997
0.11240000000000001
0.11041999999999995
0.11078000000000003
0.10844000000000001
0.10941999999999999
0.11272
0.11541999999999997
0.11541999999999997
0.11470000000000002
0.11587999999999997
0.11544000000000004
0.11223999999999998
0.11318000000000002
0.10955999999999996
0.10769999999999992
0.10702
0.10823999999999998
0.10728
0.10735999999999996
0.10697999999999996
0.10638
0.11072000000000003
0.11061999999999995
0.10831999999999996
0.11205999999999998
0.11326000000000004
0.11232000000000002
0.11076000000000003
0.11152000000000002
0.1133
0.11312000000000001
0.11215999999999998
0.11399999999999999
0.11343999999999997
0.11374000000000001
0.11255999999999997
0.11173999999999996
0.11126000000000001
0.10985999999999999
0.11004000000000001
0.11275999999999999
0.11372000000000002
0.11483999999999997
0.11307999999999996
0.11162
0.11159999999999996
0.11140000000000003
0.11216000000000001
0.11383999999999996
0.11564000000000002
0.1145
0.11346
0.11149999999999999
0.11112000000000002
0.11169999999999997
0.10883999999999994
0.10638000000000003
0.10731999999999994
0.11118000000000004
0.11359999999999998
0.11418000000000003
0.11583999999999993
0.1119599999999999
0.11291999999999996
0.11343999999999994
0.10919999999999996
0.10929999999999997
0.10993999999999997
0.10888000000000002
0.10950000000000004
0.10974
0.10974
0.11005999999999996
0.11124000000000002
0.11023999999999999
0.11116
0.11003999999999997
0.10858000000000001
0.11002000000000002
0.11126
0.10969999999999999
0.11091999999999999
0.11209999999999995
0.11433999999999996
0.11484000000000001
0.11342
0.11418
0.11215999999999998
0.10975999999999995
0.10796000000000004
0.10925999999999997
0.11112000000000004
0.11327999999999999
0.11339999999999995
0.11128
0.1106
0.10751999999999999
0.10558000000000002
0.10780000000000005
0.10803999999999998
0.10756
0.11066
0.11304000000000002
0.11445999999999999
0.1155
0.11443999999999996
0.11396
0.11330000000000001
0.11243999999999994
0.11180000000000004
0.11231999999999999
0.11231999999999992
0.11266
0.11039999999999997
0.11118
0.11141999999999999
0.11162000000000004
0.11157999999999996
0.10912000000000006
0.11046000000000002
0.11054
0.10959999999999999
0.10936
0.11135999999999997
0.11162
0.11089999999999994
0.11212000000000001
0.11038000000000003
0.11137999999999997
0.11194000000000004
0.10884
0.11103999999999999
0.11155999999999996
0.1112399999999999
0.10972
0.10890000000000002
0.10974
0.11280000000000001
0.11017999999999997
0.11069999999999997
0.11272
0.11061999999999995
0.11464000000000002
0.11512
0.1158999999999999
0.11609999999999995
0.11534000000000001
0.11594000000000003
0.11461999999999996
0.11269999999999998
0.11322000000000006
0.11350000000000002
0.11202000000000004
0.11345999999999998
0.11068000000000003
0.10939999999999998
0.11046000000000004
0.11089999999999994
0.10987999999999999
0.1087
0.10960000000000006
0.10961999999999997
0.11140000000000004
0.10844
0.10817999999999998
0.10830000000000004
0.10774
0.10898000000000004
0.11029999999999998
0.11378000000000005
0.11295999999999996
0.11349999999999992
0.11182
0.11212000000000001
0.11354000000000002
0.11482000000000006
0.11281999999999995
0.11530000000000003
0.11428
0.11321999999999993
0.11404
0.11406000000000006
0.11578000000000008
0.11439999999999996
0.11450000000000006
0.11524000000000005
0.11662000000000003
0.11437999999999998
0.11285999999999997
0.11055999999999992
0.10845999999999999
0.10828000000000003
0.11078000000000002
0.10980000000000004
0.11249999999999999
0.11133999999999998
0.11079999999999997
0.11008
0.11191999999999996
0.10893999999999995
0.11303999999999995
0.11386000000000004
0.11518
0.11556
0.11666000000000003
0.11654000000000007
0.11716000000000003
0.11809999999999998
0.11889999999999995
0.11997999999999998
0.11886
0.11541999999999997
0.11505999999999998
0.11349999999999999
0.11146000000000005
0.11292000000000003
0.11146000000000005
0.10974000000000003
0.10775999999999998
0.10735999999999998
0.10668
0.10792000000000002
0.10741999999999999
0.10731999999999997
0.10810000000000003
0.10948000000000001
0.10882000000000001
0.10981999999999997
0.10784000000000005
0.10894
0.10861999999999997
0.10885999999999997
0.11034000000000001
0.11199999999999996
0.11008000000000003
0.11110000000000002
0.11181999999999995
0.11019999999999998
0.10827999999999996
0.10759999999999996
0.10694000000000001
0.10584000000000005
0.10851999999999999
0.10689999999999998
0.10737999999999998
0.10700000000000003
0.10728000000000003
0.11049999999999996
0.11186000000000001
0.11214000000000002
0.11290000000000001
0.11153999999999992
0.10934000000000005
0.11044000000000004
0.11090000000000004
0.11166000000000002
0.11134000000000002
0.11147999999999993
0.11142000000000003
0.11221999999999996
0.11232000000000002
0.11020000000000002
0.10713999999999996
0.10795999999999994
0.1093
0.11023999999999994
0.10985999999999999
0.11139999999999996
0.11167999999999997
0.11077999999999999
0.11212000000000005
0.11026000000000004
0.11064
0.10707999999999997
0.10748000000000003
0.10962
0.10986000000000005
0.1096
0.10957999999999998
0.11076000000000004
0.11470000000000004
0.11365999999999994
0.11324000000000002
0.11144
0.10983999999999998
0.10842000000000006
0.10919999999999992
0.10926
0.10866000000000005
0.11022
0.10728
0.10683999999999994
0.10723999999999999
0.10733999999999996
0.10683999999999998
0.10895999999999993
0.10760000000000003
0.1074
0.10941999999999996
0.10942000000000002
0.11213999999999996
0.11257999999999997
0.11166000000000002
0.11047999999999998
0.11067999999999997
0.10992
0.10982000000000001
0.11013999999999999
0.10889999999999996
0.10835999999999997
0.10845999999999996
0.11026000000000004
0.11171999999999999
0.11297999999999994
0.11106000000000008
0.11105999999999998
0.11008
0.11083999999999994
0.11107999999999997
0.10788000000000002
0.11008000000000003
0.10825999999999998
0.10871999999999994
0.10962000000000005
0.10892000000000002
0.11036
0.10953999999999996
0.11144000000000003
0.11096000000000003
0.11076000000000001
0.11092000000000002
0.11211999999999991
0.1101
0.11087999999999999
0.10809999999999997
0.10493999999999999
0.10662000000000002
0.10865999999999999
0.10805999999999996
0.10822
0.10924000000000002
0.10814000000000001
0.10834000000000003
0.10903999999999997
0.11009999999999998
0.11081999999999996
0.11078000000000003
0.10959999999999999
0.11165999999999997
0.10937999999999999
0.10951999999999998
0.11286
0.11220000000000004
0.11095999999999996
0.11229999999999998
0.11208
0.11117999999999995
0.11289999999999996
0.11124
0.11262
0.11149999999999999
0.11132000000000002
0.11018000000000003
0.11174
0.11198000000000004
0.11065999999999997
0.10814000000000004
0.10811999999999995
0.10652
0.10599999999999993
0.10767999999999997
0.10741999999999996
0.10892000000000009
0.10971999999999998
0.10937999999999998
0.10968000000000004
0.11141999999999999
0.11059999999999998
0.11048
0.11070000000000006
0.11053999999999997
0.11336000000000004
0.11381999999999999
0.11384
0.11349999999999999
0.11374
0.11201999999999998
0.10918000000000004
0.11001999999999994
0.10865999999999999
0.10812000000000001
0.10901999999999995
0.11075999999999998
0.11141999999999998
0.1114
0.11153999999999996
0.10957999999999998
0.10865999999999999
0.11051999999999997
0.10857999999999998
0.10717999999999998
0.10937999999999995
0.10646000000000001
0.10697999999999996
0.10899999999999993
0.10956000000000003
0.11158000000000001
0.11306
0.11136000000000001
0.11089999999999998
0.11046000000000003
0.10989999999999994
0.11030000000000005
0.10757999999999997
0.10718
0.10632
0.10612000000000005
0.10656
0.10860000000000002
0.11085999999999997
0.11036
0.11058000000000004
0.11466000000000001
0.11562
0.11456000000000004
0.11416
0.11594000000000002
0.1164
0.11486000000000002
0.11224000000000002
0.11221999999999997
0.11176
0.11081999999999996
0.10969999999999996
0.11062000000000002
0.11043999999999998
0.10825999999999998
0.10898000000000004
0.10870000000000003
0.10907999999999998
0.10779999999999995
0.10677999999999997
0.10813999999999994
0.10732
0.10571999999999998
0.10798
0.10827999999999997
0.10781999999999999
0.10923999999999998
0.11112000000000002
0.11046000000000002
0.10830000000000001
0.11004000000000001
0.11051999999999994
0.11118
0.11129999999999995
0.11019999999999994
0.10749999999999998
0.10589999999999994
0.10733999999999998
0.10736000000000001
0.10740000000000002
0.10957999999999996
0.10987999999999994
0.10784000000000006
0.10561999999999998
0.10522000000000002
0.10599999999999996
0.10486
0.10756000000000004
0.10945999999999996
0.10792
0.10841999999999999
0.10809999999999997
0.10674000000000002
0.10636
0.10914
0.11119999999999998
0.11077999999999996
0.11116
0.10917999999999997
0.11200000000000003
0.1103
0.11183999999999993
0.11130000000000001
0.11261999999999997
0.11086000000000001
0.11191999999999998
0.11241999999999999
0.11388000000000006
0.11309999999999996
0.11398000000000007
0.11312000000000001
0.11103999999999999
0.10964
0.10994000000000004
0.11039999999999996
0.10949999999999999
0.11063999999999993
0.11257999999999999
0.11338000000000002
0.11058
0.11384000000000002
0.11235999999999997
0.11252000000000002
0.11220000000000006
0.11052
0.11089999999999996
0.11042000000000003
0.10984
0.10968
0.10789999999999995
0.10821999999999996
0.10779999999999999
0.10869999999999998
0.10722000000000004
0.10981999999999999
0.10871999999999998
0.11016000000000004
0.11336
0.11505999999999998
0.11366000000000001
0.11403999999999996
0.11366000000000004
0.11367999999999995
0.11562000000000004
0.11452
0.11517999999999999
0.11503999999999999
0.11156000000000002
0.11019999999999998
0.11181999999999993
0.11025999999999997
0.11085999999999994
0.11057999999999994
0.1116
0.11071999999999997
0.11257999999999997
0.11200000000000002
0.11164000000000003
0.11022000000000003
0.11055999999999998
0.11192
0.11324
0.11155999999999999
0.11004000000000001
0.11064
0.11095999999999996
0.10879999999999997
0.10990000000000003
0.11070000000000002
0.11200000000000002
0.1122
0.11165999999999998
0.11001999999999999
0.11079999999999998
0.11008
0.10957999999999993
0.10833999999999998
0.10840000000000001
0.10961999999999993
0.109
0.11067999999999993
0.11143999999999998
0.11044000000000001
0.11177999999999995
0.11231999999999996
0.11023999999999995
0.11110000000000002
0.11026
0.11109999999999999
0.11205999999999998
0.11232000000000002
0.11216
0.11056
0.11089999999999994
0.11167999999999996
0.11167999999999999
0.11095999999999995
0.11248
0.11315999999999998
0.1099
0.11015999999999998
0.10964
0.11091999999999996
0.10918
0.10988000000000003
0.10905999999999999
0.10868000000000005
0.10894000000000002
0.10656
0.10740000000000002
0.10880000000000001
0.11038
0.10916000000000002
0.11012000000000004
0.11072000000000003
0.10972000000000001
0.10971999999999993
0.10712000000000003
0.10843999999999995
0.10908
0.10734000000000003
0.11069999999999997
0.11049999999999997
0.11226000000000003
0.11116
0.11173999999999999
0.1128
0.11098000000000001
0.11105999999999996
0.11042000000000002
0.10905999999999999
0.10724
0.10824000000000002
0.10765999999999995
0.11002
0.11028000000000002
0.11022
0.10837999999999999
0.10747999999999994
0.10722000000000001
0.11045999999999997
0.11108000000000001
0.11111999999999998
0.10994000000000001
0.11002000000000002
0.10888000000000002
0.11026000000000004
0.10977999999999996
0.10989999999999994
0.11168000000000002
0.11187999999999997
0.11127999999999995
0.11009999999999998
0.10966000000000004
0.11109999999999993
0.11175999999999998
0.11242000000000002
0.11206
0.11309999999999996
0.11345999999999996
0.11188000000000001
0.11171999999999999
0.10981999999999996
0.10784000000000002
0.10800000000000001
0.10751999999999999
0.10987999999999998
0.11122000000000001
0.11152000000000001
0.10984000000000002
0.10912
0.11011999999999997
0.10972
0.11282000000000002
0.11429999999999994
0.11254
0.10961999999999994
0.10828000000000002
0.10713999999999999
0.10826000000000001
0.10553999999999998
0.10385999999999998
0.10576
0.10808
0.10528
0.10488
0.10538000000000002
0.10495999999999998
0.10697999999999999
0.10486
0.10575999999999991
0.10956000000000003
0.11058000000000004
0.11176
0.11071999999999997
0.11227999999999998
0.11290000000000001
0.11208000000000004
0.11027999999999999
0.10985999999999999
0.1098600000000001
0.11158000000000003
0.11117999999999999
0.11086000000000004
0.11124
0.11001999999999994
0.11117999999999997
0.11168000000000003
0.11049999999999999
0.11101999999999997
0.10906
0.10765999999999998
0.10848000000000002
0.10903999999999994
0.10819999999999996
0.10865999999999996
0.10835999999999998
0.10607999999999997
0.10754
0.10762000000000002
0.10882
0.11026000000000004
0.11004000000000005
0.10794000000000001
0.10974
0.10848
0.10822
0.10923999999999999
0.11068000000000001
0.10848000000000006
0.11047999999999998
0.11120000000000006
0.10937999999999999
0.11003999999999996
0.10909999999999999
0.10640000000000001
0.10549999999999997
0.10531999999999998
0.10619999999999999
0.10645999999999997
0.10701999999999995
0.10556000000000001
0.10595999999999994
0.10605999999999996
0.10655999999999995
0.10635999999999994
0.10468
0.10799999999999997
0.10642
0.10755999999999999
0.10703999999999997
0.10711999999999999
0.10679999999999996
0.10696
0.1067
0.10753999999999996
0.10962000000000004
0.10894000000000004
0.10808000000000001
0.10857999999999998
0.10967999999999999
0.10897999999999997
0.11074
0.11148
0.11071999999999999
0.11034000000000001
0.10960000000000004
0.10744000000000002
0.10869999999999998
0.1078
0.10708000000000001
0.10852
0.10734000000000002
0.10918000000000001
0.10808000000000004
0.10807999999999998
0.10978
0.10925999999999997
0.11074000000000003
0.11077999999999999
0.10686
0.10872000000000001
0.10662000000000005
0.10615999999999999
0.10718
0.10795999999999997
0.10903999999999997
0.10944000000000001
0.10891999999999995
0.10908
0.11044000000000002
0.11153999999999996
0.10929999999999998
0.11066000000000002
0.11107999999999996
0.11090000000000007
0.11011999999999998
0.11139999999999999
0.11108000000000004
0.11065999999999995
0.11081999999999999
0.11123999999999996
0.11115999999999998
0.10940000000000005
0.10858000000000004
0.10758
0.10792000000000002
0.11032
0.10917999999999996
0.10769999999999992
0.10796
0.10876
0.10748
0.10796
0.10836
0.10785999999999996
0.10732
0.10795999999999997
0.10777999999999999
0.10642
0.10613999999999997
0.10524000000000003
0.10328000000000001
0.10621999999999997
0.10411999999999998
0.10721999999999998
0.10814
0.10694
0.10744000000000002
0.10885999999999994
0.10966000000000001
0.11123999999999996
0.10729999999999996
0.10905999999999999
0.10696000000000006
0.10612
0.10824000000000006
0.10783999999999999
0.10799999999999997
0.10952
0.11023999999999994
0.11067999999999993
0.10825999999999995
0.10923999999999999
0.11127999999999999
0.10963999999999995
0.10635999999999997
0.10540000000000001
0.10758
0.11089999999999996
0.11139999999999996
0.11350000000000005
0.11394000000000001
0.11203999999999996
0.11245999999999999
0.11161999999999997
0.11042
0.11133999999999991
0.11218
0.11022000000000003
0.10919999999999996
0.11019999999999998
0.10871999999999998
0.11186000000000003
0.11227999999999999
