0.19999999999999962
0.354
0.5655600000000001
0.7170599999999997
0.7951299999999999
0.8295299999999997
0.8445399999999991
0.8510099999999997
0.8557899999999995
0.8547699999999999
0.85291
0.8540799999999994
0.8563499999999997
0.8565000000000004
0.8561699999999994
0.8559999999999995
0.8551499999999999
0.8563099999999999
0.8569099999999996
0.8547199999999998
0.8567599999999997
0.8548999999999998
0.8567399999999996
0.8566799999999997
0.8540299999999996
0.8557199999999996
0.854089999999999
0.8550399999999998
0.8560800000000001
0.8565199999999997
0.8560999999999994
0.8575099999999997
0.8542199999999996
0.85455
0.8549399999999998
0.8561999999999995
0.8578499999999996
0.8557699999999996
0.8564199999999995
0.8547299999999994
0.8572899999999996
0.8560399999999995
0.8542199999999994
0.8556199999999994
0.8571499999999999
0.8558599999999994
0.8565099999999994
0.8571899999999993
0.8566199999999998
0.8553299999999995
0.8566299999999994
0.8566899999999993
0.8534599999999994
0.8552999999999998
0.8536099999999998
0.8553599999999995
0.8565399999999996
0.8558299999999995
0.8560499999999999
0.8553299999999995
0.85588
0.8541400000000001
0.8550399999999998
0.85626
0.8555799999999998
0.8554499999999995
0.8548699999999998
0.8566799999999999
0.8560599999999994
0.8555999999999999
0.8559999999999994
0.8561199999999993
0.8543699999999997
0.8573899999999994
0.8560299999999998
0.8559399999999995
0.8547599999999994
0.8541999999999994
0.8549300000000001
0.85524
0.8554099999999998
0.8563899999999994
0.8554199999999998
0.8569099999999995
0.8551899999999995
0.8572100000000004
0.85669
0.8565499999999997
0.8562499999999997
0.8547100000000003
0.8545299999999998
0.8543799999999996
0.85481
0.857829999999999
0.85611
0.8555199999999995
0.8559799999999995
0.8569799999999995
0.8570599999999997
0.85449
0.8545699999999995
0.8555099999999994
0.85643
0.8565299999999998
0.8556699999999994
0.8560099999999996
0.8538299999999996
0.8553799999999998
0.8565699999999993
0.8565399999999996
0.8584199999999998
0.8586799999999993
0.8556599999999999
0.8558599999999998
0.8552399999999996
0.8572899999999997
0.8578299999999995
0.856619999999999
0.8548999999999992
0.8528699999999998
0.8555399999999997
0.8552500000000001
0.8566299999999994
0.8580599999999996
0.8575399999999999
0.8568999999999994
0.8561399999999996
0.85575
0.8546999999999992
0.8535599999999994
0.8553699999999996
0.8562000000000001
0.8572299999999999
0.8584099999999998
0.8578599999999994
0.8570199999999992
0.8572299999999997
0.8557799999999997
0.8562799999999998
0.8563800000000001
0.8526199999999995
0.8549999999999999
0.8557099999999993
0.8547099999999996
0.8543899999999998
0.8554899999999998
0.8561099999999991
0.8543799999999999
0.8543900000000001
0.8571099999999994
0.8561199999999997
0.8569699999999999
0.85619
0.8548899999999996
0.8539799999999999
0.8557299999999997
0.8560599999999997
0.8562899999999997
0.8568800000000003
0.8551800000000002
0.8549499999999994
0.8552099999999997
0.8559099999999994
0.8554799999999994
0.8561299999999998
0.8563699999999999
0.8556599999999994
0.8554599999999997
0.8557399999999997
0.85529
0.8562799999999996
0.8566299999999997
0.8573799999999997
0.8553799999999994
0.8549499999999997
0.8560999999999995
0.8568699999999997
0.8557099999999994
0.8548999999999995
0.8552399999999998
0.8550699999999997
0.8553399999999995
0.8555399999999993
0.8539800000000003
0.8550599999999996
0.8556799999999999
0.8551699999999994
0.8565699999999998
0.8561699999999998
0.8568899999999994
0.8546499999999996
0.8545799999999996
0.8560099999999993
0.8552899999999992
0.8560599999999997
0.8571499999999997
0.8567899999999993
0.8533899999999994
0.8549300000000001
0.8554199999999997
0.8549299999999996
0.8548399999999998
0.8543099999999996
0.8546199999999996
0.85489
0.8545299999999999
0.85508
0.8551799999999994
0.8527800000000001
0.8571899999999998
0.8555499999999995
0.8551499999999996
0.8571099999999994
0.8555799999999997
0.8555399999999996
0.8551400000000002
0.8544899999999995
0.8551499999999996
0.8557599999999995
0.8570999999999998
0.8570699999999998
0.8556099999999995
0.8542299999999997
0.8566899999999997
0.8563299999999994
0.8554799999999999
0.8568399999999996
0.85832
0.85647
0.8552799999999998
0.8565299999999992
0.8562899999999994
0.8569999999999994
0.85406
0.8549999999999995
0.8546499999999994
0.85481
0.85422
0.8551299999999996
0.8554799999999999
0.8563000000000001
0.8568699999999998
0.8550500000000004
0.8559799999999993
0.8567499999999997
0.8555799999999999
0.8552499999999997
0.8563899999999997
0.8570699999999998
0.8565699999999998
0.85627
0.8552600000000001
0.8541599999999999
0.8549699999999995
0.8549099999999997
0.8542599999999999
0.8569799999999994
0.8566999999999995
0.8548699999999994
0.8572999999999996
0.8549799999999995
0.8553499999999995
0.8550899999999999
0.8556399999999995
0.8580599999999997
0.8575399999999995
0.8577399999999997
0.8577099999999995
0.8581699999999999
0.8587099999999999
0.8546199999999995
0.8578999999999999
0.8556399999999996
0.8546599999999998
0.8552499999999995
0.8550299999999996
0.8568899999999995
0.8589799999999999
0.8566199999999995
0.8544799999999998
0.8551199999999995
0.8546899999999996
0.8566099999999995
0.8555199999999995
0.8557499999999996
0.8557899999999994
0.8552399999999998
0.8560899999999999
0.8552599999999996
0.8564099999999997
0.8555699999999997
0.8570699999999998
0.8573700000000001
0.8573699999999999
0.8557999999999999
0.8565500000000001
0.8581099999999998
0.8563899999999997
0.85586
0.8570499999999999
0.8575699999999997
0.85548
0.8567799999999997
0.8564600000000003
0.8583599999999995
0.8594399999999998
0.8564799999999998
0.8563899999999995
0.8546899999999998
0.8569999999999998
0.8560599999999998
0.8566099999999995
0.8561499999999994
0.8556499999999997
0.8546200000000002
0.8555699999999998
0.8569799999999996
0.8565899999999995
0.8551899999999998
0.8553199999999999
0.85545
0.8550200000000001
0.8556900000000001
0.8551999999999996
0.8559499999999997
0.8558899999999997
0.8564699999999992
0.8547500000000002
0.8554099999999998
0.8568999999999994
0.8567999999999998
0.8541399999999997
0.8546099999999996
0.8538900000000001
0.8564699999999996
0.8542499999999998
0.8562599999999994
0.8561299999999996
0.8559299999999996
0.8546500000000001
0.8530299999999997
0.8565799999999997
0.8558699999999996
0.8559599999999995
0.8541099999999997
0.8556999999999997
0.8561999999999997
0.8546399999999998
0.8549899999999994
0.8566400000000002
0.8551100000000001
0.8568799999999999
0.8567599999999994
0.8568099999999993
0.8573899999999994
0.8567599999999999
0.8566399999999997
0.8583399999999993
0.8565499999999997
0.85624
0.8566999999999996
0.8555199999999996
0.8558299999999995
0.8561499999999994
0.8554499999999993
0.8580399999999997
0.8550499999999995
0.8553399999999995
0.8560899999999992
0.8561799999999998
0.8568399999999996
0.8579899999999998
0.8575199999999998
0.8550399999999998
0.8548299999999998
0.8550399999999989
0.8534899999999999
0.85503
0.8549899999999997
0.8565999999999997
0.8563299999999999
0.8558799999999996
0.8554499999999998
0.8563299999999995
0.8566399999999997
0.8563399999999999
0.8552399999999994
0.8560199999999994
0.8561699999999994
0.8561599999999997
0.8573900000000001
0.8575899999999992
0.8564799999999988
0.8556299999999998
0.8574199999999997
0.8558299999999999
0.8560099999999999
0.8561299999999994
0.8551599999999993
0.8557199999999997
0.8558499999999993
0.8566399999999994
0.8545999999999995
0.8557599999999996
0.8561599999999996
0.8545899999999997
0.8558699999999996
0.8541699999999995
0.8559599999999997
0.8569399999999999
0.8558499999999997
0.8565099999999994
0.8554699999999995
0.8560299999999996
0.8560999999999998
0.8542799999999996
0.8566999999999995
0.8552399999999994
0.8563899999999994
0.85697
0.8577299999999998
0.8565999999999997
0.8553099999999995
0.8566299999999994
0.8585599999999998
0.8564199999999994
0.8561499999999996
0.8578399999999999
0.8570199999999994
0.8572399999999999
0.8548799999999998
0.8548599999999991
0.8550499999999996
0.8557699999999994
0.85486
0.8561899999999997
0.8569099999999997
0.8589799999999995
0.8564899999999993
0.8553099999999993
0.8541099999999996
0.8559799999999999
0.8549399999999997
0.8538899999999997
0.8540799999999994
0.8538999999999994
0.8548899999999994
0.8534899999999999
0.8548799999999992
0.8567999999999997
0.8542099999999997
0.8531299999999996
0.8533299999999993
0.8566999999999994
0.8560999999999994
0.8546599999999995
0.8561999999999999
0.8565699999999995
0.8552099999999991
0.8553799999999996
0.8549199999999995
0.8558399999999996
0.8561599999999997
0.8565899999999995
0.8550099999999995
0.8547299999999997
0.85406
0.8558800000000001
0.8567999999999995
0.8567199999999997
0.8567199999999997
0.8581199999999995
0.85847
0.8568899999999996
0.8528299999999998
0.8552599999999994
0.8563299999999997
0.8574599999999997
0.8555799999999995
0.8561899999999995
0.8573399999999991
0.8554799999999996
0.8560999999999995
0.85627
0.8559799999999999
0.8572899999999997
0.8558299999999994
0.8562199999999993
0.85795
0.8560999999999998
0.8557300000000001
0.8550399999999996
0.8557099999999995
0.8533099999999995
0.8549799999999999
0.8546199999999995
0.8552199999999992
0.8571799999999995
0.8553099999999998
0.8555099999999999
0.8577199999999995
0.8570299999999995
0.8554199999999997
0.8568100000000001
0.8572599999999995
0.8553799999999994
0.8540499999999994
0.8566199999999995
0.8561299999999996
0.8566199999999996
0.8562699999999996
0.8565499999999997
0.8557299999999997
0.8556899999999997
0.8565599999999997
0.8562099999999994
0.85406
0.8549699999999999
0.8553399999999999
0.8551899999999998
0.8535499999999994
0.8544300000000001
0.8552399999999999
0.8569499999999997
0.8574399999999999
0.8562199999999995
0.8548399999999998
0.8547699999999995
0.8550399999999996
0.8547799999999998
0.8547299999999995
0.8554399999999996
0.8565000000000002
0.8574599999999997
0.8572599999999997
0.85554
0.8552999999999993
0.85521
0.8575499999999994
0.8561799999999995
0.8557499999999995
0.8563499999999996
0.8554699999999998
0.8540199999999994
0.8546999999999997
0.8547099999999999
0.8552799999999995
0.8554499999999995
0.8558699999999998
0.8553199999999995
0.8556599999999992
0.8576799999999998
0.8544399999999996
0.8566199999999995
0.8567999999999998
0.8567199999999999
0.8565199999999997
0.8563099999999995
0.8569899999999997
0.8551499999999994
0.8556899999999993
0.8560600000000003
0.8550999999999996
0.8565599999999998
0.8566499999999999
0.8564899999999995
0.8554899999999998
0.8554099999999997
0.8536399999999997
0.85493
0.8571800000000002
0.85589
0.8560800000000002
0.8563199999999996
0.8553400000000001
0.8546699999999994
0.8572199999999994
0.8569299999999997
0.8562899999999997
0.8562499999999998
0.8561699999999998
0.8552399999999998
0.8544199999999997
0.8533499999999998
0.8564900000000002
0.8575799999999997
0.8574499999999996
0.8568399999999999
0.8564799999999994
0.8546599999999998
0.85577
0.8561099999999996
0.8552399999999994
0.8562399999999996
0.8556199999999999
0.8557099999999991
0.8549699999999993
0.8551799999999996
0.8560999999999998
0.85655
0.8554999999999997
0.8571299999999995
0.8571299999999998
0.8583499999999995
0.8564699999999997
0.8581899999999998
0.8552199999999996
0.8554599999999997
0.855779999999999
0.8546899999999994
0.8544499999999998
0.8544999999999994
0.8544099999999998
0.85478
0.8550599999999996
0.8544899999999997
0.8555199999999996
0.8553899999999993
0.8557099999999994
0.85564
0.8538599999999994
0.8559299999999994
0.8532799999999997
0.8556099999999998
0.8557099999999994
0.8545099999999992
0.8551699999999997
0.8563699999999997
0.85797
0.8562799999999997
0.8549699999999997
0.8553299999999996
0.8561699999999999
0.8560699999999997
0.8562899999999993
0.8569799999999996
0.8543599999999998
0.8547299999999994
0.8565899999999996
0.8551799999999998
0.8566599999999999
0.8562699999999995
0.8561500000000001
0.8545099999999997
0.8565299999999997
0.8554099999999994
0.8564199999999994
0.8556799999999996
0.8566099999999993
0.8551199999999998
0.8556
0.8550499999999996
0.8555799999999997
0.8555899999999999
0.8541299999999997
0.8552499999999997
0.8565499999999997
0.8570799999999997
0.8573299999999995
0.8566699999999989
0.8567899999999996
0.8572499999999996
0.8550999999999993
0.8561899999999996
0.8557899999999998
0.8572999999999996
0.8555399999999999
0.8547499999999996
0.8564999999999998
0.8566099999999999
0.8578399999999996
0.8581999999999995
0.8568799999999998
0.8558899999999994
0.8561699999999997
0.8552899999999996
0.8534499999999994
0.85501
0.8549799999999995
0.8549799999999996
0.8553599999999999
0.8546099999999999
0.8562999999999996
0.8575299999999996
0.8560899999999999
0.8554199999999994
0.85595
0.8553700000000001
0.8545499999999996
0.8541099999999999
0.8552599999999994
0.8549499999999994
0.8539399999999998
0.8552399999999996
0.8571999999999997
0.8532899999999998
0.85524
0.8556899999999995
0.8568899999999993
0.8572999999999997
0.8579599999999996
0.8584699999999998
0.8574199999999997
0.85851
0.8580800000000002
0.8561499999999995
0.8559199999999998
0.8566799999999994
0.8561099999999994
0.8555299999999996
0.8546999999999997
0.8544699999999997
0.8553799999999997
0.8563499999999997
0.8565299999999997
0.8569699999999996
0.8564699999999996
0.8567199999999994
0.8560399999999996
0.8570199999999999
0.8570399999999998
0.8566499999999995
0.8550799999999996
0.8541699999999999
0.8556899999999998
0.85711
0.8565600000000001
0.8563400000000001
0.8555699999999998
0.85435
0.8545199999999995
0.8554799999999996
0.8556299999999999
0.8555799999999997
0.8556699999999998
0.8545499999999997
0.8542299999999997
0.8552399999999999
0.8553099999999999
0.85554
0.8568499999999994
0.8563200000000001
0.8563799999999994
0.8566000000000001
0.8562199999999999
0.8546199999999995
0.8552299999999998
0.85677
0.8563599999999996
0.8560999999999999
0.8572099999999996
0.8576099999999998
0.8564699999999997
0.8571999999999997
0.8578399999999996
0.8564799999999997
0.8547199999999993
0.8568699999999992
0.8578999999999994
0.8554199999999997
0.8549899999999994
0.8553499999999998
0.8551399999999997
0.8560999999999995
0.8555499999999993
0.8565499999999997
0.8546099999999995
0.8544599999999999
0.8539999999999995
0.8552599999999999
0.8572299999999992
0.8573299999999996
0.8549499999999992
0.8554999999999994
0.8573699999999996
0.8564499999999997
0.8556499999999996
0.8555500000000003
0.8552399999999998
0.8558199999999995
0.8560699999999996
0.8563599999999998
0.8555099999999994
0.8567199999999991
0.8563699999999996
0.8567399999999996
0.8551200000000001
0.85549
0.8583199999999995
0.8564499999999999
0.8572499999999996
0.8552599999999997
0.8551499999999996
0.8565899999999997
0.8551699999999995
0.8556799999999991
0.8546300000000001
0.8561499999999999
0.8561499999999994
0.8578
0.8597099999999998
0.8576799999999999
0.8582699999999996
0.8574699999999997
0.8566199999999998
0.8573899999999993
0.8573099999999996
0.8551099999999995
0.8550299999999993
0.8565499999999995
0.8569699999999999
0.8553299999999999
0.8578799999999995
0.8576999999999999
0.85768
0.8568699999999998
0.8567499999999996
0.8554999999999994
0.8546499999999996
0.8542399999999993
0.8559199999999995
0.8571099999999998
0.8565299999999993
0.8552499999999996
0.8557099999999994
0.8560099999999998
0.8557799999999998
0.8554599999999994
0.8561999999999996
0.8565099999999998
0.8565499999999997
0.8567399999999995
0.8556499999999998
0.8551799999999992
0.8558699999999995
0.8554999999999998
0.8553199999999999
0.85637
0.8549199999999999
0.8547299999999999
0.8543599999999997
0.8571299999999998
0.8558
0.8547399999999993
0.8552299999999997
0.8551099999999998
0.8553100000000002
0.8529799999999997
0.8535699999999993
0.85427
0.8552399999999994
0.8572299999999999
0.8553099999999998
0.8553099999999998
0.8542199999999994
0.8556899999999995
0.8555299999999996
0.8552699999999994
0.8527499999999997
0.8574299999999995
0.8559099999999991
0.8546199999999996
0.8544700000000002
0.8569299999999994
0.8549600000000003
0.8565099999999994
0.8568599999999996
0.8559899999999996
0.8576399999999995
0.8552199999999993
0.8562300000000002
0.8545799999999996
0.8560199999999992
0.8558399999999999
0.8567799999999997
0.8568699999999994
0.8556199999999994
0.8560799999999992
0.8542999999999998
0.8550599999999995
0.8569599999999998
0.8546099999999995
0.8564599999999994
0.8539399999999999
0.8541099999999996
0.8552899999999988
0.8572699999999994
0.8555200000000001
0.8566099999999995
0.85771
0.8552199999999993
0.8548199999999996
0.8557199999999996
0.85618
0.8562999999999998
0.8557199999999996
0.8555299999999992
0.8569099999999997
0.8569999999999999
0.8559999999999994
0.8562799999999997
0.8555499999999996
0.8561699999999997
0.8563499999999997
0.8551999999999996
0.8564099999999994
0.85488
0.8546299999999998
0.8549299999999999
0.8566299999999997
0.8562099999999999
0.8547899999999998
0.8546699999999997
0.8525999999999995
0.8536499999999998
0.8536999999999995
0.8551999999999998
0.8556099999999996
0.8569099999999997
0.8551499999999997
0.8542399999999998
0.8569699999999995
0.8563099999999995
0.8556499999999994
0.85689
0.8549100000000002
0.8542299999999993
0.8547899999999993
0.8575899999999999
0.85539
0.8562699999999999
0.8548199999999998
0.8552899999999997
0.8558599999999997
0.8576099999999995
0.8572799999999999
0.8559099999999996
0.8554399999999993
0.8545799999999999
0.8562499999999996
0.8547599999999999
0.8545999999999998
0.8557099999999995
0.85579
0.8547199999999994
0.8560699999999999
0.85533
0.8557699999999996
0.8543799999999997
0.8556199999999998
0.8540800000000001
0.8543699999999997
0.8542399999999993
0.8550199999999997
0.8561799999999998
0.8559199999999995
0.8558599999999992
0.8560499999999994
0.8551199999999994
0.8577799999999998
0.8564599999999996
0.8576999999999997
0.8575399999999995
0.8573400000000001
0.8554899999999995
0.8593299999999996
0.85586
0.8559499999999991
0.8554199999999993
0.8548399999999998
0.8552099999999997
0.8551099999999997
0.8554699999999998
0.8560699999999996
0.8560499999999994
0.8551199999999999
0.8549599999999998
0.8559699999999996
0.8561299999999996
0.8576699999999997
0.8566599999999996
0.85771
0.8567499999999995
0.8559599999999999
0.8559399999999995
0.8566999999999999
0.8560999999999999
0.8570799999999993
0.8574699999999994
0.8575299999999997
0.85638
0.8553299999999995
0.85582
0.8556899999999995
0.8573999999999995
0.8575299999999996
0.8578399999999995
0.8573999999999999
0.8579999999999999
0.8555699999999996
