0.19999999999999962
0.32659999999999995
0.49883999999999995
0.6399100000000001
0.7282199999999998
0.7815400000000002
0.8065800000000003
0.82113
0.8269799999999999
0.82979
0.8312699999999998
0.83383
0.8318999999999995
0.8333199999999998
0.8342399999999998
0.8353099999999999
0.8355499999999998
0.8355299999999997
0.8358499999999996
0.8345899999999997
0.8340599999999996
0.83434
0.8339600000000003
0.8351799999999996
0.8333400000000002
0.8338499999999999
0.8334499999999997
0.8331799999999997
0.8321999999999996
0.8332199999999996
0.8345699999999997
0.8352999999999998
0.8341099999999996
0.8331299999999997
0.8356100000000001
0.8337999999999994
0.8337699999999993
0.8338699999999997
0.8340299999999999
0.8338399999999997
0.8338800000000001
0.8327099999999998
0.8312500000000002
0.8332899999999998
0.8355399999999995
0.8344199999999998
0.8335100000000001
0.8332099999999995
0.8333800000000002
0.83321
0.8338299999999993
0.8359899999999998
0.8351400000000001
0.8360199999999997
0.83423
0.8338299999999995
0.8348
0.8341799999999996
0.8348799999999994
0.8351099999999997
0.8333299999999997
0.83202
0.8337899999999995
0.8364099999999994
0.8355499999999998
0.8335399999999996
0.8328399999999996
0.83446
0.8339399999999995
0.8350799999999995
0.83494
0.83705
0.8354399999999998
0.8346999999999993
0.83414
0.8337900000000001
0.8350099999999996
0.83482
0.8353599999999998
0.8338399999999996
0.83458
0.8324199999999999
0.8328599999999998
0.8324500000000001
0.8319799999999999
0.8329800000000002
0.8340399999999997
0.8329299999999997
0.8339499999999999
0.83317
0.8340099999999994
0.8350799999999994
0.8344499999999998
0.83265
0.8333299999999996
0.8315499999999993
0.8340399999999997
0.8332699999999997
0.8351699999999996
0.8348399999999998
0.83329
0.8334600000000003
0.8339899999999999
0.8353999999999998
0.83514
0.8322599999999996
0.83388
0.83571
0.8350700000000001
0.8346499999999999
0.8337399999999994
0.8322100000000002
0.83197
0.83268
0.8322499999999998
0.8330899999999996
0.83238
0.8340599999999999
0.8351200000000002
0.83309
0.8341499999999995
0.8321
0.8341999999999996
0.8346499999999996
0.8357199999999995
0.8337499999999995
0.8340699999999995
0.8343699999999997
0.8348299999999993
0.8348299999999995
0.8337799999999997
0.8331299999999999
0.8317900000000001
0.8351799999999996
0.8331799999999998
0.8345099999999994
0.8351999999999995
0.8363199999999996
0.8345899999999996
0.8349699999999995
0.8341699999999993
0.8324299999999998
0.83433
0.8342599999999998
0.8334899999999996
0.8351299999999998
0.8343399999999994
0.8362899999999996
0.8356999999999998
0.8337799999999994
0.8337499999999993
0.8348099999999999
0.8351899999999997
0.8338699999999996
0.8351599999999998
0.8334699999999998
0.8324499999999996
0.8333399999999999
0.8322400000000001
0.8325
0.8320599999999995
0.8318699999999994
0.8331399999999992
0.8337999999999998
0.8353199999999994
0.8333199999999994
0.83278
0.8316500000000001
0.83259
0.8343
0.8346599999999994
0.8334099999999997
0.8348399999999999
0.8350599999999999
0.8353599999999998
0.83283
0.8329999999999995
0.8320600000000001
0.8312399999999996
0.8317100000000004
0.8308099999999996
0.8315199999999998
0.8320599999999995
0.8318299999999997
0.8325899999999998
0.8337299999999997
0.8351399999999998
0.8329299999999996
0.8336
0.8341999999999996
0.8347199999999998
0.8342799999999998
0.8355400000000002
0.8343799999999998
0.8323599999999998
0.8351899999999997
0.8366599999999998
0.8347199999999997
0.8334899999999996
0.8339399999999997
0.8334100000000001
0.8340899999999997
0.8351299999999998
0.8337299999999999
0.8333799999999997
0.8328399999999999
0.8351299999999999
0.8348300000000001
0.8339999999999996
0.83438
0.8328899999999997
0.8363599999999994
0.8344900000000002
0.8337699999999996
0.8337499999999998
0.8343699999999997
0.83628
0.8364899999999996
0.8345600000000002
0.8355199999999999
0.8357199999999999
0.8356099999999996
0.8363299999999999
0.8339500000000001
0.8349300000000001
0.8346400000000002
0.8345199999999996
0.8338499999999998
0.8338299999999995
0.8339699999999998
0.83399
0.8318599999999998
0.8350399999999998
0.8330300000000003
0.8335200000000004
0.8354299999999999
0.83541
0.8331099999999994
0.8339500000000004
0.8348699999999998
0.8356999999999998
0.8346999999999999
0.8345599999999999
0.8337799999999997
0.8335600000000001
0.8347499999999998
0.8344500000000002
0.8358399999999995
0.8360699999999999
0.8353599999999998
0.8345999999999999
0.83223
0.8332699999999997
0.8344899999999997
0.8358299999999995
0.8347999999999994
0.8348800000000002
0.8338800000000002
0.8329699999999999
0.8328299999999998
0.8337399999999997
0.8362500000000004
0.8360799999999996
0.8338100000000002
0.8337700000000001
0.8333299999999997
0.8348399999999995
0.83336
0.8327599999999997
0.8331299999999996
0.8331300000000003
0.8334600000000002
0.8338599999999997
0.8333399999999996
0.8352600000000001
0.83403
0.83387
0.8352699999999996
0.8359300000000001
0.8356099999999997
0.8367299999999999
0.8340899999999998
0.8347099999999996
0.8339899999999995
0.8336599999999997
0.8339799999999998
0.8332099999999997
0.8323199999999998
0.8336699999999998
0.8352799999999996
0.8347399999999994
0.8342799999999996
0.8341900000000001
0.83305
0.8337299999999996
0.8331299999999997
0.8336499999999998
0.8338599999999998
0.8329500000000002
0.8340600000000002
0.8343900000000001
0.8341899999999997
0.8337199999999996
0.8345599999999997
0.8339999999999995
0.8343499999999999
0.8350699999999996
0.8343099999999999
0.8344199999999998
0.8349099999999996
0.83527
0.8339900000000001
0.8357799999999994
0.8348499999999998
0.8345799999999993
0.8343200000000002
0.83226
0.8343199999999998
0.8339699999999994
0.8337299999999999
0.8345999999999999
0.8345299999999994
0.8333200000000001
0.8326399999999998
0.8322299999999992
0.8329599999999994
0.8333499999999997
0.8341599999999998
0.8339899999999999
0.8325899999999996
0.8346299999999998
0.8345199999999994
0.8352999999999998
0.83577
0.8335599999999999
0.8330699999999996
0.8348199999999999
0.8353999999999998
0.83383
0.8336999999999997
0.8332100000000001
0.83294
0.8348400000000001
0.8337799999999994
0.8337299999999996
0.8317799999999997
0.8319899999999997
0.8350699999999999
0.8349799999999999
0.8351699999999999
0.8344800000000001
0.8359599999999996
0.8333599999999999
0.8352599999999997
0.8359599999999997
0.8362099999999996
0.8362200000000002
0.8359099999999995
0.8340199999999992
0.8360299999999996
0.8343399999999999
0.8341899999999999
0.8354199999999996
0.8344299999999996
0.8331799999999994
0.8330499999999996
0.8339999999999997
0.8339299999999997
0.8342499999999999
0.8354399999999995
0.8340099999999996
0.8328899999999996
0.8319599999999998
0.8323699999999998
0.8338699999999994
0.83407
0.8337099999999996
0.8328299999999994
0.8336599999999997
0.8327600000000004
0.8318199999999996
0.8319799999999998
0.8325499999999996
0.83173
0.8322299999999991
0.8338899999999994
0.83412
0.8358499999999998
0.8358799999999998
0.8364399999999996
0.8352999999999996
0.8358199999999998
0.8330999999999996
0.8351099999999998
0.8346899999999997
0.83232
0.8350500000000001
0.8358999999999996
0.8357399999999997
0.8362799999999996
0.8351899999999994
0.8340599999999999
0.8368099999999997
0.83384
0.8333399999999999
0.8330599999999996
0.8340199999999999
0.8351899999999999
0.8347399999999995
0.8318999999999999
0.8330400000000001
0.8339299999999996
0.8335299999999992
0.8339699999999999
0.83473
0.8335499999999995
0.8335399999999998
0.8357499999999995
0.8354899999999994
0.8352599999999998
0.8347699999999995
0.8338899999999997
0.8351099999999996
0.8340799999999997
0.8346699999999992
0.8356599999999997
0.8328699999999998
0.8348499999999995
0.8349299999999998
0.8351599999999999
0.8357699999999996
0.8346499999999994
0.8349599999999995
0.8330699999999993
0.8336800000000001
0.8348199999999999
0.8326999999999997
0.8336199999999998
0.8328
0.8357199999999996
0.8368799999999994
0.8366599999999997
0.8359399999999998
0.8335299999999997
0.8330399999999998
0.8317199999999996
0.8353499999999997
0.8323999999999999
0.83367
0.8336799999999998
0.8328799999999997
0.83473
0.8345600000000001
0.8354799999999996
0.8330899999999999
0.8327499999999998
0.8333599999999999
0.8342200000000001
0.8355799999999997
0.8353799999999998
0.8343699999999994
0.8350699999999998
0.8338100000000002
0.8351299999999999
0.8337499999999998
0.8353699999999997
0.8366299999999992
0.8356899999999999
0.8360599999999998
0.8353799999999998
0.83571
0.8351500000000001
0.8360499999999995
0.8359299999999996
0.8351000000000002
0.8354399999999997
0.8338
0.8340200000000003
0.8342
0.8349100000000003
0.8349099999999996
0.8339400000000003
0.8339699999999999
0.8347699999999999
0.8342299999999996
0.8327999999999994
0.8340100000000003
0.8341199999999998
0.8326700000000002
0.8353599999999998
0.8352399999999999
0.8358599999999997
0.8339500000000001
0.8370299999999997
0.8351499999999997
0.8339099999999996
0.8339099999999995
0.8323099999999996
0.8334499999999998
0.8360599999999997
0.8360100000000001
0.8348799999999994
0.8351099999999998
0.83388
0.8335899999999998
0.8325499999999997
0.8337199999999992
0.8337599999999996
0.8339099999999998
0.8331399999999993
0.8330799999999999
0.8341799999999994
0.8350399999999998
0.8348999999999998
0.8328399999999999
0.8358399999999996
0.8345000000000001
0.8342199999999994
0.8339100000000004
0.8360299999999996
0.83752
0.8359999999999999
0.8347199999999997
0.8355999999999996
0.8341299999999994
0.8331199999999995
0.83419
0.8353899999999999
0.83514
0.8353899999999997
0.8346999999999996
0.8362399999999998
0.8349299999999996
0.8324899999999996
0.8338999999999995
0.8352599999999998
0.8336099999999995
0.8348199999999996
0.8337299999999999
0.8349799999999995
0.8346299999999996
0.8351899999999999
0.8358499999999996
0.8351699999999995
0.8352200000000001
0.8334999999999995
0.836
0.8376199999999998
0.8368499999999998
0.8379699999999999
0.8348799999999998
0.8327099999999996
0.8328999999999998
0.8327199999999999
0.8331099999999998
0.8337799999999999
0.8330299999999995
0.8332299999999998
0.83277
0.8345499999999998
0.8345799999999997
0.8346999999999999
0.8339899999999999
0.8340499999999996
0.83522
0.8334699999999997
0.8359299999999998
0.8372099999999998
0.8354099999999999
0.8350399999999997
0.8340899999999994
0.8349599999999995
0.8344499999999995
0.8332299999999997
0.8338299999999996
0.83288
0.8352299999999998
0.8352
0.8354799999999998
0.8350499999999996
0.8363599999999994
0.83584
0.8350600000000001
0.8341399999999999
0.8343699999999997
0.834809999999999
0.8352899999999999
0.8349899999999993
0.8335199999999996
0.8348400000000001
0.8358999999999998
0.8366499999999998
0.83477
0.8355699999999999
0.8365999999999998
0.8367299999999994
0.8353199999999995
0.8337300000000001
0.83387
0.8341099999999997
0.8346499999999998
0.83514
0.8366799999999992
0.8342699999999996
0.8343699999999998
0.8359299999999997
0.8355299999999997
0.8343999999999996
0.8338900000000004
0.8352799999999996
0.8341499999999996
0.8331699999999997
0.8333199999999995
0.8332299999999995
0.8336299999999998
0.8330499999999995
0.8329899999999995
0.8340700000000001
0.8333299999999997
0.83391
0.8322299999999995
0.8340999999999997
0.8342699999999996
0.8356299999999998
0.8362599999999994
0.8345
0.8353100000000001
0.8327499999999999
0.8331199999999999
0.8327999999999998
0.8333299999999996
0.83387
0.8317499999999995
0.8327999999999999
0.8327199999999997
0.8342399999999996
0.8331599999999998
0.8356999999999998
0.8363199999999993
0.8347900000000004
0.8347299999999995
0.8339999999999997
0.8345199999999999
0.8345599999999999
0.83285
0.8341899999999995
0.8341799999999996
0.8345
0.8331199999999999
0.83305
0.8314600000000002
0.8318299999999994
0.8319699999999998
0.8317699999999999
0.8334399999999995
0.8334899999999997
0.8330899999999999
0.8321399999999997
0.8326700000000001
0.83259
0.8328599999999996
0.8339399999999999
0.8331300000000001
0.8344199999999998
0.8338299999999996
0.8350699999999998
0.8331899999999999
0.8329899999999998
0.8339599999999995
0.8328499999999999
0.8328699999999999
0.8336999999999997
0.83458
0.8334399999999996
0.8333399999999993
0.8332599999999996
0.8333099999999996
0.8349999999999995
0.8364800000000001
0.8344799999999997
0.8327199999999999
0.83304
0.8371099999999996
0.8369099999999995
0.8359499999999997
0.8354999999999996
0.8359899999999996
0.83437
0.8331099999999999
0.8333000000000003
0.8323100000000002
0.8338899999999999
0.8334899999999998
0.8338999999999998
0.8352900000000002
0.8363299999999998
0.8359900000000002
0.83619
0.8337899999999998
0.8340300000000004
0.8352499999999998
0.8344699999999993
0.8335999999999996
0.8342200000000001
0.8341799999999995
0.8332799999999991
0.8342299999999999
0.8341499999999997
0.8351899999999999
0.8355899999999997
0.8334799999999999
0.8337499999999998
0.83591
0.8364199999999997
0.8360599999999997
0.8357700000000001
0.8347100000000001
0.8336599999999996
0.8347699999999998
0.8343899999999997
0.8342999999999995
0.8337299999999997
0.8338099999999998
0.8335099999999995
0.8353299999999999
0.8336599999999997
0.83455
0.8345499999999996
0.8337099999999996
0.8327499999999998
0.83501
0.8354299999999997
0.8355999999999996
0.8349299999999996
0.8333799999999998
0.8321199999999997
0.8322799999999997
0.8325599999999999
0.8338899999999998
0.8332699999999994
0.8327699999999993
0.8331799999999998
0.8348000000000002
0.8334600000000001
0.8326599999999997
0.8328599999999996
0.8341999999999993
0.8318699999999997
0.83183
0.8322399999999998
0.8334499999999997
0.8338999999999999
0.8338999999999999
0.8358099999999995
0.8338699999999996
0.8336799999999995
0.83306
0.83628
0.8347799999999999
0.8361500000000001
0.8336099999999997
0.8336099999999993
0.8323599999999997
0.8326699999999996
0.8333199999999994
0.8323199999999996
0.8333400000000001
0.83375
0.8322199999999992
0.8346800000000002
0.8341699999999997
0.8336999999999993
0.8328499999999999
0.8333399999999999
0.8340099999999994
0.8350500000000001
0.8355499999999998
0.8371599999999993
0.8357499999999998
0.8344999999999999
0.8327399999999996
0.8322799999999997
0.8325299999999998
0.8325899999999997
0.8344099999999997
0.8345099999999996
0.8333500000000003
0.8336499999999998
0.8359099999999997
0.8340399999999996
0.8348199999999996
0.8335500000000002
0.8332
0.8329799999999997
0.8342599999999998
0.83387
0.8337699999999996
0.83261
0.8326000000000002
0.8295899999999996
0.8333600000000003
0.8336199999999998
0.8337099999999998
0.8341299999999998
0.8343799999999998
0.8328799999999994
0.8343099999999997
0.8330399999999998
0.8340499999999997
0.8334799999999994
0.8313199999999997
0.8332299999999997
0.8327999999999994
0.8348899999999996
0.8334799999999999
0.8352499999999996
0.8320399999999997
0.8333999999999999
0.83428
0.8333500000000003
0.8345999999999997
0.8334299999999992
0.8334099999999995
0.8328299999999996
0.83388
0.8349599999999998
0.8329499999999997
0.8352099999999997
0.8360199999999999
0.8337599999999997
0.8345899999999999
0.8335299999999995
0.8320699999999996
0.83136
0.83231
0.83087
0.8333299999999997
0.8367999999999999
0.8353799999999991
0.8355399999999997
0.8350599999999997
0.8366599999999995
0.8342599999999994
0.8350799999999999
0.8340899999999994
0.8339699999999999
0.8326999999999997
0.8334599999999999
0.83166
0.8326999999999997
0.8338299999999996
0.8334200000000002
0.8340499999999997
0.8341799999999999
0.8331599999999993
0.8347299999999997
0.8332599999999998
0.8328799999999997
0.8344899999999998
0.8356799999999995
0.8362599999999999
0.8338499999999992
0.8334900000000001
0.8349499999999997
0.83551
0.8337299999999996
0.8347399999999999
0.8341699999999996
0.8324799999999999
0.8338499999999999
0.8352999999999995
0.8348799999999996
0.8334999999999998
0.8338499999999998
0.8366099999999993
0.8353499999999999
0.8353099999999997
0.8335699999999995
0.8353999999999998
0.8356699999999998
0.8343200000000001
0.8338399999999995
0.8328899999999995
0.8330900000000002
0.83469
0.8329099999999997
0.8335999999999997
0.8336899999999996
0.8348
0.8335999999999997
0.8341799999999993
0.8337299999999999
0.8337699999999996
0.8338099999999998
0.8358199999999999
0.8341500000000002
0.8365599999999995
0.8360299999999998
0.8336899999999997
0.8344099999999998
0.8352099999999999
0.83309
0.8360699999999999
0.8348899999999995
0.8332900000000001
0.8331499999999997
0.8334499999999997
0.8337099999999996
0.8328099999999998
0.8336699999999998
0.8349599999999991
0.8359899999999998
0.8341099999999996
0.8357599999999995
0.8348999999999995
0.8336799999999996
0.8349199999999999
0.8342799999999997
0.8348299999999997
0.8344900000000005
0.8340199999999993
0.8360399999999997
0.8342199999999997
0.8344399999999997
0.8341700000000003
0.83285
0.8320899999999996
0.83323
0.8335999999999999
0.8322199999999994
0.8321699999999995
0.8327100000000001
0.8340299999999996
0.8348899999999992
0.8347500000000001
0.8346799999999998
0.8338299999999998
0.8343999999999996
0.8326100000000001
0.8329099999999999
0.8337599999999995
0.8337199999999997
0.8359999999999995
0.8352599999999997
0.83415
0.8351799999999998
0.8358999999999994
0.83482
0.8341599999999993
0.8337599999999997
0.8375699999999994
0.8349299999999998
0.8349199999999999
0.8348400000000001
0.8344199999999998
0.8367799999999994
0.8359199999999993
0.8347099999999997
0.8347899999999996
0.8329899999999999
0.8357599999999996
0.8358599999999997
0.8357999999999999
0.8343899999999997
0.8342799999999998
0.83365
0.8331299999999997
0.8331099999999998
0.8335399999999998
0.8318799999999997
0.8335000000000001
0.8327400000000001
0.8327799999999996
0.8327999999999998
0.83379
0.8334699999999999
0.8320399999999996
0.8341299999999996
0.8341799999999998
0.8338
0.8332599999999998
0.8349899999999997
0.8350799999999995
0.8361499999999996
0.8352899999999996
0.8351699999999995
0.8357399999999998
0.8352999999999996
0.8344499999999995
0.8318399999999996
0.8330499999999995
0.8336699999999996
0.8334499999999998
0.8331899999999993
0.8328599999999996
0.8339799999999995
0.8345899999999999
0.8360899999999996
0.8351799999999995
0.8344399999999996
