0.19999999999999962
0.35833999999999994
0.5761799999999999
0.7244499999999999
0.8028300000000005
0.8339299999999998
0.8491999999999998
0.85387
0.8559599999999999
0.8579199999999996
0.8584299999999999
0.8555699999999998
0.8585499999999997
0.8583799999999995
0.8577999999999997
0.8584599999999998
0.8566399999999994
0.8582699999999996
0.8588800000000002
0.8583199999999994
0.8582799999999996
0.8590200000000001
0.8578599999999998
0.8557099999999997
0.8564099999999994
0.8582499999999996
0.8586999999999998
0.8580799999999994
0.8583299999999998
0.8575800000000001
0.8599500000000003
0.8591299999999998
0.8588999999999999
0.8577699999999993
0.8587399999999996
0.8588699999999997
0.8602100000000005
0.8596699999999994
0.8584799999999997
0.8568899999999998
0.8599799999999992
0.8606400000000001
0.8570399999999999
0.8583499999999996
0.8583699999999999
0.8582599999999995
0.8586
0.8601299999999997
0.8597999999999999
0.85862
0.8595599999999998
0.8574499999999997
0.8568999999999999
0.8572699999999993
0.8575499999999993
0.8563199999999997
0.8559599999999996
0.8584899999999996
0.8584799999999998
0.8570899999999996
0.8572399999999996
0.8568099999999994
0.8582699999999999
0.8574200000000001
0.8585299999999992
0.8577799999999998
0.8568599999999996
0.8546699999999998
0.85565
0.85706
0.8577299999999998
0.8588399999999994
0.8591899999999995
0.8580699999999998
0.8558299999999999
0.8576599999999996
0.8569199999999995
0.8571199999999997
0.8562899999999994
0.8575499999999995
0.8561899999999997
0.8573099999999996
0.8581299999999995
0.8557699999999998
0.8577699999999997
0.8586099999999998
0.85769
0.8579099999999994
0.8589699999999997
0.8565199999999998
0.8579299999999997
0.8573200000000003
0.8588099999999997
0.8592999999999994
0.8580100000000002
0.8580099999999995
0.8599099999999994
0.8582199999999999
0.8577699999999996
0.8581199999999995
0.8580499999999995
0.8591499999999996
0.8571699999999995
0.8590799999999994
0.8557499999999995
0.8576999999999996
0.8593499999999996
0.8596899999999996
0.8594199999999997
0.8575699999999999
0.8563799999999994
0.8573099999999998
0.8576899999999996
0.8585900000000002
0.8608399999999995
0.8599399999999997
0.85828
0.8582799999999999
0.85926
0.8581299999999993
0.8586799999999998
0.8577199999999994
0.8589899999999999
0.8575899999999993
0.8582799999999995
0.8597599999999992
0.8582899999999996
0.8578600000000002
0.8584299999999999
0.8603599999999999
0.8596799999999996
0.8586699999999999
0.8580800000000001
0.8571499999999996
0.8575900000000002
0.8559499999999995
0.8587799999999995
0.8580699999999999
0.8581099999999994
0.8582799999999996
0.85832
0.8585
0.8581799999999993
0.8592599999999999
0.8585199999999997
0.8552699999999995
0.8573
0.8584800000000001
0.8598599999999997
0.8578099999999996
0.85665
0.8569499999999995
0.8584300000000001
0.8576999999999996
0.8584899999999999
0.8585099999999996
0.8573499999999996
0.8566099999999999
0.8579499999999994
0.85775
0.8565399999999999
0.8579799999999997
0.8576199999999996
0.8584599999999996
0.8572899999999993
0.8568199999999999
0.8568699999999996
0.8575699999999995
0.8578399999999994
0.8570099999999999
0.85671
0.8599899999999997
0.8566799999999998
0.8564699999999995
0.8576899999999996
0.8579399999999997
0.8567099999999996
0.857879999999999
0.8593199999999996
0.8602399999999997
0.85736
0.8576200000000002
0.8583399999999999
0.8601899999999993
0.8588499999999994
0.8589699999999998
0.8596999999999998
0.8588999999999998
0.8578399999999996
0.8575099999999994
0.85777
0.8587299999999997
0.8594799999999995
0.8582899999999996
0.8579099999999997
0.8584599999999994
0.8577899999999994
0.8577199999999999
0.8568799999999996
0.8572499999999992
0.85735
0.8566499999999992
0.8553999999999992
0.8580999999999998
0.8585299999999998
0.8598699999999994
0.8572499999999998
0.8577399999999994
0.8580499999999996
0.8588199999999996
0.8584500000000003
0.8569599999999999
0.8565899999999997
0.8583699999999997
0.8593099999999997
0.8573799999999996
0.8587299999999997
0.8578799999999994
0.8572199999999998
0.8575199999999996
0.8582499999999996
0.8582399999999999
0.8587099999999996
0.8585700000000004
0.8561999999999999
0.85953
0.8573999999999995
0.8589399999999991
0.8551299999999994
0.85823
0.8596199999999999
0.8596099999999999
0.8587799999999999
0.8585199999999996
0.8589099999999996
0.8583499999999996
0.8575199999999996
0.85843
0.8577799999999997
0.8563099999999996
0.8581299999999996
0.8576
0.8585799999999998
0.8601999999999995
0.8586099999999998
0.8597899999999997
0.8575599999999999
0.8568699999999998
0.8584400000000001
0.8580899999999998
0.8570099999999999
0.8562099999999994
0.8567499999999995
0.8569599999999994
0.8579799999999994
0.8572899999999997
0.8584799999999996
0.8584599999999996
0.8573799999999995
0.8588100000000002
0.8582199999999996
0.8585099999999996
0.8584799999999996
0.8587299999999999
0.8601999999999996
0.8592999999999996
0.8569899999999994
0.8584499999999998
0.8579499999999995
0.8602599999999999
0.8591899999999996
0.8597099999999998
0.8588499999999999
0.8558099999999993
0.8565499999999999
0.85898
0.8605799999999999
0.8595999999999997
0.8596099999999994
0.8591500000000002
0.8575199999999996
0.8580699999999996
0.8592599999999996
0.8572499999999995
0.8580699999999999
0.8586699999999995
0.8583999999999996
0.8590099999999997
0.8568099999999997
0.8578999999999998
0.8575000000000002
0.8571399999999996
0.8570199999999992
0.8576499999999995
0.8566399999999994
0.8575499999999998
0.8586599999999994
0.8594799999999999
0.8581199999999995
0.8587100000000001
0.8572799999999999
0.8584999999999995
0.8583199999999996
0.8589199999999998
0.8584699999999998
0.8606599999999993
0.8591199999999994
0.8571499999999996
0.85777
0.8576799999999999
0.8589599999999997
0.8587699999999999
0.8578499999999997
0.8578499999999994
0.85833
0.8571999999999999
0.8570699999999997
0.8569499999999995
0.86076
0.8583199999999992
0.8580399999999996
0.8567399999999994
0.8575199999999996
0.8583499999999998
0.8585099999999997
0.8594199999999995
0.8595999999999998
0.8598799999999994
0.8594299999999993
0.8586799999999998
0.8591199999999999
0.8585399999999997
0.8575099999999997
0.8582400000000002
0.8593999999999999
0.8578999999999999
0.8582099999999994
0.8602099999999995
0.8581599999999997
0.85831
0.8572299999999996
0.8580999999999999
0.8590199999999993
0.8578799999999996
0.8586199999999998
0.85874
0.8585699999999996
0.8582799999999999
0.8573599999999993
0.8584699999999996
0.8602900000000001
0.8598599999999996
0.8582399999999994
0.8578599999999997
0.8565299999999999
0.8576499999999996
0.8608100000000002
0.8593999999999998
0.8590899999999998
0.8603799999999999
0.8587599999999999
0.8585699999999997
0.8582099999999994
0.8567599999999996
0.857
0.8578100000000001
0.8578399999999996
0.85746
0.8588599999999996
0.8589399999999999
0.8596299999999998
0.8597999999999992
0.8601399999999997
0.8575599999999994
0.8578699999999997
0.8584999999999995
0.85937
0.8576099999999998
0.8578499999999998
0.8581899999999995
0.8567799999999995
0.8573299999999996
0.8576299999999994
0.8554599999999994
0.8570999999999995
0.8585099999999993
0.8575799999999998
0.8582699999999994
0.8575999999999996
0.8595999999999999
0.8569900000000003
0.8585899999999995
0.8595999999999999
0.8588800000000002
0.85812
0.8574299999999998
0.8563099999999992
0.85805
0.8602699999999993
0.85867
0.8574999999999998
0.8565299999999995
0.8569599999999995
0.8586699999999999
0.8577099999999992
0.8583499999999994
0.8593699999999995
0.8582000000000001
0.8578399999999998
0.85871
0.8591299999999998
0.85948
0.8578699999999997
0.8577699999999997
0.8579099999999997
0.8594799999999998
0.8583999999999997
0.8578199999999996
0.8604899999999996
0.8581800000000002
0.8580399999999996
0.8582800000000002
0.8599999999999998
0.8584900000000003
0.8588499999999999
0.8587699999999997
0.8587499999999992
0.8585599999999995
0.8571499999999999
0.8568599999999994
0.8575199999999994
0.8564399999999991
0.8569099999999997
0.8581200000000001
0.8578599999999997
0.8582899999999997
0.8581400000000002
0.8589899999999997
0.8582299999999998
0.8565899999999993
0.8573200000000001
0.8585299999999998
0.8576299999999994
0.8570199999999997
0.8578799999999995
0.8556199999999996
0.8583799999999995
0.8588799999999999
0.8578600000000002
0.8572500000000001
0.85583
0.8569999999999998
0.8584199999999995
0.8563799999999998
0.8573099999999994
0.8577399999999993
0.8572799999999997
0.8577499999999998
0.8565699999999998
0.8570799999999994
0.8559700000000001
0.8559599999999996
0.8576699999999995
0.8585099999999994
0.8591899999999996
0.8601299999999994
0.8600599999999997
0.8598000000000002
0.8591599999999997
0.8580299999999993
0.8583599999999995
0.8574299999999994
0.8586499999999995
0.8580599999999998
0.8575599999999994
0.8575499999999997
0.8571799999999995
0.8585699999999998
0.8575399999999997
0.8579899999999996
0.8586199999999994
0.8577499999999997
0.8579599999999998
0.8594799999999997
0.8581799999999995
0.8579499999999995
0.8569499999999992
0.8579399999999996
0.8551099999999994
0.8581999999999995
0.8576699999999997
0.8576899999999996
0.8568099999999994
0.8567999999999998
0.8570799999999997
0.8574299999999998
0.8574200000000001
0.8579999999999997
0.8588899999999999
0.8588699999999996
0.8586400000000002
0.85792
0.8569899999999996
0.8575199999999994
0.8578299999999999
0.8575299999999995
0.8589299999999999
0.8585399999999995
0.8605799999999997
0.8610999999999999
0.8597499999999998
0.8594299999999998
0.8589299999999995
0.8592599999999991
0.85824
0.8581299999999997
0.8579599999999998
0.8574499999999997
0.8560099999999997
0.8561799999999994
0.8580799999999997
0.8601799999999994
0.8593199999999998
0.858549999999999
0.8593199999999993
0.8562899999999998
0.8584199999999997
0.8588499999999999
0.8574399999999994
0.8577799999999997
0.8590399999999997
0.8581899999999998
0.8598099999999996
0.8598799999999999
0.8584899999999994
0.8584499999999994
0.8584399999999996
0.8583799999999997
0.8603499999999997
0.8584799999999998
0.8583
0.85903
0.8595399999999995
0.8563999999999997
0.8591599999999998
0.8583999999999997
0.8578100000000001
0.8593899999999995
0.8592199999999995
0.8607999999999998
0.8587899999999997
0.8575699999999997
0.8588299999999995
0.8594799999999997
0.85938
0.8574999999999995
0.85972
0.8591399999999997
0.8576499999999999
0.85796
0.8579599999999998
0.8596299999999996
0.8586699999999996
0.8564799999999994
0.8569799999999995
0.8570099999999999
0.8571999999999997
0.85773
0.8572299999999993
0.85808
0.8577899999999997
0.8596299999999997
0.8589899999999993
0.8605099999999994
0.8579799999999996
0.85559
0.8583799999999994
0.8586599999999998
0.8567899999999996
0.8587799999999998
0.8588599999999998
0.85942
0.8582399999999994
0.8578
0.8583799999999995
0.8577800000000001
0.8583899999999997
0.8599999999999998
0.8595599999999993
0.8593599999999998
0.8587399999999995
0.8604399999999996
0.8597899999999999
0.8592799999999997
0.8580399999999997
0.85852
0.8591399999999996
0.8576499999999996
0.8559599999999996
0.8558899999999998
0.8575499999999993
0.8570899999999996
0.8586799999999992
0.8589499999999992
0.8595599999999999
0.8608800000000002
0.8593199999999999
0.8588299999999996
0.85772
0.8591699999999994
0.8583799999999994
0.8576399999999995
0.8584099999999998
0.8600999999999998
0.8600099999999996
0.85768
0.8592099999999999
0.8575499999999995
0.8582299999999996
0.8586100000000001
0.8589699999999998
0.8570199999999996
0.8576700000000002
0.8575100000000002
0.8569299999999999
0.8580399999999996
0.8566699999999998
0.8577699999999999
0.8594599999999994
0.8571399999999997
0.8575299999999991
0.8592899999999996
0.85953
0.8591399999999999
0.8586199999999993
0.8578399999999992
0.8567299999999998
0.8559699999999998
0.8569799999999996
0.8566899999999998
0.8574600000000001
0.8576599999999998
0.8587799999999994
0.8583899999999997
0.85801
0.8605399999999996
0.8593699999999994
0.8585799999999998
0.8584
0.8570399999999995
0.8571399999999996
0.85843
0.8576399999999993
0.8589100000000001
0.8583699999999996
0.8569899999999996
0.8582499999999996
0.8599899999999999
0.8596399999999995
0.8585099999999996
0.8576899999999997
0.8597099999999993
0.8568199999999996
0.8563799999999998
0.8591799999999996
0.85915
0.8601899999999995
0.8596299999999993
0.8580399999999997
0.8577899999999995
0.8588799999999996
0.8590899999999998
0.8584599999999994
0.8571099999999993
0.8573199999999999
0.8551299999999996
0.8569399999999997
0.8581999999999996
0.8576999999999992
0.8577999999999999
0.8550599999999997
0.8568799999999999
0.8578099999999997
0.8609899999999999
0.8590899999999995
0.8580799999999997
0.8568799999999999
0.8567299999999992
0.8576699999999997
0.8587399999999995
0.85847
0.8588199999999998
0.8588200000000001
0.8576299999999994
0.8578699999999997
0.8574699999999998
0.8578399999999996
0.8569999999999997
0.8572699999999998
0.8582499999999997
0.8594099999999995
0.8583699999999997
0.8576700000000004
0.8573399999999997
0.8570799999999998
0.8557499999999998
0.8585699999999993
0.8560199999999994
0.8575800000000001
0.8571099999999996
0.8563899999999991
0.8564499999999995
0.8576799999999996
0.8573799999999998
0.8568899999999999
0.8551399999999997
0.8582399999999994
0.8591599999999996
0.8575699999999997
0.8579299999999997
0.8580699999999994
0.8580699999999999
0.8591399999999993
0.85574
0.8572099999999999
0.8567100000000001
0.85797
0.8587899999999999
0.8578699999999997
0.8561699999999998
0.8589599999999997
0.8583399999999994
0.8587699999999999
0.8591599999999996
0.8591899999999996
0.8578800000000001
0.85626
0.8560599999999994
0.8568599999999997
0.8584799999999995
0.8591499999999995
0.8581299999999997
0.8590599999999995
0.8593799999999997
0.8581699999999995
0.8584999999999997
0.8571699999999995
0.8577899999999999
0.8565999999999997
0.8580899999999997
0.8596599999999998
0.8582299999999995
0.8574599999999996
0.8580399999999999
0.8559899999999999
0.8588799999999996
0.8587799999999998
0.8569199999999997
0.8584799999999997
0.8579899999999998
0.8580799999999992
0.8584499999999998
0.8589199999999994
0.8595999999999998
0.85989
0.8606199999999997
0.8580599999999997
0.8598499999999997
0.8591899999999996
0.8603299999999997
0.8572799999999995
0.8594899999999994
0.8584299999999994
0.8574299999999995
0.8577400000000001
0.8591399999999991
0.8607000000000002
0.8585099999999996
0.85835
0.8584999999999998
0.8581899999999999
0.8572299999999994
0.8578399999999995
0.8599999999999998
0.8596399999999998
0.8573499999999996
0.8563499999999994
0.8583999999999997
0.8590399999999996
0.8580199999999993
0.8589599999999997
0.8566599999999999
0.8577899999999998
0.8586099999999999
0.8585399999999997
0.8568199999999991
0.8584799999999998
0.8596599999999998
0.8596799999999998
0.8579999999999995
0.8584299999999991
0.8566199999999998
0.8592599999999997
0.8585299999999998
0.8598699999999998
0.8593
0.8594799999999998
0.8612699999999996
0.8589799999999995
0.8585799999999996
0.8591499999999996
0.8576999999999997
0.86003
0.8604899999999998
0.8597899999999996
0.8584100000000002
0.8576199999999996
0.8586399999999998
0.8568199999999997
0.8569900000000003
0.8572999999999995
0.8577199999999995
0.8577699999999999
0.8589900000000003
0.8579699999999995
0.8582999999999997
0.8572999999999995
0.8576299999999997
0.8576699999999993
0.8581799999999995
0.85833
0.8581999999999997
0.8581499999999995
0.8577699999999997
0.8581800000000003
0.8589900000000001
0.8570399999999999
0.8586799999999998
0.8563399999999995
0.8560299999999998
0.8574100000000001
0.8582899999999993
0.8585499999999997
0.8559499999999994
0.8585799999999996
0.8585599999999998
0.8596899999999994
0.8586399999999998
0.8587299999999999
0.8591199999999997
0.8594699999999996
0.8570899999999996
0.8591399999999997
0.8595299999999996
0.8584499999999996
0.8591799999999999
0.85913
0.8602799999999996
0.8583999999999992
0.8588999999999996
0.85812
0.8587299999999998
0.8598299999999998
0.8589000000000001
0.8582599999999995
0.8583399999999993
0.8583099999999999
0.8586599999999995
0.8570699999999996
0.8555299999999992
0.8570599999999997
0.8586800000000001
0.8593699999999997
0.8589299999999993
0.8580899999999996
0.8580099999999997
0.8588099999999996
0.8586099999999999
0.85934
0.8579699999999998
0.8578600000000002
0.8597
0.8602399999999993
0.8590199999999993
0.8583799999999999
0.8581899999999998
0.8557599999999995
0.8568699999999996
0.8569599999999997
0.8575599999999994
0.8584599999999999
0.8573099999999994
0.8587599999999996
0.8563299999999994
0.8571799999999997
0.8566499999999998
0.8606499999999996
0.8598199999999998
0.8585499999999999
0.8598
0.8581499999999995
0.8592400000000001
0.8586299999999994
0.8564600000000001
0.85836
0.85839
0.8572899999999997
0.8572999999999997
0.8583399999999993
0.8590599999999995
0.8581199999999997
0.8570099999999996
0.8575399999999997
0.8589299999999999
0.8584899999999998
0.8580299999999997
0.8582299999999996
0.8571699999999999
0.8568399999999996
0.8575900000000002
0.8579699999999995
0.8573899999999997
0.8584699999999995
0.8585299999999997
0.86037
0.8596999999999996
0.8583699999999992
0.85875
0.8574099999999997
0.8557099999999994
0.8574799999999996
0.8589199999999998
0.8579799999999996
0.8580199999999994
0.8587999999999998
0.8587099999999996
0.8578599999999997
0.8577699999999993
0.8582099999999998
0.85887
0.8573099999999996
0.8554299999999999
0.8581099999999998
0.85701
0.8571299999999998
0.8569499999999997
0.8577199999999995
0.8592899999999998
0.8575700000000005
0.8582999999999998
0.8595699999999995
0.8588199999999998
0.8567599999999999
0.8563099999999999
0.8581599999999995
0.85919
0.8571599999999994
0.8584899999999994
0.8599599999999996
0.8575599999999999
0.8584499999999997
0.8584199999999993
0.8591299999999997
0.8578799999999996
0.8590699999999997
0.8575899999999996
0.8583699999999997
0.8574199999999997
0.8576599999999996
0.8570799999999995
0.8572199999999995
0.8585099999999999
0.8571399999999998
0.8593500000000003
0.8604799999999997
0.8593799999999995
0.8583399999999998
0.8574499999999997
0.8571299999999995
0.8596099999999995
0.8573999999999998
0.8587699999999994
0.8574299999999998
0.8593199999999996
0.8562699999999996
0.8575999999999999
0.85899
0.8588400000000004
0.8593399999999997
0.8588899999999998
0.8577599999999999
0.8563699999999999
0.8565599999999995
0.8576299999999999
0.8581199999999994
0.8576999999999996
0.8569999999999998
0.8580499999999996
0.8564199999999994
0.8557299999999995
