0.19999999999999962
0.5025499999999998
0.8246099999999998
0.8921800000000002
0.8977900000000004
0.8996500000000002
0.8969500000000002
0.8986700000000003
0.8988000000000005
0.8980600000000004
0.8969200000000006
0.90031
0.8978400000000003
0.896200000000001
0.8978600000000003
0.8970700000000007
0.8972500000000003
0.89668
0.8984400000000002
0.8963200000000004
0.8996900000000003
0.8962200000000006
0.8977700000000004
0.8996700000000003
0.8970700000000004
0.8985700000000003
0.8991400000000005
0.8956600000000008
0.8974300000000006
0.8999500000000008
0.8967400000000003
0.8990999999999998
0.8975200000000005
0.8985200000000007
0.89786
0.8979500000000002
0.8977800000000005
0.8964800000000004
0.8967700000000004
0.8988500000000001
0.8984500000000004
0.8973800000000003
0.8979400000000006
0.8970800000000004
0.8976100000000002
0.8984100000000005
0.8983800000000004
0.8972100000000005
0.8979000000000005
0.8987300000000005
0.8984600000000006
0.8998500000000006
0.8997499999999999
0.8979600000000001
0.8994900000000007
0.8980900000000005
0.8982500000000003
0.8978200000000005
0.8998700000000003
0.8983300000000004
0.8966800000000008
0.89747
0.8963900000000002
0.8987499999999998
0.8983500000000006
0.8992200000000006
0.89892
0.9000000000000001
0.8968500000000001
0.8984200000000006
0.8975700000000006
0.8986000000000004
0.8983700000000003
0.8968600000000008
0.8975000000000004
0.8981200000000004
0.8981400000000004
0.8972000000000004
0.8980300000000002
0.89812
0.8981300000000004
0.8991500000000007
0.8971400000000003
0.89834
0.8977400000000005
0.8968300000000009
0.8972300000000001
0.8978400000000002
0.8975200000000002
0.8987700000000006
0.8979800000000006
0.8971600000000002
0.89881
0.8991600000000006
0.8983900000000002
0.8963100000000002
0.8975700000000004
0.8995600000000006
0.8989400000000003
0.8966400000000003
0.8971500000000004
0.8984400000000002
0.8989400000000006
0.8995600000000009
0.8968700000000004
0.8978000000000006
0.8990300000000003
0.8966000000000003
0.8974800000000005
0.8960900000000008
0.8976800000000006
0.8975500000000005
0.8984200000000002
0.8993000000000011
0.8975900000000009
0.8982200000000007
0.8975900000000004
0.8975000000000005
0.8973000000000002
0.8971000000000005
0.8974200000000007
0.8980400000000002
0.8977000000000003
0.8980000000000004
0.8983800000000005
0.8989400000000005
0.8967800000000002
0.8966800000000003
0.8970600000000006
0.8983800000000004
0.8981700000000005
0.8973200000000002
0.8996200000000004
0.8981900000000005
0.8985400000000004
0.8976800000000006
0.8959200000000008
0.8986800000000004
0.8976700000000009
0.8970700000000007
0.8980100000000004
0.8990700000000004
0.8988399999999999
0.8986500000000004
0.8977700000000002
0.8969600000000003
0.8970400000000002
0.8987400000000004
0.8972400000000001
0.8978800000000003
0.8974600000000007
0.8982600000000008
0.8965200000000004
0.8984200000000004
0.8994500000000002
0.8981500000000004
0.8971600000000004
0.89854
0.8965000000000002
0.8968100000000001
0.8985900000000001
0.898540000000001
0.8984600000000005
0.8968100000000006
0.8971900000000003
0.8977700000000003
0.8975000000000004
0.8978300000000005
0.89912
0.897470000000001
0.8971200000000009
0.8969500000000004
0.8975200000000004
0.89837
0.8981300000000004
0.8994400000000001
0.8997300000000003
0.89905
0.8988000000000005
0.8969100000000008
0.8987000000000003
0.8975100000000006
0.8982500000000008
0.8980600000000003
0.8972200000000005
0.8984000000000006
0.8973300000000006
0.8995400000000002
0.8977800000000008
0.8972100000000003
0.8961199999999999
0.8979200000000007
0.8971900000000004
0.8981600000000002
0.8969000000000004
0.8975500000000004
0.8983099999999999
0.8991100000000004
0.8971500000000008
0.8965200000000003
0.8976000000000002
0.8984500000000005
0.8978400000000001
0.8980900000000004
0.8984800000000007
0.8965600000000005
0.8995200000000005
0.8979900000000005
0.8976900000000004
0.8965100000000004
0.8966800000000005
0.8985300000000005
0.8985600000000005
0.8980900000000005
0.8990000000000004
0.8974900000000003
0.8979000000000008
0.8992900000000013
0.89905
0.8977200000000002
0.8988200000000001
0.8976400000000005
0.8994699999999999
0.8982500000000003
0.8968800000000006
0.8981500000000011
0.89759
0.8970400000000002
0.8986500000000006
0.8985100000000001
0.8976900000000007
0.8974500000000007
0.8978700000000001
0.8981300000000002
0.8986600000000007
0.899160000000001
0.8987100000000003
0.8989300000000005
0.8976500000000003
0.8973300000000008
0.8964100000000004
0.8981600000000006
0.8963800000000005
0.8972800000000004
0.8989100000000001
0.8982600000000001
0.897380000000001
0.8979500000000006
0.8988800000000006
0.8979300000000002
0.8985300000000003
0.8988100000000004
0.8991700000000007
0.8995200000000005
0.8986300000000006
0.8989600000000003
0.8980200000000005
0.89735
0.8976400000000002
0.8958600000000001
0.9002400000000006
0.8977100000000007
0.8996000000000002
0.8971200000000006
0.8975700000000006
0.8970699999999999
0.8981000000000006
0.8992200000000004
0.8966900000000004
0.8974000000000004
0.8980500000000005
0.8982100000000004
0.8997900000000008
0.8974900000000001
0.89568
0.8985500000000005
0.8988300000000006
0.8985100000000006
0.8978300000000007
0.8962000000000003
0.8987200000000009
0.8989900000000008
0.8974900000000002
0.8976300000000001
0.8981800000000005
0.8965900000000003
0.89817
0.8993900000000004
0.8987200000000005
0.897940000000001
0.8996300000000003
0.8981600000000004
0.89563
0.9003600000000002
0.8977600000000007
0.8976100000000001
0.8987900000000004
0.89763
0.8976900000000003
0.8964400000000002
0.8984400000000002
0.8969700000000005
0.8985600000000001
0.8978400000000001
0.8990000000000004
0.89673
0.8983300000000005
0.8972400000000006
0.8974300000000004
0.8968400000000003
0.8970800000000005
0.8979900000000002
0.8979800000000008
0.8986200000000006
0.8992400000000004
0.8990200000000003
0.8969700000000007
0.8986700000000002
0.8982800000000004
0.8971800000000002
0.8979100000000004
0.8980800000000008
0.9005400000000006
0.8983800000000005
0.8989000000000005
0.9000100000000006
0.8975500000000008
0.8974500000000002
0.8974000000000004
0.8972200000000005
0.8987400000000004
0.8975600000000002
0.8963700000000006
0.8992000000000003
0.8971900000000004
0.8990400000000005
0.8978900000000002
0.89872
0.8991300000000001
0.8983600000000006
0.8978900000000006
0.8974400000000007
0.8982500000000003
0.8985300000000005
0.8982400000000004
0.8984499999999997
0.8981800000000003
0.8980800000000007
0.89834
0.8961
0.8992200000000008
0.8970699999999998
0.8981700000000005
0.8974300000000003
0.8975700000000001
0.8975400000000008
0.8978500000000005
0.8991200000000009
0.8989600000000003
0.8992
0.8987200000000003
0.8971900000000008
0.8977200000000003
0.8978800000000002
0.8979700000000004
0.8964100000000004
0.8962700000000001
0.8994300000000004
0.8984500000000004
0.8979800000000001
0.8967100000000002
0.8975500000000005
0.8988600000000001
0.8973500000000004
0.8969700000000005
0.8982800000000001
0.8989500000000007
0.8990300000000008
0.8992900000000005
0.8954200000000008
0.8981600000000006
0.8967600000000001
0.8975400000000004
0.8986900000000004
0.8986300000000002
0.8981100000000001
0.8982700000000005
0.8974700000000004
0.8970500000000005
0.8948500000000006
0.8978500000000003
0.8985200000000008
0.8982700000000002
0.8983300000000004
0.8970500000000001
0.8976600000000006
0.8976800000000003
0.8973400000000005
0.8970000000000005
0.8980000000000006
0.8987300000000005
0.8974200000000004
0.8984700000000005
0.8971800000000004
0.8982500000000008
0.8991300000000001
0.8980600000000003
0.89885
0.8973200000000006
0.8973000000000002
0.8968800000000003
0.8987700000000004
0.8974
0.8989300000000007
0.8989800000000006
0.8964100000000002
0.8985200000000008
0.8991800000000006
0.8981600000000004
0.8964599999999998
0.8996600000000003
0.8983000000000007
0.8972100000000001
0.8978700000000001
0.8973900000000001
0.8977600000000006
0.8968200000000001
0.8975799999999998
0.8965300000000005
0.8979500000000002
0.8998300000000004
0.8996700000000003
0.8969800000000001
0.8971000000000002
0.8967399999999999
0.8979200000000003
0.8969200000000002
0.8989900000000002
0.8983200000000009
0.8980200000000004
0.89755
0.8972000000000007
0.8971600000000006
0.8974700000000004
0.89762
0.8973900000000004
0.8979200000000006
0.8967700000000006
0.8969100000000005
0.8996300000000009
0.8985800000000004
0.8981100000000007
0.8984700000000005
0.8984100000000003
0.8972400000000004
0.8989100000000007
0.8998700000000004
0.8976700000000002
0.8988900000000002
0.8976700000000004
0.8974400000000005
0.8990799999999999
0.8967600000000003
0.8982900000000008
0.8984900000000003
0.8989300000000001
0.8988100000000006
0.8990500000000005
0.8994000000000005
0.89678
0.8965700000000004
0.8971700000000006
0.8982400000000009
0.8995600000000005
0.8975400000000007
0.8974700000000003
0.8995300000000005
0.8975800000000005
0.8975900000000003
0.8989800000000003
0.8976000000000005
0.8975800000000004
0.8973200000000009
0.8985499999999998
0.8968500000000005
0.8997200000000005
0.8974
0.8970200000000002
0.8987400000000004
0.8984200000000001
0.8999500000000005
0.8979900000000006
0.8988800000000002
0.8979700000000003
0.8982900000000004
0.89802
0.8977800000000004
0.8983400000000009
0.8986500000000006
0.8977800000000005
0.8988800000000009
0.8977800000000004
0.8968300000000005
0.8981600000000007
0.8986300000000003
0.8964000000000004
0.8972500000000007
0.8972900000000004
0.89834
0.8980800000000003
0.8967500000000007
0.8977100000000003
0.8989500000000002
0.8990400000000001
0.8975400000000007
0.8972200000000004
0.8985600000000004
0.8970200000000006
0.8992500000000001
0.8978400000000006
0.89849
0.8993100000000003
0.8980200000000006
0.8987800000000002
0.8982300000000008
0.8997700000000005
0.8980300000000006
0.8987100000000002
0.8974100000000003
0.9002400000000006
0.8997800000000008
0.8987800000000002
0.8987200000000004
0.8980699999999999
0.8968500000000005
0.8969000000000001
0.8977300000000006
0.8990800000000003
0.8993200000000001
0.8971200000000005
0.8969500000000005
0.8998500000000001
0.8997400000000009
0.8983900000000007
0.8994000000000001
0.8985500000000007
0.8991900000000002
0.8980800000000001
0.8975900000000003
0.8978100000000002
0.8976900000000004
0.8977000000000003
0.8979300000000001
0.8978100000000001
0.8995700000000006
0.8988900000000004
0.8967700000000005
0.8975400000000007
0.8984100000000005
0.8973400000000002
0.8982900000000004
0.8988700000000003
0.8978900000000006
0.8982900000000004
0.8979
0.8970800000000005
0.8968400000000004
0.8971600000000004
0.8980800000000003
0.8974800000000007
0.8996500000000001
0.8972600000000002
0.8983200000000002
0.8974100000000008
0.8984700000000007
0.8989300000000007
0.8978500000000007
0.8987800000000001
0.89789
0.9002200000000002
0.8971900000000004
0.8985800000000005
0.8982100000000003
0.8994700000000002
0.8987600000000002
0.8975900000000006
0.8983600000000004
0.8988200000000005
0.8976700000000005
0.8975000000000009
0.8965100000000003
0.8981700000000008
0.8980200000000005
0.8980500000000005
0.8969600000000003
0.8972000000000007
0.8972000000000001
0.8970200000000008
0.8987300000000004
0.8990500000000006
0.8978100000000008
0.8979900000000006
0.8960400000000004
0.8981300000000002
0.8995100000000003
0.8975700000000003
0.8953300000000002
0.8986800000000004
0.8985800000000002
0.8984700000000003
0.8987600000000004
0.8989100000000004
0.89986
0.8977600000000006
0.8968800000000005
0.8987600000000007
0.8961600000000005
0.8967400000000003
0.8976400000000005
0.8983500000000001
0.8989100000000001
0.8983200000000003
0.8967200000000001
0.8977600000000007
0.8973700000000003
0.8990600000000002
0.8977000000000005
0.8978900000000002
0.8958200000000005
0.8967400000000006
0.89898
0.8985500000000005
0.8976100000000008
0.8976700000000009
0.8977900000000005
0.8966700000000004
0.8976600000000005
0.8993200000000005
0.8987000000000003
0.8986599999999999
0.8980400000000004
0.8971100000000005
0.8980400000000006
0.8991900000000002
0.8967
0.8991600000000006
0.8987700000000004
0.8977500000000005
0.8992600000000007
0.8990300000000009
0.8994300000000007
0.8982500000000005
0.8983000000000001
0.8986700000000003
0.8985400000000002
0.8979300000000002
0.8970700000000005
0.8981200000000004
0.8966700000000003
0.8975900000000003
0.8992400000000005
0.8983400000000004
0.8979100000000005
0.8984799999999997
0.8970500000000006
0.8975500000000003
0.8966300000000003
0.8968700000000004
0.8983700000000008
0.8983300000000003
0.8981700000000007
0.8976299999999999
0.8986800000000005
0.8979100000000009
0.8993900000000005
0.8986600000000009
0.8999000000000005
0.8991000000000006
0.8988500000000006
0.8992000000000001
0.8975800000000003
0.8967900000000004
0.8995100000000005
0.8975099999999999
0.8995400000000005
0.8982800000000001
0.9002199999999996
0.8994000000000005
0.8965100000000006
0.8965900000000007
0.8970100000000002
0.8979000000000005
0.8979200000000006
0.8978500000000004
0.8962900000000001
0.8968100000000004
0.8990900000000002
0.8970000000000005
0.8975300000000006
0.8980500000000003
0.8990100000000004
0.8962700000000007
0.8970200000000004
0.8985100000000007
0.89846
0.8971300000000002
0.89825
0.8974200000000007
0.89744
0.9008600000000001
0.8987200000000007
0.89771
0.8985700000000005
0.8993500000000004
0.8975100000000005
0.8997500000000006
0.8972100000000005
0.8972700000000008
0.8976000000000007
0.8972000000000011
0.8982499999999999
0.8990300000000004
0.899570000000001
0.8971200000000005
0.8971300000000005
0.8968900000000004
0.8973800000000004
0.8971500000000003
0.8970300000000002
0.8986800000000001
0.8993900000000005
0.8986200000000002
0.8987200000000004
0.8969700000000007
0.8974800000000005
0.8994100000000003
0.8981400000000004
0.8976400000000002
0.8988200000000005
0.8989700000000006
0.8982700000000006
0.8973600000000006
0.8988600000000005
0.8978000000000003
0.8981800000000004
0.8983200000000003
0.8980300000000001
0.897040000000001
0.897900000000001
0.8989900000000004
0.8986000000000004
0.8988000000000005
0.8994000000000003
0.8985700000000003
0.8954700000000009
0.8975900000000009
0.8985200000000007
0.8976400000000005
0.8972100000000005
0.8974200000000003
0.8963000000000005
0.8993100000000005
0.8987000000000003
0.8973000000000003
0.8969400000000006
0.8984900000000003
0.8967800000000008
0.8983400000000007
0.8957800000000005
0.8974400000000007
0.8995300000000006
0.9003000000000003
0.8996600000000005
0.8953800000000004
0.8971700000000005
0.8973800000000005
0.8959600000000008
0.8987800000000001
0.8982100000000004
0.8987400000000004
0.8966500000000005
0.8992200000000002
0.9008100000000004
0.8986000000000005
0.8954400000000002
0.90026
0.8999000000000009
0.8990700000000004
0.8983200000000007
0.8994100000000006
0.8985100000000001
0.8975200000000004
0.8992100000000006
0.8967100000000001
0.8979600000000003
0.8990600000000005
0.8981800000000004
0.8986600000000005
0.8980700000000006
0.8979800000000001
0.8971800000000002
0.8994400000000001
0.8983
0.8971000000000002
0.8999100000000009
0.8994100000000003
0.8982500000000005
0.8970700000000008
0.8975700000000004
0.8976200000000004
0.8994600000000006
0.8974800000000003
0.8978500000000005
0.8982200000000001
0.8979400000000001
0.8971800000000004
0.8974000000000006
0.8966300000000003
0.8974700000000004
0.8992500000000001
0.8984700000000007
0.8972099999999998
0.8982300000000002
0.8987000000000006
0.8980799999999998
0.8994900000000005
0.8978300000000001
0.89684
0.8984700000000005
0.8988400000000002
0.8985300000000004
0.8983500000000001
0.8979200000000005
0.8994400000000001
0.8977400000000005
0.8985900000000002
0.8978800000000006
0.8991000000000006
0.8972600000000007
0.8991400000000008
0.8992600000000002
0.8961900000000004
0.8988600000000004
0.8972300000000003
0.8963800000000006
0.8963100000000007
0.897
0.8976100000000002
0.8980200000000006
0.8991200000000005
0.8984800000000006
0.8992200000000001
0.8985400000000004
0.8972000000000006
0.8976300000000005
0.8981300000000005
0.8978900000000007
0.8990100000000002
0.8995100000000003
0.89742
0.8984100000000008
0.89631
0.8979900000000002
0.8984200000000007
0.8998800000000005
0.89747
0.8980100000000003
0.8988200000000002
0.8970000000000006
0.89947
0.9000700000000004
0.8983500000000002
0.8971800000000002
0.8976700000000002
0.8973100000000003
0.8990800000000001
0.8981300000000003
0.8972000000000001
0.8986500000000004
0.8982500000000005
0.8965000000000001
0.8977700000000006
0.8981900000000005
0.8977100000000003
0.8957300000000004
0.8987200000000009
0.8988400000000005
0.8982500000000002
0.8991900000000004
0.8995700000000003
0.8975500000000001
0.8983200000000002
0.8961000000000006
0.8982800000000006
0.8987600000000004
0.8983900000000005
0.8986900000000005
0.8969000000000003
0.8981600000000007
0.8982400000000001
0.8979800000000008
0.8985700000000009
0.8979200000000003
0.8994900000000001
0.89877
0.8970100000000005
0.8987300000000004
0.8981800000000003
0.8980200000000004
0.8973000000000003
0.8968500000000007
0.8968500000000001
0.8988500000000004
0.8971700000000005
0.8983400000000001
0.8969900000000004
0.8979900000000004
0.8985100000000008
0.8983900000000001
0.8981800000000003
0.8984800000000006
0.8990300000000001
0.8975100000000008
0.8981500000000007
0.8982700000000002
0.8969900000000005
0.8992600000000001
0.8977800000000004
0.89964
0.8980800000000008
0.8978500000000007
0.8986500000000005
0.8971700000000002
0.8976400000000001
0.8988200000000006
0.8976100000000007
0.8983200000000007
0.8993000000000003
0.8976700000000005
0.8982699999999998
0.8978700000000006
0.8970500000000005
0.8996800000000001
0.8987100000000002
0.8974600000000007
0.8959500000000002
0.8975000000000003
0.8984400000000003
0.8975500000000003
0.8981800000000006
0.8971100000000003
0.8989900000000002
0.8995300000000006
0.8972399999999999
0.8984100000000006
0.8979300000000003
0.8974100000000007
0.8982900000000007
0.8998600000000003
0.8978500000000005
0.8973200000000001
0.8981700000000004
0.8971500000000003
0.8979300000000001
0.8984400000000003
0.8979
0.8981400000000004
0.8971600000000006
0.8987900000000004
0.8981200000000004
0.8963700000000001
0.8967300000000001
0.8983700000000004
0.8995300000000005
0.8987100000000008
0.89825
0.8960600000000002
0.8988700000000003
0.8984200000000004
0.89852
0.8990500000000005
0.8990000000000004
0.8974700000000003
0.8991400000000007
0.8984700000000007
0.8970800000000009
0.8996900000000007
0.8985500000000006
0.8973200000000005
0.8971500000000008
0.8990900000000005
0.8989800000000001
0.8985500000000001
0.8994900000000008
0.8971200000000006
0.8979800000000006
0.8978000000000002
0.8967400000000006
0.8972300000000003
0.8970300000000004
