0.19999999999999962
0.21245
0.23040000000000005
0.24842000000000003
0.26721
0.28692000000000006
0.30602
0.32348
0.34052000000000004
0.35586
0.3706900000000001
0.38422000000000006
0.39579000000000003
0.40636999999999995
0.41603999999999985
0.42463
0.4318799999999999
0.4387499999999999
0.4445999999999999
0.4504300000000003
0.45505
0.4580400000000001
0.4631899999999999
0.4663100000000003
0.47048
0.4714699999999997
0.4727699999999999
0.47411999999999993
0.47492000000000006
0.4778099999999999
0.47903999999999997
0.4794799999999999
0.47936999999999996
0.48291999999999996
0.4827999999999999
0.48344999999999977
0.4829399999999999
0.48272999999999994
0.48319999999999985
0.4853199999999999
0.48608000000000023
0.48652000000000023
0.4871099999999998
0.48739
0.48682999999999993
0.48652999999999963
0.48563999999999985
0.4872599999999999
0.48862999999999984
0.4889099999999999
0.48872000000000015
0.4894999999999999
0.48957000000000006
0.48987
0.4886800000000001
0.48895999999999995
0.48821000000000003
0.48904000000000003
0.48882
0.48783
0.48768999999999996
0.4884100000000003
0.48699999999999993
0.48729
0.48540999999999984
0.48623999999999995
0.4867300000000001
0.4876899999999997
0.48715999999999954
0.4856299999999997
0.4865999999999998
0.4854299999999999
0.4857500000000002
0.48655999999999977
0.48836000000000007
0.4873999999999997
0.4876500000000001
0.48882000000000003
0.4871499999999999
0.4865299999999997
0.48530999999999996
0.48758999999999986
0.48755000000000026
0.4893999999999998
0.48906999999999984
0.48973999999999995
0.4897800000000001
0.4875899999999999
0.48712999999999995
0.48711999999999983
0.48742
0.4856399999999999
0.4863699999999999
0.48719000000000007
0.48814999999999986
0.4871299999999998
0.4856099999999999
0.48482000000000014
0.48512999999999984
0.4859599999999997
0.48742999999999986
0.4888000000000001
0.4870799999999999
0.4868399999999997
0.4873299999999999
0.48713999999999996
0.4869899999999999
0.4866600000000002
0.48660999999999993
0.4869499999999997
0.48508
0.4868400000000001
0.48725999999999964
0.4873700000000001
0.48726999999999987
0.4871699999999997
0.4865300000000002
0.48711999999999994
0.48451000000000005
0.48454
0.4851700000000001
0.48687999999999987
0.48828000000000005
0.48810000000000003
0.4878799999999998
0.4887899999999999
0.4888799999999999
0.48963999999999985
0.4899
0.4900900000000001
0.4909300000000003
0.4894100000000001
0.49067000000000005
0.4903200000000001
0.4887999999999997
0.48949999999999994
0.48708999999999997
0.4879899999999999
0.4861700000000002
0.4869600000000001
0.48749
0.48662999999999995
0.48814000000000024
0.48940999999999996
0.4899299999999998
0.4910399999999999
0.4907999999999999
0.48949999999999994
0.49049
0.48918
0.4892699999999999
0.4895099999999997
0.48857999999999996
0.48852999999999996
0.48716999999999994
0.48672999999999994
0.48673
0.48786000000000024
0.48796999999999996
0.48605000000000004
0.4853899999999999
0.48551999999999995
0.4871199999999999
0.4878400000000001
0.4888
0.48768999999999996
0.48688999999999977
0.4874999999999997
0.48684999999999995
0.48717999999999995
0.48744000000000015
0.48697
0.48639000000000004
0.48688999999999977
0.4878400000000001
0.48855000000000004
0.48894000000000004
0.48877999999999994
0.4885499999999999
0.48861
0.48794
0.4863799999999999
0.48624999999999974
0.4872099999999999
0.48596999999999957
0.48607
0.48749000000000015
0.48554
0.4839100000000002
0.4841800000000001
0.48362999999999984
0.48511000000000004
0.48551
0.4845599999999998
0.4852099999999999
0.4846199999999999
0.4834600000000001
0.48539
0.4851300000000001
0.4831999999999999
0.4845199999999998
0.4835900000000001
0.48297999999999996
0.48475999999999997
0.4853099999999999
0.4853700000000002
0.48581
0.48558999999999997
0.48671
0.48551
0.48507000000000006
0.48558999999999986
0.4870900000000001
0.4874300000000001
0.48567000000000005
0.4858100000000001
0.4867
0.48720999999999975
0.48641999999999996
0.48682
0.48667000000000016
0.4870700000000002
0.4887600000000003
0.4898199999999999
0.48957999999999996
0.4906200000000001
0.49075999999999986
0.49002
0.4915000000000001
0.4901299999999999
0.48996
0.49111000000000005
0.4902099999999999
0.49211999999999984
0.49083999999999994
0.48973999999999973
0.4907400000000002
0.4881800000000003
0.4887300000000001
0.48967999999999995
0.4891699999999999
0.49054000000000025
0.49131000000000014
0.49052999999999997
0.49033000000000015
0.49113999999999997
0.4923499999999999
0.4916200000000003
0.4901100000000001
0.4889699999999997
0.4890599999999998
0.48982999999999977
0.48913999999999996
0.48827000000000004
0.48894000000000004
0.4886099999999998
0.48747999999999997
0.48651999999999984
0.48619999999999997
0.4878300000000001
0.48775999999999975
0.48758999999999986
0.4882800000000001
0.48657000000000006
0.48694999999999994
0.4866400000000001
0.48692999999999986
0.4868800000000001
0.4888199999999999
0.48821000000000003
0.4884800000000001
0.4888
0.48879999999999996
0.4885999999999999
0.48712000000000005
0.48670999999999986
0.4876099999999998
0.4881399999999999
0.4869299999999999
0.4857899999999999
0.4845699999999999
0.4856399999999999
0.4865499999999999
0.4873199999999999
0.48867000000000016
0.4889600000000002
0.48855000000000004
0.48693999999999993
0.48788000000000004
0.48779999999999973
0.4873799999999999
0.48937
0.48977999999999994
0.4893099999999999
0.4884499999999998
0.48899000000000004
0.48908
0.4896599999999999
0.48884999999999984
0.4882399999999999
0.4877699999999998
0.4877699999999999
0.4887299999999998
0.4887599999999999
0.4889700000000001
0.4894400000000001
0.48928999999999995
0.48905000000000015
0.48931999999999976
0.48853
0.49032
0.4875099999999999
0.48845
0.4894499999999998
0.48728999999999983
0.48833999999999983
0.48843999999999993
0.48838999999999977
0.48908999999999986
0.48894999999999994
0.4888699999999998
0.4886899999999998
0.48981
0.48872000000000015
0.48939000000000005
0.4888
0.48821000000000003
0.4885300000000001
0.4881200000000001
0.4896999999999999
0.4891999999999998
0.48928
0.48993999999999993
0.4885999999999997
0.48863999999999985
0.48822000000000015
0.4899600000000002
0.4905600000000004
0.49073
0.4906899999999998
0.4914
0.49058
0.4890600000000001
0.48898
0.48835999999999985
0.4879999999999999
0.4880500000000001
0.48799000000000037
0.4880999999999998
0.48865000000000003
0.48804000000000003
0.48646999999999996
0.4845899999999999
0.4867699999999999
0.48649999999999977
0.48770999999999987
0.48757000000000006
0.4865099999999999
0.48769000000000007
0.4881000000000001
0.48767000000000005
0.48723999999999995
0.48782000000000003
0.4879400000000002
0.48891000000000007
0.48777000000000015
0.4876700000000001
0.48900999999999994
0.4892600000000001
0.48851
0.48827999999999977
0.48722999999999994
0.48718000000000017
0.48922
0.48762999999999984
0.4853699999999998
0.48469999999999996
0.4854900000000001
0.48651999999999984
0.4876299999999999
0.4886000000000002
0.48628999999999967
0.48804
0.4899899999999999
0.48984999999999984
0.49010999999999993
0.48975999999999986
0.48784999999999995
0.4871399999999999
0.48588999999999977
0.48536999999999997
0.48559
0.48706000000000027
0.48609000000000013
0.4856800000000001
0.4863900000000001
0.4867399999999998
0.48681000000000013
0.48565999999999987
0.48853999999999975
0.48663999999999974
0.48632999999999993
0.4886300000000001
0.4881600000000003
0.48946000000000006
0.4878200000000001
0.4873099999999997
0.48797999999999986
0.48797
0.48760000000000003
0.48780000000000007
0.48795999999999995
0.4875099999999999
0.48863999999999985
0.48899999999999993
0.4892599999999998
0.48876000000000003
0.4893399999999998
0.4896099999999998
0.48931999999999987
0.49044999999999994
0.49028000000000005
0.4898599999999997
0.4898000000000002
0.4894299999999999
0.48877999999999994
0.48866999999999977
0.48911
0.4900499999999999
0.49011000000000027
0.4889899999999998
0.48882000000000014
0.4890700000000001
0.48970999999999987
0.4897299999999998
0.4873100000000001
0.4887900000000001
0.48844999999999994
0.4889899999999997
0.48747000000000007
0.4869399999999999
0.4876
0.48821
0.4889800000000001
0.4882799999999999
0.488
0.48930000000000007
0.48984000000000016
0.4891099999999997
0.4888100000000001
0.48733
0.4881399999999998
0.4888999999999999
0.4888300000000001
0.4895299999999998
0.49033000000000015
0.4896499999999998
0.48840999999999984
0.48906999999999984
0.4876399999999999
0.4876699999999999
0.48822000000000026
0.48835
0.4888199999999997
0.48911999999999983
0.4892099999999997
0.48779000000000006
0.48723999999999995
0.4878700000000001
0.4863799999999998
0.48642
0.4866000000000002
0.48662999999999984
0.48571
0.4862199999999999
0.48607
0.4869800000000001
0.48743
0.48788000000000004
0.4875299999999999
0.48658000000000007
0.4855899999999999
0.4852300000000001
0.48751000000000005
0.48871999999999977
0.48820000000000013
0.48859999999999987
0.4882999999999999
0.4892299999999999
0.48978
0.48972
0.48918999999999985
0.4895700000000002
0.48675
0.48630999999999985
0.48719999999999997
0.4865599999999998
0.48635
0.48680999999999996
0.48569999999999985
0.4862199999999999
0.48723
0.48590999999999984
0.48587
0.48695999999999984
0.4887599999999997
0.4886199999999999
0.4878699999999998
0.48834999999999984
0.48741000000000007
0.4861099999999998
0.48690000000000017
0.4876899999999997
0.48662
0.4864199999999998
0.4875500000000001
0.48733999999999983
0.4880200000000003
0.4878299999999999
0.48635999999999996
0.48743999999999993
0.48824
0.48746
0.4885700000000001
0.4878999999999997
0.48766000000000015
0.48846999999999996
0.48791999999999996
0.4877599999999998
0.48791999999999996
0.48826000000000014
0.4889299999999998
0.48905999999999983
0.4888899999999999
0.48786
0.4882699999999998
0.48771999999999976
0.48733
0.48771999999999965
0.48896999999999996
0.48808
0.48614999999999997
0.4870599999999999
0.48711000000000015
0.4868
0.48564999999999997
0.48611999999999994
0.4838500000000001
0.4852599999999999
0.4846199999999999
0.48412
0.48388
0.48492999999999997
0.48484999999999984
0.48567000000000005
0.4856799999999998
0.48796999999999985
0.48754000000000003
0.48989000000000005
0.48938000000000026
0.48995999999999995
0.4913699999999998
0.49057999999999985
0.49073000000000006
0.48968999999999985
0.4900899999999997
0.49077000000000004
0.48994999999999983
0.48730999999999997
0.4880699999999999
0.48689999999999967
0.48678000000000005
0.48641000000000006
0.48725000000000007
0.48762
0.48894999999999983
0.4888700000000001
0.48828000000000005
0.48908
0.48954000000000014
0.4898900000000001
0.4870299999999998
0.4866400000000002
0.48894000000000004
0.48950000000000005
0.48891000000000007
0.4884999999999998
0.4900799999999999
0.49134
0.49289999999999984
0.4929499999999999
0.49146000000000006
0.49071000000000015
0.48925
0.4883599999999998
0.4876999999999999
0.48914
0.4869600000000001
0.48711
0.48629999999999973
0.48620000000000013
0.4869600000000001
0.48773000000000005
0.4883299999999998
0.4881900000000001
0.48923999999999984
0.48928999999999995
0.48821999999999993
0.48941999999999974
0.48998999999999987
0.48996
0.48998999999999987
0.4892200000000002
0.49006
0.48819999999999986
0.48908999999999986
0.4903499999999999
0.49070999999999976
0.48994999999999983
0.4879700000000002
0.48912999999999995
0.48990999999999985
0.48924000000000006
0.48809000000000013
0.48834999999999984
0.4887900000000001
0.4887400000000001
0.48940999999999996
0.4898299999999999
0.48891999999999997
0.48938000000000015
0.4882099999999999
0.4876
0.4876599999999999
0.4872099999999999
0.4861999999999999
0.4851
0.48410999999999993
0.48379999999999973
0.48649999999999993
0.4862400000000001
0.48686999999999986
0.48682
0.4880199999999996
0.49010999999999977
0.49137999999999993
0.49067000000000005
0.49060999999999994
0.49137999999999993
0.49039999999999995
0.49105999999999994
0.49093000000000003
0.49163
0.4914500000000001
0.49238000000000015
0.4925399999999999
0.49121000000000015
0.48993000000000014
0.4895399999999997
0.49089
0.49191
0.4907599999999998
0.49089000000000027
0.4903
0.48949000000000026
0.49028999999999984
0.48973999999999995
0.48840999999999984
0.48749
0.48680999999999974
0.4853499999999999
0.4865
0.48580000000000007
0.48640000000000005
0.4865500000000002
0.4848599999999999
0.4843299999999999
0.4862900000000003
0.48578999999999994
0.4863600000000001
0.4856500000000002
0.4863499999999999
0.48780999999999985
0.4882600000000001
0.4883599999999998
0.48782
0.48771999999999993
0.4879299999999999
0.48862999999999984
0.48827999999999994
0.4877800000000001
0.4875899999999999
0.48664999999999997
0.48598999999999976
0.4846199999999999
0.48631000000000013
0.48609000000000036
0.4866999999999998
0.4878
0.48585999999999996
0.48797999999999986
0.4877600000000001
0.4869699999999998
0.48648999999999987
0.4872599999999999
0.4883799999999999
0.4883199999999999
0.48833
0.48872000000000015
0.48696
0.4890600000000002
0.48846999999999974
0.4886299999999998
0.48685
0.4868599999999999
0.4882199999999999
0.48956999999999984
0.48804
0.4887400000000002
0.49079
0.4904799999999998
0.4892399999999999
0.4885400000000001
0.4888
0.48808000000000024
0.48833
0.48713999999999996
0.48715
0.4888099999999999
0.4871700000000001
0.48743000000000003
0.48686
0.4885399999999999
0.48810999999999977
0.48796999999999974
0.4885599999999998
0.48918
0.48966
0.48926000000000003
0.4887899999999999
0.48862000000000017
0.48794
0.4890499999999997
0.4891099999999999
0.48905999999999994
0.4901100000000001
0.48851
0.48891000000000007
0.4908400000000001
0.49064000000000013
0.48853
0.48938999999999977
0.49080999999999997
0.49279999999999996
0.4910600000000001
0.49142
0.49024999999999996
0.49149000000000015
0.49176000000000003
0.4910799999999999
0.49032999999999993
0.48811000000000004
0.4883799999999999
0.48738000000000015
0.4858099999999999
0.48571000000000003
0.48716000000000004
0.48771999999999993
0.4884099999999998
0.4884299999999999
0.4900799999999998
0.48918999999999985
0.4896400000000001
0.48923
0.49028999999999995
0.48971000000000003
0.49012
0.48988
0.4900099999999998
0.49095999999999973
0.4907599999999999
0.49106
0.4919000000000001
0.4918699999999998
0.49139999999999995
0.4896000000000002
0.48890000000000006
0.48900999999999983
0.48893999999999993
0.4901000000000002
0.49032
0.48945000000000005
0.48973
0.48896
0.48766999999999994
0.48747000000000024
0.4883899999999997
0.48725999999999997
0.48632000000000003
0.48589999999999994
0.48618999999999984
0.4857699999999997
0.4867600000000001
0.48668999999999996
0.48772000000000015
0.48902999999999996
0.48891000000000007
0.49037000000000036
0.49052
0.4907199999999998
0.49079
0.49110000000000015
0.4907599999999998
0.48989999999999995
0.4891799999999998
0.48835999999999996
0.4901799999999997
0.49011000000000005
0.48956999999999984
0.48950999999999995
0.48925
0.48841000000000023
0.48666000000000026
0.48606999999999995
0.48572999999999966
0.4867199999999999
0.4878300000000003
0.48855
0.48869000000000007
0.49136999999999986
0.49132000000000015
0.4904300000000001
0.4889199999999999
0.4873000000000002
0.48741999999999996
0.48817000000000016
0.4881
0.4894899999999998
0.4901400000000001
0.49011000000000005
0.48841999999999963
0.4887999999999999
0.4911800000000001
0.4910599999999997
0.4908099999999999
0.4914
0.4898000000000001
0.49083999999999983
0.49085
0.48917999999999995
0.4882000000000002
0.4881300000000001
0.4883699999999998
0.48684999999999995
0.4861800000000001
0.48468999999999995
0.4849099999999998
0.48452999999999996
0.48442999999999975
0.4841200000000001
0.48465999999999987
0.4863
0.48708000000000007
0.48586999999999997
0.48627999999999993
0.48704000000000003
0.48755999999999994
0.4873900000000002
0.48789000000000016
0.48779000000000017
0.4881599999999999
0.48999999999999994
0.4908999999999999
0.49210000000000015
0.49132
0.4905899999999999
0.48907000000000017
0.48932999999999993
0.4890700000000001
0.4901400000000003
0.4916500000000001
0.49044000000000004
0.49172
0.49117000000000005
0.48993000000000003
0.49000000000000005
0.48867
0.48783999999999994
0.4869400000000001
0.48711000000000004
0.48583000000000015
0.48307
0.48265999999999976
0.48299
0.4838699999999998
0.48636999999999986
0.48593
0.48792
0.4882700000000002
0.48848999999999976
0.48926000000000003
0.4882
0.4888799999999998
0.48871000000000003
0.4887299999999998
0.4872600000000001
0.4873199999999999
0.4876799999999999
0.4871799999999999
0.4865200000000002
0.4874399999999999
0.48822999999999994
0.4874000000000002
0.49024999999999996
0.4905000000000003
0.49039999999999995
0.49015000000000003
0.4900599999999998
0.49047000000000013
0.49135000000000006
0.49067
0.491
0.49085000000000006
0.49138
0.48959
0.48869999999999975
0.4891200000000001
0.48788000000000004
0.4874
0.48620999999999975
0.4860399999999999
0.4864699999999999
0.4866400000000001
0.48785000000000006
0.4869399999999999
0.4871199999999999
0.48822999999999994
0.48931999999999987
0.4894899999999999
0.48920999999999976
0.48902999999999985
0.48873999999999973
0.48774999999999985
0.4878999999999998
0.48972999999999994
0.4904399999999999
0.4900699999999998
0.48949999999999994
0.48993
0.49051999999999985
0.4907600000000003
0.48985999999999985
0.4896900000000002
0.48986999999999975
0.48846999999999985
0.48746999999999974
0.4865900000000001
0.48693999999999993
0.4864199999999998
0.48688000000000003
0.48674000000000023
0.48763999999999996
0.48731999999999986
0.48705
0.4858700000000001
0.48699999999999993
0.4866799999999998
0.48772000000000026
0.48793
0.4876300000000003
0.4873299999999999
0.4858499999999999
0.48680999999999996
0.48731999999999986
0.48806000000000005
0.48876000000000003
0.4894299999999998
0.48938000000000026
0.4891099999999997
0.48997000000000007
0.4903200000000002
0.48956000000000005
0.48828000000000027
0.48827000000000015
0.4871100000000002
0.4886700000000001
0.4878899999999999
0.48968000000000006
0.48822999999999994
0.4876299999999999
0.4886100000000001
0.48812000000000005
0.4874300000000001
0.48702999999999996
0.4867
0.4862599999999999
0.48705999999999977
0.48777999999999977
0.4865200000000002
0.48638999999999993
