0.19999999999999962
0.63176
0.91462
0.9077000000000001
0.9059700000000005
0.9064700000000002
0.9078800000000007
0.9065200000000009
0.9077100000000007
0.9078000000000002
0.9095900000000003
0.9064799999999998
0.9069300000000007
0.9072600000000003
0.9057200000000003
0.9075100000000004
0.9058900000000005
0.9081800000000002
0.9058500000000005
0.9084700000000001
0.9074400000000006
0.9058400000000006
0.9076700000000004
0.9071900000000006
0.9078200000000008
0.9081599999999996
0.9078800000000008
0.9061999999999998
0.9076700000000001
0.9060300000000006
0.9074600000000004
0.9078800000000006
0.9065900000000005
0.9064100000000005
0.9074200000000004
0.9066700000000003
0.9079900000000003
0.9066300000000005
0.9076000000000003
0.9075500000000009
0.9065400000000003
0.9071600000000002
0.9077500000000002
0.9078199999999998
0.9075000000000004
0.9076400000000002
0.9078400000000003
0.9079500000000005
0.9083200000000007
0.9064600000000005
0.9070700000000003
0.9065899999999998
0.9069500000000003
0.9065500000000002
0.9075200000000008
0.9081100000000001
0.90756
0.9076000000000003
0.9079000000000002
0.9071800000000004
0.9061200000000005
0.9099600000000003
0.9061500000000002
0.9074500000000003
0.9066000000000004
0.9072800000000004
0.9071400000000003
0.9070600000000004
0.90837
0.9074900000000006
0.9083400000000006
0.90565
0.9075500000000002
0.9062600000000001
0.9074900000000007
0.9065900000000003
0.9076600000000006
0.90905
0.9064400000000008
0.9075500000000005
0.9060800000000003
0.9071700000000006
0.9071600000000004
0.9079000000000005
0.90699
0.9068100000000006
0.9073700000000001
0.9074400000000006
0.9087100000000001
0.9062900000000002
0.9083000000000001
0.9070600000000012
0.9059300000000006
0.9066000000000003
0.9066600000000007
0.9074900000000008
0.9079800000000001
0.9085300000000006
0.9088800000000004
0.9085200000000003
0.9076000000000002
0.9095300000000003
0.9053100000000002
0.9092200000000006
0.9055400000000006
0.9076500000000002
0.9073700000000006
0.9085700000000004
0.9077600000000001
0.9069100000000004
0.9066200000000002
0.9064900000000005
0.9075000000000004
0.9076900000000007
0.9079199999999998
0.9054200000000001
0.9059600000000007
0.9088100000000006
0.9069600000000001
0.9071100000000004
0.9081400000000008
0.9089300000000002
0.9079300000000002
0.9066900000000004
0.9093500000000003
0.90858
0.9081100000000005
0.90734
0.9079700000000002
0.9081100000000002
0.9050300000000004
0.9068000000000005
0.9068400000000005
0.9074800000000005
0.9079300000000003
0.9076300000000007
0.9076200000000005
0.9083400000000006
0.90591
0.9070800000000004
0.9073000000000003
0.9047500000000006
0.9080200000000005
0.9071600000000007
0.9080600000000004
0.9078400000000011
0.9079000000000009
0.90688
0.9085200000000004
0.9071800000000003
0.9062400000000004
0.9081400000000004
0.9078899999999996
0.9071600000000002
0.9072000000000002
0.9072000000000001
0.9059600000000008
0.9079700000000003
0.90823
0.9065300000000002
0.9087800000000006
0.9084600000000003
0.9066500000000006
0.9078400000000002
0.9073300000000003
0.9075000000000009
0.9059600000000002
0.9061500000000003
0.9067900000000003
0.9067800000000003
0.9082400000000002
0.9080700000000003
0.9082100000000001
0.9076100000000005
0.9063000000000008
0.9068200000000002
0.9071800000000003
0.9065700000000004
0.9072700000000004
0.9072700000000005
0.9084400000000001
0.9078200000000005
0.9065000000000003
0.9069300000000002
0.9075400000000006
0.9068800000000005
0.9085700000000001
0.9076300000000006
0.9079200000000003
0.9074500000000004
0.9069200000000006
0.9065200000000004
0.9087900000000004
0.90813
0.9064900000000006
0.90882
0.9067700000000002
0.9054200000000006
0.9058200000000005
0.9084900000000004
0.9067000000000002
0.9072000000000001
0.9061400000000002
0.9072200000000002
0.9073400000000004
0.9072300000000005
0.90814
0.9071000000000002
0.9085100000000004
0.9077500000000004
0.9068600000000004
0.90736
0.9062300000000004
0.9082700000000004
0.9064000000000001
0.9063000000000002
0.9079200000000001
0.9072999999999999
0.9077000000000004
0.9068900000000002
0.9064500000000002
0.9078800000000001
0.9078800000000006
0.9075800000000007
0.90822
0.9079000000000005
0.9072400000000006
0.9067000000000004
0.9071700000000004
0.9070500000000006
0.9054700000000006
0.9077900000000007
0.90819
0.9070000000000009
0.9074800000000002
0.9069300000000007
0.9067400000000001
0.9069200000000001
0.9073900000000006
0.9073700000000003
0.9065300000000002
0.9057800000000007
0.9097300000000006
0.9062100000000001
0.9076200000000004
0.9069500000000003
0.9069300000000007
0.9069100000000005
0.9055300000000004
0.9074600000000004
0.9065600000000008
0.90723
0.9080800000000002
0.9083800000000006
0.9071300000000003
0.9082000000000001
0.90767
0.9079100000000002
0.9063700000000003
0.9083600000000003
0.9065500000000004
0.9084200000000004
0.9061800000000002
0.9074600000000004
0.9083400000000006
0.9083500000000008
0.9074300000000008
0.9073600000000003
0.9087300000000001
0.90897
0.9093100000000004
0.9078300000000001
0.9060700000000003
0.9061400000000006
0.9080300000000002
0.9072800000000005
0.9077800000000005
0.9078100000000003
0.9074300000000005
0.9054000000000001
0.9089800000000002
0.9084000000000003
0.90736
0.9082100000000003
0.9065700000000007
0.9073000000000004
0.9074400000000002
0.9064100000000004
0.9066400000000004
0.9076900000000001
0.9082200000000005
0.9062700000000004
0.9083300000000003
0.9078900000000004
0.906950000000001
0.9069500000000005
0.9061800000000004
0.9071500000000003
0.9068800000000006
0.9077300000000004
0.9066500000000005
0.9060400000000004
0.9076400000000006
0.9078200000000004
0.9084600000000003
0.9079100000000004
0.9066800000000004
0.9079300000000003
0.9067100000000005
0.9071400000000005
0.9073300000000003
0.9074100000000003
0.9059000000000007
0.9071899999999998
0.9080400000000001
0.9080400000000003
0.9071900000000008
0.9068700000000004
0.9084700000000002
0.9077700000000003
0.9063800000000003
0.9082200000000004
0.9070800000000001
0.9073600000000003
0.9073800000000002
0.9087600000000005
0.9072300000000003
0.9078900000000009
0.9076900000000002
0.9064200000000002
0.9081900000000008
0.9059800000000006
0.9073400000000003
0.9052000000000002
0.9077900000000002
0.9073700000000002
0.9070900000000006
0.9073600000000002
0.9067100000000007
0.9061700000000005
0.9071100000000001
0.9072000000000006
0.9085900000000002
0.9070000000000004
0.9074299999999998
0.9078800000000002
0.9063800000000002
0.9086900000000007
0.9064000000000001
0.9075200000000003
0.9067200000000004
0.9081800000000005
0.90688
0.9067100000000005
0.9062200000000001
0.90756
0.9081100000000006
0.9069000000000007
0.9080900000000004
0.9078400000000001
0.9070800000000009
0.9068700000000003
0.9094600000000003
0.9089000000000005
0.9054899999999999
0.9071300000000001
0.9068200000000001
0.9080600000000003
0.9080200000000008
0.90645
0.9078399999999999
0.9079000000000005
0.9087200000000004
0.9061400000000003
0.9073000000000002
0.9066700000000003
0.9069300000000008
0.9072500000000007
0.9051100000000002
0.9074000000000005
0.9082100000000005
0.9079600000000005
0.9067800000000008
0.9074400000000001
0.9086700000000006
0.9061300000000003
0.9064600000000005
0.9060500000000001
0.9072399999999997
0.9054100000000002
0.9076200000000008
0.9067900000000005
0.9091200000000004
0.9077900000000005
0.9072300000000003
0.9068700000000003
0.9082700000000006
0.9069400000000002
0.9062400000000007
0.9083000000000007
0.9073700000000003
0.9063500000000008
0.90549
0.9098100000000006
0.9067400000000003
0.9091000000000002
0.90707
0.9066799999999998
0.9084900000000005
0.9059500000000007
0.9072700000000004
0.9077999999999998
0.9055800000000006
0.9074200000000002
0.9069600000000009
0.9064800000000006
0.9095100000000004
0.9069999999999999
0.9075700000000007
0.9059200000000008
0.9079700000000004
0.9076100000000004
0.9072500000000006
0.9048900000000002
0.9075600000000005
0.9083500000000001
0.9071800000000002
0.9074200000000003
0.9068500000000003
0.9074100000000004
0.9061100000000003
0.9092000000000005
0.9064200000000003
0.9069900000000007
0.9068000000000005
0.9071200000000001
0.9054900000000005
0.9066700000000004
0.9067400000000003
0.9057300000000004
0.9077400000000005
0.9067000000000003
0.9075400000000005
0.9085800000000002
0.9074500000000003
0.9071000000000005
0.9081300000000005
0.9079700000000003
0.9077599999999996
0.9069000000000003
0.9078400000000006
0.9058700000000002
0.9072300000000004
0.9098700000000005
0.9077000000000006
0.9057600000000005
0.9078200000000005
0.9075400000000003
0.9067200000000005
0.9084800000000004
0.9069300000000007
0.9081100000000005
0.9062100000000004
0.9067500000000005
0.9069100000000002
0.9083599999999998
0.9069600000000005
0.9068200000000003
0.9073699999999999
0.906280000000001
0.90848
0.9082300000000002
0.9076400000000003
0.9064200000000002
0.90767
0.9090500000000001
0.9057700000000004
0.9072500000000006
0.9069499999999998
0.9060800000000002
0.9089900000000007
0.9057600000000005
0.9074300000000004
0.9064900000000001
0.9071300000000011
0.9068600000000001
0.9073500000000004
0.9072600000000004
0.9085400000000008
0.9073000000000008
0.9087300000000005
0.9076500000000004
0.9077100000000002
0.9080800000000003
0.9079800000000001
0.9084600000000006
0.9084000000000003
0.9070200000000007
0.9055500000000005
0.9078600000000003
0.9081600000000003
0.9066400000000001
0.9076600000000002
0.9083600000000004
0.9078500000000004
0.9077300000000004
0.9070800000000004
0.9066700000000005
0.9071200000000005
0.9058000000000003
0.9065600000000004
0.9058800000000007
0.9079400000000005
0.90732
0.9066800000000002
0.9059500000000004
0.9085599999999999
0.9079800000000001
0.9076400000000002
0.9067300000000003
0.9051400000000004
0.9075900000000006
0.9074100000000006
0.9046900000000001
0.9056100000000005
0.9069500000000008
0.9068300000000007
0.9067399999999997
0.9075600000000005
0.9068700000000003
0.9070000000000001
0.9071600000000001
0.9072800000000001
0.9069200000000004
0.9072400000000006
0.9064000000000004
0.9072500000000003
0.9066800000000006
0.9066600000000007
0.9076599999999999
0.9072200000000004
0.9068400000000003
0.9068400000000009
0.9061500000000006
0.9088000000000004
0.9074300000000004
0.9063600000000004
0.9066100000000005
0.9068200000000006
0.9073200000000005
0.9069300000000005
0.9054200000000003
0.9067800000000006
0.9063800000000007
0.90685
0.9074200000000006
0.9081000000000001
0.9050200000000003
0.9083600000000003
0.9074900000000008
0.9064600000000005
0.9065400000000001
0.9086600000000002
0.9072400000000002
0.9099700000000002
0.9049700000000003
0.9065700000000004
0.9070700000000003
0.9070900000000003
0.90739
0.9075300000000006
0.9074200000000003
0.9072600000000007
0.9062000000000004
0.9082500000000003
0.9071900000000005
0.9065400000000003
0.9060200000000005
0.90668
0.9079700000000005
0.9069700000000003
0.9063900000000003
0.9072800000000004
0.9064900000000005
0.9076100000000004
0.9078500000000003
0.9068500000000005
0.9086400000000003
0.906930000000001
0.9082800000000003
0.90605
0.906260000000001
0.9047800000000004
0.9064699999999999
0.9066300000000003
0.9072700000000006
0.9092200000000004
0.9075100000000006
0.9078300000000007
0.9076400000000003
0.9056500000000004
0.9077400000000001
0.9070700000000006
0.9098000000000005
0.9072900000000008
0.907740000000001
0.9051600000000003
0.9077500000000005
0.9066100000000002
0.9087400000000002
0.9060400000000003
0.9077500000000001
0.9056200000000009
0.9068000000000005
0.9072900000000007
0.9059700000000005
0.9079900000000006
0.9071100000000004
0.9078500000000004
0.9071600000000004
0.9067600000000001
0.9062900000000005
0.9082200000000005
0.9080800000000002
0.9082000000000008
0.9073400000000005
0.9065300000000005
0.9082200000000004
0.9060300000000007
0.9067400000000003
0.9065800000000006
0.9045300000000002
0.9069100000000009
0.9079999999999999
0.9068100000000002
0.90767
0.9082000000000002
0.9047600000000001
0.9059800000000005
0.9069900000000004
0.9064800000000004
0.9062200000000006
0.9064600000000005
0.9076000000000005
0.9056600000000001
0.9080800000000007
0.9074400000000002
0.9069900000000001
0.9073500000000007
0.9070600000000006
0.9073400000000004
0.9073000000000004
0.9045800000000003
0.9066800000000006
0.9071500000000009
0.9079400000000005
0.9075300000000003
0.9093600000000002
0.9059800000000005
0.9077500000000006
0.9072400000000003
0.9064800000000003
0.9069300000000002
0.90643
0.9066000000000003
0.9063000000000002
0.9075800000000003
0.9066800000000004
0.9057700000000005
0.9085100000000006
0.9074100000000003
0.9086100000000006
0.9082400000000002
0.9079500000000005
0.9077400000000005
0.9068400000000004
0.9074700000000001
0.9072000000000006
0.9084100000000003
0.9065700000000004
0.9062899999999999
0.9060900000000005
0.90791
0.9072100000000002
0.9079200000000004
0.9079200000000004
0.9064900000000006
0.9077500000000001
0.90613
0.9086900000000006
0.9078500000000005
0.90584
0.9056200000000005
0.9059
0.9069900000000007
0.9074400000000006
0.9057200000000009
0.9074100000000002
0.9052500000000002
0.90929
0.9081400000000008
0.9082600000000001
0.9074500000000001
0.9065900000000007
0.9078
0.9082700000000011
0.9049800000000008
0.9077000000000005
0.9078800000000004
0.9065200000000003
0.9072400000000003
0.9073600000000005
0.9063400000000005
0.9079400000000004
0.9078400000000003
0.9068700000000003
0.9057200000000003
0.9083400000000004
0.9079000000000005
0.9082800000000004
0.9063500000000007
0.90752
0.9072399999999996
0.9067800000000004
0.9057800000000001
0.9069600000000002
0.9076600000000004
0.9072400000000009
0.9097000000000002
0.90704
0.9078900000000005
0.9079800000000005
0.9082400000000004
0.91035
0.9067000000000001
0.9079599999999999
0.90829
0.9062800000000002
0.9059700000000003
0.9068199999999998
0.9068600000000008
0.9097100000000001
0.9071800000000003
0.9069300000000005
0.9072500000000001
0.9079500000000001
0.9071400000000005
0.90771
0.9072999999999999
0.9086800000000004
0.9064500000000002
0.9069600000000001
0.9070200000000007
0.9082700000000002
0.90675
0.9084800000000005
0.90776
0.9061600000000004
0.9091700000000001
0.9068100000000004
0.9067900000000008
0.9060900000000005
0.9071100000000004
0.9075300000000003
0.9058600000000002
0.9073200000000008
0.9081700000000003
0.9068300000000002
0.9081300000000003
0.9062300000000004
0.9071900000000005
0.9078100000000003
0.9064500000000004
0.9072300000000005
0.9072800000000004
0.9061700000000004
0.9080300000000007
0.9080000000000006
0.9087000000000001
0.90659
0.9066700000000003
0.9076800000000002
0.9084700000000002
0.9069199999999998
0.9076300000000004
0.9080000000000004
0.9074300000000005
0.9088400000000008
0.9064700000000002
0.9056800000000004
0.9074400000000008
0.9059400000000004
0.9060500000000006
0.9064500000000002
0.90522
0.9073700000000001
0.9065200000000008
0.90809
0.9073200000000006
0.9078600000000001
0.9074900000000002
0.9061100000000007
0.9086900000000001
0.9063600000000005
0.9069800000000002
0.9068400000000004
0.9051400000000009
0.9077000000000006
0.9063400000000005
0.9069900000000005
0.9075700000000003
0.9068900000000005
0.9069600000000004
0.9062200000000005
0.90719
0.9069900000000004
0.9074200000000003
0.9078700000000004
0.9066500000000001
0.9074900000000004
0.9062700000000001
0.90778
0.9052500000000001
0.9092000000000006
0.9064600000000002
0.9086399999999999
0.9065600000000005
0.9072800000000008
0.9078300000000006
0.9072900000000007
0.9068800000000005
0.9064499999999999
0.9074800000000002
0.9084000000000004
0.9070300000000009
0.9063600000000005
0.9097400000000007
0.9059500000000001
0.9055900000000006
0.9070900000000002
0.90659
0.90666
0.9076400000000006
0.9067999999999999
0.9066200000000003
0.9062500000000013
0.9079099999999998
0.9082900000000006
0.90793
0.90774
0.9061
0.9069200000000005
0.9067700000000002
0.9092200000000003
0.9068700000000007
0.9074500000000004
0.9045800000000002
0.9054000000000003
0.9073300000000003
0.9064500000000002
0.9085300000000005
0.9081600000000004
0.9066500000000004
0.9079500000000006
0.9077800000000003
0.9081700000000004
0.9097700000000006
0.9069000000000004
0.9088600000000003
0.9068600000000001
0.9060600000000004
0.9074199999999999
0.9087800000000005
0.9064100000000004
0.9053700000000005
0.9087800000000003
0.9069600000000004
0.9063400000000005
0.9073800000000003
0.9074700000000003
0.9073400000000004
0.9072200000000002
0.9102000000000001
0.9073600000000003
0.9076300000000009
0.9072000000000001
0.9073000000000003
0.90711
0.9082100000000005
0.9076900000000003
0.9070700000000005
0.9069100000000005
0.9076800000000003
0.9055200000000002
0.9078900000000003
0.9064400000000006
0.9071100000000004
0.9073900000000006
0.9075700000000002
0.9053600000000003
0.9075100000000005
0.9068500000000002
0.9065900000000008
0.9085000000000005
0.9071100000000003
0.9069100000000003
0.9075200000000003
0.9064200000000006
0.9067700000000006
0.9071800000000008
0.9082100000000003
0.9068800000000005
0.9061400000000002
0.9069099999999998
0.9071500000000008
0.9080900000000005
0.9083800000000002
0.9072400000000002
0.9064200000000007
0.9071400000000008
0.9071999999999999
0.9082200000000004
0.90671
0.9088100000000005
0.9061000000000002
0.9067600000000007
0.9076700000000002
0.9083100000000006
0.9079200000000001
0.9072600000000004
0.9076500000000002
0.9066100000000002
0.9083500000000005
0.9068100000000004
0.9068800000000004
0.9075200000000007
0.9072400000000002
0.9069800000000005
0.9069500000000004
0.9079100000000005
0.9080400000000004
0.9090500000000002
0.9072600000000005
0.9065500000000004
0.9074400000000007
0.9065000000000007
0.9069200000000006
0.90782
0.9077100000000005
0.9074800000000005
0.9082400000000004
0.9065100000000004
0.9068500000000005
0.9053600000000007
0.90974
0.9064400000000002
0.9070400000000002
0.9079400000000005
0.9076100000000002
0.9062200000000006
0.9068700000000003
0.9067700000000001
0.9058200000000005
0.9059400000000001
0.9083500000000007
0.9069600000000009
0.9082900000000003
0.9067700000000006
0.9100500000000002
0.9069000000000003
0.9081300000000005
0.9054300000000004
0.9068700000000005
0.9065700000000002
0.9078700000000001
0.9068900000000002
0.9068500000000005
0.9073400000000004
0.9064700000000007
0.9073800000000003
0.9068700000000004
0.90805
0.9064800000000004
0.9082300000000006
0.9079400000000004
0.9066300000000003
0.9078500000000002
0.9063300000000006
0.9074900000000006
0.9061000000000002
0.9091600000000004
0.9067600000000003
0.9063900000000004
0.9063500000000003
0.90655
0.9067500000000002
0.9076500000000006
0.9095200000000001
0.9075
0.9080000000000001
