0.19999999999999962
0.24505999999999994
0.30467999999999995
0.3683499999999998
0.42601999999999995
0.47864999999999996
0.5211199999999998
0.5586100000000002
0.58671
0.60968
0.63066
0.64205
0.65232
0.6611100000000001
0.6688099999999999
0.6721699999999999
0.6772999999999999
0.6807400000000001
0.6821800000000002
0.68479
0.6859500000000002
0.68574
0.6857800000000001
0.6866199999999999
0.6867300000000001
0.68569
0.68646
0.6886799999999996
0.6881400000000001
0.68761
0.6886399999999999
0.6857700000000001
0.6862699999999998
0.6892600000000002
0.6891799999999998
0.6882999999999998
0.6872000000000004
0.68759
0.6866199999999999
0.6868900000000001
0.6888900000000002
0.6912100000000001
0.6904300000000001
0.6893199999999997
0.6879200000000003
0.6887500000000002
0.68777
0.6886700000000004
0.6883000000000004
0.68797
0.6877100000000003
0.6903200000000002
0.6909799999999997
0.6904400000000003
0.6900899999999999
0.6903699999999999
0.6901800000000001
0.6874000000000003
0.6883900000000002
0.6891799999999999
0.6880600000000001
0.6873699999999995
0.6880400000000002
0.68598
0.6866500000000001
0.6869899999999999
0.6897000000000004
0.6895000000000002
0.6896999999999999
0.6882900000000005
0.6879600000000002
0.6880299999999999
0.6890599999999998
0.6911599999999999
0.6886800000000001
0.6887300000000001
0.6888100000000001
0.6869100000000004
0.6859399999999997
0.6864900000000002
0.6872
0.6885899999999998
0.6882899999999998
0.6866700000000001
0.68798
0.68674
0.6880299999999999
0.6860100000000001
0.6860299999999999
0.6864399999999997
0.6905300000000001
0.6898199999999995
0.6893300000000001
0.6873299999999999
0.68816
0.68814
0.6892500000000003
0.69033
0.69065
0.6892999999999998
0.6883
0.68541
0.68566
0.68615
0.6857500000000002
0.6870099999999999
0.6885300000000001
0.6897899999999997
0.6877999999999996
0.6866499999999998
0.6869799999999999
0.6863799999999997
0.6876899999999999
0.6882400000000003
0.6896999999999999
0.68844
0.68836
0.6890599999999997
0.6894100000000001
0.6903000000000005
0.6890500000000003
0.68892
0.68743
0.6885600000000001
0.6889699999999999
0.6908500000000001
0.69013
0.69369
0.6939099999999999
0.6921300000000002
0.6934
0.6921199999999997
0.69033
0.6902099999999998
0.6894800000000005
0.6889300000000002
0.6892699999999999
0.6888999999999998
0.6893800000000003
0.6895500000000001
0.6885299999999998
0.68817
0.6905099999999998
0.6908000000000003
0.69113
0.6904299999999999
0.6901899999999997
0.68989
0.6887899999999998
0.6891799999999999
0.6897900000000002
0.6890699999999998
0.6899399999999997
0.6892299999999996
0.6888799999999999
0.6881400000000001
0.68688
0.6885799999999999
0.6889699999999997
0.6890100000000002
0.6858399999999998
0.6876599999999999
0.6869800000000003
0.6876400000000003
0.6882500000000001
0.6856300000000001
0.6872800000000001
0.68747
0.6902999999999999
0.6901900000000001
0.6887199999999999
0.68903
0.6906399999999999
0.6897899999999999
0.6901199999999997
0.6892800000000001
0.6878000000000002
0.6871400000000001
0.6864199999999999
0.6864599999999998
0.6865800000000003
0.68908
0.6884299999999999
0.6870500000000002
0.6886000000000001
0.6880700000000001
0.6877
0.68641
0.6884000000000001
0.6881099999999999
0.6881099999999999
0.6876200000000001
0.6884400000000003
0.68924
0.6904600000000002
0.6895500000000004
0.68885
0.6880299999999998
0.6885700000000001
0.6883
0.6893299999999998
0.6899400000000001
0.6899099999999998
0.68707
0.6876199999999999
0.6867099999999998
0.6872500000000001
0.6868799999999996
0.6875299999999999
0.6883999999999999
0.6881700000000004
0.68887
0.68954
0.6894600000000003
0.6895599999999998
0.6903099999999998
0.6877700000000003
0.6873900000000001
0.6861700000000002
0.6869299999999999
0.68861
0.68709
0.6893300000000001
0.6887700000000002
0.6888799999999997
0.6869500000000001
0.6879699999999999
0.6878300000000003
0.6887400000000001
0.688
0.6897999999999999
0.68832
0.6892099999999999
0.68946
0.6907099999999999
0.6897399999999998
0.6906599999999998
0.6903599999999999
0.6894399999999996
0.6913999999999999
0.6901700000000005
0.6910300000000003
0.6922099999999998
0.6919500000000004
0.69182
0.6933300000000004
0.6926799999999999
0.69353
0.6930099999999999
0.6920500000000002
0.6920899999999999
0.6925000000000001
0.6927600000000003
0.69318
0.6922999999999999
0.69005
0.6902300000000003
0.69054
0.6879400000000001
0.6880600000000001
0.6894100000000003
0.6887500000000002
0.68985
0.6898899999999999
0.69119
0.6899000000000001
0.6888
0.6892299999999996
0.6888200000000001
0.6870500000000002
0.68646
0.6884599999999998
0.68581
0.6868199999999999
0.6872699999999999
0.68683
0.6873000000000001
0.68868
0.6892999999999999
0.6893399999999997
0.6900899999999999
0.6882900000000001
0.6902299999999998
0.6899999999999998
0.68982
0.6866699999999998
0.6878000000000002
0.68893
0.68817
0.6896999999999999
0.6894300000000001
0.68885
0.6912300000000005
0.6894700000000001
0.6905
0.6905499999999998
0.6900499999999998
0.68971
0.6902100000000003
0.6896199999999998
0.69217
0.6905600000000001
0.6913999999999997
0.6917099999999999
0.6910100000000005
0.6897399999999998
0.68908
0.6881500000000004
0.6887800000000004
0.6909899999999999
0.6914700000000003
0.6900800000000001
0.6887099999999997
0.6897299999999998
0.6881099999999999
0.6873299999999999
0.6873699999999998
0.6869299999999998
0.68553
0.68674
0.68643
0.6867199999999997
0.6856800000000001
0.6847900000000001
0.6866099999999998
0.68841
0.6871
0.6876699999999998
0.6879399999999994
0.6875899999999998
0.6884700000000002
0.6883199999999999
0.6899500000000002
0.6901400000000001
0.6916400000000001
0.6898499999999999
0.6887800000000002
0.6874500000000002
0.6884
0.6882
0.6861200000000004
0.6868900000000001
0.6875700000000002
0.6858000000000001
0.6863599999999999
0.68761
0.6876699999999998
0.68756
0.6889300000000002
0.68905
0.6909799999999998
0.6899799999999999
0.69014
0.69092
0.6923
0.6925299999999999
0.6901699999999998
0.6902900000000003
0.6906700000000001
0.6891700000000003
0.6902599999999999
0.6884599999999995
0.6881700000000001
0.6890900000000001
0.6898199999999997
0.6902499999999999
0.68927
0.6886199999999999
0.6896100000000002
0.6872399999999999
0.6865999999999995
0.6885899999999998
0.6871899999999992
0.6888
0.6889100000000002
0.6882599999999996
0.6899
0.6888799999999999
0.6891000000000002
0.6911099999999998
0.6909400000000001
0.6894699999999999
0.6883499999999999
0.6895100000000001
0.68864
0.68676
0.6874999999999999
0.6877200000000001
0.6894899999999999
0.6896800000000001
0.6900899999999999
0.6889299999999997
0.6899999999999998
0.6889899999999999
0.68903
0.6885999999999997
0.6860199999999997
0.6879100000000002
0.6866199999999999
0.6865799999999997
0.68878
0.6902200000000002
0.6889600000000001
0.68739
0.6868800000000002
0.6868199999999998
0.6876200000000001
0.6879700000000001
0.6877499999999999
0.6854899999999999
0.6844799999999998
0.6852100000000001
0.6855800000000001
0.68584
0.6876399999999999
0.6872500000000004
0.6866599999999998
0.6864599999999998
0.6862800000000003
0.6871600000000001
0.68889
0.6899599999999997
0.6913700000000002
0.6911999999999999
0.6914799999999999
0.6905599999999998
0.6911500000000003
0.6911300000000002
0.69104
0.68942
0.69023
0.6912899999999995
0.6905200000000002
0.6907400000000001
0.68889
0.6891400000000005
0.6893499999999999
0.6907700000000002
0.6888299999999999
0.68982
0.6881400000000002
0.6884600000000001
0.6913400000000002
0.6917100000000002
0.6880900000000004
0.6887099999999999
0.6887099999999998
0.6882600000000001
0.6893100000000001
0.6913199999999995
0.6915800000000003
0.6902600000000001
0.6906500000000001
0.6895500000000001
0.6896799999999998
0.6894500000000001
0.6885999999999997
0.6891799999999999
0.6892099999999997
0.68814
0.6878500000000001
0.6883599999999999
0.68889
0.6877800000000002
0.6878299999999998
0.6875199999999999
0.6875300000000002
0.6880200000000005
0.6868799999999997
0.6874000000000001
0.6862500000000001
0.6884699999999997
0.6884399999999996
0.6889399999999999
0.6890099999999997
0.6865800000000002
0.6869199999999998
0.6859599999999996
0.6863400000000002
0.6872099999999998
0.6882699999999998
0.6904299999999999
0.68844
0.6874100000000002
0.68694
0.6873500000000002
0.6878000000000002
0.6898799999999997
0.6902799999999999
0.69115
0.6895600000000002
0.6895599999999997
0.6902799999999999
0.6919899999999999
0.6904999999999998
0.6901999999999998
0.6878400000000002
0.68731
0.6873500000000001
0.6866800000000001
0.6866
0.68747
0.6880899999999999
0.6885299999999998
0.6904
0.69112
0.6917599999999999
0.6897999999999997
0.6910200000000001
0.6905199999999997
0.6903899999999998
0.69241
0.6909499999999998
0.6892000000000001
0.6890299999999998
0.6872599999999994
0.6863100000000004
0.6875300000000002
0.6866500000000003
0.6853699999999999
0.6848000000000003
0.68644
0.6869600000000001
0.6882899999999998
0.6869899999999999
0.68779
0.68825
0.6876099999999999
0.6871599999999998
0.68613
0.6859200000000001
0.6880300000000003
0.68604
0.68744
0.6868000000000001
0.68699
0.6868
0.6874999999999999
0.6886099999999999
0.6890799999999999
0.6879799999999997
0.6870600000000003
0.6872400000000001
0.6879799999999999
0.6877000000000001
0.6887700000000001
0.6898300000000002
0.6876999999999996
0.6864799999999999
0.6868299999999999
0.6858700000000003
0.6851099999999997
0.6843099999999999
0.6853699999999998
0.6870199999999997
0.6876999999999999
0.6869300000000002
0.6874100000000002
0.69014
0.6902999999999997
0.6892800000000001
0.68997
0.6893799999999999
0.6893999999999997
0.6881099999999997
0.6900800000000002
0.6886900000000001
0.6881899999999999
0.6880900000000001
0.6892100000000003
0.68999
0.6892099999999999
0.6890099999999996
0.6903700000000002
0.6907800000000002
0.6903200000000002
0.6897399999999998
0.6911200000000001
0.6907799999999998
0.6914599999999997
0.6897399999999996
0.6890900000000001
0.68959
0.6912000000000001
0.68946
0.6890999999999999
0.6883299999999997
0.6904399999999999
0.69014
0.69012
0.6899199999999999
0.6877200000000003
0.6884699999999999
0.68804
0.68808
0.6862699999999999
0.68589
0.6867600000000003
0.6847699999999997
0.6857500000000001
0.6853400000000002
0.6859400000000002
0.6865199999999999
0.6860599999999998
0.6872799999999998
0.68785
0.6877100000000002
0.6890599999999999
0.6881900000000003
0.6864500000000003
0.6876300000000001
0.6876199999999999
0.68888
0.6865799999999999
0.6885100000000002
0.69001
0.68791
0.6908400000000001
0.6886600000000002
0.6886
0.68924
0.6881800000000001
0.6873699999999998
0.6883099999999999
0.68688
0.6865899999999999
0.6865899999999999
0.6873200000000002
0.6883500000000004
0.6885300000000001
0.6886600000000002
0.6888799999999997
0.68928
0.68771
0.68884
0.6884699999999998
0.69093
0.6917299999999998
0.6910499999999999
0.6922600000000001
0.6908800000000003
0.68935
0.6881900000000001
0.6858499999999998
0.68722
0.6880599999999997
0.6897100000000003
0.69069
0.6906799999999997
0.6897399999999999
0.6894100000000001
0.6886100000000002
0.68751
0.6870800000000001
0.68877
0.6888999999999998
0.6891400000000003
0.6876700000000002
0.6885400000000004
0.6899899999999998
0.6886299999999997
0.68837
0.6879999999999997
0.68756
0.69005
0.6880300000000003
0.6891200000000001
0.68884
0.6891600000000001
0.6888000000000001
0.68729
0.6869799999999999
0.6861499999999999
0.6871800000000001
0.68711
0.68636
0.6884299999999999
0.69028
0.68889
0.6881099999999998
0.6869000000000001
0.68671
0.68687
0.6868599999999999
0.6878199999999999
0.6866800000000001
0.6855999999999999
0.6861600000000001
0.6861099999999999
0.68621
0.6882200000000003
0.6885100000000003
0.68863
0.6887699999999997
0.6887300000000002
0.6873699999999999
0.6859800000000001
0.6857400000000001
0.68656
0.6868399999999997
0.6874700000000002
0.6894899999999999
0.6899400000000004
0.6889699999999999
0.6873999999999999
0.6885799999999997
0.6871900000000001
0.6891100000000001
0.6891699999999998
0.6907599999999999
0.6918899999999998
0.69121
0.6884999999999999
0.6901700000000001
0.68721
0.6885800000000001
0.6890700000000001
0.6876399999999999
0.6888699999999998
0.6892
0.68982
0.6882400000000001
0.6876599999999999
0.68726
0.6863099999999999
0.6880399999999999
0.6888799999999997
0.69089
0.6912400000000002
0.6903400000000001
0.6896399999999997
0.6888799999999997
0.6893200000000003
0.6885900000000003
0.6889499999999998
0.6875599999999997
0.6884000000000001
0.68608
0.6879500000000001
0.6878399999999999
0.6886299999999997
0.6893199999999999
0.6901199999999997
0.6909099999999995
0.69285
0.6907400000000001
0.6899899999999997
0.6916500000000002
0.6901899999999996
0.69148
0.6903100000000002
0.69113
0.68979
0.6885799999999996
0.6880400000000002
0.6886699999999998
0.69027
0.68927
0.6885499999999999
0.6879300000000004
0.6872600000000001
0.68659
0.6870000000000002
0.6877500000000002
0.6878200000000001
0.6897100000000002
0.6899400000000006
0.6888600000000001
0.6903200000000003
0.6895299999999998
0.6899999999999998
0.68997
0.68893
0.6898000000000001
0.68797
0.6883800000000003
0.6891399999999999
0.6892499999999998
0.6880200000000001
0.6891900000000003
0.6884700000000002
0.6887299999999996
0.6877000000000002
0.6893199999999999
0.6900700000000002
0.6901899999999997
0.6910600000000001
0.6901100000000002
0.6886499999999998
0.6877200000000002
0.6878999999999997
0.6891599999999997
0.6902499999999998
0.6900600000000001
0.6880099999999999
0.6887799999999998
0.6890900000000001
0.6881900000000001
0.6884900000000002
0.6892400000000002
0.69009
0.6889999999999996
0.6891999999999999
0.68913
0.6890799999999996
0.6885899999999999
0.6884900000000002
0.6898399999999999
0.6895900000000001
0.6885699999999999
0.6881899999999997
0.6881299999999996
0.6889300000000003
0.6884499999999999
0.6879499999999997
0.6865500000000001
0.6872199999999998
0.6874799999999999
0.6882900000000001
0.6882300000000001
0.6892500000000003
0.68878
0.6886800000000002
0.6879900000000003
0.6891100000000003
0.68978
0.68938
0.6900400000000003
0.6900399999999999
0.6907000000000003
0.6885400000000004
0.6893800000000004
0.6878200000000001
0.68976
0.6889800000000001
0.6911400000000001
0.6918599999999997
0.6907100000000003
0.68973
0.6894300000000001
0.6910000000000001
0.6925800000000002
0.6923999999999996
0.6906200000000002
0.69028
0.6896100000000002
0.6885300000000001
0.6895399999999996
0.6883399999999996
0.6892999999999998
0.6876000000000001
0.6893499999999999
0.6892899999999998
0.6907300000000001
0.69007
0.69112
0.6903799999999998
0.6903200000000003
0.68962
0.68971
0.6891099999999999
0.6890100000000001
0.6885600000000003
0.6907000000000002
0.6895700000000001
0.68861
0.6868700000000003
0.6875800000000001
0.68742
0.6887000000000001
0.6895700000000002
0.68959
0.6892199999999999
0.6887000000000004
0.6869700000000001
0.68895
0.6889599999999997
0.6891699999999998
0.6892600000000002
0.68987
0.6898400000000001
0.6874099999999997
0.68733
0.6889200000000002
0.6891299999999998
0.6904200000000005
0.6886000000000001
0.6892900000000002
0.69005
0.6887400000000002
0.68994
0.6906200000000002
0.6902700000000002
0.68893
0.6892900000000002
0.6903299999999999
0.6903799999999998
0.6903000000000001
0.6881799999999997
0.688
0.68813
0.6875699999999999
0.6881400000000001
0.6888900000000001
0.6892
0.6883099999999999
0.6899400000000003
0.6902799999999999
0.6897300000000002
0.68988
0.6909400000000001
0.6898700000000001
0.6900199999999996
0.6884799999999999
0.6907200000000004
0.6909900000000002
0.6918400000000001
0.69395
0.6942399999999997
0.6950799999999999
0.6923400000000001
0.6919100000000005
0.6920599999999999
0.6909799999999997
0.6901100000000001
0.6890899999999999
0.6898599999999998
0.6903800000000001
0.6905400000000002
0.6901600000000002
0.6888200000000003
0.6884100000000001
0.6877899999999998
0.6886599999999997
0.68896
0.6901099999999997
0.6884000000000001
0.68842
0.6886499999999994
0.6889899999999999
0.6908100000000001
0.6892899999999998
0.68943
0.6907899999999999
0.69121
0.6921499999999999
0.6901999999999997
0.68919
0.68889
0.6900299999999996
0.6883400000000003
0.6879899999999999
0.6884399999999998
0.6881199999999998
0.6872399999999995
0.68727
0.6894399999999998
0.68873
0.6881900000000003
0.68904
0.6893300000000002
0.6911200000000002
0.6899199999999999
0.6905100000000002
0.69012
0.6890400000000001
0.68784
0.6883
0.6890799999999997
0.6906200000000002
0.6916999999999999
0.6909299999999999
0.6895700000000001
0.6891200000000001
0.6890699999999998
0.6902499999999999
0.6922999999999999
0.6911300000000001
0.69065
0.69069
0.6885899999999999
0.6898099999999999
0.6895700000000002
0.6905100000000001
0.69048
0.6899199999999996
0.6905600000000003
0.6888599999999999
0.6894799999999995
0.6916100000000001
0.6896900000000002
0.68903
0.6884200000000001
0.6872400000000001
0.6869299999999999
0.6875200000000001
0.6887000000000001
0.6870099999999999
0.6870499999999998
0.6881800000000001
