0.19999999999999962
0.6523300000000003
0.9200000000000004
0.9079800000000007
0.9074900000000002
0.9083000000000001
0.9098300000000004
0.9082500000000002
0.9073400000000005
0.9065300000000005
0.9092899999999999
0.9086000000000003
0.9074800000000007
0.9074599999999999
0.9081400000000002
0.9075000000000004
0.9070500000000002
0.9074900000000002
0.9093000000000001
0.9077500000000002
0.9088200000000007
0.9059500000000001
0.9083200000000005
0.9088000000000004
0.9083100000000007
0.9081899999999998
0.9082100000000005
0.9066800000000004
0.9064500000000004
0.9090300000000004
0.9067000000000002
0.9077500000000001
0.9092100000000005
0.9083600000000007
0.9087400000000003
0.9083000000000004
0.9091100000000003
0.9073400000000007
0.9088100000000001
0.9077200000000006
0.9075200000000002
0.9095700000000003
0.907830000000001
0.9107200000000004
0.9067300000000001
0.9072800000000004
0.90819
0.9073300000000006
0.9108200000000001
0.9056800000000007
0.9068000000000004
0.9073700000000008
0.9080800000000002
0.9068800000000005
0.9078500000000003
0.9096200000000003
0.9077000000000001
0.90983
0.9077200000000001
0.9075300000000003
0.9094800000000005
0.9074800000000007
0.90932
0.9084900000000001
0.90836
0.9079200000000003
0.9082000000000003
0.9083199999999999
0.9073900000000005
0.90835
0.9088000000000005
0.9082200000000004
0.9064600000000003
0.9108900000000005
0.9071000000000004
0.9074000000000007
0.9079000000000006
0.9094700000000008
0.9080000000000009
0.9081000000000005
0.9078300000000001
0.9065800000000006
0.91032
0.9079300000000003
0.90845
0.9077000000000005
0.9078500000000004
0.9078700000000005
0.9071000000000002
0.9089700000000001
0.9086700000000003
0.9088600000000006
0.9059799999999997
0.9067400000000005
0.9080900000000003
0.9062300000000001
0.9090100000000004
0.9085700000000004
0.9072000000000005
0.9085000000000006
0.9073900000000004
0.9085100000000008
0.9084300000000003
0.9088900000000005
0.9068100000000004
0.9080800000000004
0.9072800000000006
0.9063900000000004
0.9070400000000005
0.9082300000000006
0.9074199999999999
0.90685
0.9071400000000004
0.9083000000000006
0.9081500000000008
0.9074500000000002
0.9072800000000005
0.9084400000000004
0.9082400000000006
0.9072800000000001
0.9091500000000005
0.9076900000000001
0.9062000000000003
0.9091500000000003
0.9091000000000002
0.90817
0.9085500000000002
0.9081100000000002
0.9079100000000004
0.9061500000000006
0.9074300000000005
0.9091800000000005
0.9067800000000007
0.907500000000001
0.9086000000000004
0.9075700000000003
0.9069600000000002
0.9084000000000007
0.9068600000000004
0.9084400000000004
0.90821
0.9069800000000003
0.9068200000000008
0.9069300000000001
0.9074600000000005
0.9075600000000007
0.9078100000000003
0.9078200000000005
0.9066400000000001
0.9080000000000007
0.9068800000000006
0.9097500000000001
0.9077200000000005
0.9084300000000003
0.90759
0.9076700000000005
0.9085400000000001
0.9075400000000002
0.9070500000000006
0.9077300000000005
0.9081100000000005
0.9077600000000001
0.9064700000000002
0.9070500000000004
0.9086300000000003
0.9078199999999998
0.9085400000000001
0.9079100000000005
0.9086900000000004
0.9094500000000002
0.9069500000000004
0.9072400000000003
0.9094200000000002
0.9084099999999999
0.9088300000000002
0.9064600000000005
0.9088600000000001
0.9064400000000004
0.9066200000000001
0.9080000000000001
0.9075200000000001
0.9078500000000004
0.9060900000000001
0.9086000000000003
0.9071000000000007
0.9084099999999999
0.90822
0.90754
0.9082200000000007
0.9085000000000002
0.9071500000000006
0.9074500000000008
0.9072200000000004
0.9065100000000007
0.9081599999999999
0.9073200000000005
0.9084300000000006
0.9096200000000002
0.9082500000000004
0.9070500000000004
0.90712
0.9082100000000001
0.9084899999999999
0.9087200000000003
0.9069800000000003
0.9078100000000004
0.9072000000000005
0.9078400000000006
0.9084600000000003
0.9086899999999999
0.9085500000000007
0.9065400000000006
0.9089900000000004
0.9083400000000007
0.9081200000000001
0.9079000000000005
0.9086100000000001
0.9078200000000001
0.9075500000000005
0.9084000000000007
0.9093300000000002
0.91006
0.9065300000000007
0.9087700000000004
0.90642
0.9082799999999999
0.9101500000000002
0.9089500000000003
0.9074500000000001
0.9075800000000004
0.9084800000000003
0.9079200000000008
0.9073800000000002
0.9082700000000001
0.9082100000000003
0.9067100000000005
0.9068299999999999
0.9057100000000001
0.9083199999999999
0.9069800000000005
0.9068900000000002
0.9084900000000005
0.9064900000000006
0.9067300000000005
0.9087600000000003
0.9068800000000004
0.9067300000000006
0.9095700000000003
0.9091399999999998
0.9095200000000004
0.9080400000000002
0.9073900000000005
0.9082600000000002
0.9058900000000005
0.9080200000000002
0.9083400000000001
0.9090000000000005
0.9071900000000003
0.9097700000000003
0.9078500000000004
0.90641
0.9071600000000002
0.90789
0.9073300000000004
0.9077500000000005
0.9076700000000006
0.9080500000000009
0.9077500000000001
0.9070500000000007
0.9075500000000005
0.9082300000000006
0.9081
0.9087500000000003
0.90738
0.9077000000000004
0.90793
0.9083300000000001
0.9087000000000003
0.9081800000000007
0.9067900000000003
0.9084000000000004
0.9085000000000004
0.9083000000000002
0.90724
0.9095600000000004
0.9069100000000004
0.9067200000000003
0.9081300000000002
0.9089600000000004
0.9066600000000007
0.9059900000000005
0.9091800000000002
0.9095100000000003
0.9083900000000003
0.9082500000000004
0.9072300000000004
0.9084700000000003
0.9076700000000001
0.9064800000000001
0.9083700000000005
0.9071600000000001
0.9088800000000005
0.9075200000000003
0.90849
0.9093400000000004
0.9067799999999999
0.9087700000000004
0.9083499999999998
0.9083600000000004
0.9080100000000002
0.9077000000000001
0.9078799999999996
0.9074400000000006
0.9081400000000008
0.9083600000000005
0.9079700000000003
0.9070800000000007
0.9067600000000001
0.9072700000000001
0.9059000000000005
0.9082000000000009
0.9079100000000004
0.9081100000000002
0.9071500000000005
0.9082300000000003
0.9087200000000003
0.9089600000000004
0.9084300000000003
0.9087500000000004
0.9064300000000003
0.9067800000000001
0.9088899999999999
0.9059800000000005
0.9086100000000006
0.9093800000000002
0.9076700000000001
0.9078900000000003
0.9094200000000003
0.9063400000000001
0.9067100000000002
0.9070300000000004
0.9073000000000007
0.9096600000000001
0.9095700000000009
0.9090600000000002
0.9076900000000003
0.9061600000000005
0.9092400000000006
0.9076100000000007
0.9067500000000008
0.9068199999999998
0.9073500000000007
0.9092200000000003
0.9077700000000004
0.9085500000000006
0.90857
0.9073
0.9075700000000007
0.9073100000000004
0.9080400000000006
0.9075800000000004
0.9086500000000004
0.9085000000000002
0.9086700000000001
0.9094200000000005
0.9072000000000007
0.9075500000000006
0.9066100000000001
0.90839
0.90828
0.9079600000000005
0.9075900000000007
0.9087600000000005
0.9096800000000005
0.9055700000000002
0.9073200000000001
0.9049700000000002
0.9074100000000004
0.90703
0.9065000000000005
0.9092700000000007
0.9083600000000004
0.9080700000000002
0.9060700000000003
0.9079100000000004
0.9091400000000002
0.9063700000000001
0.9089399999999999
0.9071400000000003
0.90956
0.9064800000000005
0.9067000000000002
0.9076699999999999
0.908230000000001
0.9078100000000007
0.9067400000000003
0.9069600000000002
0.9082600000000005
0.90846
0.9078100000000003
0.9083800000000002
0.9085900000000003
0.9077100000000001
0.9073700000000002
0.9073200000000005
0.90869
0.9072700000000001
0.9059000000000006
0.9080700000000006
0.9089200000000001
0.9069100000000004
0.9089700000000004
0.90679
0.9090900000000004
0.9080000000000004
0.9079599999999999
0.9066900000000002
0.9071800000000004
0.9082700000000007
0.9076800000000008
0.9079000000000004
0.9075100000000004
0.9084200000000001
0.9089400000000001
0.9076700000000002
0.9084400000000005
0.9090400000000005
0.9063800000000002
0.9085600000000004
0.9071800000000007
0.9082400000000004
0.90671
0.90848
0.9072500000000008
0.9089600000000001
0.9064100000000005
0.9089900000000004
0.9087500000000002
0.9063600000000005
0.9090700000000005
0.9077500000000006
0.9072400000000005
0.9065800000000002
0.9081700000000003
0.9091500000000002
0.9080500000000004
0.9086900000000001
0.9065099999999998
0.9074300000000002
0.9085700000000001
0.90683
0.9064
0.9078300000000002
0.9093500000000002
0.9078100000000004
0.9084000000000003
0.9057000000000002
0.9082800000000008
0.9086900000000003
0.9074500000000003
0.9081800000000004
0.9060700000000004
0.9085500000000003
0.9080500000000008
0.9078200000000008
0.9081700000000008
0.9088200000000003
0.9072900000000003
0.9072800000000001
0.9076799999999998
0.9082700000000001
0.9074100000000006
0.9078000000000003
0.9076
0.9073100000000004
0.9083600000000005
0.9069400000000003
0.9091700000000005
0.9073000000000003
0.9079200000000003
0.9078800000000001
0.9076900000000004
0.9091100000000003
0.9066600000000004
0.9092000000000005
0.9074600000000005
0.9080000000000006
0.9074400000000006
0.9076900000000003
0.9082399999999998
0.9070600000000002
0.9089700000000005
0.9052100000000003
0.9085800000000002
0.9074500000000004
0.9077100000000005
0.9081300000000004
0.9084800000000002
0.90744
0.9089700000000002
0.9076200000000001
0.90764
0.9063000000000001
0.9085400000000006
0.9083200000000008
0.9089200000000008
0.9080800000000002
0.9068200000000001
0.9064800000000004
0.9074100000000006
0.9095100000000005
0.9081800000000007
0.9075799999999999
0.9080700000000007
0.9072100000000001
0.9085400000000002
0.9070100000000001
0.9075900000000006
0.9076800000000002
0.9071300000000001
0.9078900000000004
0.9078900000000004
0.9074400000000005
0.9087600000000003
0.9067999999999999
0.9089400000000007
0.9073700000000001
0.9084500000000005
0.9068500000000003
0.9069600000000005
0.9072500000000001
0.9082400000000004
0.9081600000000002
0.90788
0.9083300000000003
0.9072800000000004
0.9069500000000004
0.9086100000000004
0.9079000000000005
0.9079600000000007
0.9084399999999998
0.9066600000000006
0.9055000000000005
0.9099400000000007
0.9074800000000002
0.9084500000000004
0.9091800000000001
0.9081200000000006
0.9079300000000005
0.9094800000000005
0.9094400000000007
0.9080499999999999
0.9077700000000002
0.9072300000000003
0.9076600000000004
0.9094100000000002
0.9077800000000006
0.9078900000000003
0.9083300000000001
0.9066900000000001
0.9063900000000003
0.9072200000000004
0.9081500000000007
0.9064700000000001
0.9059700000000006
0.9089300000000005
0.9063900000000008
0.9093800000000001
0.9081200000000006
0.9086700000000002
0.9075900000000005
0.9068500000000005
0.9060100000000005
0.9103300000000003
0.9066400000000003
0.9066300000000005
0.9082000000000012
0.9068200000000008
0.9077700000000006
0.9075400000000002
0.9090200000000004
0.9062300000000003
0.9071000000000008
0.9071200000000006
0.9073600000000002
0.90664
0.9082500000000003
0.9073700000000002
0.9074300000000005
0.9065500000000007
0.90912
0.9076300000000009
0.9077700000000007
0.9065400000000006
0.9057600000000009
0.9090600000000005
0.9091300000000007
0.9076100000000007
0.9078700000000006
0.9069300000000005
0.9072500000000002
0.9085900000000006
0.9096600000000001
0.9094800000000001
0.9076000000000005
0.9076100000000005
0.9076900000000004
0.9079300000000007
0.9089000000000003
0.9072600000000003
0.90777
0.9092700000000005
0.90814
0.9085200000000004
0.9081000000000005
0.9068200000000002
0.9080700000000005
0.9075400000000008
0.9064500000000004
0.9083300000000004
0.9072300000000005
0.9083200000000003
0.9056900000000004
0.9070500000000002
0.9093700000000002
0.9071800000000002
0.9073000000000003
0.9087300000000005
0.9083000000000004
0.9077599999999998
0.9084500000000004
0.9096800000000005
0.9081000000000004
0.9093700000000005
0.9085199999999999
0.9080199999999996
0.90744
0.907
0.9086700000000003
0.9090100000000002
0.9094900000000001
0.9071600000000006
0.9079800000000001
0.9082000000000002
0.9070000000000004
0.9086700000000008
0.9071900000000006
0.9091100000000004
0.9089000000000003
0.9072100000000007
0.9069200000000005
0.9071100000000001
0.9078900000000004
0.9087000000000002
0.9070600000000004
0.9082000000000003
0.9079400000000003
0.9079200000000007
0.9078500000000002
0.9071400000000002
0.9059900000000002
0.9085300000000008
0.9068700000000003
0.9078600000000001
0.9088200000000006
0.9100000000000005
0.9084400000000005
0.9095100000000006
0.9076600000000005
0.9091500000000005
0.90841
0.9072400000000002
0.9064700000000004
0.9063699999999999
0.9091300000000004
0.9079600000000002
0.90791
0.9089700000000006
0.9073900000000004
0.90836
0.9063600000000003
0.9092000000000007
0.9087800000000007
0.9080200000000002
0.9095600000000005
0.9062400000000004
0.909090000000001
0.9091200000000005
0.9054500000000008
0.9070200000000006
0.9066400000000004
0.9080600000000005
0.9083900000000001
0.9084100000000003
0.9092600000000006
0.9076500000000002
0.9089200000000001
0.9102400000000004
0.9071300000000003
0.90665
0.9084700000000006
0.9069300000000006
0.9085400000000002
0.9066900000000001
0.9085900000000001
0.9067800000000003
0.9078900000000005
0.9081300000000008
0.9085800000000005
0.9077200000000001
0.9065700000000004
0.9082700000000008
0.9091200000000002
0.9084100000000003
0.9066700000000004
0.9085800000000003
0.9065500000000007
0.9074900000000004
0.9072100000000001
0.9076600000000002
0.9066400000000004
0.9078
0.9078500000000003
0.90624
0.9082600000000004
0.90692
0.9084500000000004
0.9078500000000007
0.9060600000000001
0.9083300000000007
0.9082200000000001
0.9081800000000007
0.9082600000000005
0.90869
0.9077900000000008
0.90848
0.9073300000000006
0.90735
0.9063799999999997
0.9087500000000003
0.9063900000000001
0.9078300000000002
0.9088100000000003
0.9084600000000005
0.9078700000000005
0.9083100000000003
0.9076000000000007
0.9101900000000004
0.9087200000000003
0.9075900000000005
0.9081600000000001
0.9070100000000005
0.9088200000000003
0.9085100000000003
0.907620000000001
0.9078000000000004
0.90858
0.9074700000000003
0.9077000000000003
0.9079400000000006
0.9066200000000001
0.9099500000000001
0.9085500000000007
0.9082200000000007
0.9098600000000004
0.9067200000000005
0.9080900000000001
0.9074500000000003
0.90668
0.9066000000000001
0.9085500000000006
0.9071600000000007
0.9076100000000008
0.9076500000000007
0.9091500000000003
0.9076400000000003
0.9068100000000004
0.9077100000000002
0.9081900000000003
0.9074000000000005
0.9075699999999999
0.9081700000000003
0.9069999999999999
0.9078300000000006
0.9070700000000006
0.9091400000000003
0.9074400000000006
0.9083500000000002
0.9071000000000005
0.9075100000000004
0.9077400000000001
0.9079400000000001
0.9090400000000003
0.9079100000000001
0.9073400000000004
0.9083200000000003
0.9063599999999999
0.9088500000000006
0.9071900000000004
0.9073900000000001
0.9086100000000006
0.9080400000000003
0.9074800000000005
0.9092200000000003
0.9075900000000006
0.9076400000000003
0.9073700000000002
0.9076000000000002
0.9075200000000005
0.9076500000000002
0.9066200000000003
0.9080300000000002
0.9059300000000009
0.9056500000000004
0.9083800000000006
0.9087000000000003
0.9073599999999999
0.9082700000000002
0.9069000000000007
0.9095200000000001
0.9070100000000005
0.9097499999999998
0.9074600000000005
0.9079100000000004
0.9089400000000006
0.9083300000000004
0.90776
0.9096700000000003
0.9055500000000005
0.9077300000000005
0.9078699999999997
0.9080100000000005
0.9064700000000001
0.90856
0.9065500000000006
0.9079000000000004
0.9071700000000003
0.9081700000000006
0.9083400000000009
0.9073000000000002
0.9069500000000004
0.9076400000000006
0.9071100000000005
0.9079600000000005
0.9077200000000005
0.9084100000000005
0.9067500000000004
0.9083000000000002
0.9046000000000004
0.9082700000000008
0.9075400000000006
0.90684
0.9085300000000004
0.9082800000000002
0.9070600000000002
0.9073100000000001
0.9071900000000003
0.9079000000000005
0.9068000000000004
0.9066999999999998
0.9082500000000006
0.9082500000000002
0.9102400000000003
0.9070300000000002
0.9081500000000007
0.9097800000000003
0.9079200000000001
0.9083500000000001
0.9076100000000005
0.9085300000000001
0.9073700000000003
0.9063700000000005
0.9089700000000002
0.9065000000000002
0.9074900000000004
0.9083700000000003
0.9075300000000004
0.9070100000000003
0.90751
0.9087900000000002
0.9101500000000002
0.9072000000000002
0.9076300000000005
0.9074400000000006
0.9073500000000004
0.9069700000000006
0.9069100000000003
0.90854
0.9086100000000006
0.9080200000000004
0.9078400000000005
0.9085000000000008
0.9075899999999999
0.9085599999999999
0.908070000000001
0.9072400000000002
0.9074400000000007
0.9069100000000003
0.9067400000000001
0.9086300000000003
0.9070300000000002
0.9082700000000002
0.9071500000000005
0.9084700000000007
0.9088900000000005
0.9078900000000002
0.9085100000000004
0.9064100000000006
0.9090300000000003
0.9080500000000002
0.9082100000000007
0.9078700000000004
0.9083500000000003
0.9085400000000001
0.90815
0.9078200000000001
0.9076000000000005
0.9078100000000002
0.9082700000000004
0.9082600000000006
0.9066500000000004
0.90851
0.9068300000000008
0.9073800000000002
0.9072500000000003
0.9081100000000003
0.9080700000000008
0.9063900000000003
0.9084000000000007
0.9062600000000002
0.9079000000000002
0.9086300000000003
0.9096200000000002
0.9078
0.9079100000000002
0.9075600000000007
0.90904
0.9081800000000004
0.9082400000000002
0.9078100000000003
0.9079700000000004
0.9074500000000004
0.9079800000000009
0.9070800000000001
0.9090600000000003
0.9092700000000002
0.9073500000000005
0.9091200000000002
0.90815
0.9076500000000003
0.9080100000000008
0.9085900000000002
0.9090000000000005
0.9079900000000003
0.907520000000001
0.9081600000000003
0.9076300000000004
0.9092200000000003
0.9082399999999999
0.9072900000000004
0.9082300000000002
0.907030000000001
0.9082700000000006
0.9083800000000006
0.9075900000000001
0.9082500000000002
0.9073200000000007
0.9087000000000001
0.9070600000000004
0.9074300000000001
0.9076300000000004
0.9072099999999998
0.9093299999999996
0.9056000000000002
0.9095
0.9078300000000007
0.9080800000000008
0.9071900000000006
0.9087600000000002
0.90675
0.90911
0.9083200000000008
0.9087800000000005
0.9075500000000009
0.9072300000000001
0.9075600000000005
0.9073800000000003
0.9065000000000001
0.9082900000000003
0.9082900000000004
0.9074500000000002
0.9105600000000001
0.9072400000000005
0.9063500000000004
0.90837
0.9085400000000002
0.9075300000000007
0.9075500000000002
0.9069600000000004
0.9077300000000003
