0.19999999999999962
0.3152
0.4741700000000002
0.6077399999999998
0.69761
0.75338
0.78451
0.8033300000000004
0.8122
0.8178699999999998
0.8202199999999996
0.8216999999999995
0.8215200000000001
0.8234199999999998
0.8237199999999997
0.8238499999999997
0.8236099999999997
0.8236200000000001
0.8235399999999998
0.8231199999999997
0.8225199999999995
0.8235600000000001
0.82464
0.8228499999999996
0.8239799999999997
0.8257800000000001
0.8235900000000004
0.8228399999999997
0.8236299999999999
0.82553
0.8250699999999996
0.82494
0.8234499999999995
0.8239099999999995
0.8249699999999999
0.8233899999999998
0.8243499999999996
0.8227499999999998
0.8239899999999996
0.8235300000000002
0.8240999999999997
0.8231800000000002
0.8210999999999999
0.8216600000000001
0.8235800000000001
0.8226599999999996
0.8219499999999995
0.82342
0.8231599999999996
0.8233999999999996
0.82309
0.8233999999999991
0.8225699999999995
0.8233699999999997
0.8234999999999998
0.82172
0.82195
0.8229299999999995
0.8240500000000002
0.8245099999999997
0.8220999999999993
0.8210999999999996
0.8232899999999997
0.8247499999999998
0.82517
0.8256199999999997
0.82414
0.8217500000000001
0.8222699999999996
0.8230699999999999
0.8248400000000001
0.8239699999999999
0.8230199999999998
0.8218799999999997
0.8231599999999998
0.8224300000000001
0.8221499999999999
0.8228099999999996
0.8238499999999997
0.82597
0.8258300000000004
0.8234699999999998
0.8224000000000001
0.8236299999999995
0.8248699999999995
0.8247999999999998
0.82427
0.8253299999999999
0.82526
0.8250399999999997
0.8245299999999999
0.8237399999999998
0.8236100000000002
0.8219399999999998
0.8230099999999999
0.8217200000000002
0.8224999999999999
0.82321
0.8230399999999998
0.8220899999999997
0.82282
0.8253999999999997
0.8255099999999999
0.8237299999999995
0.8229299999999999
0.8245499999999999
0.8238100000000002
0.8236799999999999
0.8235299999999997
0.8228799999999998
0.8221899999999998
0.8221199999999996
0.8236600000000002
0.8230399999999998
0.8246700000000001
0.8243200000000002
0.8246899999999997
0.8246899999999997
0.8241399999999999
0.8257599999999998
0.8258699999999994
0.8239099999999999
0.8225699999999995
0.8229599999999999
0.8245999999999999
0.82249
0.8211799999999997
0.8228700000000003
0.8240199999999999
0.8239299999999996
0.8250499999999996
0.82441
0.8223
0.8247599999999999
0.8218699999999997
0.8245999999999998
0.8250499999999996
0.8224899999999995
0.8242499999999993
0.8234199999999996
0.8252899999999996
0.82475
0.8236200000000001
0.8234999999999997
0.82198
0.8220399999999997
0.8234299999999998
0.8239599999999996
0.8246100000000002
0.8259399999999998
0.8242600000000003
0.8242999999999999
0.8232599999999998
0.8234200000000003
0.8227799999999992
0.8217499999999999
0.8233499999999999
0.8241199999999997
0.8229200000000002
0.8246399999999998
0.8239700000000001
0.8230100000000001
0.8216399999999997
0.8231399999999996
0.8251099999999992
0.8248900000000002
0.8229799999999997
0.8228199999999996
0.8247399999999998
0.82411
0.82431
0.824929999999999
0.8245299999999998
0.8245299999999997
0.8237899999999998
0.8239599999999999
0.8215399999999998
0.8217299999999994
0.8229100000000001
0.8235799999999994
0.8238499999999999
0.8254900000000002
0.8250099999999998
0.8247300000000002
0.8246399999999997
0.8230799999999998
0.8227699999999999
0.8250199999999999
0.8237299999999997
0.8224099999999995
0.8207099999999997
0.82147
0.8247499999999998
0.8252599999999994
0.8229699999999994
0.8214099999999998
0.8217000000000003
0.8230399999999999
0.8218799999999997
0.8224899999999995
0.8223799999999997
0.8226099999999995
0.8224299999999998
0.8237199999999996
0.8260099999999996
0.8253299999999997
0.8260500000000002
0.8234300000000002
0.8240299999999996
0.8221799999999996
0.8227799999999995
0.8212400000000004
0.8217199999999997
0.82227
0.8217299999999994
0.8232600000000001
0.8244999999999999
0.8231299999999994
0.8221899999999998
0.8240100000000001
0.8232399999999999
0.8226399999999995
0.8229199999999999
0.8254299999999998
0.8255399999999998
0.8235399999999996
0.8238
0.8251200000000002
0.8227699999999999
0.8244999999999998
0.8248199999999999
0.82366
0.8223399999999998
0.8237400000000002
0.8259799999999998
0.8261999999999999
0.8270899999999998
0.8254499999999997
0.82607
0.8256399999999999
0.8238899999999998
0.8230300000000002
0.8242599999999999
0.8238199999999998
0.8240699999999994
0.8234800000000003
0.8250899999999999
0.8246499999999999
0.8228900000000003
0.82255
0.8227699999999999
0.8234
0.8223999999999997
0.8232499999999997
0.8233299999999999
0.8234599999999997
0.8248500000000001
0.8227899999999996
0.8241699999999997
0.8238099999999996
0.8229299999999999
0.8225999999999994
0.8225899999999998
0.8224100000000003
0.8229299999999995
0.8227400000000001
0.8236699999999998
0.8223199999999999
0.8223099999999995
0.8229299999999995
0.82237
0.8232699999999997
0.8212499999999997
0.8218100000000003
0.8227399999999999
0.82361
0.8247899999999997
0.8251000000000001
0.8251999999999999
0.8231800000000002
0.8226200000000002
0.8238399999999997
0.82549
0.8256499999999999
0.82371
0.8256399999999999
0.8258099999999997
0.8241100000000001
0.82426
0.8236799999999999
0.8242800000000001
0.8258700000000003
0.8236999999999997
0.82556
0.8258399999999999
0.82466
0.8241
0.8207199999999996
0.8225899999999998
0.8217299999999997
0.8242
0.8241999999999998
0.8256999999999998
0.8249800000000002
0.8236699999999992
0.8239199999999997
0.8250599999999999
0.8244400000000001
0.82239
0.8235599999999998
0.8231399999999998
0.8230799999999996
0.8245999999999999
0.8245099999999997
0.8231900000000003
0.82288
0.82254
0.8238799999999997
0.8238499999999997
0.8239999999999997
0.8220899999999997
0.8228499999999999
0.8233599999999999
0.8255199999999998
0.82365
0.8217399999999999
0.8226999999999997
0.8251799999999999
0.8258499999999998
0.8237199999999999
0.8246899999999998
0.8233699999999999
0.8229999999999998
0.8224699999999998
0.8221200000000001
0.8231100000000001
0.8226899999999998
0.8229900000000001
0.8229599999999995
0.8230199999999998
0.8237999999999996
0.82515
0.8221899999999995
0.8236300000000001
0.8256799999999997
0.8251899999999998
0.8228899999999997
0.8249799999999999
0.8252599999999997
0.8228500000000001
0.82378
0.8250000000000004
0.8236599999999998
0.8223799999999996
0.8227900000000004
0.8221099999999997
0.8212399999999999
0.8229799999999996
0.8263099999999998
0.8251900000000003
0.8242500000000001
0.8235399999999997
0.8257199999999999
0.8236199999999997
0.82285
0.8229299999999998
0.8224199999999996
0.8237499999999998
0.8217099999999998
0.8221400000000003
0.8228899999999999
0.8248899999999998
0.8221799999999999
0.8222799999999998
0.8238599999999999
0.8223199999999998
0.8236199999999997
0.8241599999999997
0.8225999999999999
0.82245
0.8249899999999997
0.8253199999999995
0.8240799999999996
0.82464
0.82551
0.8245199999999998
0.8258499999999996
0.8266199999999998
0.8234399999999998
0.8216599999999997
0.8244299999999999
0.8235699999999998
0.82359
0.8231899999999998
0.8234899999999999
0.82324
0.8251299999999999
0.8240899999999995
0.8243499999999999
0.8249899999999998
0.8241699999999998
0.8240699999999996
0.8235699999999997
0.8223399999999998
0.8224900000000004
0.8229099999999997
0.8247799999999998
0.8232199999999995
0.8226499999999993
0.8244999999999999
0.8239
0.8241900000000002
0.8244299999999999
0.8250399999999994
0.8245299999999997
0.8236499999999998
0.8237199999999999
0.8228200000000001
0.8229000000000001
0.8253699999999999
0.8252599999999995
0.8246800000000002
0.8238500000000001
0.8235299999999997
0.8221299999999999
0.8222099999999997
0.82485
0.82294
0.8239399999999999
0.8243400000000001
0.8236899999999997
0.82538
0.82292
0.8220399999999997
0.8217099999999999
0.8228500000000001
0.8237799999999997
0.8242699999999996
0.8247099999999999
0.8233499999999999
0.8230799999999996
0.8224699999999998
0.8236999999999998
0.8233400000000001
0.8225699999999996
0.82399
0.82254
0.8222300000000005
0.8215399999999999
0.8250499999999996
0.8229499999999997
0.8234999999999998
0.8233599999999999
0.8244899999999998
0.8236699999999995
0.8253799999999998
0.8250499999999998
0.8238699999999998
0.82446
0.82529
0.8259099999999999
0.82524
0.8247299999999999
0.82184
0.8220300000000001
0.8223400000000004
0.8229700000000001
0.8229199999999999
0.8220799999999998
0.8223
0.8223600000000002
0.8247199999999998
0.8223499999999995
0.8227699999999996
0.8231899999999999
0.8250799999999999
0.8240999999999997
0.8225199999999997
0.8226899999999998
0.8220000000000001
0.8241
0.8237399999999999
0.8231099999999999
0.8250999999999992
0.8243099999999999
0.8239899999999996
0.8220399999999999
0.8248499999999995
0.8239499999999996
0.8253699999999996
0.8266200000000005
0.8242099999999998
0.82638
0.8240900000000001
0.8244899999999997
0.8255899999999994
0.8242199999999994
0.8235799999999996
0.8242500000000003
0.8227499999999998
0.8209699999999998
0.8230000000000001
0.82259
0.8239299999999997
0.8243499999999995
0.8250199999999996
0.82426
0.8251699999999998
0.8240100000000002
0.8276299999999995
0.8260200000000001
0.8251499999999996
0.8255099999999999
0.8248300000000001
0.8249599999999999
0.8251400000000002
0.8232500000000003
0.82215
0.8217700000000001
0.82172
0.82152
0.8229099999999998
0.8233099999999998
0.8238199999999994
0.8226899999999995
0.8235899999999998
0.8235600000000001
0.8252300000000001
0.8244999999999996
0.8257800000000001
0.8240499999999996
0.8233199999999996
0.8241100000000001
0.8238099999999997
0.8237300000000001
0.8223299999999998
0.8244500000000002
0.8243299999999999
0.8255599999999998
0.8252199999999997
0.8225599999999993
0.81999
0.8222799999999999
0.8239799999999995
0.8254399999999997
0.82308
0.8245099999999995
0.8211600000000003
0.8230299999999998
0.8223599999999994
0.8243299999999999
0.8235499999999999
0.8238599999999999
0.8249000000000002
0.8229099999999999
0.82357
0.82108
0.8217299999999998
0.8211199999999996
0.82103
0.8219499999999996
0.8220699999999996
0.8212500000000001
0.8233800000000001
0.8231800000000001
0.8232799999999998
0.8220200000000001
0.8240000000000001
0.8245
0.8249
0.8226199999999997
0.8241800000000002
0.8227700000000003
0.8226599999999997
0.8240099999999997
0.8234699999999995
0.8225999999999997
0.8247400000000001
0.8230100000000001
0.8235099999999997
0.82119
0.8213099999999999
0.8214299999999998
0.8242499999999999
0.8242599999999998
0.8223399999999998
0.8208000000000001
0.8212
0.8240299999999996
0.8233799999999996
0.82378
0.8226699999999998
0.8224100000000003
0.82258
0.8227599999999998
0.8225099999999999
0.8229500000000001
0.8227899999999997
0.8216899999999997
0.8226599999999997
0.8249199999999999
0.8270899999999999
0.8255899999999998
0.8257999999999996
0.8247199999999998
0.8239199999999994
0.82415
0.8236500000000001
0.8233600000000003
0.8244799999999992
0.82258
0.82194
0.8216600000000001
0.8220199999999998
0.8233599999999999
0.8217799999999997
0.8212299999999998
0.8223699999999999
0.8211799999999997
0.8232600000000001
0.82284
0.8227099999999998
0.8241199999999996
0.82305
0.8229199999999998
0.8234799999999997
0.8235100000000003
0.8232699999999997
0.82271
0.8229699999999999
0.8231499999999998
0.8242099999999997
0.8236100000000001
0.8257799999999998
0.8228300000000002
0.8236599999999992
0.8231300000000001
0.8223399999999998
0.8216500000000001
0.8242799999999997
0.8228299999999998
0.8219199999999998
0.8230699999999996
0.8230699999999994
0.8210999999999997
0.8229999999999998
0.8226199999999996
0.82254
0.8215899999999998
0.82261
0.8226599999999996
0.8221999999999997
0.8228399999999993
0.8235199999999999
0.8236999999999999
0.8232399999999999
0.8246999999999993
0.8243399999999997
0.8247999999999996
0.8242799999999996
0.8241199999999995
0.8233399999999998
0.8239899999999996
0.8249699999999998
0.8243699999999997
0.8250399999999999
0.8257699999999997
0.8247799999999996
0.8235699999999996
0.8213399999999996
0.8221099999999999
0.8227999999999995
0.8219599999999998
0.8218599999999998
0.8216899999999996
0.82259
0.8234199999999996
0.8229599999999995
0.82269
0.8230200000000001
0.82381
0.82229
0.8251999999999995
0.8244199999999998
0.8240999999999995
0.8229000000000001
0.8231899999999999
0.8244199999999998
0.8230800000000003
0.8212700000000001
0.8238599999999998
0.8223599999999993
0.8225899999999997
0.82255
0.8244599999999999
0.8241299999999998
0.8241799999999997
0.82331
0.8225899999999997
0.8235900000000003
0.8248699999999997
0.8247099999999997
0.8244599999999995
0.82482
0.8221600000000003
0.8226699999999998
0.8232100000000002
0.8230500000000004
0.82301
0.8231899999999999
0.8226699999999998
0.8206700000000001
0.82337
0.8234699999999999
0.8229599999999998
0.8235999999999999
0.8229599999999998
0.82351
0.8232100000000001
0.8238599999999997
0.8242199999999997
0.8232499999999997
0.8234900000000002
0.8237000000000001
0.8215599999999995
0.8225100000000001
0.8242199999999998
0.8247099999999999
0.8244499999999998
0.8248099999999994
0.8237600000000004
0.8236499999999997
0.8218000000000001
0.8223599999999998
0.8240299999999999
0.8220399999999999
0.8237099999999997
0.8244599999999999
0.8248399999999998
0.82218
0.8237699999999998
0.82337
0.8246599999999996
0.8255599999999997
0.82327
0.8241699999999996
0.8222899999999999
0.8228300000000001
0.82461
0.8240899999999998
0.8243999999999998
0.82727
0.8259699999999995
0.8243099999999995
0.82318
0.8252900000000003
0.8227599999999995
0.8241200000000001
0.8224999999999996
0.8248399999999998
0.8250199999999996
0.8233399999999998
0.8231499999999994
0.8223999999999999
0.8227400000000001
0.8212499999999998
0.8214799999999998
0.82243
0.8249699999999998
0.8237900000000006
0.8227099999999997
0.8218899999999997
0.82442
0.82357
0.8227099999999997
0.8244099999999998
0.8244299999999997
0.8249499999999997
0.8251099999999996
0.8239799999999997
0.8259899999999996
0.8237400000000001
0.8240099999999996
0.8252399999999999
0.8232600000000001
0.8236000000000001
0.82269
0.8230200000000002
0.8241899999999999
0.8220700000000001
0.8215299999999999
0.8229299999999998
0.823
0.8240700000000001
0.8216099999999997
0.8210599999999999
0.8208699999999999
0.8198500000000002
0.8216500000000003
0.8224899999999999
0.8241899999999995
0.8241099999999995
0.8235199999999999
0.82261
0.8224099999999998
0.8228699999999999
0.8237699999999997
0.8219799999999998
0.8233600000000001
0.8228300000000004
0.82344
0.82305
0.8221699999999995
0.8225299999999999
0.8232699999999997
0.8224199999999999
0.8203799999999998
0.8225
0.8201899999999998
0.8209999999999996
0.8211000000000003
0.8223899999999997
0.8233099999999998
0.8232199999999997
0.8248699999999997
0.8243099999999999
0.82379
0.8229800000000005
0.8257300000000001
0.8236099999999997
0.8233399999999997
0.8217500000000001
0.8233299999999996
0.8242499999999996
0.8214800000000001
0.8234
0.8230099999999997
0.8233099999999998
0.82368
0.8258599999999997
0.8249000000000001
0.8262699999999998
0.8255899999999998
0.8250199999999996
0.8236799999999994
0.8226499999999995
0.8224899999999998
0.8229399999999996
0.82205
0.8233000000000001
0.8239799999999998
0.8259799999999998
0.8260999999999998
0.8237400000000001
0.8230600000000001
0.8234399999999996
0.8220600000000001
0.8220100000000004
0.8216399999999997
0.8221299999999997
0.8217399999999998
0.8237100000000003
0.8219700000000002
0.8232099999999999
0.8236199999999998
0.8227900000000001
0.8237499999999995
0.8231599999999998
0.8231299999999997
0.8235899999999995
0.82407
0.8242799999999997
0.8251499999999996
0.8232400000000001
0.8230699999999997
0.8218699999999997
0.8202899999999996
0.8228899999999997
0.8232799999999996
0.8236800000000002
0.8244299999999997
0.8255699999999997
0.8249499999999999
0.8229099999999998
0.8242100000000001
0.8240399999999997
0.82305
0.8235099999999997
0.8238699999999998
0.8228699999999999
0.8237499999999999
0.82328
0.8241100000000001
0.8249999999999998
0.8250399999999997
0.8231499999999998
0.8236599999999998
0.8229899999999997
0.8242400000000001
0.8234500000000005
0.8241599999999998
0.8236899999999998
0.8232599999999998
0.82249
0.8233799999999997
0.8235999999999997
0.8243900000000001
0.8224199999999997
0.8224699999999998
0.8226500000000001
0.82163
0.8243800000000003
0.8261800000000001
0.82406
0.8234199999999998
0.8264
0.8249699999999995
0.8235899999999998
0.8226800000000002
0.8243599999999998
0.8246699999999996
0.8245399999999998
0.8252999999999996
0.8242999999999996
0.8238800000000001
0.8226199999999995
0.8238800000000001
0.82376
0.8238399999999999
0.8230399999999995
0.8237700000000001
0.8212500000000001
0.8222499999999998
0.82343
0.8240599999999997
0.8212599999999998
0.8217999999999995
0.8202200000000002
0.8222799999999993
0.8231299999999995
0.82402
0.8235600000000001
0.82384
0.8224799999999998
0.8229200000000003
0.8229500000000002
0.8231500000000002
0.8243199999999993
0.82494
0.8228699999999998
0.8234200000000002
0.8246199999999996
0.8235099999999997
0.82292
0.8243900000000001
0.8242400000000001
0.8251599999999999
0.8240599999999997
0.82431
0.8253499999999999
0.8243099999999995
0.8215899999999998
0.8228399999999999
0.8230899999999995
0.8242699999999998
0.8244199999999996
0.8238299999999995
0.8238999999999999
0.8248499999999999
0.8247599999999997
0.82522
0.8238999999999997
0.8237899999999995
0.8233699999999997
0.8213000000000004
0.8232299999999998
0.8234299999999998
0.8231099999999993
0.8236999999999998
0.8241499999999999
0.8251599999999998
0.82396
0.8261999999999999
0.8241099999999995
0.8235099999999999
0.8248499999999995
0.8237699999999996
0.8228699999999999
0.8245300000000002
0.8252200000000005
0.8240000000000002
0.8254899999999998
0.8242099999999998
0.8241799999999999
0.8234699999999998
0.82365
0.8244399999999997
0.8232199999999997
0.8215899999999996
0.8221299999999999
