0.19999999999999962
0.31947000000000003
0.48724999999999996
0.6241900000000001
0.71329
0.7690900000000002
0.79799
0.81403
0.8208799999999998
0.8240800000000003
0.8269499999999997
0.82918
0.8294400000000001
0.8300199999999998
0.8302
0.8290999999999997
0.8306799999999996
0.8310599999999998
0.8293700000000002
0.8297
0.8295099999999996
0.8293599999999995
0.8300599999999996
0.82698
0.8306699999999998
0.8288100000000002
0.8299999999999997
0.8303099999999993
0.8288999999999997
0.8302899999999996
0.8303799999999998
0.8291099999999997
0.83277
0.8311799999999995
0.8313200000000002
0.8295
0.83065
0.8291900000000001
0.8302599999999998
0.8299200000000002
0.8296399999999999
0.8313999999999997
0.8291399999999999
0.8297399999999995
0.8294999999999995
0.8292899999999997
0.8312599999999998
0.8314899999999996
0.82974
0.82911
0.83095
0.8313000000000001
0.8295099999999997
0.8296399999999997
0.8290799999999998
0.8301899999999995
0.8308599999999998
0.82981
0.8314699999999996
0.82945
0.8312799999999996
0.8306699999999998
0.8299099999999997
0.8299399999999995
0.8312199999999994
0.8305899999999999
0.8316399999999995
0.8311499999999999
0.8284500000000001
0.8276699999999996
0.8277899999999997
0.83093
0.8309299999999997
0.8293099999999997
0.8289
0.8290399999999998
0.8296799999999999
0.8307700000000001
0.8310199999999998
0.8301900000000001
0.8294099999999996
0.8306599999999998
0.8298799999999996
0.8290700000000004
0.8288199999999997
0.8290499999999996
0.8306699999999995
0.8313799999999993
0.8310099999999997
0.8325599999999995
0.8326899999999999
0.8304899999999997
0.8307199999999998
0.8309499999999995
0.8320199999999994
0.8328199999999996
0.8300599999999996
0.8286699999999999
0.8310299999999998
0.8307200000000001
0.8311899999999999
0.8306099999999997
0.83207
0.8303999999999999
0.8303599999999998
0.8295799999999994
0.8303299999999999
0.8322999999999996
0.8319399999999993
0.8320899999999994
0.8320499999999994
0.8317299999999996
0.8314799999999998
0.8308299999999994
0.8305999999999999
0.8296399999999998
0.82904
0.8314
0.8297699999999996
0.8298699999999991
0.8302999999999995
0.8296599999999995
0.8297500000000003
0.8291799999999996
0.8297399999999995
0.8314500000000001
0.8316600000000001
0.8306399999999995
0.8297199999999997
0.8295999999999999
0.8317799999999997
0.8322000000000002
0.8306899999999993
0.8288
0.8295499999999998
0.8301999999999994
0.8298999999999999
0.8312299999999996
0.8307599999999999
0.8301999999999998
0.8325399999999997
0.8322399999999999
0.83163
0.8315799999999995
0.8298000000000002
0.83259
0.8319400000000003
0.8297699999999998
0.8292499999999996
0.8299000000000001
0.8310899999999996
0.8290399999999998
0.8294999999999996
0.8302199999999997
0.8313099999999999
0.8319899999999997
0.8317099999999996
0.8306299999999996
0.8297900000000001
0.8302099999999997
0.8288500000000001
0.8282999999999997
0.8285899999999998
0.8295299999999997
0.8309099999999995
0.8291799999999996
0.8300699999999996
0.8293899999999997
0.8289499999999999
0.82934
0.8318600000000003
0.8315700000000001
0.8312299999999998
0.8315399999999998
0.8313099999999999
0.83113
0.8309399999999997
0.8301799999999999
0.8303599999999999
0.8291199999999996
0.82912
0.8295699999999998
0.8291799999999996
0.8291799999999998
0.8305500000000001
0.8315699999999997
0.8292399999999998
0.82993
0.82844
0.8290499999999997
0.8308899999999997
0.8304199999999995
0.8325699999999998
0.8322699999999995
0.8305499999999999
0.82907
0.8297100000000002
0.8286599999999997
0.8308599999999994
0.8291799999999995
0.8318499999999998
0.8315399999999997
0.8325100000000001
0.8315499999999996
0.8318299999999995
0.8305000000000001
0.8304499999999999
0.8301399999999998
0.82888
0.8292700000000001
0.8277799999999997
0.8275399999999997
0.8276999999999995
0.8297199999999996
0.8314799999999997
0.8292799999999998
0.8294499999999998
0.8310600000000002
0.8302199999999996
0.8310799999999999
0.8311599999999995
0.8299999999999998
0.8301399999999998
0.8299099999999998
0.8291599999999997
0.8281099999999993
0.8284799999999994
0.8295199999999997
0.8293399999999995
0.83015
0.8297899999999997
0.8289699999999999
0.8295699999999995
0.8296899999999998
0.8302899999999995
0.8322399999999999
0.8327599999999995
0.8297399999999997
0.8287499999999998
0.8320599999999996
0.8325699999999998
0.8300299999999996
0.8298700000000001
0.8300199999999996
0.8317999999999998
0.8318299999999995
0.8299999999999998
0.8296899999999995
0.8305899999999993
0.8282100000000001
0.8292599999999998
0.8299999999999997
0.83146
0.8323699999999998
0.8322599999999997
0.8331099999999998
0.8328499999999999
0.8317800000000003
0.8310499999999998
0.8294699999999999
0.8305400000000001
0.82824
0.8301600000000002
0.8312099999999998
0.8309200000000003
0.8273199999999998
0.8298399999999997
0.8301899999999999
0.8312699999999995
0.8293199999999998
0.83018
0.8310900000000001
0.8301999999999999
0.8299099999999998
0.83029
0.83101
0.8292599999999998
0.8288599999999995
0.8296100000000002
0.8283800000000001
0.8298400000000002
0.83028
0.83039
0.8307599999999996
0.8291900000000001
0.8304700000000002
0.8303
0.8286599999999998
0.8301000000000001
0.8305199999999994
0.8319400000000001
0.8289099999999998
0.82961
0.8281999999999996
0.82991
0.8283799999999997
0.8295299999999998
0.8295799999999994
0.8299999999999992
0.8301499999999998
0.8314599999999994
0.8288399999999997
0.8304800000000001
0.8304699999999994
0.8289000000000002
0.8296999999999997
0.8289799999999997
0.8283299999999997
0.8309299999999995
0.8303799999999996
0.83026
0.8283799999999999
0.8286599999999998
0.8278299999999994
0.8277399999999997
0.8315299999999999
0.8316299999999999
0.8285799999999991
0.8302299999999999
0.8299199999999997
0.8285199999999997
0.8283199999999998
0.8301099999999997
0.8318899999999997
0.83226
0.8323499999999998
0.83113
0.8305799999999998
0.8297699999999998
0.82929
0.8297799999999999
0.82881
0.8289499999999999
0.8294199999999999
0.8300699999999999
0.8298499999999999
0.82916
0.8301099999999999
0.8305300000000004
0.8307299999999992
0.8288099999999997
0.8297499999999995
0.82843
0.8275200000000001
0.8301899999999995
0.8310899999999993
0.8309499999999994
0.83245
0.83128
0.8303000000000001
0.8291099999999999
0.8307100000000002
0.8305099999999996
0.8293299999999998
0.83112
0.8300699999999996
0.8289200000000001
0.8286800000000001
0.8296099999999997
0.8292499999999996
0.8293099999999997
0.8294299999999999
0.8294399999999998
0.8307199999999999
0.8313399999999997
0.8297499999999997
0.8299699999999999
0.8317699999999995
0.83057
0.8309599999999999
0.8299399999999996
0.8289399999999998
0.82883
0.8304699999999999
0.8301999999999994
0.83044
0.8314599999999999
0.8294499999999998
0.8312799999999996
0.8318199999999996
0.8312399999999998
0.8302599999999998
0.82852
0.8289499999999999
0.8309799999999998
0.82867
0.8289699999999999
0.82949
0.8291299999999999
0.8296899999999999
0.8323099999999997
0.8305299999999999
0.8301199999999997
0.82865
0.8302099999999999
0.8292299999999996
0.8300899999999998
0.82975
0.8306599999999996
0.8288099999999993
0.8293399999999994
0.8299799999999995
0.82967
0.8288500000000002
0.8298000000000002
0.8298899999999998
0.8303599999999999
0.8289799999999999
0.8296499999999994
0.8297699999999998
0.8286999999999994
0.8295699999999998
0.8303299999999993
0.8303099999999999
0.8309599999999997
0.8315199999999998
0.8303499999999997
0.8313099999999999
0.8313399999999997
0.8313900000000003
0.8310599999999998
0.83041
0.8295399999999995
0.8302199999999996
0.8316499999999998
0.8305699999999996
0.8284799999999994
0.8284100000000001
0.8307499999999998
0.8293499999999997
0.8311199999999999
0.8300599999999996
0.8293199999999998
0.8303799999999998
0.8302099999999997
0.8314199999999999
0.8312299999999999
0.82985
0.8308599999999996
0.8299899999999998
0.8310199999999996
0.8294199999999996
0.8307800000000001
0.8292500000000002
0.8313799999999993
0.8301299999999998
0.8311399999999998
0.8304799999999998
0.8310000000000001
0.8310599999999998
0.8315899999999998
0.8296200000000004
0.8299599999999998
0.8296899999999995
0.8306299999999992
0.8295299999999998
0.8303399999999995
0.8297199999999998
0.8294099999999999
0.8287299999999997
0.8281899999999999
0.8294600000000003
0.8290699999999996
0.8279799999999997
0.8299999999999997
0.83073
0.8331099999999998
0.8335299999999998
0.8308299999999995
0.8292599999999999
0.8299199999999999
0.8291200000000001
0.82908
0.8300899999999996
0.8310299999999995
0.8302600000000004
0.8292099999999998
0.8294099999999999
0.8293199999999998
0.8312299999999998
0.8310999999999998
0.8310099999999995
0.83201
0.83079
0.8312699999999998
0.8305199999999998
0.8305099999999999
0.8316299999999996
0.8311099999999998
0.82997
0.8297499999999998
0.8299499999999997
0.82966
0.8272199999999998
0.8290099999999994
0.8305400000000002
0.8312900000000002
0.8329599999999995
0.8314199999999995
0.8304199999999997
0.8304399999999997
0.8310299999999999
0.8309099999999998
0.8307999999999999
0.8302099999999999
0.82931
0.8295599999999999
0.8303400000000002
0.8298599999999999
0.8305499999999999
0.8292899999999996
0.83137
0.8301699999999999
0.8300499999999996
0.82927
0.8291300000000001
0.8299599999999995
0.8309599999999996
0.8311399999999993
0.8309899999999998
0.8311399999999999
0.8300299999999996
0.8288599999999999
0.8287100000000001
0.8305999999999996
0.8313300000000001
0.8309299999999996
0.83018
0.83044
0.82825
0.82946
0.8314100000000001
0.8329000000000002
0.8318099999999999
0.82883
0.8283700000000002
0.8294499999999997
0.8288199999999998
0.8307099999999995
0.8304299999999997
0.8298599999999997
0.8289599999999999
0.8296399999999996
0.8287299999999997
0.8307699999999996
0.82951
0.8298799999999997
0.8294599999999996
0.8306299999999999
0.8303499999999994
0.82852
0.83029
0.8294699999999997
0.8289499999999996
0.8287399999999994
0.8300699999999996
0.83139
0.8311699999999996
0.8324099999999993
0.8306699999999995
0.8294000000000001
0.8289199999999994
0.82832
0.82827
0.8302900000000002
0.8299500000000001
0.8316499999999998
0.8320299999999999
0.8316999999999998
0.8291499999999995
0.8281599999999999
0.8298899999999999
0.8316999999999994
0.8294699999999995
0.8302200000000002
0.8308499999999996
0.8300299999999993
0.8311200000000002
0.8296399999999998
0.8280099999999997
0.8296199999999998
0.8287499999999998
0.8305999999999996
0.8297399999999997
0.8309999999999996
0.8303699999999998
0.8297600000000002
0.8288100000000002
0.8286500000000002
0.8284199999999999
0.83052
0.8312399999999995
0.8300099999999999
0.8300699999999996
0.8299099999999996
0.82986
0.8283399999999997
0.8297099999999997
0.82943
0.8288900000000001
0.8274800000000002
0.8292999999999998
0.8282
0.82988
0.8289300000000002
0.8305499999999999
0.8304499999999997
0.8304999999999997
0.8307999999999999
0.8315399999999998
0.8297999999999996
0.8306899999999999
0.8287299999999999
0.8290999999999998
0.8283799999999997
0.8307299999999995
0.8288199999999998
0.82841
0.8298099999999997
0.8292499999999997
0.8294900000000002
0.8290399999999996
0.8272999999999999
0.8282599999999998
0.82962
0.8291
0.8291499999999996
0.8307199999999998
0.8309199999999999
0.8323499999999998
0.8299100000000001
0.8283900000000002
0.83223
0.8301899999999999
0.83246
0.8306399999999995
0.8299899999999996
0.8300599999999995
0.8285499999999995
0.8282299999999998
0.8294900000000002
0.8306599999999998
0.8323099999999998
0.8323099999999996
0.8320099999999998
0.8312499999999998
0.8311899999999999
0.8298199999999997
0.8308899999999997
0.8314799999999998
0.8306799999999996
0.8326799999999999
0.8324199999999999
0.8295599999999996
0.8312499999999998
0.8297199999999998
0.8316399999999997
0.8305899999999997
0.8306499999999999
0.8283499999999998
0.8291699999999999
0.8296000000000002
0.82708
0.8303199999999997
0.8309199999999997
0.83017
0.8300300000000002
0.8288400000000001
0.8300099999999998
0.83101
0.8301099999999996
0.8282999999999998
0.8280799999999999
0.83064
0.8314299999999996
0.8311199999999999
0.8306299999999996
0.8304600000000001
0.8307699999999996
0.8320500000000002
0.8312099999999997
0.8322799999999999
0.8329299999999995
0.8326599999999996
0.8303800000000001
0.8310299999999997
0.8291399999999998
0.8292799999999994
0.8301599999999998
0.8292099999999997
0.8296099999999998
0.8301499999999997
0.8295699999999998
0.8269499999999996
0.8295399999999999
0.8298399999999999
0.8301299999999999
0.8277199999999995
0.82806
0.8293899999999997
0.82865
0.8312399999999998
0.8302499999999996
0.8309199999999999
0.8299300000000001
0.8301999999999997
0.8295599999999999
0.8278799999999998
0.82853
0.8310599999999998
0.8304000000000002
0.8314299999999999
0.8309499999999995
0.8300299999999998
0.8315799999999994
0.8312399999999998
0.8305500000000001
0.8302600000000001
0.8299599999999998
0.8293099999999997
0.8305899999999997
0.8291699999999999
0.8311899999999994
0.82987
0.8294999999999999
0.8298499999999998
0.8306799999999995
0.8311899999999994
0.8308299999999994
0.8295799999999999
0.8281299999999997
0.8285699999999997
0.8303000000000003
0.8307000000000001
0.83069
0.8327699999999995
0.8326899999999996
0.8323999999999997
0.8307999999999994
0.8283299999999997
0.8295399999999996
0.8309799999999998
0.8293499999999999
0.82808
0.82866
0.8305899999999995
0.8298199999999997
0.8290299999999996
0.8302299999999999
0.8301799999999999
0.8284600000000002
0.8281299999999999
0.8298599999999995
0.8328699999999992
0.8324000000000001
0.83221
0.8322899999999999
0.8308299999999998
0.8320099999999995
0.8331499999999997
0.8331099999999997
0.8306299999999998
0.83134
0.8313999999999997
0.8327099999999998
0.8321999999999997
0.8307399999999996
0.8316099999999996
0.8322799999999999
0.8309799999999999
0.8308600000000002
0.8304099999999999
0.8308399999999995
0.8316600000000001
0.8311399999999998
0.8323899999999993
0.8310599999999998
0.8296499999999998
0.8297599999999996
0.8312899999999999
0.8305499999999998
0.8299199999999999
0.8306699999999998
0.8311100000000002
0.8307799999999997
0.8309099999999994
0.8308399999999998
0.8298499999999995
0.8323699999999998
0.8327100000000001
0.8316599999999995
0.8303999999999996
0.8286099999999995
0.82978
0.8286899999999996
0.8268199999999999
0.8292699999999995
0.8321499999999996
0.8319699999999999
0.8328500000000001
0.8328500000000001
0.8321999999999999
0.8305899999999995
0.8298699999999992
0.8307399999999997
0.8318399999999997
0.8299499999999997
0.8288999999999997
0.8305500000000003
0.83075
0.8299199999999999
0.8279200000000003
0.8294800000000003
0.8300299999999996
0.8314299999999997
0.8318999999999996
0.8306199999999996
0.8332699999999998
0.8302700000000002
0.8283099999999994
0.8297999999999999
0.8297100000000002
0.8300199999999998
0.8299499999999999
0.8292099999999998
0.8288999999999995
0.8311599999999996
0.8319599999999997
0.83173
0.8306399999999999
0.83015
0.8296399999999998
0.8301499999999998
0.8313499999999998
0.8276999999999998
0.8282100000000002
0.8309699999999995
0.8318599999999994
0.8304900000000004
0.82797
0.8280099999999994
0.8313000000000001
0.8314199999999997
0.83038
0.8298399999999995
0.8319599999999996
0.8302799999999998
0.8306199999999997
0.8308000000000001
0.8301899999999997
0.8318099999999998
0.83226
0.8295299999999998
0.8280699999999996
0.8291399999999999
0.8295099999999997
0.8295799999999995
0.83214
0.83107
0.8314599999999994
0.8304599999999992
0.8308799999999996
0.8301999999999997
0.8301899999999997
0.8301700000000001
0.8299899999999996
0.8306899999999999
0.8299199999999997
0.8324799999999999
0.8312399999999996
0.8318099999999998
0.8309899999999996
0.8294599999999995
0.8299799999999999
0.8321499999999996
0.8305500000000002
0.8309499999999999
0.8309699999999998
0.8297599999999999
0.8302399999999998
0.8312499999999997
0.8305199999999999
0.8316199999999996
0.8308799999999998
0.8311599999999991
0.82816
0.82988
0.8308499999999998
0.8301300000000001
0.8278199999999997
0.8298099999999998
0.8297399999999997
0.8304800000000001
0.8293
0.8277799999999997
0.8296899999999997
0.8307899999999997
0.8310900000000002
0.8313099999999994
0.8316599999999998
0.8302499999999998
0.8310099999999998
0.8300299999999996
0.8320000000000004
0.8315899999999999
0.8312900000000001
0.8315499999999999
0.8310799999999997
0.8298499999999995
0.8286900000000001
0.8298300000000002
0.8306799999999996
0.8308899999999997
0.8322499999999997
0.8319899999999996
0.83017
0.8295100000000001
0.8283199999999995
0.8294199999999996
0.8292700000000001
0.8282999999999996
0.8289199999999998
0.8292399999999998
0.8288100000000002
0.82902
0.8290999999999998
0.8301499999999998
0.82959
0.8300299999999998
0.83211
0.82989
0.8299199999999998
0.8293199999999997
0.8289699999999993
0.8305199999999996
0.8311999999999997
0.83025
0.8295499999999992
0.8317100000000001
0.8311799999999998
0.8297799999999999
0.8287499999999999
0.8296599999999995
0.8298599999999996
0.8302899999999996
0.8291299999999998
0.8281099999999997
0.8305199999999998
0.8294399999999996
0.82832
0.8292699999999996
0.8294699999999996
0.8310099999999998
0.8316899999999998
0.8316499999999998
0.8304699999999998
0.8307499999999999
0.8296399999999998
0.83033
0.8294699999999993
0.8290799999999996
0.8308899999999998
0.8299399999999997
0.8309999999999995
0.8311599999999996
0.8334299999999994
0.83203
0.8324299999999997
0.83136
0.8308599999999999
0.8293200000000002
0.8293300000000001
0.8304099999999999
0.82927
0.8297100000000001
0.83144
0.8303299999999999
0.8319299999999995
0.8312899999999999
0.8301199999999997
0.8314799999999996
0.8316800000000003
0.8304899999999996
0.8305500000000001
0.8293600000000002
0.8304399999999998
0.8328299999999998
0.8307299999999997
0.83064
0.8331499999999994
0.8312
0.8299199999999998
0.8313200000000001
0.8327299999999996
0.8308899999999995
0.8296199999999999
0.8300799999999998
0.8283400000000001
0.8296800000000001
0.8287899999999998
