0.19999999999999962
0.9237899999999999
0.9075900000000007
0.91046
0.9084000000000002
0.9082300000000006
0.9087900000000002
0.9088900000000002
0.9106500000000004
0.9104200000000003
0.9080700000000005
0.9068200000000001
0.9082000000000002
0.9097500000000004
0.9112
0.9064800000000001
0.9092000000000005
0.9096600000000009
0.9074100000000002
0.9087500000000004
0.9092700000000004
0.9085200000000003
0.9104900000000004
0.9086500000000002
0.9086400000000002
0.9085300000000001
0.9101600000000005
0.9077100000000001
0.9091900000000003
0.9082500000000002
0.9082200000000004
0.9091700000000006
0.9087100000000006
0.9094200000000008
0.9100900000000004
0.9087400000000005
0.9096400000000007
0.9094699999999998
0.9087000000000006
0.90949
0.9081300000000005
0.9088700000000006
0.9085200000000003
0.9085300000000005
0.9078300000000001
0.9090200000000003
0.9083200000000003
0.9095100000000005
0.9081800000000007
0.9104700000000001
0.9094000000000001
0.9088700000000002
0.9076899999999998
0.9093600000000001
0.90899
0.9100800000000002
0.9081800000000001
0.9090800000000006
0.9093100000000005
0.9091400000000003
0.9075300000000004
0.90892
0.9106700000000003
0.9089900000000004
0.9087800000000003
0.9091
0.9093600000000005
0.9078900000000005
0.9068500000000002
0.9087800000000006
0.9102600000000003
0.90852
0.9105000000000001
0.9085900000000007
0.9085900000000001
0.90856
0.9094800000000004
0.9083100000000003
0.9083000000000004
0.90947
0.90935
0.9095800000000008
0.9090800000000008
0.9092200000000003
0.9082300000000003
0.9081200000000004
0.9081400000000006
0.9103000000000004
0.9089000000000003
0.9102200000000003
0.9086800000000004
0.90941
0.9100100000000004
0.9079200000000006
0.9111100000000008
0.90838
0.9104000000000002
0.9096400000000004
0.9089800000000003
0.9085000000000001
0.9074300000000001
0.9104800000000007
0.9097800000000004
0.9101800000000001
0.9099900000000005
0.9098200000000004
0.9089700000000007
0.9094300000000003
0.9085400000000007
0.9093200000000005
0.9086800000000007
0.9084800000000003
0.90903
0.9081500000000002
0.9080500000000005
0.9074600000000004
0.9087900000000004
0.90888
0.91082
0.9077300000000003
0.9087000000000006
0.9095600000000004
0.9080700000000005
0.9093200000000001
0.9101400000000001
0.9099799999999999
0.9090699999999997
0.9080000000000007
0.9090600000000003
0.9089800000000002
0.9077900000000002
0.9096700000000003
0.9077500000000002
0.9098900000000004
0.90917
0.9077400000000009
0.9104600000000008
0.9093700000000006
0.9085700000000004
0.9106000000000002
0.9080200000000006
0.9089300000000006
0.9087200000000003
0.9098100000000003
0.9087500000000008
0.9094700000000006
0.9094600000000004
0.9090200000000008
0.9105700000000005
0.9098400000000006
0.9090600000000002
0.9090400000000001
0.9079200000000002
0.9101300000000009
0.9094600000000006
0.9089100000000003
0.9091800000000005
0.9078700000000005
0.9100200000000004
0.9085200000000002
0.9092600000000002
0.9082400000000007
0.9097700000000003
0.9087500000000003
0.9085100000000003
0.9075
0.9089899999999999
0.9093199999999999
0.9093799999999999
0.9087300000000004
0.9087100000000001
0.9107300000000003
0.9083900000000001
0.9069200000000004
0.9099100000000006
0.9088100000000001
0.90991
0.9089500000000003
0.9088600000000003
0.9109400000000004
0.90898
0.9084300000000005
0.9083400000000005
0.9097700000000004
0.9104200000000005
0.90819
0.9106800000000004
0.9081900000000002
0.9090200000000004
0.9082100000000004
0.9098000000000002
0.90864
0.9099400000000003
0.9101300000000003
0.9099600000000007
0.9099500000000007
0.9087600000000005
0.9083500000000007
0.9093400000000004
0.9097600000000002
0.90715
0.9086500000000005
0.9088400000000005
0.9097400000000003
0.9092900000000006
0.9095700000000003
0.9080800000000002
0.9073900000000001
0.9093500000000002
0.9077000000000001
0.9090700000000004
0.9073400000000003
0.9115000000000002
0.9097900000000001
0.9083800000000005
0.9074700000000003
0.9095000000000003
0.9112500000000003
0.9092300000000002
0.9082600000000002
0.9093600000000004
0.9089299999999999
0.9095000000000008
0.9087700000000001
0.9097100000000005
0.9099900000000006
0.9096299999999998
0.9090300000000003
0.9083400000000004
0.9080500000000004
0.9097400000000003
0.9081000000000001
0.9094800000000004
0.90841
0.9109400000000004
0.9078700000000004
0.9102900000000003
0.9094300000000005
0.9080200000000005
0.9074700000000003
0.907870000000001
0.9088
0.9071300000000003
0.9101500000000002
0.9078600000000001
0.9098699999999998
0.9082000000000002
0.9097099999999999
0.9089700000000005
0.90857
0.9093700000000001
0.9090800000000006
0.9088400000000001
0.9095900000000006
0.9104700000000002
0.9096100000000004
0.9071200000000004
0.90848
0.9101400000000006
0.9092400000000004
0.9085300000000006
0.9068200000000003
0.9083100000000003
0.9105199999999999
0.9092200000000003
0.9103700000000002
0.9081700000000006
0.9082500000000008
0.9085200000000002
0.9080900000000001
0.9106400000000003
0.9067800000000007
0.9092400000000004
0.9083100000000002
0.9090500000000002
0.9095700000000003
0.9092800000000006
0.9092300000000005
0.9091500000000002
0.9090300000000003
0.9079499999999997
0.9070400000000004
0.9088200000000002
0.9101199999999997
0.9081100000000003
0.9082200000000006
0.9081300000000005
0.9087500000000003
0.9099200000000005
0.9076800000000002
0.9098000000000003
0.9091200000000008
0.9108300000000003
0.9098200000000003
0.9095600000000005
0.9072800000000002
0.9084
0.9100000000000007
0.9094799999999998
0.9095699999999997
0.9088200000000005
0.9091800000000001
0.9089500000000005
0.9092700000000007
0.9097500000000004
0.9097700000000004
0.9084800000000003
0.90983
0.9089400000000003
0.9086600000000002
0.9080600000000001
0.9092699999999999
0.9092100000000003
0.9093000000000007
0.9102200000000003
0.9079300000000008
0.9098900000000001
0.9095799999999999
0.9099000000000003
0.9078600000000003
0.9098000000000005
0.9093900000000003
0.9091100000000003
0.9078300000000009
0.9088500000000005
0.9091600000000004
0.9084800000000005
0.9094400000000001
0.90988
0.9105200000000003
0.9077500000000006
0.9104399999999999
0.9097000000000004
0.9094899999999998
0.9091000000000006
0.9085400000000002
0.9091500000000003
0.9095400000000002
0.9089900000000004
0.9092600000000004
0.90878
0.9086700000000001
0.9098100000000003
0.9087800000000005
0.9096500000000005
0.9097700000000004
0.9084
0.9088500000000004
0.9089700000000004
0.9075300000000006
0.9097300000000004
0.9101400000000001
0.9093700000000005
0.9098400000000006
0.9098300000000004
0.9084800000000003
0.9094900000000004
0.9073900000000005
0.9088700000000006
0.9090800000000004
0.9087800000000003
0.9079400000000003
0.9074700000000004
0.9093200000000004
0.9085000000000004
0.9091700000000005
0.9095900000000001
0.9077500000000004
0.9080300000000002
0.9089400000000007
0.9087700000000005
0.9092600000000006
0.9105100000000006
0.9090700000000004
0.9090600000000001
0.9057200000000003
0.9084500000000004
0.9092900000000003
0.906990000000001
0.9099000000000003
0.90921
0.9107200000000004
0.90853
0.9091900000000004
0.9099000000000003
0.9084800000000005
0.9095700000000003
0.9064900000000005
0.9086900000000006
0.9095200000000001
0.9081100000000005
0.9075500000000002
0.9094900000000004
0.9093600000000002
0.9100100000000002
0.9086900000000006
0.9097600000000001
0.9079600000000003
0.9091100000000004
0.9098500000000003
0.9095100000000008
0.9100300000000004
0.9089800000000006
0.9087300000000001
0.9107600000000005
0.9079100000000005
0.9084400000000005
0.9090000000000003
0.9089900000000007
0.9072700000000005
0.9076200000000003
0.9090000000000005
0.9088200000000002
0.9095000000000003
0.9091399999999998
0.9092200000000004
0.9073300000000006
0.9088400000000004
0.9090500000000001
0.9095400000000001
0.9095700000000008
0.9077500000000006
0.9080400000000003
0.9101600000000003
0.9075700000000003
0.90815
0.9078400000000006
0.9094399999999997
0.9081900000000006
0.90939
0.9092700000000004
0.9089500000000005
0.9098900000000002
0.9095900000000003
0.9095800000000002
0.9085000000000006
0.9088500000000002
0.9089600000000008
0.9076700000000005
0.9092600000000006
0.9110000000000003
0.9091200000000002
0.9110300000000006
0.9095200000000009
0.9083900000000008
0.9102200000000004
0.9072300000000003
0.9086800000000004
0.9099100000000004
0.9099900000000004
0.9098600000000004
0.9093300000000002
0.9097599999999999
0.9076800000000007
0.9100400000000003
0.9091000000000002
0.9092900000000005
0.9084300000000001
0.9098000000000005
0.9079300000000003
0.9111700000000005
0.9081500000000005
0.9097200000000002
0.90886
0.9102500000000003
0.9086100000000006
0.9099500000000001
0.9081400000000006
0.90964
0.9098500000000003
0.9097600000000001
0.9089100000000004
0.9095799999999999
0.9082400000000009
0.9088100000000005
0.9082600000000005
0.9096400000000002
0.9098400000000006
0.9082500000000003
0.9103400000000006
0.9086100000000005
0.9097500000000008
0.9096800000000003
0.9105099999999999
0.9092800000000001
0.9083100000000001
0.9091200000000008
0.9082000000000002
0.9088999999999996
0.9093300000000007
0.9081400000000004
0.9065200000000009
0.9087400000000008
0.9102300000000001
0.9076800000000006
0.9075900000000007
0.9101100000000005
0.9086399999999999
0.9105700000000004
0.9081300000000004
0.9102500000000002
0.9074100000000006
0.9098500000000006
0.9094200000000002
0.9096600000000002
0.9091500000000005
0.9090800000000004
0.9104100000000004
0.9074900000000001
0.9093900000000004
0.9092300000000004
0.9091500000000002
0.9088000000000004
0.9091500000000005
0.9087600000000005
0.9102900000000003
0.9092600000000007
0.90846
0.90957
0.9081900000000003
0.9097200000000004
0.9079900000000007
0.9087200000000003
0.9096900000000006
0.9091500000000007
0.9075500000000005
0.9096600000000002
0.9094200000000005
0.9091800000000003
0.9079000000000008
0.9090700000000003
0.9090200000000006
0.9096000000000005
0.9097800000000003
0.9096400000000006
0.9085600000000003
0.9076700000000002
0.9080899999999998
0.9096900000000006
0.9080700000000002
0.9106000000000004
0.9074900000000004
0.9083200000000009
0.9086400000000008
0.9089800000000001
0.9070100000000002
0.9099800000000002
0.9096400000000006
0.9101199999999998
0.91023
0.9081599999999999
0.9097500000000004
0.9085000000000002
0.9091600000000003
0.9093600000000005
0.9080600000000006
0.9092900000000003
0.9098000000000005
0.9085200000000004
0.9078599999999999
0.9092
0.9084500000000004
0.90815
0.9091300000000004
0.9099500000000006
0.9078899999999999
0.9077400000000004
0.9087999999999999
0.9081900000000005
0.9104400000000002
0.9094400000000005
0.9111100000000002
0.9088500000000005
0.9100600000000005
0.9086600000000007
0.9084900000000006
0.9076300000000005
0.9102500000000002
0.9079100000000002
0.9095600000000005
0.9106800000000007
0.9104000000000003
0.9087300000000004
0.90876
0.90715
0.9093600000000004
0.9090700000000003
0.9076400000000006
0.9097000000000003
0.9093300000000003
0.9087200000000007
0.9099700000000002
0.9101000000000002
0.9068500000000007
0.9092500000000004
0.9093500000000002
0.9088200000000008
0.9109999999999999
0.9092900000000006
0.9093700000000005
0.9095300000000002
0.9090399999999998
0.9089200000000004
0.9090400000000003
0.9093500000000002
0.9090599999999999
0.9074700000000004
0.9083600000000007
0.9080900000000005
0.9088700000000004
0.9078200000000003
0.9086300000000003
0.9087500000000007
0.9091600000000003
0.90863
0.9083100000000005
0.9084000000000007
0.9090900000000005
0.9093700000000002
0.9078300000000002
0.9105000000000001
0.9098100000000008
0.9090100000000001
0.9103500000000004
0.9090100000000005
0.9096300000000005
0.9094900000000002
0.9094100000000003
0.9098200000000007
0.9102000000000006
0.9089600000000003
0.9099700000000007
0.9092400000000005
0.9094500000000003
0.9094200000000003
0.9093200000000004
0.9090600000000001
0.9084400000000001
0.9112200000000005
0.90676
0.9087700000000002
0.9101800000000005
0.9091
0.9091900000000002
0.9097600000000002
0.908890000000001
0.9097000000000003
0.9090000000000005
0.91057
0.9088900000000004
0.9095500000000004
0.9099300000000003
0.9078800000000004
0.9102000000000006
0.9106500000000004
0.9085700000000005
0.9077900000000004
0.9101000000000009
0.90991
0.9109000000000006
0.9073199999999999
0.9081600000000006
0.9095200000000002
0.9090000000000004
0.9091200000000006
0.9110300000000006
0.9083400000000007
0.90768
0.9086600000000002
0.9083700000000001
0.9092500000000001
0.9092400000000005
0.9089600000000008
0.9069900000000005
0.9093500000000003
0.9085500000000003
0.9096000000000004
0.9079500000000006
0.9079800000000003
0.9085300000000003
0.9090599999999999
0.9097200000000005
0.9099600000000003
0.9072900000000002
0.9087100000000006
0.90787
0.9096500000000008
0.90776
0.9095100000000004
0.9090700000000003
0.90986
0.9084899999999999
0.9091300000000008
0.9093600000000006
0.9098700000000004
0.9083499999999998
0.9079500000000007
0.9084700000000002
0.9095300000000003
0.9100300000000003
0.9091000000000002
0.9093200000000007
0.9090000000000004
0.9081600000000007
0.9087100000000004
0.9088600000000003
0.91024
0.9083900000000003
0.9098200000000004
0.9064200000000003
0.9099500000000005
0.9096300000000006
0.9085500000000006
0.9116899999999998
0.90951
0.9075100000000005
0.9092100000000005
0.9101899999999997
0.9087900000000004
0.9104500000000008
0.9079900000000006
0.9094400000000005
0.9102600000000001
0.9085200000000004
0.9086200000000002
0.9090500000000001
0.9097000000000004
0.9089500000000005
0.9099500000000001
0.9078800000000008
0.9100100000000004
0.9097200000000002
0.9093700000000008
0.9095600000000007
0.9100900000000004
0.9089500000000003
0.9102300000000002
0.9094200000000001
0.9075700000000009
0.9088200000000002
0.9076500000000003
0.9080900000000001
0.9089200000000004
0.9095900000000003
0.9077900000000004
0.9098200000000005
0.9107600000000003
0.9077400000000004
0.9082600000000002
0.9088900000000006
0.9111800000000003
0.9090000000000004
0.9085700000000007
0.9107000000000002
0.9083900000000004
0.9089700000000004
0.9082400000000007
0.90896
0.9098700000000002
0.9074800000000006
0.9097700000000002
0.9081700000000003
0.9086100000000006
0.9088300000000005
0.9082300000000003
0.9096000000000005
0.9093600000000002
0.9086300000000002
0.9082800000000004
0.9102800000000008
0.9109999999999999
0.90852
0.9093300000000001
0.9087600000000005
0.9078200000000003
0.9095800000000003
0.9095300000000007
0.9095500000000003
0.9103100000000002
0.9083299999999999
0.9098000000000002
0.9080500000000005
0.9102300000000005
0.90762
0.9109100000000003
0.9090800000000003
0.9093200000000004
0.9101800000000008
0.9097200000000006
0.9089800000000007
0.9102000000000002
0.9097800000000004
0.9105000000000005
0.9092600000000007
0.9096100000000003
0.9099400000000003
0.9078000000000002
0.9093300000000005
0.9096600000000005
0.9099300000000006
0.9095100000000004
0.9100200000000005
0.9085700000000007
0.9083000000000004
0.90876
0.9096300000000006
0.90837
0.9072999999999998
0.9090800000000009
0.9089500000000001
0.9098799999999998
0.9085700000000003
0.9102300000000005
0.90892
0.9087300000000004
0.9093300000000001
0.9081200000000004
0.9082600000000004
0.9090500000000005
0.9073200000000005
0.9090400000000008
0.9083300000000004
0.9092900000000005
0.9086700000000006
0.9089700000000002
0.9088600000000002
0.9090100000000002
0.9087600000000002
0.9085300000000004
0.9093600000000002
0.9088900000000002
0.9098600000000009
0.9089500000000003
0.9093900000000008
0.9095400000000003
0.9086900000000006
0.9074999999999999
0.9078500000000005
0.9098200000000002
0.9118200000000003
0.9084300000000003
0.9095100000000005
0.9089200000000003
0.9077100000000002
0.9099900000000009
0.9091400000000003
0.9089600000000004
0.9088000000000003
0.908780000000001
0.9099600000000002
0.9097700000000004
0.9090100000000001
0.90912
0.9099300000000001
0.9085100000000006
0.9101400000000003
0.9099000000000004
0.9097000000000005
0.9097800000000003
0.9087499999999998
0.9090500000000005
0.9095600000000005
0.9080900000000004
0.9085900000000002
0.9085800000000005
0.908500000000001
0.9093000000000002
0.9097000000000003
0.9088900000000005
0.9103900000000007
0.9097200000000004
0.9096300000000006
0.9097800000000004
0.9105900000000008
0.9092800000000004
0.9092200000000007
0.9087100000000004
0.9082800000000003
0.908990000000001
0.9098400000000002
0.9086500000000006
0.9103000000000001
0.9082100000000001
0.9083999999999999
0.9095000000000006
0.9105400000000006
0.9088200000000005
0.9089200000000005
0.9089900000000002
0.9102000000000001
0.9078400000000003
0.9105400000000006
0.9093800000000002
0.9097999999999996
0.9099100000000006
0.9102399999999998
0.9080200000000004
0.9103600000000002
0.9089600000000004
0.9075400000000003
0.9098900000000006
0.9070900000000006
0.9096800000000006
0.9089600000000005
0.9100400000000003
0.90876
0.9112300000000007
0.9095700000000003
0.90866
0.9093100000000003
0.90818
0.9095500000000005
0.9094800000000004
0.9080000000000007
0.9100000000000003
0.9087700000000004
0.9081500000000007
0.9090600000000005
0.9094000000000001
0.9086300000000002
0.9076600000000004
0.9087800000000006
0.9092100000000005
0.9101899999999997
0.9095300000000007
0.908700000000001
0.9101400000000001
0.9105800000000002
0.9098400000000006
0.9084300000000005
0.9105100000000003
0.9084400000000002
0.9090000000000008
0.9076
0.9079600000000002
0.908810000000001
0.90996
0.9092400000000006
0.9103000000000004
0.9097400000000002
0.9107800000000004
0.9089099999999999
0.9066100000000006
0.9109100000000006
0.9067200000000006
0.9091900000000005
0.9077100000000002
0.9097400000000002
0.9067600000000001
0.9093800000000007
0.9089000000000005
0.9095200000000004
0.9089900000000007
0.9090100000000004
0.9101199999999998
0.9075100000000007
0.9101600000000002
0.9104000000000005
0.9089000000000003
0.9092700000000004
0.90835
0.9096500000000005
0.9088499999999999
0.90869
0.9080200000000004
0.9085200000000002
0.9082599999999998
0.9077200000000003
0.9100500000000002
0.90892
0.9070400000000002
0.9097799999999998
0.9087200000000005
0.9083800000000005
0.9095800000000004
0.9091300000000001
0.9089000000000002
0.9082400000000006
0.9085200000000003
0.9090000000000004
0.9099900000000001
0.9089100000000003
0.9083199999999999
0.9094000000000004
0.9085000000000001
0.9092200000000003
0.9083500000000003
0.9067300000000003
0.9110500000000004
0.9091000000000002
0.910090000000001
0.9095200000000001
0.9084300000000006
0.9092900000000007
0.9085400000000005
0.9088300000000004
0.9109400000000005
0.9095800000000002
0.9094399999999996
0.9085900000000003
