0.19999999999999962
0.9797199999999999
0.9027000000000004
0.9104700000000002
0.9095700000000003
0.9085600000000003
0.9102600000000004
0.9090300000000003
0.9114200000000007
0.9093300000000005
0.9095600000000004
0.9093100000000005
0.9095700000000001
0.91023
0.9084200000000004
0.9097900000000004
0.9085600000000005
0.9090800000000003
0.9088
0.9086900000000003
0.9098400000000008
0.9079600000000002
0.9098700000000001
0.9069600000000005
0.9073300000000006
0.9094800000000004
0.9085000000000005
0.9078600000000003
0.9087400000000001
0.9094999999999998
0.9086600000000005
0.9090200000000003
0.9095900000000001
0.9096900000000003
0.9091100000000002
0.9105500000000003
0.9108200000000001
0.9090900000000005
0.9088000000000007
0.9089600000000004
0.9085900000000003
0.9089700000000004
0.9092500000000007
0.9087400000000007
0.9098500000000007
0.9093800000000004
0.9093800000000004
0.9108500000000003
0.9093400000000003
0.9081400000000001
0.91007
0.9070699999999998
0.9116300000000013
0.9075600000000005
0.9106800000000003
0.9093100000000001
0.9091899999999999
0.90822
0.9096800000000002
0.90786
0.9095800000000003
0.9090700000000005
0.9086300000000007
0.9081100000000005
0.9079700000000007
0.9073800000000005
0.9090600000000008
0.9099800000000005
0.9061400000000005
0.9094100000000006
0.90798
0.9092700000000005
0.9100200000000004
0.9075600000000007
0.9089700000000002
0.9104900000000002
0.9094400000000001
0.9099700000000004
0.9074200000000003
0.9089400000000006
0.9089000000000003
0.9109200000000003
0.9104700000000004
0.90849
0.9103500000000002
0.9094300000000004
0.9071800000000003
0.9099900000000002
0.9092500000000002
0.9091000000000004
0.9105500000000003
0.9094000000000001
0.9091600000000001
0.9093300000000006
0.9086700000000003
0.9073200000000007
0.9094099999999997
0.9089200000000003
0.9081999999999998
0.90959
0.9089400000000005
0.9097500000000003
0.9104500000000008
0.9089100000000003
0.9094299999999998
0.9087900000000001
0.9086100000000004
0.9074500000000002
0.9078799999999998
0.9103800000000005
0.9115100000000003
0.9099900000000002
0.9094200000000007
0.9090699999999999
0.9082800000000004
0.9076900000000003
0.9088900000000005
0.9086900000000001
0.9098800000000001
0.9086900000000003
0.9080100000000002
0.9101900000000002
0.9088900000000005
0.9093900000000004
0.91024
0.9082200000000005
0.9091400000000004
0.9099300000000006
0.9099100000000003
0.9077500000000004
0.9100799999999998
0.9076900000000007
0.9085900000000003
0.9088300000000002
0.9094500000000001
0.9112200000000005
0.9093300000000007
0.9086600000000008
0.9082300000000006
0.9090600000000008
0.9076900000000007
0.9106000000000004
0.9086900000000006
0.9105000000000004
0.9088100000000007
0.9096000000000005
0.9082000000000002
0.9088900000000006
0.910410000000001
0.9086800000000009
0.9092600000000003
0.9089500000000003
0.9087900000000007
0.9110100000000003
0.9067400000000005
0.9088100000000003
0.9094600000000003
0.9084200000000004
0.9082200000000006
0.9084700000000002
0.9100100000000002
0.9104700000000007
0.9089900000000004
0.9081000000000004
0.9070800000000001
0.9087300000000001
0.9097600000000001
0.9108000000000004
0.90983
0.9080600000000004
0.9095000000000006
0.9081400000000001
0.9091300000000008
0.9110700000000003
0.9079000000000002
0.9070700000000006
0.9084200000000006
0.9104800000000004
0.9105100000000002
0.9078100000000004
0.9078600000000004
0.9102000000000002
0.9093200000000005
0.9080900000000003
0.9093800000000003
0.9086000000000003
0.9107400000000002
0.9102500000000004
0.9100999999999999
0.9096599999999997
0.9101000000000008
0.9096400000000002
0.9096700000000005
0.9088100000000005
0.9096600000000008
0.9092900000000003
0.9074000000000001
0.9088300000000004
0.9079700000000004
0.9098700000000002
0.9078500000000004
0.9100900000000004
0.9106100000000003
0.9094999999999999
0.9091900000000003
0.9100600000000003
0.9084600000000003
0.9103200000000007
0.9101200000000006
0.9089300000000005
0.9088900000000002
0.90842
0.9077400000000001
0.9089399999999997
0.9096500000000006
0.9092600000000001
0.9094800000000005
0.9074999999999999
0.9095600000000006
0.9087000000000003
0.9111300000000004
0.9080000000000003
0.9100600000000003
0.9092100000000001
0.9093700000000008
0.9109400000000004
0.9104200000000005
0.9095900000000005
0.9083100000000002
0.9090300000000007
0.9091200000000005
0.9083200000000008
0.9083800000000001
0.9082000000000003
0.9088500000000005
0.9092200000000007
0.9083000000000002
0.90924
0.9105800000000008
0.9084800000000004
0.9105200000000007
0.9081400000000002
0.9097400000000007
0.9070700000000004
0.9086500000000001
0.9098300000000004
0.9092600000000002
0.90882
0.9078800000000002
0.9086400000000006
0.9085400000000001
0.9083600000000004
0.9096400000000004
0.9081400000000004
0.9088400000000008
0.9095900000000005
0.9082400000000004
0.90932
0.9091000000000004
0.9088600000000006
0.9100400000000002
0.9083500000000005
0.9083600000000003
0.9082900000000003
0.9094400000000001
0.9109900000000004
0.9091700000000005
0.9093700000000007
0.9083400000000004
0.90912
0.9092300000000004
0.9088200000000002
0.9072200000000005
0.9094600000000006
0.9096400000000001
0.9098500000000004
0.9086100000000004
0.9102100000000002
0.9082900000000006
0.9085200000000008
0.9086800000000007
0.9102400000000004
0.9089400000000006
0.9091600000000004
0.9070800000000001
0.9086100000000009
0.9101500000000001
0.9094800000000006
0.9100000000000005
0.9083700000000006
0.9096500000000001
0.9087300000000004
0.9095900000000005
0.9092200000000003
0.9091500000000003
0.9083400000000005
0.9092900000000006
0.9085900000000003
0.9082100000000011
0.9100800000000001
0.9096900000000003
0.9100100000000003
0.90902
0.9090500000000007
0.9091600000000004
0.9094800000000002
0.9104900000000005
0.9098900000000006
0.9101800000000001
0.9079900000000005
0.9094700000000006
0.9093900000000006
0.9094800000000002
0.9096000000000004
0.9085900000000006
0.9097100000000005
0.9078099999999999
0.90995
0.9114900000000005
0.9085700000000003
0.9089400000000009
0.9086000000000003
0.9101300000000007
0.9080900000000008
0.9096600000000002
0.9096500000000006
0.9091700000000005
0.9085500000000003
0.9080400000000008
0.90935
0.9095600000000006
0.9097700000000001
0.9088100000000003
0.9082200000000006
0.9083100000000003
0.90781
0.9092300000000003
0.90909
0.9094300000000004
0.9074600000000008
0.9096700000000001
0.9082300000000006
0.90856
0.9081100000000005
0.9078900000000003
0.9085900000000003
0.9080400000000007
0.9088400000000004
0.9094200000000005
0.9095300000000005
0.9097600000000001
0.9078900000000008
0.9091500000000002
0.9093000000000003
0.9097500000000006
0.9096300000000004
0.9093300000000002
0.9064500000000006
0.9090700000000009
0.90948
0.9080000000000001
0.9098200000000002
0.9080700000000002
0.9104100000000004
0.9087800000000007
0.9086100000000005
0.9096600000000002
0.9095700000000002
0.9100400000000006
0.90872
0.9079800000000003
0.9097500000000004
0.9092800000000004
0.9093899999999999
0.9096700000000004
0.9104400000000008
0.9093100000000004
0.9096400000000001
0.9091700000000005
0.9084700000000008
0.9080900000000001
0.9094000000000004
0.9098200000000004
0.9068900000000002
0.9090999999999997
0.9095099999999999
0.9085400000000001
0.9091100000000003
0.9094600000000002
0.9108900000000004
0.9098000000000006
0.9082000000000003
0.9090200000000003
0.9083300000000004
0.9096199999999999
0.9075800000000004
0.9093499999999995
0.9080400000000002
0.9087200000000003
0.9098700000000004
0.9091900000000004
0.9082100000000007
0.9096600000000007
0.9083500000000001
0.9100800000000003
0.9092600000000002
0.9075600000000007
0.90777
0.9084300000000002
0.9092300000000003
0.9081000000000001
0.9079900000000001
0.9084900000000004
0.9085900000000007
0.9092400000000004
0.9090900000000004
0.9090600000000006
0.9070400000000004
0.9086100000000004
0.9099399999999999
0.9089700000000006
0.9075800000000004
0.9087500000000002
0.9097200000000004
0.9096700000000004
0.9106200000000009
0.9084800000000003
0.9085100000000002
0.9087299999999999
0.9096500000000007
0.9086600000000005
0.91022
0.9082000000000005
0.9081899999999998
0.9072800000000002
0.9083900000000008
0.9103400000000006
0.9086700000000004
0.9086700000000006
0.9105800000000005
0.9086000000000003
0.9096500000000003
0.9093600000000005
0.90794
0.90811
0.90893
0.9076500000000006
0.9091100000000004
0.90917
0.9097200000000002
0.9096800000000005
0.9058600000000001
0.9086
0.9101400000000001
0.9100800000000007
0.9086600000000005
0.90758
0.9103700000000003
0.9100100000000007
0.9089200000000004
0.90897
0.90872
0.9095800000000005
0.9090800000000004
0.907
0.9086200000000004
0.9093500000000005
0.9093600000000008
0.9087400000000002
0.9082099999999999
0.9084100000000008
0.9082800000000002
0.9084300000000005
0.9091500000000005
0.9089500000000004
0.9087100000000007
0.9077400000000008
0.9083300000000005
0.9101100000000006
0.9079000000000004
0.9079600000000005
0.9085100000000003
0.9100400000000001
0.9070900000000005
0.9080400000000001
0.9098500000000003
0.9101400000000003
0.9067000000000008
0.9083600000000003
0.9099500000000004
0.9096000000000004
0.9083900000000004
0.9099200000000006
0.9091500000000003
0.9092600000000006
0.9075900000000003
0.9077800000000004
0.9101300000000002
0.9094400000000005
0.9099800000000002
0.9090900000000005
0.9086800000000003
0.9095600000000007
0.9111400000000005
0.9088400000000003
0.9094200000000005
0.9107400000000004
0.9093400000000003
0.90927
0.9096400000000002
0.9085400000000006
0.9097900000000001
0.9086200000000006
0.9104899999999998
0.9099000000000005
0.90889
0.9093100000000001
0.9080399999999998
0.9084500000000009
0.9096800000000003
0.9087400000000005
0.9088700000000003
0.9098800000000005
0.9078500000000008
0.9109100000000001
0.9085300000000003
0.9099500000000005
0.9083400000000001
0.9079500000000007
0.9095099999999999
0.90902
0.9099700000000002
0.9102500000000002
0.9085000000000005
0.90863
0.9099600000000001
0.9083500000000008
0.9092100000000006
0.9089100000000004
0.9103000000000006
0.9086100000000004
0.9081100000000002
0.9100800000000008
0.9093700000000006
0.9101700000000001
0.9096900000000006
0.9095500000000004
0.9102900000000005
0.9109200000000004
0.9085100000000002
0.90834
0.9081699999999999
0.9087700000000006
0.9091300000000005
0.9094500000000008
0.9094700000000006
0.9082000000000005
0.9098300000000004
0.9096300000000003
0.9089600000000005
0.9087100000000002
0.9076800000000003
0.9098800000000006
0.9089300000000006
0.90848
0.9093400000000008
0.9087000000000005
0.9103900000000001
0.9105100000000003
0.9089600000000001
0.90868
0.90932
0.9101200000000006
0.9090400000000001
0.9080100000000003
0.9092299999999999
0.9101400000000001
0.9088700000000007
0.9085000000000005
0.9092300000000004
0.9086800000000008
0.9077300000000001
0.9079500000000005
0.9088500000000005
0.9090700000000003
0.9104200000000001
0.9079900000000005
0.9093600000000004
0.9092700000000002
0.9086600000000001
0.9098600000000004
0.9096300000000003
0.9089800000000001
0.9089200000000003
0.9100000000000001
0.9093100000000003
0.9103000000000004
0.9096400000000002
0.9087099999999998
0.9099600000000008
0.90845
0.9077600000000002
0.9091300000000001
0.9082100000000005
0.9091200000000002
0.9086800000000005
0.9075100000000005
0.9086300000000003
0.90873
0.9087000000000003
0.9092900000000005
0.9082900000000004
0.9087300000000005
0.9089300000000002
0.9082399999999998
0.9098900000000001
0.9081300000000003
0.9109500000000003
0.9102400000000004
0.9114200000000003
0.9071100000000005
0.9089100000000007
0.9093800000000007
0.91054
0.9082000000000008
0.9096500000000001
0.9090700000000007
0.9093800000000003
0.9091600000000004
0.9095500000000001
0.9099400000000003
0.9092700000000002
0.9087500000000004
0.9092300000000004
0.9076500000000008
0.9103400000000004
0.9075699999999998
0.90858
0.9098900000000003
0.9075200000000002
0.9093500000000002
0.9102100000000006
0.9086600000000007
0.9091600000000003
0.9077299999999999
0.90927
0.9094500000000002
0.9088300000000005
0.9082000000000002
0.90984
0.9091500000000002
0.9092900000000003
0.9100000000000007
0.9084700000000003
0.9104100000000004
0.9100900000000003
0.9103000000000004
0.9080500000000005
0.9087200000000005
0.9077800000000005
0.9079700000000008
0.9082000000000005
0.9102899999999998
0.90982
0.9096299999999999
0.9082900000000003
0.9092200000000003
0.9096500000000002
0.9085200000000004
0.9082500000000002
0.9096500000000001
0.9094699999999999
0.9098000000000003
0.9096500000000001
0.9085800000000003
0.9080900000000008
0.9081500000000002
0.9099299999999998
0.9071800000000002
0.9098300000000004
0.9101400000000001
0.9088100000000005
0.9085600000000007
0.9109099999999999
0.9087500000000002
0.9109800000000002
0.9080300000000002
0.9090200000000006
0.9091299999999998
0.9108500000000006
0.9085900000000003
0.9103300000000004
0.9078200000000001
0.9097900000000004
0.9099800000000005
0.9092800000000006
0.9096900000000003
0.9082400000000008
0.9094700000000002
0.9092500000000004
0.9107800000000007
0.9092900000000002
0.9098700000000002
0.9101500000000005
0.9100400000000001
0.9086900000000004
0.9096299999999999
0.9095200000000006
0.9090000000000004
0.91008
0.9090400000000001
0.9071600000000005
0.9095900000000005
0.9080100000000004
0.9076100000000002
0.9091700000000005
0.9095100000000004
0.9099800000000006
0.9085100000000003
0.9095799999999998
0.9092700000000004
0.9070800000000001
0.9095000000000004
0.9091400000000002
0.9073300000000006
0.9083500000000003
0.9094000000000004
0.9093000000000002
0.9101999999999998
0.9091500000000003
0.9082900000000004
0.9081400000000001
0.9075299999999998
0.9102800000000006
0.9072600000000005
0.9106500000000004
0.9086300000000006
0.9099499999999996
0.9079800000000003
0.9086100000000006
0.9081000000000006
0.9085600000000005
0.9090199999999998
0.9080300000000006
0.9078900000000005
0.9090800000000004
0.9103700000000003
0.9093400000000013
0.90862
0.9092100000000003
0.9104000000000003
0.9085700000000004
0.9094300000000005
0.9092900000000003
0.9095500000000003
0.9097900000000004
0.9079800000000007
0.9101600000000002
0.9116200000000002
0.9092300000000005
0.9092300000000002
0.9086699999999999
0.9097300000000006
0.9097500000000003
0.9094399999999997
0.9078700000000004
0.9096000000000005
0.9096800000000005
0.9084400000000004
0.9079400000000003
0.9087200000000005
0.9101700000000005
0.9097200000000002
0.9075100000000004
0.9107100000000001
0.9078500000000005
0.9103200000000006
0.9073900000000009
0.9096900000000006
0.9087700000000002
0.9089100000000007
0.9092400000000005
0.9094400000000005
0.9090300000000004
0.9077000000000005
0.9102900000000003
0.9084700000000003
0.90932
0.9092600000000006
0.9089600000000003
0.90858
0.9094800000000005
0.9081100000000002
0.9100100000000001
0.9095800000000007
0.9094800000000005
0.9085400000000002
0.9098600000000008
0.9078700000000004
0.909
0.90892
0.9096700000000005
0.9095800000000002
0.9089600000000005
0.9089100000000004
0.9085100000000003
0.9100400000000005
0.9094600000000002
0.9089100000000003
0.9104100000000004
0.9094400000000006
0.9087800000000001
0.9100300000000004
0.9088300000000002
0.90941
0.9092100000000005
0.9089200000000004
0.9098600000000003
0.9102100000000006
0.9087600000000005
0.9085100000000002
0.9078700000000002
0.9091900000000004
0.9091000000000006
0.9096400000000006
0.9093900000000003
0.9088200000000005
0.9094099999999998
0.9093100000000004
0.9079100000000007
0.9082000000000003
0.9094300000000003
0.9088900000000011
0.9095700000000001
0.9084600000000002
0.9093600000000005
0.9095200000000006
0.9089000000000005
0.9090100000000005
0.9093800000000004
0.9112400000000005
0.9081200000000001
0.9087200000000007
0.9102000000000003
0.9093500000000002
0.9091600000000001
0.9083400000000006
0.9098000000000003
0.9085200000000002
0.9091000000000001
0.9091800000000002
0.9093600000000001
0.9070200000000006
0.9104400000000006
0.9092000000000007
0.90802
0.9082000000000001
0.9090500000000006
0.9089900000000007
0.90985
0.9101100000000005
0.9099600000000005
0.9075200000000001
0.9092200000000003
0.9085600000000003
0.9087500000000004
0.9088400000000004
0.9118600000000002
0.90845
0.9097800000000005
0.9093000000000002
0.9096000000000006
0.9092799999999999
0.9099300000000007
0.9086399999999999
0.9087100000000004
0.9095800000000004
0.9093200000000001
0.9090600000000003
0.9091000000000001
0.9087400000000008
0.9099700000000006
0.9104000000000003
0.9092199999999999
0.9082000000000003
0.9086200000000005
0.9078000000000002
0.9101000000000002
0.9099500000000004
0.9085199999999997
0.9105800000000004
0.9090700000000004
0.9092200000000003
0.9082500000000009
0.9091700000000005
0.9077400000000004
0.9082500000000002
0.9092900000000007
0.9077900000000005
0.9101000000000005
0.9083900000000006
0.9070600000000006
0.9082300000000002
0.9100000000000007
0.9089500000000003
0.9083600000000004
0.9088999999999998
0.9088800000000005
0.90887
0.9085900000000002
0.90884
0.9086400000000003
0.9094700000000006
0.9088900000000002
0.9096000000000002
0.9087600000000005
0.9083000000000001
0.9101600000000002
0.9092800000000004
0.9098400000000004
0.9082800000000003
0.9107100000000002
0.90905
0.9086900000000006
0.9102100000000003
0.9088400000000001
0.9091000000000006
0.9094200000000005
0.9092500000000007
0.9089800000000003
0.9078700000000004
0.9099900000000004
0.9082500000000004
0.9096400000000001
0.9098900000000001
0.9077300000000008
0.9089300000000001
0.9089300000000002
0.9092100000000003
0.907530000000001
0.9093600000000008
0.9081900000000003
0.9088300000000005
0.9079500000000003
0.908990000000001
0.9089200000000004
0.9079000000000002
0.9089300000000002
0.9094500000000005
0.9087000000000011
0.9087300000000004
0.9067500000000002
0.9094500000000005
0.9104100000000005
0.9092100000000006
0.9095200000000007
0.9095300000000007
0.9079900000000001
0.9087200000000005
0.9085300000000004
0.9105100000000003
0.9089700000000004
0.9094600000000004
0.9096500000000001
0.9094199999999998
0.9074200000000004
0.90952
0.9079400000000005
0.9100100000000003
0.9100100000000004
0.9087000000000005
0.90783
0.90896
0.9081300000000004
0.9067900000000005
0.9100200000000004
0.9095600000000001
0.9092
0.9113300000000009
0.9088100000000001
0.9091700000000003
0.9106600000000005
0.9097300000000001
0.9077400000000009
0.9086000000000004
0.9074800000000002
0.9103800000000004
0.9087500000000003
0.9086000000000005
0.9088900000000002
0.9090600000000003
0.9097300000000003
0.907690000000001
0.90994
0.9092600000000003
0.9087100000000006
0.90828
0.9079800000000006
0.9088100000000003
0.9098500000000004
