0.19999999999999962
0.9343099999999999
0.90494
0.9110400000000003
0.9087800000000001
0.9095100000000003
0.9092600000000006
0.9078900000000009
0.9109400000000002
0.9086900000000007
0.9086600000000001
0.9088000000000003
0.9078800000000007
0.9077600000000003
0.9084400000000005
0.9107100000000008
0.9090300000000002
0.9081500000000002
0.9097800000000003
0.9085000000000002
0.9103200000000002
0.9099400000000005
0.9086600000000002
0.9086800000000007
0.9080400000000003
0.9101300000000003
0.9095800000000002
0.9082400000000003
0.909
0.9090100000000005
0.9086700000000001
0.9084400000000007
0.9090000000000004
0.9103700000000003
0.9092200000000006
0.9092300000000005
0.9091100000000002
0.9094800000000001
0.9097500000000004
0.9089000000000002
0.9083100000000002
0.9080799999999998
0.90888
0.9079600000000008
0.9100100000000003
0.9094200000000007
0.9096100000000004
0.9095600000000006
0.9089100000000002
0.9088700000000003
0.90908
0.9083000000000001
0.9091500000000002
0.9077200000000003
0.9094000000000002
0.9082200000000004
0.9101300000000002
0.9095700000000001
0.9101100000000004
0.9089800000000002
0.9090100000000005
0.9091800000000005
0.90738
0.9105200000000002
0.9080400000000002
0.9096500000000002
0.9088200000000007
0.9088500000000005
0.9085600000000003
0.9079400000000003
0.9104700000000004
0.9083400000000007
0.9099600000000005
0.9077800000000006
0.90856
0.9091000000000009
0.9077500000000005
0.9070500000000006
0.9086000000000002
0.9107400000000005
0.9090700000000003
0.9080100000000002
0.9098000000000007
0.9088100000000007
0.9092300000000003
0.9109300000000005
0.9073500000000001
0.9095500000000001
0.9095200000000004
0.91008
0.9097500000000008
0.9077900000000004
0.9101000000000004
0.9083299999999999
0.9088600000000003
0.9111100000000006
0.9075400000000008
0.9097600000000002
0.9084200000000001
0.9079800000000003
0.9100900000000004
0.9085200000000002
0.9095600000000006
0.9081800000000005
0.9097900000000005
0.90839
0.9109000000000002
0.9099200000000002
0.9091000000000001
0.9093799999999999
0.9086900000000004
0.91042
0.9085400000000005
0.9096600000000004
0.9087900000000002
0.9086500000000002
0.9107200000000004
0.9089800000000006
0.9095200000000007
0.9085900000000001
0.9092700000000004
0.9103600000000007
0.9092800000000004
0.9094400000000005
0.9086100000000004
0.9077500000000007
0.90857
0.9070700000000004
0.9090300000000002
0.9090500000000001
0.9093100000000004
0.9107600000000003
0.9084200000000001
0.9111199999999999
0.9077400000000001
0.9089100000000008
0.9088400000000004
0.9090100000000005
0.9091200000000005
0.9094700000000009
0.9104200000000005
0.9102600000000006
0.9088400000000003
0.9072900000000002
0.9103400000000006
0.9095700000000001
0.9076100000000004
0.9087300000000006
0.9104200000000001
0.9087199999999999
0.9089700000000005
0.9074800000000005
0.9096899999999998
0.9093100000000003
0.9082800000000006
0.90939
0.9081300000000004
0.9090200000000003
0.9083300000000004
0.9093500000000003
0.9082700000000007
0.9082300000000002
0.9106600000000004
0.9100600000000009
0.9106600000000001
0.9096000000000005
0.9101000000000004
0.9094900000000002
0.9079200000000007
0.9092900000000003
0.9082400000000004
0.9103400000000001
0.9107000000000006
0.9087500000000003
0.9085400000000005
0.9114000000000003
0.9097700000000003
0.90911
0.9086200000000001
0.9084500000000001
0.9095400000000001
0.9078800000000008
0.9106100000000004
0.9091000000000002
0.9094000000000004
0.9093000000000004
0.9099800000000003
0.9085500000000001
0.9079300000000005
0.9094700000000002
0.9104800000000003
0.9077500000000001
0.9086700000000006
0.9094100000000005
0.90978
0.9098100000000002
0.9085700000000005
0.9096600000000001
0.9091300000000001
0.9101899999999999
0.9074800000000001
0.90988
0.9089000000000002
0.9092500000000002
0.9078100000000004
0.9084900000000006
0.9091800000000005
0.9084100000000005
0.9072600000000005
0.9097700000000004
0.9098300000000005
0.9100400000000001
0.9105600000000004
0.9094700000000006
0.9080300000000004
0.9091100000000002
0.9096100000000006
0.9077100000000006
0.9090600000000006
0.9095900000000003
0.9099300000000003
0.9078800000000004
0.9102500000000007
0.9075700000000007
0.9099000000000005
0.9094300000000004
0.9099400000000004
0.9093499999999999
0.9085500000000009
0.9096900000000002
0.9086300000000006
0.9092
0.9088000000000005
0.9083400000000004
0.9106500000000003
0.9076100000000007
0.9098300000000006
0.9091900000000003
0.9077200000000003
0.9084800000000002
0.9095200000000004
0.90935
0.9090000000000008
0.9107300000000006
0.9104500000000004
0.9101600000000003
0.9084200000000009
0.9088400000000003
0.90944
0.9094100000000007
0.9101300000000001
0.90801
0.9096400000000007
0.9080400000000006
0.90952
0.9089800000000003
0.9095700000000005
0.9088
0.9089500000000007
0.9082400000000004
0.9096600000000002
0.9081999999999998
0.9109799999999999
0.9094700000000002
0.9093900000000004
0.9093000000000004
0.9105500000000003
0.9089600000000004
0.9097400000000003
0.9089700000000004
0.9101100000000005
0.9101600000000005
0.9084800000000007
0.9098100000000001
0.9090400000000003
0.9078000000000002
0.9087800000000005
0.9091700000000005
0.9111800000000003
0.9094400000000007
0.90947
0.9102300000000004
0.9082100000000001
0.90947
0.9094300000000004
0.9083700000000006
0.9090200000000003
0.9096000000000001
0.90957
0.9090700000000007
0.9081299999999999
0.9098100000000008
0.9087000000000002
0.9089700000000002
0.90956
0.90959
0.9077300000000001
0.9100500000000002
0.9089200000000003
0.9094500000000002
0.90758
0.9092300000000005
0.9096500000000002
0.90909
0.9091000000000006
0.9087300000000004
0.9087700000000005
0.9098200000000005
0.9093000000000003
0.9094100000000002
0.9098200000000004
0.9089400000000002
0.9072600000000003
0.9092200000000003
0.9096300000000004
0.9088800000000008
0.9104400000000002
0.9096300000000004
0.9111900000000002
0.9092500000000004
0.9091300000000002
0.9083100000000002
0.9092600000000001
0.9089200000000006
0.9093500000000005
0.90779
0.9104000000000007
0.9086000000000004
0.9114400000000004
0.9083500000000003
0.9070600000000004
0.9094900000000004
0.9083900000000004
0.9083400000000004
0.9087100000000001
0.9090900000000002
0.9101300000000004
0.9087900000000004
0.9109400000000002
0.9097600000000002
0.9102300000000005
0.9087000000000003
0.9089000000000003
0.9092300000000003
0.9089500000000005
0.91112
0.90849
0.9088400000000005
0.9091500000000002
0.9095200000000004
0.9095400000000007
0.9084100000000005
0.9100800000000003
0.9087300000000004
0.9087000000000001
0.9071500000000003
0.9100800000000002
0.90852
0.9112400000000004
0.9109500000000004
0.9079300000000005
0.9095000000000004
0.9089600000000005
0.9099300000000003
0.9094500000000003
0.9094200000000001
0.9086900000000001
0.9078900000000004
0.9093900000000004
0.9095200000000007
0.9083900000000006
0.9095100000000004
0.9105000000000003
0.9084400000000002
0.9095100000000008
0.9082400000000006
0.9082700000000001
0.90833
0.9083700000000003
0.9077900000000001
0.9091400000000006
0.9083100000000005
0.9106400000000002
0.9095300000000002
0.9101000000000009
0.9087000000000001
0.90903
0.9089999999999999
0.9078500000000005
0.9093399999999999
0.9103700000000007
0.9086600000000001
0.9085300000000005
0.90849
0.9091600000000004
0.9097000000000008
0.9102700000000005
0.9093600000000005
0.9101200000000007
0.9078900000000003
0.9094600000000003
0.9083100000000002
0.9075500000000002
0.9082100000000007
0.9092700000000004
0.9110500000000006
0.907870000000001
0.9094400000000001
0.9100200000000003
0.9090300000000003
0.9082200000000004
0.9118900000000003
0.9077300000000004
0.9090900000000004
0.9094800000000002
0.9101500000000001
0.9088300000000002
0.9089800000000008
0.9100700000000004
0.9096200000000004
0.9088800000000002
0.9087900000000001
0.9108700000000002
0.9090500000000001
0.9101800000000001
0.9088400000000003
0.9092600000000002
0.9091000000000001
0.9091200000000002
0.90995
0.9085900000000003
0.9084400000000004
0.9091900000000004
0.9089400000000006
0.9074100000000006
0.9091600000000006
0.9109300000000005
0.9093800000000003
0.9093000000000003
0.9091900000000005
0.9086699999999999
0.9095300000000005
0.9081700000000003
0.9087600000000003
0.9089300000000002
0.9097200000000006
0.9100000000000008
0.9107000000000004
0.9096300000000003
0.9073300000000004
0.9089700000000006
0.9095400000000008
0.9094000000000002
0.9094400000000001
0.9094800000000007
0.9084500000000001
0.9096500000000005
0.9091300000000004
0.9092400000000004
0.9075400000000005
0.9100400000000002
0.9093400000000006
0.9091
0.9094500000000001
0.9099700000000003
0.9092800000000009
0.9076100000000004
0.9086400000000008
0.9082400000000006
0.9097900000000004
0.9095300000000002
0.9089800000000002
0.9099400000000003
0.9086600000000006
0.9079100000000002
0.9115600000000001
0.9100400000000008
0.9076900000000001
0.9087900000000003
0.9095500000000009
0.90766
0.9100800000000002
0.9084100000000006
0.9093400000000004
0.9096100000000004
0.9090900000000005
0.9103
0.9086900000000003
0.9094800000000005
0.9087900000000003
0.9120800000000001
0.9088800000000002
0.9090600000000003
0.9095600000000006
0.9097400000000002
0.9088900000000002
0.9078700000000005
0.9088700000000002
0.9080000000000001
0.9098200000000005
0.9094
0.9092800000000003
0.9088900000000009
0.9092500000000004
0.9088200000000003
0.9092800000000001
0.9098300000000006
0.9097300000000006
0.9103500000000004
0.9088600000000003
0.9093400000000004
0.9087900000000003
0.9082100000000007
0.9094000000000009
0.9090000000000005
0.9085000000000004
0.9108600000000002
0.908300000000001
0.9075000000000003
0.9096700000000005
0.91043
0.9085700000000004
0.9105800000000009
0.9095400000000003
0.9094400000000001
0.9101600000000001
0.9085700000000007
0.9077000000000004
0.9108400000000002
0.9094200000000003
0.9099000000000008
0.9082200000000004
0.9082100000000004
0.9104700000000004
0.9102400000000002
0.9077300000000004
0.9091200000000002
0.9087000000000002
0.9073400000000004
0.9090700000000005
0.9077700000000004
0.9099500000000004
0.9076700000000002
0.9089000000000007
0.9076200000000005
0.9095200000000002
0.9093000000000001
0.9093300000000001
0.90802
0.9091300000000002
0.9102700000000006
0.9094700000000002
0.9078300000000001
0.9086600000000001
0.9086500000000002
0.9095100000000006
0.9092700000000005
0.9087800000000007
0.90944
0.9086700000000004
0.9094100000000005
0.9101800000000001
0.9096500000000002
0.9092900000000002
0.9068600000000002
0.9082499999999998
0.9093800000000003
0.9082300000000005
0.9095300000000008
0.9096900000000006
0.9073900000000009
0.9099100000000001
0.9084500000000001
0.9092899999999997
0.9090300000000003
0.9099
0.9087100000000002
0.90846
0.9083200000000003
0.9094099999999998
0.9090200000000006
0.9094900000000004
0.9100800000000002
0.9110600000000002
0.9085400000000006
0.9102000000000002
0.9096800000000003
0.9099800000000002
0.90939
0.9088200000000006
0.9083800000000004
0.9088200000000003
0.9088000000000003
0.9080699999999997
0.9091400000000002
0.9088900000000002
0.90882
0.9090700000000007
0.9081900000000003
0.9072800000000002
0.9104400000000001
0.9101400000000005
0.90931
0.9097700000000002
0.9085500000000004
0.9090500000000005
0.9079100000000005
0.9098700000000001
0.9103900000000001
0.9114700000000003
0.9089100000000003
0.9100600000000004
0.9084500000000009
0.9091600000000003
0.9085300000000003
0.9090000000000006
0.9076500000000006
0.9080300000000006
0.9095200000000002
0.9077700000000006
0.9106300000000002
0.9086700000000006
0.9089500000000003
0.9079100000000004
0.9084099999999995
0.9081900000000007
0.9100200000000004
0.9081100000000001
0.9101600000000005
0.9092900000000003
0.9087200000000007
0.9097800000000004
0.9101000000000004
0.9087500000000004
0.9098100000000002
0.90921
0.9096000000000005
0.9080500000000007
0.9092100000000005
0.9094700000000002
0.9100600000000001
0.9070900000000005
0.9092300000000002
0.9085600000000005
0.9086700000000003
0.9080000000000007
0.9087600000000003
0.9098200000000002
0.9087300000000004
0.9086200000000004
0.9080500000000002
0.9088300000000004
0.9084600000000002
0.9080900000000004
0.9091700000000003
0.9087100000000006
0.9102300000000001
0.9101700000000004
0.9080500000000002
0.90888
0.9097900000000004
0.9066700000000005
0.9078
0.9092400000000004
0.9093300000000002
0.9082500000000002
0.9103500000000007
0.90887
0.9082500000000003
0.9094799999999998
0.90983
0.9083400000000005
0.9076900000000002
0.9095500000000004
0.9098699999999998
0.9094200000000007
0.9096200000000003
0.9103200000000007
0.9073100000000004
0.9098500000000012
0.9094800000000002
0.9080300000000007
0.9108800000000001
0.9086600000000007
0.9084400000000008
0.9093299999999997
0.9080400000000008
0.9087000000000001
0.9090400000000003
0.9104099999999998
0.9090100000000004
0.9082600000000005
0.9083
0.9083400000000004
0.9089900000000003
0.9101300000000002
0.9096200000000003
0.9097000000000003
0.9092100000000006
0.9089499999999999
0.90741
0.9092000000000006
0.9081400000000004
0.9112200000000006
0.907
0.9102399999999998
0.9093400000000004
0.9099500000000006
0.9078500000000005
0.9088700000000008
0.9109000000000002
0.9088900000000002
0.9095299999999998
0.9112800000000003
0.908500000000001
0.9093600000000004
0.9078700000000002
0.9086100000000005
0.9075600000000001
0.9084599999999997
0.9088100000000003
0.9086700000000003
0.9087400000000005
0.9097700000000003
0.9096899999999997
0.9079300000000002
0.9075700000000001
0.9096100000000004
0.9094400000000004
0.9091300000000002
0.9095700000000002
0.9080700000000002
0.9088800000000004
0.9100000000000006
0.9077900000000005
0.9097200000000005
0.9090700000000005
0.9091400000000002
0.90805
0.9088700000000003
0.9077200000000002
0.91046
0.9086900000000001
0.9086399999999999
0.9078600000000004
0.9077500000000001
0.9086500000000002
0.9088700000000008
0.9103600000000002
0.9092800000000004
0.9108700000000003
0.9082300000000006
0.9095900000000006
0.9073000000000004
0.9089200000000003
0.9097600000000005
0.9089500000000008
0.9105099999999999
0.9077600000000002
0.9107300000000005
0.9085800000000003
0.9099500000000007
0.9074100000000003
0.9087100000000002
0.9096400000000002
0.9096400000000004
0.9088600000000006
0.9080400000000004
0.9090300000000002
0.9071700000000001
0.9084600000000005
0.9088100000000001
0.9104300000000007
0.9067700000000002
0.9087000000000006
0.9079700000000003
0.9099699999999996
0.9096500000000005
0.9078000000000003
0.9108700000000002
0.9084000000000003
0.9077299999999999
0.9078700000000004
0.9071400000000004
0.9101000000000006
0.9095400000000002
0.9092400000000008
0.9086400000000004
0.9090900000000001
0.9110000000000003
0.9088600000000002
0.9080900000000005
0.9100400000000002
0.9069800000000005
0.9091400000000007
0.9105699999999999
0.9080700000000006
0.9076500000000007
0.9083200000000007
0.9081800000000002
0.9095300000000005
0.9090300000000004
0.9098499999999997
0.90951
0.9096000000000007
0.9087599999999996
0.9092400000000006
0.9104900000000004
0.9083599999999998
0.9104400000000006
0.9100500000000004
0.9086800000000004
0.9086900000000004
0.9091200000000004
0.9089100000000001
0.9103200000000001
0.90692
0.9110600000000004
0.9097900000000001
0.9080500000000005
0.9098300000000005
0.9098599999999999
0.9094100000000003
0.9080800000000001
0.9084600000000005
0.9092700000000004
0.9083500000000007
0.9076100000000001
0.9088100000000006
0.9102200000000004
0.90988
0.9087400000000003
0.9089400000000009
0.9089300000000006
0.90857
0.9092300000000002
0.9091000000000001
0.90707
0.9105800000000004
0.9087300000000007
0.9087299999999999
0.9093900000000004
0.9097800000000004
0.9084900000000005
0.9092400000000004
0.9088500000000004
0.9091800000000003
0.90944
0.9096000000000005
0.9094700000000002
0.9079800000000003
0.90983
0.9094200000000007
0.9083200000000002
0.9083200000000007
0.9085400000000002
0.9090999999999997
0.9107100000000007
0.9085200000000002
0.9089600000000003
0.91018
0.9093100000000004
0.9092900000000005
0.9102900000000012
0.9102900000000004
0.9091300000000004
0.9097000000000002
0.9100300000000007
0.9105100000000005
0.9074400000000001
0.9091600000000006
0.9103200000000007
0.9101200000000003
0.9081400000000005
0.9081600000000007
0.9086400000000002
0.9062300000000002
0.9095700000000003
0.9086000000000003
0.9081400000000002
0.9089400000000001
0.9094100000000003
0.90939
0.9083300000000001
0.9099300000000001
0.9085000000000008
0.9101400000000003
0.9096800000000003
0.9093600000000001
0.9087300000000006
0.9095400000000003
0.9086700000000002
0.90971
0.9097000000000005
0.9091299999999998
0.9100099999999999
0.9075399999999999
0.9079500000000001
0.9078200000000003
0.9107600000000001
0.9069400000000002
0.9099200000000003
0.9070400000000006
0.9089200000000006
0.9101400000000001
0.9097100000000004
0.9084300000000001
0.9084400000000002
0.9084200000000001
0.9098500000000002
0.9091600000000003
0.9094400000000006
0.9076800000000002
0.9082300000000008
0.9090300000000003
0.9109500000000006
0.90802
0.9104900000000009
0.9086300000000002
0.9081100000000005
0.9103300000000009
0.9086100000000008
0.90915
0.9083400000000006
0.9108800000000005
0.9089499999999999
0.9070100000000005
0.9101700000000003
0.9089600000000003
0.9085400000000002
0.9081600000000001
0.9092700000000005
0.9081600000000004
0.9086400000000002
0.9085700000000005
0.9083100000000006
0.9077700000000003
0.9084700000000007
0.9088400000000004
0.9102200000000004
0.9081200000000001
0.9104800000000003
0.9090900000000005
0.9090000000000003
0.9090600000000005
0.90747
0.9091300000000002
0.9086200000000008
0.9085100000000004
0.9106000000000006
0.9097000000000003
0.9093600000000008
0.9088899999999995
0.9095100000000004
0.9094600000000003
0.90961
0.9096600000000005
0.9088300000000002
0.9100400000000001
0.9084800000000003
0.9099000000000005
0.9099200000000002
0.9089800000000003
0.9099900000000001
0.9082900000000008
0.9080300000000002
0.9084600000000006
0.9107600000000007
0.9096000000000005
0.9092600000000004
0.9086400000000004
0.9102800000000002
0.9077000000000005
0.9096400000000004
0.9100700000000002
0.9093100000000004
0.9092300000000005
0.9101800000000004
0.9096200000000003
0.9092600000000003
0.9098900000000003
0.9094300000000003
0.9097299999999998
0.90896
0.9080199999999999
0.9084400000000005
0.9090900000000002
0.9093200000000005
0.9102900000000002
0.9091800000000001
0.9096200000000007
0.9088500000000005
0.9094600000000004
0.9101900000000005
0.9106000000000003
0.9095800000000003
0.9083100000000003
0.9079700000000004
0.9103400000000005
0.9096100000000001
