0.19999999999999962
0.9514899999999996
0.9038600000000002
0.9073800000000002
0.90864
0.9102400000000006
0.9086000000000005
0.9101200000000003
0.9085300000000003
0.9111399999999997
0.9090800000000001
0.9088600000000003
0.9111400000000001
0.9090900000000004
0.9086900000000003
0.9063500000000003
0.9085800000000007
0.9069100000000002
0.9092400000000005
0.9095600000000004
0.9089000000000005
0.9100999999999999
0.9094700000000006
0.9096200000000003
0.9084300000000005
0.9106100000000004
0.9092100000000006
0.9090600000000001
0.9097800000000007
0.9079200000000003
0.9091499999999998
0.9095300000000001
0.9091300000000007
0.9100100000000007
0.9100200000000003
0.9086799999999999
0.9102900000000005
0.9084100000000004
0.9091200000000002
0.9093200000000004
0.9096700000000005
0.9088500000000002
0.9093100000000001
0.9098200000000005
0.9082300000000005
0.9087999999999998
0.9104500000000002
0.9096800000000005
0.9090600000000006
0.9087000000000005
0.9082300000000002
0.9091300000000004
0.9095100000000004
0.9098600000000006
0.9088800000000002
0.9094600000000003
0.9091300000000007
0.9099300000000009
0.9091100000000003
0.9090900000000006
0.9075900000000005
0.9093900000000004
0.9088300000000002
0.9093400000000006
0.9073399999999999
0.9071000000000001
0.9105199999999999
0.9097700000000002
0.9088900000000009
0.90861
0.9097200000000004
0.9086500000000002
0.9074900000000004
0.9081700000000005
0.9093700000000001
0.9101699999999999
0.9093700000000005
0.9090600000000008
0.9090700000000008
0.9086800000000003
0.90923
0.9078700000000001
0.9091200000000004
0.90902
0.9085600000000003
0.9099000000000003
0.9088900000000002
0.9083100000000006
0.9104100000000008
0.9094500000000008
0.9085100000000006
0.9090700000000005
0.9085499999999999
0.90788
0.9094100000000003
0.9102800000000001
0.9095200000000004
0.9081500000000002
0.9087700000000005
0.9089900000000006
0.9113500000000002
0.9083300000000003
0.9109200000000003
0.9086600000000005
0.9099000000000005
0.9081100000000005
0.9096100000000004
0.9101000000000006
0.9088700000000006
0.9094
0.90877
0.9089800000000003
0.9083800000000001
0.9076800000000003
0.9087100000000007
0.9090000000000004
0.9082400000000006
0.9087100000000004
0.9090900000000005
0.9072200000000008
0.9105500000000005
0.9096600000000002
0.9076200000000005
0.91
0.9093000000000001
0.9088500000000006
0.9090500000000001
0.9076600000000006
0.9084500000000009
0.9094500000000003
0.9083500000000003
0.9099400000000004
0.9094200000000005
0.9090800000000006
0.9082000000000003
0.90861
0.9095400000000005
0.9082500000000004
0.9086300000000004
0.9078400000000002
0.90822
0.9093700000000005
0.90937
0.9081200000000004
0.9104700000000004
0.9088500000000005
0.9095600000000001
0.9068000000000008
0.9108500000000005
0.9072200000000004
0.90915
0.91082
0.9090600000000005
0.9083500000000001
0.9079900000000001
0.9097000000000005
0.9089600000000004
0.9071500000000008
0.9087100000000004
0.9083800000000005
0.9099000000000004
0.9088900000000001
0.9090500000000002
0.9076900000000002
0.9082500000000004
0.9096100000000003
0.9096800000000006
0.9100300000000006
0.9096600000000004
0.9094300000000007
0.9089800000000003
0.9106099999999998
0.9084600000000007
0.9091900000000005
0.9080500000000002
0.9091100000000005
0.9091700000000007
0.90917
0.9088799999999999
0.9088800000000004
0.9083800000000001
0.9101600000000003
0.9091900000000002
0.9109700000000003
0.9089500000000001
0.9110300000000003
0.9092800000000006
0.9090500000000006
0.9083900000000003
0.9092700000000005
0.9085800000000005
0.9103100000000002
0.9090700000000002
0.9080300000000002
0.9076900000000004
0.9085500000000006
0.9089100000000009
0.9091700000000007
0.9091099999999998
0.9089000000000003
0.9098400000000002
0.9091500000000005
0.9097700000000002
0.9073700000000001
0.9100400000000005
0.9089400000000005
0.9087600000000006
0.9094900000000001
0.9092900000000003
0.9096200000000004
0.9084799999999998
0.91159
0.9089200000000004
0.90819
0.9084300000000003
0.9087500000000002
0.9096400000000004
0.9085800000000003
0.9112399999999999
0.9079000000000004
0.9093700000000005
0.9095700000000003
0.9104700000000002
0.9086600000000001
0.9096300000000006
0.9095600000000005
0.9116199999999998
0.9081999999999999
0.9089800000000007
0.9113099999999998
0.9079000000000006
0.9087900000000007
0.9098300000000005
0.9098700000000004
0.9086700000000004
0.9097500000000006
0.9094900000000001
0.9095100000000009
0.9090100000000002
0.9096500000000003
0.9082100000000004
0.9088099999999999
0.9089300000000001
0.9082700000000002
0.9112400000000005
0.90912
0.9089100000000008
0.9106800000000003
0.90852
0.9083099999999998
0.9092700000000004
0.9085300000000003
0.9093100000000005
0.9094600000000004
0.9076400000000001
0.9104700000000002
0.9081100000000006
0.9093500000000002
0.9095300000000003
0.9082100000000004
0.9078800000000004
0.9092400000000006
0.9101000000000004
0.9090000000000003
0.9102000000000001
0.9081199999999998
0.9096400000000006
0.90882
0.91071
0.9088600000000001
0.9097100000000004
0.9096000000000001
0.9102700000000005
0.9077100000000006
0.9080600000000006
0.9099600000000005
0.9083200000000003
0.9098700000000004
0.9101800000000004
0.9087900000000002
0.9090800000000006
0.9114900000000002
0.9080199999999999
0.9105400000000001
0.9090500000000006
0.9090200000000003
0.90713
0.90956
0.9085700000000004
0.9088799999999999
0.9097799999999998
0.9090100000000007
0.9101000000000002
0.9084600000000003
0.9087500000000003
0.90935
0.9088600000000007
0.9084100000000004
0.9083700000000008
0.9099100000000007
0.9081800000000004
0.9103300000000005
0.9067100000000009
0.9098499999999998
0.9099800000000006
0.9087500000000002
0.9074700000000007
0.9095300000000006
0.9086300000000004
0.9095500000000003
0.9090099999999999
0.90834
0.90814
0.9091800000000003
0.9073700000000001
0.9089000000000005
0.9099400000000003
0.9076900000000001
0.9092200000000006
0.907870000000001
0.9102500000000002
0.9091700000000001
0.9086600000000001
0.9088400000000003
0.9106600000000001
0.9089900000000007
0.9100900000000006
0.9099100000000007
0.9087100000000007
0.9094800000000001
0.9094000000000002
0.9085500000000003
0.9095700000000003
0.9091000000000004
0.9107000000000007
0.9084300000000003
0.9075800000000004
0.9094100000000002
0.9085000000000001
0.9097300000000004
0.9099400000000002
0.9106900000000003
0.9086500000000004
0.9091000000000001
0.9097500000000006
0.9088300000000008
0.9091100000000003
0.9098699999999998
0.9092700000000007
0.9085100000000004
0.9096700000000005
0.9085700000000005
0.9091700000000005
0.9096199999999999
0.9090299999999999
0.9091200000000006
0.9096400000000007
0.9075799999999999
0.9096900000000001
0.9072399999999997
0.9088900000000001
0.9086300000000004
0.90727
0.9094200000000001
0.90904
0.9091000000000002
0.9076500000000004
0.9079600000000005
0.9099400000000003
0.9077200000000003
0.9079900000000006
0.9098100000000001
0.9095200000000004
0.9086500000000004
0.9078300000000006
0.9099000000000008
0.9088200000000003
0.9089700000000001
0.9094200000000003
0.90881
0.9101200000000003
0.9090800000000003
0.9104400000000002
0.9090100000000004
0.9103200000000006
0.9084700000000006
0.9097800000000004
0.9086900000000003
0.9090000000000005
0.9105400000000003
0.9099900000000004
0.9087800000000001
0.9077500000000004
0.9096500000000003
0.9089800000000002
0.9080700000000003
0.9086800000000003
0.9082300000000001
0.9085000000000005
0.9087400000000002
0.9087099999999999
0.9079999999999998
0.9097100000000005
0.9095400000000008
0.9087299999999999
0.90885
0.9082800000000002
0.9099500000000005
0.9086700000000004
0.9089400000000002
0.9078900000000004
0.9096700000000003
0.9091200000000005
0.9088800000000002
0.9088500000000004
0.9104900000000002
0.9073600000000005
0.9085900000000001
0.9093900000000005
0.9079300000000002
0.90823
0.9072000000000007
0.9097700000000007
0.9092400000000006
0.9101300000000003
0.9086200000000006
0.9091100000000004
0.9094400000000001
0.9100900000000003
0.9099500000000004
0.9076900000000003
0.9086400000000006
0.9098000000000006
0.9088200000000005
0.9090600000000003
0.9101300000000003
0.9080600000000001
0.90985
0.9082400000000003
0.90766
0.9088500000000005
0.9089100000000004
0.9074200000000006
0.9095400000000003
0.9092300000000005
0.9090100000000005
0.9094500000000003
0.9087900000000003
0.9098900000000004
0.9099500000000005
0.9084200000000004
0.9082300000000005
0.9090800000000003
0.9081400000000004
0.9083500000000001
0.9088400000000003
0.9099600000000002
0.9098300000000001
0.9083900000000004
0.90848
0.9089400000000003
0.9104000000000005
0.909
0.9085900000000002
0.9081300000000004
0.9078300000000005
0.9094900000000004
0.9073500000000003
0.9100999999999998
0.9073900000000005
0.9095400000000002
0.9108800000000005
0.9087800000000001
0.9082200000000007
0.9081100000000007
0.9103100000000002
0.9100000000000007
0.9096600000000002
0.9086700000000003
0.9108800000000004
0.9092400000000002
0.9091900000000005
0.9075800000000004
0.9086300000000008
0.9083500000000001
0.9097800000000004
0.9084600000000005
0.9100800000000002
0.9094900000000004
0.9077700000000009
0.9098000000000002
0.9091800000000002
0.9080900000000003
0.90961
0.908730000000001
0.9100000000000005
0.90932
0.9088100000000003
0.90923
0.9090100000000002
0.9092700000000005
0.9101300000000008
0.9078199999999995
0.9095300000000006
0.9074400000000006
0.9084000000000003
0.9092900000000003
0.9089800000000006
0.9098800000000006
0.9090500000000006
0.9097300000000001
0.9086900000000006
0.9093200000000004
0.90915
0.9099800000000005
0.9087000000000002
0.9096600000000001
0.9095800000000003
0.9107800000000001
0.9092800000000005
0.9096800000000006
0.9080500000000007
0.9104900000000008
0.90968
0.9075500000000004
0.9097000000000003
0.9095600000000005
0.9099100000000007
0.9097700000000006
0.9094900000000001
0.9081100000000006
0.9084200000000006
0.9095400000000007
0.9097600000000001
0.9076500000000006
0.9095900000000005
0.9096800000000009
0.9102500000000003
0.90739
0.9096400000000004
0.9071500000000006
0.9098500000000002
0.9085100000000007
0.9093400000000003
0.9092500000000004
0.9103200000000004
0.9100900000000002
0.9079200000000007
0.9080300000000001
0.9076200000000008
0.9086
0.9094900000000002
0.9090000000000004
0.9104500000000004
0.9074500000000008
0.90935
0.9083600000000003
0.9094200000000005
0.9087400000000005
0.9078800000000001
0.9095600000000007
0.9088800000000002
0.9101500000000009
0.9094900000000006
0.9094100000000002
0.9078000000000007
0.9079100000000001
0.9097200000000004
0.9083
0.9094400000000004
0.9084100000000006
0.9083100000000005
0.9089800000000002
0.9093600000000004
0.9087900000000003
0.9093400000000006
0.9101700000000004
0.9085800000000002
0.9109300000000001
0.9078500000000002
0.90998
0.9088300000000005
0.9080600000000003
0.90908
0.9097300000000004
0.9075600000000008
0.9088900000000009
0.9086200000000006
0.9091900000000003
0.91025
0.9070300000000006
0.9097400000000004
0.9090500000000005
0.9101700000000001
0.9094500000000001
0.9089200000000004
0.9086900000000004
0.9093000000000004
0.9082500000000004
0.9093399999999999
0.90789
0.9093400000000001
0.9100699999999999
0.9081400000000004
0.9091400000000006
0.9081700000000003
0.9103800000000006
0.9084100000000005
0.90869
0.9097099999999999
0.9089800000000002
0.9087200000000005
0.9103000000000001
0.9082200000000006
0.9103600000000004
0.9095700000000001
0.9086699999999999
0.9089400000000005
0.9078000000000002
0.9104000000000002
0.9066800000000008
0.9092000000000003
0.9090000000000004
0.9083200000000002
0.9103000000000009
0.9087400000000012
0.9083
0.9099100000000003
0.9085700000000001
0.9080499999999999
0.9080200000000002
0.9097700000000002
0.9088600000000002
0.9096400000000004
0.9092600000000006
0.9080300000000004
0.9100100000000009
0.9092800000000004
0.910630000000001
0.9083600000000004
0.9089500000000007
0.9088400000000001
0.9089400000000006
0.9096300000000004
0.9085300000000003
0.9091600000000005
0.9101100000000004
0.9087100000000004
0.9095500000000001
0.9088600000000006
0.90884
0.9098500000000006
0.9086099999999998
0.9090800000000006
0.9098800000000006
0.9107000000000007
0.9091500000000007
0.9100800000000003
0.9100800000000003
0.9088800000000005
0.9093300000000002
0.9087199999999999
0.9089899999999999
0.9085600000000004
0.9095799999999998
0.9072700000000005
0.90924
0.9095100000000003
0.9071000000000002
0.9097800000000004
0.9086200000000001
0.9085700000000005
0.9081400000000005
0.9102000000000003
0.9079100000000004
0.9088600000000003
0.9087700000000004
0.9099200000000003
0.9103700000000002
0.9102400000000007
0.9094200000000003
0.9089200000000008
0.9097900000000004
0.9099500000000004
0.9087199999999999
0.9087900000000004
0.9083800000000002
0.9089000000000003
0.9086700000000008
0.9089300000000005
0.9084199999999999
0.9100100000000004
0.91024
0.9095600000000004
0.9089500000000008
0.9077400000000004
0.9099000000000005
0.9097500000000006
0.9106600000000005
0.9100800000000001
0.9088200000000006
0.9087800000000001
0.9090500000000001
0.9094100000000003
0.9095400000000003
0.9088600000000007
0.9086200000000005
0.9087400000000005
0.9098600000000004
0.9093800000000006
0.9087800000000003
0.9091000000000004
0.9107200000000006
0.9089000000000005
0.9067400000000003
0.9097800000000004
0.90864
0.9096400000000006
0.9088500000000002
0.9084000000000004
0.9095600000000001
0.9092599999999998
0.9081800000000004
0.9082900000000006
0.9102699999999999
0.9110400000000005
0.9091000000000002
0.9093300000000006
0.9089599999999998
0.9064900000000005
0.9094300000000004
0.9085500000000006
0.9104700000000002
0.9088400000000003
0.9078200000000003
0.9100500000000005
0.91004
0.9105000000000004
0.9091000000000002
0.9083400000000001
0.9092300000000005
0.9092400000000005
0.9090700000000004
0.90933
0.9083200000000003
0.9071900000000003
0.9086000000000003
0.90936
0.9081
0.9079200000000004
0.9093200000000006
0.9077200000000006
0.9076000000000002
0.9087700000000005
0.9077700000000007
0.9111500000000002
0.9090500000000006
0.9082700000000001
0.9083800000000002
0.9087
0.91113
0.9081700000000008
0.9084300000000003
0.9089800000000003
0.9091199999999999
0.9088400000000003
0.9081600000000004
0.9095300000000002
0.9099700000000004
0.90921
0.9092300000000004
0.9099200000000003
0.9083000000000002
0.9073500000000003
0.9107500000000003
0.9075500000000005
0.9091100000000002
0.9086600000000006
0.9085500000000001
0.9097100000000008
0.9074600000000005
0.9099300000000003
0.9079400000000006
0.9098100000000003
0.9094200000000005
0.9085000000000006
0.9093500000000002
0.90933
0.9087200000000003
0.9089400000000007
0.9095700000000003
0.90908
0.90983
0.9081200000000004
0.9092100000000002
0.90869
0.9095300000000002
0.9092900000000002
0.9084700000000003
0.9089500000000003
0.9096500000000003
0.9097300000000008
0.9094000000000005
0.9096700000000004
0.90828
0.9086100000000004
0.9080700000000006
0.9082600000000005
0.9096500000000007
0.9099500000000005
0.9074800000000007
0.9077700000000003
0.9097400000000009
0.9086300000000006
0.9104300000000002
0.9082200000000005
0.9094000000000001
0.9095300000000005
0.9085500000000003
0.90756
0.9091400000000004
0.9078300000000006
0.9085700000000001
0.9093400000000003
0.9091600000000003
0.9093400000000004
0.9102100000000002
0.9094400000000004
0.9082600000000004
0.9091400000000002
0.9089800000000001
0.9112900000000005
0.9106700000000006
0.9068400000000003
0.9092900000000006
0.9087600000000003
0.9087300000000001
0.9086100000000001
0.9103000000000006
0.9085199999999999
0.9078000000000003
0.9103800000000005
0.9067800000000003
0.9094599999999998
0.9082800000000006
0.9097599999999999
0.9083500000000003
0.9080900000000003
0.9104200000000007
0.9098800000000005
0.9093900000000005
0.9109100000000001
0.9088000000000004
0.9090600000000006
0.90957
0.9079600000000003
0.9071500000000006
0.9112000000000008
0.9087200000000003
0.9102200000000004
0.9093500000000005
0.9090300000000004
0.9089400000000003
0.9075300000000004
0.9094200000000003
0.9082000000000001
0.9091100000000002
0.9082800000000003
0.9090200000000002
0.9099700000000004
0.9091400000000007
0.9074500000000004
0.9077700000000003
0.9090700000000002
0.9096400000000002
0.90917
0.9088800000000006
0.9102800000000001
0.9083900000000001
0.9105300000000003
0.9094800000000004
0.9111900000000006
0.9092400000000002
0.9083700000000005
0.9102500000000003
0.9094600000000006
0.9111700000000004
0.9102100000000003
0.9082400000000009
0.9078700000000004
0.9093200000000006
0.9106200000000001
0.9094300000000003
0.9079500000000005
0.9096600000000005
0.9081800000000001
0.9080400000000002
0.9102199999999999
0.9096300000000005
0.9094400000000005
0.9091200000000004
0.9091900000000002
0.9104800000000006
0.9098500000000002
0.9081200000000004
0.9088800000000006
0.90882
0.9084200000000001
0.9101100000000002
0.9086400000000002
0.9108200000000002
0.9098700000000005
0.9093300000000006
0.909230000000001
0.9083400000000006
0.9092700000000008
0.9088300000000002
0.9091699999999999
0.9101400000000001
0.9090300000000003
0.9094400000000004
0.9078700000000006
0.9095500000000005
0.9085200000000004
0.9081100000000003
0.90814
0.9086400000000003
0.9077999999999998
0.9085300000000004
0.9091200000000004
0.9101200000000008
0.9098900000000004
0.9078200000000004
0.9099400000000003
0.9093900000000004
0.9083100000000005
0.9095800000000005
0.9110100000000004
0.9088400000000001
0.90853
0.9090000000000005
0.9090000000000011
0.9084300000000006
0.9101800000000001
0.9100499999999999
0.9106399999999999
0.9087500000000003
0.9104900000000007
0.9070900000000006
0.9097500000000003
0.9090600000000005
0.9098200000000003
0.9082500000000002
0.9080200000000008
0.9107400000000004
0.9100900000000004
0.9094100000000006
0.9091300000000005
0.9079800000000001
0.9111100000000006
0.9088700000000006
0.9094100000000007
0.9088800000000004
0.90972
0.9105200000000002
0.9082200000000006
0.9081699999999999
0.9097600000000002
0.9080800000000001
0.909310000000001
0.9093300000000005
0.9107900000000001
0.9088100000000005
0.9091400000000004
0.9082300000000001
0.90793
0.9099500000000001
0.909150000000001
0.9094700000000006
0.90911
0.9104599999999999
0.9110500000000006
0.9087800000000005
0.9090000000000005
0.9103700000000002
0.9088600000000006
0.9098
0.9097800000000005
0.9093699999999997
0.9097100000000005
0.9085100000000003
0.9093400000000004
0.9088600000000003
0.9104100000000003
0.9103100000000001
0.9084100000000005
0.9079700000000004
0.9079700000000002
0.9097900000000003
0.908380000000001
