0.19999999999999962
0.9596399999999994
0.9042800000000001
0.9091199999999999
0.9087500000000004
0.9100600000000005
0.9092800000000001
0.9098000000000002
0.9083400000000005
0.9074500000000002
0.9086500000000004
0.9089500000000007
0.9094400000000005
0.9085100000000003
0.9092200000000004
0.9097400000000007
0.9099900000000002
0.9082400000000008
0.9071400000000005
0.9100500000000001
0.9106000000000006
0.9076600000000005
0.9103400000000005
0.9100600000000004
0.9097700000000004
0.9090700000000003
0.9086600000000002
0.9071600000000004
0.9094700000000006
0.9083500000000005
0.9073700000000002
0.9096700000000001
0.9090199999999998
0.90866
0.9100500000000001
0.9093600000000008
0.9086700000000006
0.9100900000000003
0.9090300000000004
0.9086
0.9097800000000009
0.9102200000000005
0.9091499999999999
0.9085900000000003
0.9083400000000004
0.9101400000000003
0.9092400000000006
0.9097400000000003
0.9076300000000002
0.9104600000000005
0.9107300000000005
0.9094900000000004
0.9084100000000004
0.9086900000000003
0.9086900000000001
0.9064400000000004
0.9094200000000007
0.9093500000000004
0.9090300000000003
0.9092000000000009
0.9080800000000004
0.9094600000000007
0.9097800000000005
0.9094500000000003
0.9112900000000005
0.9090300000000003
0.9099600000000002
0.9101600000000005
0.9104100000000003
0.9093400000000004
0.9077800000000003
0.9092100000000003
0.9093700000000005
0.9080800000000004
0.9076200000000001
0.9074300000000004
0.90957
0.9102700000000001
0.9090500000000006
0.9101100000000004
0.9089400000000005
0.9069300000000006
0.9104600000000005
0.9084900000000004
0.9106800000000006
0.9094100000000006
0.9080400000000004
0.9087200000000002
0.9095000000000006
0.9099400000000005
0.9105500000000003
0.9093400000000007
0.9097300000000003
0.9087600000000005
0.9090600000000001
0.9099300000000002
0.9093300000000006
0.9084700000000003
0.9098400000000005
0.9084800000000004
0.90983
0.9097499999999995
0.9090100000000002
0.9086800000000005
0.9092300000000003
0.9067200000000004
0.9090300000000004
0.9080800000000004
0.9067100000000002
0.9094500000000003
0.9095300000000005
0.90753
0.9085800000000012
0.9086700000000003
0.90899
0.9110700000000003
0.9104400000000004
0.9108000000000002
0.9089100000000001
0.9098000000000002
0.9085300000000001
0.9087700000000009
0.9092700000000007
0.9083800000000004
0.9090500000000005
0.9102900000000007
0.9079300000000005
0.9088200000000001
0.9082699999999998
0.9088000000000005
0.9114200000000003
0.9086200000000002
0.9097100000000001
0.9092600000000007
0.9076400000000002
0.9090300000000002
0.9091199999999995
0.9080699999999997
0.9097
0.90848
0.9092300000000008
0.9095600000000005
0.9080500000000009
0.9092100000000006
0.9088700000000004
0.9078000000000003
0.9082300000000002
0.9088700000000002
0.90939
0.9106100000000003
0.9091100000000004
0.9082300000000003
0.9083200000000008
0.9090200000000004
0.9090600000000005
0.9100100000000007
0.9089500000000001
0.9086700000000003
0.9098300000000004
0.90924
0.9094800000000001
0.9069200000000005
0.9094300000000005
0.9086100000000005
0.9096800000000006
0.9091300000000004
0.9067400000000001
0.90774
0.9089000000000006
0.9096099999999997
0.9085299999999998
0.9090300000000003
0.9086100000000001
0.9091100000000002
0.9096600000000005
0.9077100000000002
0.9083400000000001
0.9096500000000007
0.9118300000000003
0.9085500000000003
0.9095700000000008
0.9083800000000007
0.9095600000000001
0.9081800000000007
0.9090100000000005
0.9088000000000005
0.9088900000000006
0.9112200000000006
0.90853
0.9093300000000003
0.9098199999999999
0.9108000000000002
0.9085500000000002
0.9100900000000006
0.9082900000000008
0.9096900000000003
0.9082000000000005
0.9089800000000008
0.9080400000000002
0.9105000000000001
0.9095400000000005
0.90924
0.90997
0.9087000000000002
0.9084100000000003
0.9089000000000005
0.9074400000000002
0.9095500000000004
0.9090100000000002
0.9095900000000005
0.9099200000000001
0.9078500000000007
0.9100400000000001
0.9099800000000008
0.90903
0.9089000000000003
0.9090100000000004
0.9098300000000006
0.9093200000000001
0.9104900000000004
0.9078900000000002
0.9078800000000002
0.9083700000000001
0.9103400000000001
0.9103400000000004
0.9097700000000002
0.9077200000000005
0.9107500000000002
0.9081199999999997
0.9095899999999999
0.9092700000000002
0.9086800000000004
0.9086600000000005
0.9094000000000001
0.9087500000000002
0.90928
0.9104200000000007
0.9095500000000007
0.9093400000000007
0.9082600000000001
0.9102700000000006
0.9091400000000002
0.9085300000000005
0.9077900000000005
0.9091000000000002
0.9082100000000001
0.9094
0.9102800000000001
0.9086200000000006
0.9090100000000001
0.9088000000000004
0.9099700000000004
0.9087600000000003
0.90901
0.9094700000000003
0.9088000000000004
0.90858
0.9079900000000005
0.9087800000000005
0.9087700000000001
0.9095800000000007
0.9091700000000001
0.9089099999999998
0.9083900000000006
0.9082900000000005
0.9084100000000003
0.9079500000000007
0.90929
0.9095200000000002
0.9082099999999999
0.9095800000000003
0.9077300000000004
0.9099000000000004
0.9087700000000004
0.9099600000000001
0.90768
0.9098100000000001
0.9080800000000003
0.9102900000000005
0.9088800000000005
0.9092200000000003
0.9088800000000002
0.9087000000000003
0.9082000000000005
0.9099900000000004
0.9080100000000003
0.90985
0.9100600000000003
0.9099100000000003
0.9089700000000006
0.9097500000000003
0.9094500000000008
0.9089500000000004
0.9094400000000006
0.9095500000000001
0.9096200000000004
0.90957
0.9082500000000006
0.9086900000000003
0.9088900000000005
0.9089800000000003
0.9086700000000002
0.9079100000000004
0.9095400000000003
0.9091500000000009
0.9093100000000003
0.9086800000000009
0.9091700000000006
0.9092600000000003
0.9097400000000003
0.9095700000000002
0.9097300000000006
0.9106700000000001
0.9093600000000001
0.9096199999999998
0.9107299999999999
0.9080700000000006
0.9102800000000001
0.9096500000000006
0.9087900000000002
0.9095100000000009
0.9102500000000002
0.9073100000000006
0.9090300000000004
0.9080800000000004
0.9088899999999999
0.9087900000000007
0.9098800000000001
0.9076100000000002
0.9085300000000005
0.9109700000000001
0.9100600000000001
0.9102800000000002
0.9076700000000005
0.9096499999999997
0.9110500000000004
0.9087600000000002
0.9093000000000003
0.9089200000000001
0.9106800000000004
0.9088100000000001
0.9090200000000002
0.909400000000001
0.9079400000000006
0.90963
0.9080800000000003
0.9085500000000003
0.9104900000000005
0.90606
0.9098300000000005
0.9087200000000003
0.9092000000000003
0.9094200000000001
0.9090600000000006
0.91058
0.9094700000000002
0.9087100000000002
0.9079600000000005
0.9085
0.9082800000000002
0.9073400000000004
0.9086400000000006
0.91007
0.9080100000000005
0.9083200000000003
0.9099300000000007
0.90963
0.9091899999999999
0.9077500000000001
0.9101699999999998
0.9088300000000002
0.9095400000000005
0.9087300000000001
0.9097700000000012
0.9091500000000002
0.9089900000000006
0.9097600000000005
0.908480000000001
0.9085200000000002
0.9092100000000002
0.9097900000000005
0.9093700000000007
0.9102300000000002
0.9088700000000002
0.9091499999999999
0.9080800000000003
0.9097200000000006
0.9097100000000008
0.9096100000000004
0.9087100000000008
0.9092800000000004
0.9102200000000004
0.9113500000000002
0.9093700000000001
0.9081800000000002
0.9091300000000001
0.9101400000000001
0.9082200000000004
0.9096200000000007
0.9083700000000003
0.9093600000000008
0.9086500000000004
0.9078500000000003
0.9080800000000004
0.9092500000000007
0.9085600000000007
0.9094500000000003
0.9092400000000004
0.9100200000000005
0.9092600000000003
0.9094000000000002
0.9092300000000003
0.9090200000000004
0.9089600000000003
0.90937
0.9098800000000005
0.9084799999999998
0.9086000000000004
0.9071700000000003
0.9094500000000003
0.9100900000000007
0.9086
0.9099900000000006
0.9106199999999999
0.9078900000000004
0.9097
0.9088800000000006
0.9079600000000001
0.9098100000000006
0.9111500000000003
0.9096100000000003
0.9109500000000004
0.9101600000000003
0.91032
0.90841
0.9111200000000007
0.9088500000000004
0.9080400000000004
0.9063500000000001
0.9089100000000007
0.9089300000000001
0.9091000000000004
0.9096800000000007
0.9095700000000002
0.9087200000000004
0.9097000000000004
0.9093000000000003
0.9087100000000006
0.9102400000000002
0.9099800000000008
0.90872
0.9094100000000003
0.9101300000000003
0.9093500000000005
0.9079500000000003
0.91014
0.9096600000000004
0.9102900000000003
0.9098600000000003
0.9078900000000002
0.9100200000000004
0.9092400000000004
0.90998
0.9099800000000008
0.9075700000000003
0.9104800000000006
0.9097500000000004
0.9093300000000001
0.9106900000000003
0.9103300000000005
0.9095
0.9070500000000004
0.9072000000000005
0.9088700000000006
0.9082500000000004
0.9093500000000004
0.9080300000000001
0.9070500000000001
0.9098900000000003
0.9115000000000001
0.9069300000000007
0.9097800000000005
0.9087900000000003
0.9087900000000008
0.9089900000000003
0.9083600000000003
0.910890000000001
0.9077500000000005
0.9090200000000003
0.9106300000000007
0.9088400000000003
0.9086500000000008
0.9078800000000004
0.9088800000000005
0.9084000000000002
0.9085200000000007
0.9101100000000006
0.9081800000000002
0.9091500000000005
0.9086699999999998
0.9079100000000008
0.9088100000000003
0.9082700000000002
0.9083300000000011
0.9094300000000001
0.9081100000000003
0.9097700000000002
0.9087400000000002
0.9094000000000007
0.9099500000000004
0.9081499999999998
0.9084200000000006
0.9093700000000006
0.9094299999999998
0.9069500000000005
0.9107500000000002
0.9104200000000007
0.9080300000000006
0.9088400000000004
0.90781
0.9102800000000002
0.9093200000000005
0.9098500000000006
0.9091300000000005
0.9093999999999997
0.9074600000000007
0.9090000000000004
0.9091000000000004
0.9083900000000007
0.9092500000000001
0.9091300000000007
0.9088100000000005
0.9096500000000003
0.9089999999999999
0.9098100000000007
0.9082600000000004
0.9083600000000008
0.9070800000000004
0.9080400000000008
0.9091200000000006
0.9098000000000002
0.9078100000000007
0.9087000000000002
0.9088700000000003
0.9082000000000003
0.9087000000000002
0.9094600000000003
0.9091400000000001
0.91014
0.9089000000000008
0.9101900000000006
0.9111800000000002
0.9083100000000005
0.9085900000000002
0.9098300000000006
0.9090400000000004
0.9088600000000007
0.9074500000000003
0.9102000000000006
0.9100100000000004
0.9101700000000004
0.9082900000000004
0.9068800000000004
0.9087400000000007
0.9109200000000007
0.9111400000000006
0.9094200000000008
0.9086400000000006
0.9084600000000002
0.9088300000000001
0.9089900000000007
0.9114000000000008
0.9080000000000003
0.9101500000000007
0.9094800000000006
0.9070700000000004
0.9090800000000003
0.9086700000000001
0.9086600000000005
0.9102700000000001
0.9091500000000002
0.9105300000000004
0.9073100000000008
0.9099700000000003
0.9084600000000006
0.9082500000000003
0.9105
0.9100300000000001
0.9100300000000003
0.9075900000000005
0.9084599999999999
0.9085900000000007
0.9096700000000004
0.9074600000000005
0.9090900000000004
0.9087100000000004
0.9090200000000002
0.9083600000000003
0.9086700000000004
0.9107000000000002
0.9084499999999999
0.90817
0.9111300000000004
0.9090500000000001
0.9097400000000004
0.9093800000000004
0.9088900000000009
0.9097
0.9070700000000003
0.9089000000000002
0.9085800000000006
0.90908
0.91022
0.9078100000000002
0.9089500000000007
0.9083800000000005
0.90912
0.90932
0.9087600000000002
0.9089100000000003
0.9090100000000005
0.91007
0.9088800000000002
0.9088200000000006
0.9086300000000006
0.9092600000000004
0.9097200000000006
0.9089400000000007
0.9091000000000002
0.90915
0.9090499999999999
0.9092300000000004
0.909990000000001
0.9068000000000005
0.9085900000000009
0.9107200000000003
0.9081000000000001
0.90834
0.9091500000000005
0.9107400000000007
0.90911
0.9091400000000002
0.9088400000000005
0.9081200000000003
0.9088000000000007
0.9094000000000004
0.9074000000000004
0.9092200000000004
0.9087800000000003
0.9096899999999998
0.9084500000000004
0.9102400000000003
0.9080000000000004
0.9077100000000005
0.9086100000000001
0.90896
0.9093400000000001
0.9091200000000008
0.9101600000000002
0.9081100000000003
0.9104300000000001
0.9085100000000004
0.9096900000000003
0.9089300000000002
0.9095400000000005
0.9083400000000004
0.9086300000000007
0.9083900000000001
0.9098600000000006
0.9068500000000006
0.9117800000000004
0.9079300000000008
0.9093200000000005
0.9081900000000003
0.9087700000000004
0.9081700000000009
0.9081400000000008
0.9095100000000005
0.9098100000000006
0.9091100000000005
0.9099700000000006
0.9089800000000006
0.9100000000000001
0.9091400000000001
0.9092500000000002
0.9080499999999999
0.9089400000000005
0.9095900000000008
0.9096600000000002
0.9089000000000008
0.9079400000000005
0.9099900000000001
0.90995
0.9094100000000002
0.9103699999999999
0.90923
0.9102800000000009
0.9089800000000001
0.9101499999999997
0.9094200000000003
0.9091700000000003
0.9095600000000005
0.9077900000000002
0.9087600000000003
0.9082300000000003
0.9091500000000005
0.9092799999999996
0.9079900000000006
0.9102500000000004
0.9086600000000002
0.90822
0.9101600000000001
0.9089000000000003
0.9094900000000007
0.9090700000000004
0.9081500000000005
0.9090900000000002
0.9086400000000003
0.9092000000000005
0.9100699999999999
0.9084400000000001
0.9089900000000004
0.9094000000000001
0.9093600000000002
0.9080700000000005
0.9096299999999999
0.9080500000000004
0.9097
0.9068700000000003
0.9093500000000005
0.9096300000000006
0.90786
0.9090100000000004
0.9096100000000004
0.9092500000000004
0.9086200000000001
0.90947
0.9088400000000004
0.9075999999999996
0.9086500000000002
0.9095099999999999
0.9119300000000007
0.9081200000000004
0.9094800000000002
0.9092500000000006
0.9087600000000006
0.9094900000000006
0.9098800000000002
0.9095200000000001
0.9089500000000005
0.9091099999999998
0.9095100000000005
0.9080900000000001
0.909010000000001
0.9083900000000001
0.9109600000000002
0.9097600000000002
0.9080400000000001
0.9074700000000006
0.9113400000000001
0.9079200000000004
0.9079400000000006
0.9070300000000006
0.9095400000000003
0.9096100000000008
0.91018
0.9092200000000004
0.9074700000000003
0.9084700000000002
0.908380000000001
0.9088100000000007
0.9080300000000001
0.9092800000000006
0.90802
0.9095100000000004
0.9100100000000008
0.9097100000000005
0.9068100000000001
0.9091200000000008
0.9084000000000004
0.9082900000000005
0.91006
0.9086200000000001
0.9094600000000002
0.9088800000000008
0.9075500000000002
0.9105000000000003
0.9084300000000005
0.90788
0.9101899999999999
0.9087700000000004
0.9100300000000001
0.9080100000000003
0.9097100000000001
0.9098300000000001
0.9080600000000004
0.9098800000000001
0.9082800000000006
0.9099200000000002
0.9080100000000005
0.9078700000000007
0.9101000000000005
0.9084700000000006
0.9089100000000002
0.9095399999999999
0.9092100000000003
0.9074400000000007
0.9078800000000002
0.9093400000000007
0.9096400000000009
0.9088300000000007
0.9096500000000001
0.9088400000000003
0.9097300000000004
0.9082000000000002
0.9093100000000003
0.9091600000000005
0.9095400000000001
0.9078499999999998
0.9079299999999999
0.9097100000000008
0.9099800000000005
0.90716
0.9089600000000008
0.9092200000000007
0.9082800000000002
0.9094800000000005
0.9087500000000003
0.9082800000000006
0.9087200000000003
0.9112300000000004
0.9099900000000002
0.9079400000000009
0.9083500000000005
0.9100200000000005
0.9080300000000001
0.9093000000000007
0.90987
0.9099000000000005
0.9086500000000004
0.9089700000000005
0.9096000000000007
0.9098
0.9084900000000008
0.9090400000000005
0.9097400000000004
0.9082200000000005
0.9092600000000002
0.9087499999999998
0.9075700000000009
0.9088100000000006
0.9090200000000002
0.9093300000000005
0.9083000000000004
0.9093300000000007
0.9102700000000002
0.9083100000000002
0.9093300000000002
0.9086300000000003
0.9097500000000003
0.9102300000000004
0.9097300000000008
0.9080900000000005
0.9067700000000002
0.9091500000000003
0.9084100000000003
0.9097600000000001
0.9087200000000002
0.9096400000000002
0.90963
0.9094000000000004
0.9108000000000002
0.9079400000000004
0.9087400000000001
0.9089800000000003
0.9095699999999997
0.9103200000000002
0.90768
0.9089300000000007
0.9083300000000003
0.9087200000000004
0.9097000000000005
0.9074200000000004
0.90917
0.9077800000000005
0.90948
0.9092900000000005
0.9093900000000005
0.9101000000000004
0.90901
0.9096700000000003
0.9090100000000005
0.9097700000000003
0.9092600000000004
0.9071300000000003
0.9097900000000003
0.9083800000000005
0.9096200000000002
0.9096500000000006
0.9090500000000002
0.9092900000000006
0.9084900000000006
0.9090599999999999
0.9096300000000005
0.9084100000000004
0.9074800000000006
0.90932
0.9097000000000003
0.9089600000000004
0.9102500000000004
0.9095400000000002
0.9086000000000004
0.9092000000000003
0.9080700000000005
0.9091400000000003
0.9094300000000005
0.9079600000000002
0.9098500000000002
0.9097600000000001
0.9096600000000004
0.9064000000000004
0.9076900000000002
0.9090700000000005
0.9099900000000004
0.9088600000000001
0.9094100000000005
0.90899
0.9096200000000003
0.9085100000000004
0.9098100000000007
0.9078000000000003
0.9091600000000003
0.908650000000001
0.9099000000000003
0.9088600000000002
0.90945
0.9099800000000003
0.9116900000000004
0.9098100000000001
0.90798
0.91015
0.90939
0.9082900000000004
0.90967
0.9111800000000005
0.9104199999999999
0.9086700000000001
0.907970000000001
0.9090500000000005
0.9099200000000003
0.90943
0.9096200000000007
0.9094500000000002
0.9101300000000009
0.9084100000000003
0.9094900000000004
0.9083200000000003
0.9084700000000001
0.9089800000000006
0.9100900000000004
0.9075000000000003
0.9090200000000003
0.9081300000000002
0.9094400000000005
0.90851
0.9085800000000007
0.9104400000000001
0.909350000000001
0.9088
0.9072000000000005
0.9103100000000005
0.9084000000000003
0.9078300000000001
0.9089099999999999
0.9098400000000002
0.9082900000000005
0.9097100000000005
0.9083400000000006
0.9103300000000003
0.9082300000000006
0.9099900000000006
0.9081600000000004
0.9082400000000006
0.9104800000000001
0.9085900000000009
0.9094500000000002
0.9083500000000009
0.9084800000000005
0.909
0.9097600000000002
0.9087200000000004
0.9077000000000003
0.9106700000000003
0.9088600000000002
0.9099200000000001
0.9091800000000002
0.9104700000000004
0.9093900000000005
0.9085200000000003
0.9090200000000003
