0.19999999999999962
0.9529599999999998
0.90601
0.909750000000001
0.9108200000000002
0.9059000000000007
0.9077100000000001
0.9093900000000003
0.9097500000000001
0.9094400000000004
0.9091900000000002
0.9109200000000004
0.9083800000000005
0.9100700000000005
0.9101800000000004
0.9087900000000003
0.9097800000000004
0.9113000000000001
0.9098100000000002
0.9113700000000001
0.90967
0.9081900000000002
0.9099900000000002
0.9089500000000007
0.9081700000000003
0.9080800000000003
0.9087600000000006
0.9087800000000006
0.9091600000000004
0.90917
0.9091300000000002
0.9086700000000004
0.91034
0.9080400000000006
0.9095700000000003
0.9085800000000005
0.9095300000000002
0.908380000000001
0.9085900000000007
0.9084500000000005
0.9082200000000004
0.9110800000000002
0.9080900000000004
0.9090600000000002
0.9101799999999999
0.9071700000000001
0.9093400000000004
0.9089700000000009
0.9079900000000003
0.90956
0.9088600000000006
0.9097800000000003
0.91039
0.9091100000000005
0.9093300000000002
0.9083000000000002
0.90984
0.90933
0.9076600000000008
0.9093700000000002
0.9096000000000004
0.9077400000000008
0.9098400000000006
0.90986
0.9072300000000009
0.9079000000000005
0.9090700000000007
0.9092100000000002
0.9098900000000004
0.9073800000000003
0.9099300000000007
0.9097700000000007
0.9082500000000004
0.9098400000000006
0.9083600000000002
0.9099600000000003
0.9100300000000006
0.9098600000000006
0.9072400000000003
0.9097599999999997
0.9086800000000005
0.910150000000001
0.9081400000000008
0.9093200000000001
0.9093900000000006
0.9104800000000002
0.9093800000000002
0.9092200000000006
0.9089100000000004
0.9084600000000003
0.9106300000000003
0.9089900000000004
0.9088400000000009
0.9108900000000004
0.9097700000000006
0.9091500000000005
0.9092200000000004
0.90998
0.9102200000000006
0.9081200000000003
0.9094900000000006
0.9086700000000003
0.9079600000000005
0.9073800000000002
0.9087500000000006
0.9084400000000002
0.9095700000000003
0.9097400000000004
0.9105500000000003
0.9076500000000007
0.9106900000000003
0.9092900000000003
0.9094900000000006
0.9080300000000002
0.9093200000000001
0.9095200000000009
0.90849
0.9101400000000001
0.9088600000000008
0.9086500000000002
0.9093600000000006
0.90896
0.9093700000000006
0.9082800000000006
0.9097200000000004
0.9082800000000008
0.9073700000000003
0.9081200000000003
0.9097900000000001
0.9088799999999999
0.9097099999999999
0.9078000000000003
0.9091100000000008
0.9079300000000003
0.9107100000000004
0.9089300000000005
0.9096800000000002
0.90856
0.9091900000000004
0.9114500000000005
0.9088400000000004
0.9078500000000003
0.9083200000000005
0.9087500000000003
0.9084100000000003
0.9084900000000004
0.9098500000000006
0.9089100000000002
0.9091100000000003
0.9089600000000004
0.9090200000000003
0.9098700000000005
0.9083900000000006
0.9089400000000005
0.9088200000000007
0.9087900000000002
0.9080600000000004
0.9083300000000004
0.9095600000000001
0.9083800000000002
0.9066500000000004
0.9093900000000004
0.9079999999999998
0.9090600000000005
0.9090200000000003
0.9089100000000003
0.9083900000000003
0.9086600000000002
0.9083700000000001
0.9083999999999999
0.9089700000000002
0.9104100000000005
0.9083200000000005
0.9077200000000002
0.9076600000000009
0.9094600000000002
0.9069200000000002
0.9093200000000005
0.9096700000000001
0.9103500000000001
0.9083700000000006
0.90892
0.9089000000000002
0.9092500000000006
0.9097500000000004
0.9087600000000005
0.9085300000000003
0.9092500000000004
0.9097500000000004
0.9093800000000002
0.9103800000000005
0.9087500000000006
0.9091700000000003
0.9088000000000003
0.9093800000000003
0.9098900000000002
0.9096900000000003
0.9089600000000005
0.9080900000000005
0.9076300000000006
0.9074500000000003
0.9079800000000001
0.9079200000000004
0.9088800000000005
0.9091999999999999
0.9106000000000004
0.9084000000000004
0.9093900000000005
0.9110700000000004
0.9076300000000002
0.9106999999999996
0.9097500000000003
0.9098100000000001
0.9083400000000001
0.9098400000000006
0.9093100000000004
0.9094400000000006
0.9076200000000004
0.9087299999999999
0.9089499999999995
0.9090700000000002
0.9083900000000006
0.9098600000000004
0.9080800000000002
0.9098800000000005
0.9094900000000001
0.9073700000000003
0.9093100000000003
0.9104599999999998
0.9071000000000004
0.90932
0.9100200000000005
0.9080800000000003
0.9087799999999995
0.9089700000000001
0.9080700000000002
0.9082700000000004
0.9084300000000001
0.9091200000000006
0.9074500000000004
0.9080900000000001
0.9097000000000007
0.9104000000000008
0.9071600000000002
0.9095600000000006
0.9073800000000007
0.9090400000000003
0.9087200000000009
0.90791
0.9099500000000005
0.9096400000000006
0.9087700000000004
0.9088100000000001
0.9098800000000006
0.9094700000000002
0.9077000000000006
0.9088500000000004
0.9087200000000007
0.9079300000000003
0.9103600000000004
0.9077200000000006
0.9106900000000006
0.9092400000000002
0.9093799999999999
0.9088400000000004
0.9069000000000006
0.90951
0.9087700000000004
0.9095600000000006
0.9083500000000007
0.9096800000000006
0.9079100000000005
0.9095700000000002
0.9099300000000001
0.9098300000000009
0.9086100000000005
0.9098300000000006
0.9079500000000003
0.9094100000000005
0.9085300000000003
0.9086500000000005
0.9088700000000002
0.9093200000000001
0.9097700000000004
0.9102500000000003
0.9087800000000001
0.9087800000000003
0.9086400000000003
0.9091000000000001
0.9106000000000001
0.9089300000000001
0.9097800000000004
0.9066500000000005
0.9090700000000004
0.9091500000000007
0.90951
0.9074300000000004
0.9071700000000007
0.9080700000000005
0.9103400000000006
0.9092400000000004
0.9095399999999999
0.9103900000000001
0.9090600000000005
0.9090200000000003
0.908920000000001
0.9098900000000001
0.9094400000000001
0.9071300000000002
0.90738
0.9104600000000008
0.9079500000000003
0.9097500000000001
0.9086200000000005
0.9082300000000001
0.9094100000000005
0.9096700000000001
0.9087000000000003
0.90794
0.9081700000000003
0.9102200000000004
0.90817
0.9082300000000002
0.9096200000000008
0.9078300000000002
0.9075100000000005
0.9086600000000001
0.9086600000000005
0.9091400000000006
0.9089000000000003
0.9090400000000005
0.9091600000000004
0.9094800000000002
0.9091500000000009
0.9093300000000005
0.9084000000000004
0.9086800000000009
0.9089400000000006
0.9089400000000007
0.9082200000000001
0.9095400000000002
0.9096000000000004
0.9086099999999999
0.9089700000000002
0.9092900000000005
0.9082900000000005
0.9103100000000005
0.9094200000000005
0.9092000000000003
0.9095200000000006
0.9079000000000004
0.9093800000000003
0.9079000000000005
0.9101600000000005
0.9072699999999999
0.90939
0.9101900000000006
0.9101400000000001
0.9088500000000005
0.9075700000000004
0.9100800000000006
0.9094300000000003
0.9099700000000003
0.9088899999999999
0.9069800000000009
0.9085700000000004
0.91003
0.9077100000000002
0.9099100000000006
0.9101600000000003
0.9095800000000004
0.9102000000000003
0.9081900000000006
0.9100000000000003
0.9110800000000002
0.9073900000000004
0.9090200000000006
0.9094700000000002
0.90854
0.9099600000000002
0.90927
0.9096900000000001
0.9099500000000006
0.9080800000000002
0.9081100000000001
0.9089600000000008
0.9108000000000004
0.9084200000000006
0.90813
0.9089800000000003
0.9069900000000005
0.9096500000000002
0.9097200000000004
0.9081900000000005
0.9095700000000001
0.9095800000000003
0.9079500000000001
0.9081000000000005
0.9088700000000003
0.90793
0.9099400000000005
0.9094900000000001
0.90889
0.9089900000000002
0.9088500000000006
0.9098500000000003
0.9102
0.9080200000000005
0.9074100000000006
0.9107999999999999
0.90854
0.9073400000000003
0.9084900000000006
0.9110400000000004
0.9079900000000007
0.9094900000000004
0.9089900000000003
0.9114300000000002
0.9109100000000008
0.9083400000000007
0.9095000000000003
0.9094900000000004
0.9087200000000005
0.9086600000000006
0.9087900000000002
0.9088200000000005
0.9091900000000009
0.9092400000000008
0.9080999999999997
0.9085100000000002
0.9085600000000004
0.9090100000000001
0.9101200000000003
0.9083399999999999
0.9097900000000003
0.9094000000000004
0.9096700000000003
0.9088500000000006
0.9091400000000001
0.9091100000000005
0.9096300000000005
0.9087699999999999
0.9102700000000006
0.9089400000000003
0.9083700000000003
0.9098700000000001
0.9099600000000001
0.90955
0.9094700000000003
0.9078200000000003
0.9095900000000005
0.9089300000000005
0.9090500000000006
0.9093300000000006
0.9076300000000007
0.9101400000000003
0.9070799999999999
0.9086500000000001
0.9107100000000004
0.9082000000000005
0.9104100000000005
0.90887
0.9090800000000004
0.9102400000000002
0.9094100000000005
0.9093700000000001
0.9099000000000003
0.9095200000000007
0.9093000000000002
0.9095899999999998
0.9088200000000008
0.9087299999999999
0.9103600000000007
0.9089300000000005
0.9105200000000001
0.9084400000000002
0.9077300000000004
0.9098100000000002
0.9082900000000005
0.9096500000000001
0.907940000000001
0.9084100000000004
0.9089800000000002
0.9108700000000005
0.9091600000000004
0.9097000000000007
0.9077500000000004
0.9089700000000006
0.9081000000000006
0.9091500000000002
0.9111800000000001
0.9092400000000002
0.9077299999999999
0.9098300000000004
0.9104900000000002
0.9088600000000003
0.9087500000000002
0.9101800000000004
0.9082900000000005
0.9103000000000006
0.9092700000000005
0.9095700000000001
0.9097100000000004
0.9079000000000006
0.9090399999999996
0.90899
0.9103899999999999
0.9083000000000006
0.9084500000000003
0.9090000000000006
0.9107200000000002
0.9099700000000004
0.9095300000000002
0.9091200000000005
0.9111300000000001
0.9094800000000002
0.9086100000000004
0.9097200000000004
0.9079200000000003
0.9095700000000001
0.9076100000000004
0.9092300000000008
0.9084900000000005
0.9079300000000003
0.9105400000000007
0.9097100000000004
0.9100200000000004
0.9081100000000002
0.9104300000000003
0.9074600000000003
0.9080100000000005
0.9098900000000006
0.9097800000000004
0.9091700000000005
0.9096699999999998
0.909280000000001
0.9082800000000008
0.9119400000000004
0.9087100000000004
0.908850000000001
0.9107000000000002
0.90978
0.9099000000000003
0.9090200000000002
0.9090600000000001
0.9099900000000004
0.9086300000000004
0.9090600000000001
0.9089700000000005
0.9087900000000007
0.9095400000000005
0.9096600000000004
0.9078500000000003
0.9091200000000004
0.9101200000000007
0.9088400000000005
0.9092800000000004
0.9091900000000003
0.9084400000000002
0.9079200000000004
0.9115200000000006
0.9086000000000005
0.9088700000000004
0.909360000000001
0.9084600000000005
0.9090000000000004
0.91009
0.9078600000000008
0.9091400000000002
0.9084100000000005
0.9100500000000001
0.9092900000000005
0.9102200000000004
0.9081000000000005
0.9090099999999997
0.9098800000000001
0.9073100000000006
0.9087200000000003
0.9112900000000002
0.9081199999999999
0.9075600000000005
0.9101399999999998
0.9086500000000006
0.9081600000000006
0.9082400000000006
0.9094800000000004
0.9090400000000003
0.90915
0.90903
0.9102700000000002
0.9104800000000002
0.90861
0.9090700000000007
0.9072800000000006
0.9087699999999999
0.9076900000000002
0.9102100000000007
0.9091400000000007
0.9081500000000005
0.9096200000000004
0.9115900000000007
0.9097100000000006
0.9104100000000005
0.9078900000000009
0.9099400000000005
0.9080600000000006
0.9094100000000006
0.9090800000000003
0.9093300000000002
0.9094300000000003
0.9094400000000009
0.9099100000000003
0.9090200000000007
0.9082100000000001
0.9089499999999998
0.9092600000000002
0.9093600000000004
0.9096000000000005
0.9106600000000007
0.9097500000000004
0.90842
0.9098700000000002
0.9082700000000004
0.9081900000000006
0.9093100000000003
0.9098400000000002
0.9082600000000002
0.9106200000000005
0.9081400000000004
0.9092500000000002
0.9102500000000003
0.9104300000000005
0.9095800000000009
0.9101400000000005
0.9093500000000005
0.9098900000000004
0.909170000000001
0.9067900000000008
0.9111100000000001
0.9091400000000012
0.9094400000000004
0.9080300000000002
0.9088900000000002
0.9089000000000003
0.91171
0.90949
0.9092400000000004
0.90858
0.9084800000000002
0.9092200000000006
0.9088700000000006
0.9085100000000004
0.9097100000000005
0.9091500000000002
0.9081700000000003
0.9092900000000002
0.90866
0.9089500000000003
0.9101500000000007
0.9089500000000005
0.9084700000000003
0.9095900000000006
0.9101200000000002
0.90973
0.9097700000000004
0.9079900000000003
0.9080400000000003
0.9099800000000003
0.9107800000000004
0.9091600000000004
0.9111300000000007
0.9085500000000006
0.9101100000000004
0.9081700000000009
0.9090400000000004
0.9103500000000004
0.9092800000000004
0.9085500000000006
0.9085800000000007
0.9098200000000005
0.9083900000000001
0.9093899999999999
0.9078900000000002
0.9078400000000006
0.90823
0.9096000000000002
0.9089100000000002
0.9075900000000006
0.9101699999999999
0.9086900000000004
0.9103900000000009
0.9089500000000003
0.9103400000000005
0.9080700000000005
0.9077900000000001
0.9107800000000004
0.9080800000000001
0.9102900000000004
0.9080700000000002
0.9089900000000004
0.90776
0.9078700000000007
0.9102700000000005
0.9105000000000003
0.9085200000000003
0.9093700000000001
0.9106800000000003
0.9092700000000005
0.9108900000000006
0.9082400000000007
0.9098900000000004
0.9107300000000003
0.90846
0.9076700000000009
0.9089300000000006
0.9071000000000007
0.9091900000000002
0.9113499999999999
0.9096200000000002
0.9097000000000004
0.9102899999999998
0.9084600000000005
0.9087700000000004
0.9100300000000003
0.9095200000000004
0.9103000000000001
0.90939
0.90782
0.9099400000000003
0.9071000000000001
0.9093400000000004
0.9089300000000007
0.9097000000000003
0.9113300000000004
0.9082000000000009
0.9092800000000003
0.9073700000000002
0.90904
0.9084700000000006
0.9089000000000005
0.9082600000000005
0.9087400000000003
0.9087700000000006
0.91116
0.90825
0.9090700000000003
0.9092400000000004
0.9079500000000005
0.9081700000000003
0.9088600000000006
0.9084400000000001
0.9102300000000002
0.9081000000000001
0.9104100000000002
0.9088600000000006
0.9089400000000002
0.9091700000000006
0.9092000000000005
0.9085700000000001
0.9082200000000004
0.91175
0.9095000000000003
0.9098599999999999
0.9100800000000007
0.9091399999999998
0.9097000000000005
0.9076300000000004
0.9092300000000005
0.90901
0.9093000000000001
0.9099800000000005
0.9102800000000001
0.9094700000000003
0.9076400000000007
0.9096100000000003
0.9095800000000007
0.9088
0.9095099999999999
0.9080000000000007
0.9089600000000005
0.9092600000000003
0.9085600000000003
0.9089700000000005
0.9097900000000004
0.9101600000000005
0.9096800000000002
0.9101
0.9092600000000002
0.9087500000000004
0.9103800000000001
0.908500000000001
0.9093500000000005
0.9082300000000006
0.9088500000000002
0.9110900000000004
0.9095600000000006
0.91061
0.9078300000000006
0.9094100000000006
0.9104400000000004
0.9080200000000005
0.91007
0.9105400000000001
0.9087999999999998
0.9082100000000001
0.9078800000000006
0.9083000000000007
0.9089500000000003
0.9078400000000006
0.90746
0.9089500000000004
0.9103900000000001
0.9086200000000006
0.90948
0.91034
0.9108300000000001
0.9076700000000002
0.9077200000000005
0.909310000000001
0.9103700000000003
0.9098400000000005
0.9072700000000001
0.9102100000000002
0.9089
0.9097800000000008
0.9072900000000003
0.9093900000000008
0.9086
0.9084100000000003
0.9098000000000003
0.9102600000000001
0.9098200000000005
0.9085100000000007
0.9100499999999998
0.9080600000000001
0.9086700000000001
0.9105100000000003
0.9099300000000003
0.9103100000000004
0.9093600000000002
0.9076500000000002
0.9088900000000002
0.9089
0.9064200000000002
0.9086700000000002
0.9082300000000006
0.9097500000000004
0.9093199999999999
0.9090500000000001
0.90925
0.9086200000000004
0.9089000000000006
0.9078700000000005
0.9088800000000002
0.90949
0.90845
0.9106000000000003
0.9097500000000003
0.9076100000000007
0.9084600000000007
0.9101900000000006
0.9085900000000003
0.9114699999999998
0.9078000000000006
0.90884
0.9080200000000005
0.90986
0.9090400000000003
0.9106100000000003
0.9108100000000003
0.9093300000000002
0.90846
0.9078600000000004
0.9092600000000006
0.9090400000000001
0.9094199999999999
0.90997
0.9100900000000006
0.9091000000000002
0.909970000000001
0.9093000000000001
0.9081800000000004
0.9093900000000004
0.9097700000000003
0.9088100000000003
0.9096800000000002
0.9091800000000007
0.9094599999999999
0.9091499999999999
0.9093800000000004
0.9089300000000006
0.91035
0.9066600000000001
0.9102100000000004
0.9098600000000002
0.9083300000000004
0.9091100000000002
0.9085500000000004
0.90995
0.9096200000000003
0.9086500000000004
0.9099200000000002
0.9099000000000009
0.9088400000000004
0.9086100000000004
0.9093100000000004
0.9119000000000004
0.9087399999999998
0.9086700000000002
0.9074500000000002
0.9098800000000001
0.9089500000000004
0.9100800000000008
0.9097100000000004
0.9090700000000003
0.91021
0.9084100000000008
0.9105800000000004
0.9092500000000004
0.9087700000000001
0.9079900000000001
0.9090500000000002
0.9090500000000001
0.9089100000000008
0.9090300000000008
0.9087100000000004
0.9081700000000003
0.9093399999999999
0.9089300000000005
0.9086400000000003
0.9092200000000001
0.9092600000000003
0.9097200000000004
0.9107500000000006
0.9083800000000006
0.9101300000000002
0.9084000000000004
0.9080600000000004
0.9089200000000001
0.9098400000000004
0.9084300000000002
0.9086700000000004
0.9083100000000005
0.908490000000001
0.9100599999999998
0.9096100000000003
0.9100300000000004
0.9078000000000003
0.9081700000000004
0.9089
0.9096500000000005
0.9096600000000005
0.9073100000000001
0.9081500000000005
0.9082800000000003
0.9092500000000004
0.9091100000000005
0.9096200000000007
0.9083300000000005
0.9093199999999999
0.9092100000000005
0.9066699999999998
0.9084700000000003
0.9093200000000006
0.9095800000000004
0.9081000000000004
0.9106700000000002
0.9068800000000001
0.9102000000000001
0.9098400000000008
0.9081600000000004
0.9090600000000005
0.9110900000000002
0.9093200000000005
0.9101900000000006
0.9108600000000002
0.9077100000000002
0.9098000000000003
0.9081
0.9110700000000004
0.9080199999999999
0.9097700000000004
0.9110000000000003
0.9093300000000001
0.9101400000000001
0.90882
0.9096900000000006
0.9093700000000007
0.9094200000000002
0.9092600000000004
0.9068900000000008
0.9089600000000004
0.9101200000000006
0.9098400000000004
0.9105200000000003
0.9079800000000003
0.9106099999999999
0.9079200000000002
0.9098400000000006
0.9074399999999997
