0.19999999999999962
0.9777899999999993
0.9015300000000005
0.9099900000000006
0.9083100000000005
0.9090900000000004
0.9093100000000003
0.91006
0.9093300000000001
0.9099800000000005
0.9098900000000003
0.9092899999999999
0.9093300000000005
0.9092299999999999
0.9088399999999999
0.9072000000000001
0.9093700000000005
0.9083600000000005
0.9083900000000004
0.9093300000000007
0.9080600000000004
0.9092100000000001
0.9095600000000005
0.9096300000000008
0.9088800000000004
0.9088600000000002
0.9092800000000001
0.9098100000000002
0.90898
0.9101800000000004
0.9075900000000003
0.9108700000000006
0.9082500000000004
0.9104699999999997
0.9107599999999999
0.9100500000000007
0.9087100000000004
0.9096400000000006
0.9105100000000007
0.9081500000000007
0.9101300000000002
0.9069200000000002
0.9099400000000002
0.9087600000000008
0.9094300000000005
0.9087600000000003
0.9104000000000005
0.9080500000000005
0.9082300000000005
0.9071100000000004
0.9112
0.9086500000000005
0.9102700000000001
0.9104900000000005
0.9095100000000005
0.9094400000000006
0.9085700000000003
0.9079600000000007
0.9071400000000004
0.9094900000000007
0.9103200000000004
0.9076400000000003
0.9099200000000002
0.90857
0.9079400000000005
0.9089800000000002
0.9089700000000005
0.9101400000000001
0.9073100000000001
0.9097800000000005
0.90829
0.9091700000000005
0.9111100000000006
0.9109600000000003
0.9075400000000003
0.9106200000000004
0.91021
0.9092800000000009
0.9078600000000003
0.9086800000000004
0.9092200000000007
0.9095999999999997
0.9080400000000007
0.9082200000000004
0.9110299999999999
0.9081500000000005
0.9095800000000003
0.9078600000000008
0.90956
0.9082500000000006
0.9088700000000002
0.9093800000000003
0.9082700000000001
0.9091100000000002
0.9082600000000005
0.9074200000000003
0.9069900000000004
0.9095300000000001
0.9086100000000006
0.9096300000000003
0.90928
0.9099000000000007
0.9101300000000009
0.9077399999999999
0.9101800000000003
0.9074900000000006
0.9073300000000006
0.90872
0.9074500000000002
0.9071100000000003
0.9087
0.9074400000000001
0.9088300000000002
0.9094900000000004
0.9087900000000008
0.9088300000000001
0.9099600000000008
0.9094999999999999
0.9096100000000007
0.9090800000000006
0.9107000000000002
0.9076900000000004
0.9096400000000002
0.9091100000000005
0.9095500000000009
0.9083200000000003
0.9102300000000004
0.9080700000000002
0.9093800000000001
0.9095200000000002
0.9100500000000007
0.9071700000000003
0.9098400000000006
0.9078800000000002
0.9076200000000004
0.9092800000000001
0.90944
0.9092499999999997
0.9098600000000002
0.9086500000000004
0.9080500000000004
0.9091000000000001
0.90634
0.91046
0.9084900000000006
0.9095800000000003
0.9074600000000003
0.9091200000000002
0.9115500000000002
0.9087400000000001
0.9090300000000002
0.9082300000000003
0.9088300000000002
0.9083400000000005
0.9096900000000006
0.9094700000000002
0.9099700000000006
0.9095400000000003
0.9083500000000001
0.9091000000000002
0.9093000000000003
0.9094900000000002
0.9094900000000004
0.9077699999999999
0.9104400000000002
0.9089199999999998
0.9080500000000002
0.9098100000000003
0.9091900000000004
0.9092300000000004
0.9082300000000002
0.9100500000000005
0.9102500000000004
0.9092500000000007
0.90956
0.9106700000000002
0.9098700000000002
0.9074800000000003
0.9083200000000005
0.9101800000000005
0.9102300000000008
0.9087100000000009
0.9098400000000004
0.9087300000000006
0.9077600000000006
0.9082800000000003
0.9088700000000006
0.9096700000000006
0.9085400000000001
0.9095000000000003
0.9100600000000001
0.9086300000000006
0.9098800000000006
0.9089400000000002
0.9086600000000001
0.9083500000000005
0.9070300000000004
0.9090600000000003
0.9110200000000002
0.9089400000000005
0.9095500000000004
0.9094600000000002
0.910230000000001
0.9090700000000004
0.9094900000000007
0.9088700000000002
0.9081800000000007
0.9098700000000002
0.9079100000000002
0.9082100000000003
0.9087300000000006
0.9094800000000002
0.9097300000000006
0.9083400000000007
0.9087900000000009
0.9103600000000003
0.9099300000000002
0.9091400000000004
0.9103300000000003
0.9091800000000008
0.9107300000000008
0.9090700000000007
0.9080599999999999
0.9085100000000002
0.9083400000000004
0.9086300000000003
0.9095600000000004
0.9116500000000002
0.9088800000000004
0.9091700000000003
0.9081800000000005
0.9088800000000005
0.908270000000001
0.9088200000000003
0.9088700000000004
0.9074300000000005
0.9088900000000004
0.9097800000000008
0.9099900000000005
0.9088000000000005
0.9074000000000002
0.9086300000000004
0.9089700000000005
0.9096400000000007
0.9091000000000002
0.9092400000000002
0.9074800000000006
0.9087099999999999
0.9104800000000003
0.9093100000000005
0.9069900000000001
0.9099600000000001
0.9088600000000002
0.9080200000000002
0.9085100000000006
0.9086700000000006
0.9090100000000005
0.9097700000000004
0.9085800000000006
0.9083700000000005
0.9079700000000003
0.9101800000000004
0.9086700000000001
0.9095400000000003
0.9097000000000003
0.9101800000000003
0.9092000000000005
0.9085300000000001
0.9093200000000009
0.9091500000000003
0.9090100000000007
0.9108800000000001
0.90873
0.9102300000000002
0.9088800000000005
0.9087099999999999
0.9102800000000003
0.9099400000000004
0.9097400000000002
0.9084000000000008
0.9095500000000003
0.9084800000000007
0.9097900000000005
0.9088500000000007
0.9098700000000008
0.9083200000000002
0.9089600000000005
0.9110800000000008
0.9084800000000007
0.9083400000000001
0.9096600000000007
0.9088300000000007
0.910420000000001
0.9062400000000004
0.9105900000000005
0.9082700000000001
0.9096599999999999
0.91047
0.9098900000000002
0.9086799999999998
0.9096300000000005
0.9088299999999999
0.9076400000000007
0.9102500000000002
0.9097400000000002
0.9089500000000008
0.9084000000000007
0.9091399999999997
0.9081200000000007
0.9088000000000003
0.9093300000000002
0.90967
0.9077400000000004
0.9099400000000007
0.91024
0.90929
0.9094999999999999
0.9090400000000006
0.9083500000000003
0.9090300000000002
0.9093200000000004
0.9091700000000005
0.9102999999999999
0.9092100000000006
0.9092700000000004
0.9112300000000001
0.9078600000000009
0.9096000000000006
0.9099900000000004
0.9085300000000004
0.9079000000000004
0.9107500000000006
0.9100700000000002
0.9081700000000008
0.9090000000000005
0.9093800000000002
0.9099100000000006
0.9084300000000005
0.91047
0.9073500000000001
0.9108900000000003
0.9094100000000003
0.9090300000000007
0.9089600000000003
0.9080800000000008
0.9085100000000003
0.9076700000000005
0.9097200000000001
0.9089500000000003
0.9089400000000003
0.9078400000000005
0.9107100000000002
0.9090100000000005
0.9112800000000005
0.9086700000000003
0.9092700000000004
0.9087600000000005
0.9085100000000003
0.9084200000000001
0.9076300000000004
0.90815
0.9098500000000003
0.9095000000000006
0.9089700000000006
0.9101800000000001
0.9089500000000001
0.9097100000000005
0.90903
0.9099600000000005
0.9082000000000009
0.9096500000000006
0.9084000000000007
0.9095499999999997
0.90876
0.9097900000000003
0.9088200000000003
0.9090699999999999
0.9102000000000002
0.9098400000000002
0.9096200000000004
0.9089700000000004
0.9088700000000006
0.9103300000000002
0.9084900000000006
0.9092200000000003
0.9095200000000007
0.9086600000000005
0.9087700000000009
0.9083800000000002
0.9100100000000002
0.90899
0.9093800000000003
0.9070499999999998
0.9081200000000004
0.9095
0.9088400000000003
0.9090200000000004
0.9082300000000005
0.9088100000000005
0.9085300000000005
0.9116100000000003
0.9086100000000009
0.9102900000000004
0.9081800000000002
0.9077300000000003
0.9090600000000005
0.9096500000000003
0.909
0.9081500000000002
0.9117000000000003
0.90999
0.9095900000000008
0.9079900000000005
0.9094300000000001
0.9099300000000003
0.9110700000000004
0.9097300000000006
0.9087200000000007
0.9084899999999999
0.9094000000000004
0.9084100000000004
0.9076800000000007
0.9075600000000007
0.9099200000000006
0.9094100000000003
0.9077700000000002
0.9105500000000003
0.9086400000000002
0.9080000000000006
0.9103200000000004
0.9085300000000003
0.9098900000000001
0.9092300000000008
0.9086500000000008
0.9089600000000004
0.9091400000000002
0.9089500000000005
0.9100800000000002
0.9090400000000004
0.9101400000000005
0.9098299999999998
0.9095700000000002
0.9076900000000002
0.9097000000000004
0.9103900000000001
0.9093000000000004
0.9085300000000001
0.9096600000000002
0.9093800000000007
0.9097700000000002
0.9095500000000005
0.9069800000000003
0.9102200000000003
0.9097300000000004
0.9084800000000004
0.9085900000000006
0.9099600000000003
0.9086799999999998
0.9099100000000006
0.9109600000000003
0.9084600000000002
0.9101900000000005
0.90995
0.9089300000000002
0.9091500000000005
0.9089500000000004
0.9085600000000005
0.9089200000000005
0.9096300000000004
0.9087400000000005
0.9088200000000005
0.9085600000000005
0.9091399999999998
0.9094700000000003
0.9080500000000002
0.9104400000000002
0.9087800000000007
0.9096400000000006
0.9080900000000007
0.9088400000000003
0.9108400000000008
0.9087100000000001
0.9099600000000002
0.9089600000000001
0.9094200000000009
0.9089200000000001
0.9098700000000004
0.9080400000000006
0.9088200000000002
0.9085100000000006
0.9077400000000005
0.9097300000000003
0.9097600000000007
0.9098600000000002
0.9110200000000003
0.9085900000000007
0.9101300000000007
0.9085900000000002
0.9091300000000001
0.9099300000000003
0.9101000000000008
0.9096200000000004
0.9081600000000003
0.9095300000000002
0.9084300000000005
0.9100500000000004
0.9090500000000001
0.9086700000000004
0.9086200000000004
0.9085900000000008
0.9104300000000001
0.9101700000000003
0.90899
0.9086400000000006
0.9091000000000006
0.9115100000000005
0.9074399999999998
0.9089400000000003
0.9095900000000005
0.9078800000000002
0.9099600000000002
0.9087900000000003
0.9070300000000008
0.9074400000000001
0.9088200000000005
0.9083400000000004
0.9094200000000008
0.90941
0.9086400000000003
0.9103300000000004
0.9078500000000005
0.9096600000000001
0.9075000000000008
0.9093100000000001
0.9084500000000004
0.90959
0.9073300000000004
0.9084300000000001
0.9089300000000001
0.9095900000000001
0.90805
0.9093400000000007
0.9092700000000007
0.9067600000000007
0.9109100000000002
0.9091000000000006
0.9084900000000001
0.9102700000000006
0.9099500000000004
0.9086399999999998
0.9084800000000008
0.9097400000000004
0.9089400000000005
0.9086000000000003
0.9101900000000005
0.9107500000000002
0.9105600000000001
0.9092800000000003
0.9074100000000003
0.9094499999999998
0.9094399999999996
0.9080300000000002
0.9093099999999998
0.9081500000000007
0.9092500000000004
0.9106000000000004
0.9095400000000008
0.9079399999999995
0.9090700000000004
0.9087300000000005
0.9083600000000002
0.9092600000000003
0.9101500000000002
0.9078200000000004
0.9081699999999999
0.9086200000000008
0.9085500000000001
0.9083000000000002
0.9082000000000001
0.90928
0.9091400000000003
0.9094400000000006
0.9086300000000002
0.9092100000000006
0.9096700000000001
0.9084000000000004
0.9091900000000005
0.9093400000000003
0.9100600000000008
0.9097300000000003
0.9091100000000004
0.9075900000000003
0.9082100000000008
0.9091400000000003
0.9082000000000002
0.9110100000000004
0.9084300000000003
0.9078200000000005
0.9068900000000008
0.9103600000000006
0.9095800000000004
0.9104200000000003
0.9083500000000005
0.9102100000000002
0.9093300000000001
0.9093700000000005
0.9095900000000006
0.9100800000000002
0.9090000000000006
0.9110100000000003
0.9084400000000004
0.9099700000000002
0.9091200000000002
0.9097600000000006
0.9094500000000008
0.9080299999999998
0.9094800000000002
0.9096700000000003
0.9104600000000005
0.9090800000000004
0.9061800000000002
0.9111900000000007
0.9080300000000002
0.9107600000000005
0.9094600000000004
0.9085200000000002
0.9091400000000002
0.9095200000000004
0.9091100000000005
0.9084300000000007
0.9093800000000004
0.9083800000000004
0.9101100000000002
0.9088900000000001
0.9092200000000006
0.90888
0.9093900000000003
0.9066400000000001
0.9090200000000006
0.9104200000000007
0.9071100000000007
0.90979
0.9092700000000005
0.9084699999999999
0.9078800000000004
0.9091600000000004
0.9100200000000005
0.9084300000000006
0.9093500000000009
0.9093900000000006
0.9096199999999999
0.9082600000000001
0.9088100000000003
0.9088400000000003
0.9095800000000003
0.9090100000000001
0.9085300000000006
0.9082100000000004
0.9096600000000004
0.9076500000000007
0.9092400000000002
0.9095900000000003
0.9099700000000003
0.9083900000000004
0.9096100000000004
0.9075600000000006
0.9092300000000004
0.9081100000000002
0.9098899999999998
0.9089400000000001
0.9093300000000005
0.9091000000000007
0.9097500000000001
0.9110500000000006
0.9098300000000006
0.9096300000000009
0.9112100000000004
0.9100800000000003
0.9099800000000003
0.9082500000000006
0.9097300000000001
0.9088400000000004
0.9084800000000003
0.9076700000000004
0.90994
0.9092600000000001
0.9087000000000003
0.9097200000000002
0.9072300000000009
0.9091799999999999
0.9088500000000004
0.9104100000000007
0.9085900000000002
0.90995
0.9088200000000003
0.9085200000000003
0.90863
0.9101200000000005
0.9081000000000005
0.9096100000000007
0.909440000000001
0.9093900000000004
0.9084100000000003
0.9092400000000004
0.9087900000000001
0.9084800000000002
0.9089800000000008
0.9085100000000006
0.9083500000000005
0.9085300000000004
0.9067599999999999
0.9089200000000003
0.9102100000000003
0.9065300000000004
0.9082300000000003
0.9097300000000006
0.9087500000000004
0.9081600000000002
0.9086100000000004
0.9080700000000003
0.9096200000000002
0.9077200000000003
0.9089700000000007
0.9102000000000007
0.9085599999999999
0.9092
0.9100800000000002
0.9078600000000003
0.9096000000000006
0.9112800000000003
0.9084300000000002
0.9099200000000002
0.9086000000000002
0.9083600000000002
0.9118000000000004
0.9101100000000002
0.9094900000000007
0.9087700000000006
0.9099700000000004
0.9082500000000004
0.9091200000000004
0.9088500000000004
0.9110700000000003
0.9092500000000004
0.90754
0.9094200000000002
0.9088900000000004
0.9092900000000006
0.9093300000000006
0.9074900000000002
0.9079400000000003
0.9090800000000003
0.9089900000000009
0.9091800000000007
0.9085400000000006
0.9093800000000004
0.9104900000000004
0.9085400000000007
0.9085100000000004
0.9093100000000004
0.9088600000000007
0.9084800000000003
0.9093300000000003
0.9097900000000004
0.9088900000000005
0.9093600000000004
0.9090300000000009
0.9087400000000001
0.9097900000000004
0.9085100000000004
0.9100000000000005
0.9091300000000001
0.9104500000000003
0.9089399999999999
0.9091700000000005
0.9101500000000002
0.9078500000000005
0.9101000000000002
0.90802
0.9089700000000006
0.9100100000000003
0.9097100000000005
0.9085800000000003
0.9081600000000003
0.9069400000000003
0.9108000000000002
0.9083400000000001
0.9080800000000007
0.9097200000000002
0.9089800000000003
0.9095600000000006
0.9102500000000007
0.9078100000000003
0.9100100000000001
0.9089300000000006
0.9094800000000005
0.90913
0.9087100000000004
0.9082700000000004
0.9091300000000007
0.9099200000000003
0.9105000000000004
0.9084300000000005
0.9099400000000004
0.9082900000000005
0.9104600000000002
0.9091400000000003
0.9095300000000001
0.9090100000000005
0.9087900000000007
0.9106900000000003
0.9089500000000001
0.9098300000000008
0.9083400000000005
0.9088300000000004
0.9098900000000002
0.9077900000000004
0.9094100000000003
0.9089800000000006
0.9077299999999999
0.9087100000000008
0.9082800000000004
0.9098000000000003
0.9080700000000006
0.9100800000000003
0.9075300000000002
0.9082300000000003
0.90991
0.9092300000000004
0.9086100000000004
0.9085300000000003
0.9077400000000004
0.9091500000000005
0.9090900000000005
0.9087000000000005
0.9099200000000001
0.9083200000000007
0.9098300000000001
0.9085500000000004
0.9093800000000001
0.9082500000000004
0.9084700000000006
0.9101800000000003
0.9081100000000005
0.9098600000000006
0.9100100000000004
0.9094100000000002
0.9081200000000001
0.9104800000000003
0.9078500000000004
0.9105100000000005
0.9090500000000002
0.9077000000000006
0.9089700000000004
0.9078300000000001
0.9102800000000002
0.9074600000000005
0.9099700000000002
0.9096900000000001
0.9098100000000008
0.9094999999999999
0.9090000000000004
0.9092000000000006
0.9094299999999998
0.9103200000000002
0.9079700000000003
0.9086600000000005
0.9104300000000006
0.9098400000000002
0.9085500000000004
0.9082999999999999
0.9095300000000001
0.9097400000000008
0.9093000000000003
0.9081400000000008
0.9081600000000002
0.9115699999999998
0.9084800000000003
0.9094700000000008
0.9086200000000001
0.9082499999999999
0.9083200000000002
0.9083500000000003
0.9102800000000006
0.9087100000000002
0.9083599999999997
0.9082399999999999
0.9090200000000003
0.9082200000000005
0.9081700000000006
0.9105200000000002
0.9094200000000003
0.9088499999999999
0.9074700000000003
0.9113800000000002
0.9099000000000004
0.9096500000000001
0.9091700000000006
0.9079200000000004
0.9089900000000006
0.9097300000000003
0.90869
0.9086400000000006
0.9099300000000002
0.9085300000000006
0.9082900000000004
0.9090400000000005
0.9088300000000009
0.9101300000000002
0.9091900000000003
0.9090900000000002
0.9092000000000007
0.9091800000000002
0.9089099999999999
0.9087000000000003
0.9100300000000001
0.9091200000000002
0.9088100000000001
0.9079900000000003
0.9087800000000006
0.9098500000000004
0.9095500000000005
0.9110400000000007
0.9099200000000003
0.9089100000000003
0.9093800000000006
0.9088800000000005
0.90928
0.9092700000000002
0.9080600000000003
0.9093600000000004
0.9085800000000005
0.9080100000000003
0.9092700000000002
0.9097500000000003
0.9088499999999999
0.9085900000000003
0.9107999999999999
0.9079300000000009
0.9088300000000002
0.90794
0.9096900000000002
0.9091200000000006
0.9088500000000002
0.9100200000000004
0.9113700000000005
0.9089200000000004
0.9099900000000002
0.9085200000000002
0.9089600000000003
0.9088500000000005
0.9082700000000002
0.91085
0.9090100000000004
0.9075800000000005
0.9096500000000005
0.9068700000000001
0.9097799999999999
0.9081200000000007
0.9089500000000004
0.9083400000000005
0.9093600000000006
0.9089400000000005
0.9084300000000001
0.9096999999999997
0.9090200000000006
0.9092600000000003
0.9091300000000001
0.9095400000000001
0.9087000000000003
0.9089500000000005
0.9088000000000004
0.90943
0.9067100000000003
0.9102600000000004
0.9093300000000002
0.90788
0.9112100000000004
0.90948
0.9085400000000001
0.9100600000000005
0.9070600000000003
0.9090900000000002
0.9087700000000006
0.9085000000000004
0.9077300000000001
0.9083700000000001
0.9095500000000005
0.9091900000000007
0.9101200000000006
0.9089700000000006
0.9098400000000002
0.9093500000000004
0.9086000000000002
0.9092100000000006
0.9092700000000009
0.9114000000000001
0.9075700000000004
0.9086900000000001
0.9101700000000003
