0.19999999999999962
0.9798699999999994
0.9008699999999997
0.9110700000000004
0.9087900000000001
0.9095200000000006
0.9087100000000006
0.9085800000000006
0.9097000000000005
0.9089000000000007
0.9074100000000003
0.9082300000000006
0.9087900000000001
0.9101600000000001
0.9087200000000003
0.90932
0.9086100000000001
0.9083500000000005
0.9094900000000004
0.9066900000000001
0.9096300000000005
0.9097200000000002
0.9098400000000006
0.9114300000000007
0.9090700000000002
0.9104399999999998
0.9104300000000005
0.9083100000000002
0.910310000000001
0.9077300000000004
0.9086300000000003
0.9086800000000008
0.909360000000001
0.9080499999999998
0.91045
0.9099300000000002
0.90959
0.9092100000000005
0.9117800000000006
0.9100600000000001
0.9091900000000008
0.9097300000000006
0.9080100000000003
0.9084299999999998
0.9089599999999999
0.9089400000000003
0.9090100000000005
0.9083100000000001
0.9098300000000005
0.9080399999999998
0.9091300000000001
0.9084600000000006
0.9103100000000007
0.9089100000000003
0.9083200000000005
0.9103800000000003
0.9092600000000003
0.9084500000000005
0.9087599999999998
0.90857
0.9105100000000003
0.9103400000000004
0.9094300000000005
0.9084300000000005
0.9087799999999998
0.9089900000000004
0.9100100000000004
0.9090200000000002
0.9094000000000002
0.9086200000000004
0.9081200000000006
0.9100000000000003
0.9082599999999998
0.9087900000000004
0.9089600000000009
0.9109500000000006
0.9092900000000005
0.9085400000000006
0.9092100000000001
0.9084500000000003
0.9078500000000004
0.9093800000000004
0.9094200000000002
0.9083500000000009
0.9093300000000005
0.9089499999999999
0.9083100000000006
0.9095399999999999
0.90912
0.9095800000000004
0.9099900000000005
0.9093000000000003
0.9089800000000003
0.9087800000000006
0.9119100000000003
0.9075
0.9094500000000002
0.9092200000000003
0.91025
0.9089700000000005
0.9089100000000001
0.9094999999999999
0.9076800000000002
0.9098600000000003
0.9085600000000004
0.9094000000000002
0.9088800000000002
0.9084500000000003
0.9095600000000005
0.9084500000000003
0.9081200000000004
0.9087700000000002
0.9085800000000005
0.9095100000000005
0.9097500000000001
0.9091399999999998
0.9094300000000003
0.9077100000000005
0.9087400000000005
0.9097899999999997
0.9083500000000003
0.9094100000000005
0.9102300000000001
0.9083400000000001
0.9091499999999999
0.9102000000000003
0.9085900000000006
0.9102100000000007
0.9071700000000006
0.9093400000000004
0.9096799999999999
0.9070900000000002
0.9092200000000001
0.9090599999999999
0.9081899999999998
0.9091400000000003
0.9076400000000003
0.9106600000000004
0.9082700000000001
0.9096400000000002
0.9094800000000001
0.9096100000000004
0.9098600000000006
0.9076300000000004
0.9073300000000006
0.9100800000000001
0.9096200000000002
0.9093300000000002
0.9080300000000004
0.91078
0.91062
0.9078
0.9089900000000006
0.9097500000000004
0.90902
0.90935
0.9092700000000005
0.9093100000000007
0.9084000000000002
0.9089700000000005
0.9076100000000004
0.9089200000000006
0.9090100000000002
0.9089100000000003
0.9076300000000002
0.9088000000000003
0.9083000000000004
0.9089100000000003
0.9082700000000001
0.9081800000000001
0.9099100000000001
0.9096500000000005
0.9109899999999997
0.9079100000000002
0.9092400000000004
0.9091900000000003
0.9098599999999998
0.90819
0.90951
0.9103800000000005
0.9093100000000007
0.9085800000000006
0.9108900000000005
0.9074200000000003
0.9089100000000003
0.9081700000000003
0.9082800000000003
0.9092800000000003
0.9077700000000009
0.9091300000000001
0.9089800000000003
0.9091000000000001
0.9083200000000007
0.9079500000000005
0.9091200000000004
0.9075600000000006
0.9102600000000004
0.90909
0.9098799999999997
0.9103800000000003
0.9086600000000002
0.9097400000000003
0.9095100000000005
0.9093100000000005
0.9101600000000002
0.9091200000000006
0.9093600000000005
0.9082900000000003
0.9096799999999997
0.9105700000000004
0.9089700000000002
0.9112400000000003
0.9082100000000001
0.9101600000000002
0.9084100000000003
0.9086600000000001
0.9097500000000003
0.9086600000000006
0.9093400000000006
0.9098700000000002
0.9091500000000003
0.9066300000000005
0.9084300000000005
0.9099199999999997
0.9096700000000001
0.9083600000000004
0.9099000000000003
0.9104500000000002
0.9077400000000008
0.9094700000000003
0.9105200000000007
0.9086700000000004
0.9095100000000003
0.9082800000000003
0.9105900000000002
0.9097600000000005
0.9097100000000005
0.9084200000000004
0.9087100000000002
0.9094800000000004
0.9075000000000003
0.9087500000000002
0.9088300000000005
0.9075900000000005
0.9084300000000006
0.9082300000000005
0.9097400000000007
0.9089500000000004
0.9098100000000006
0.90848
0.9073700000000003
0.9086300000000003
0.9098000000000006
0.9084300000000005
0.9108400000000004
0.9105500000000001
0.9086300000000006
0.9103500000000005
0.9076200000000005
0.9089500000000003
0.9095800000000003
0.9094900000000002
0.9108600000000006
0.9096200000000002
0.9077100000000006
0.9107000000000004
0.9094400000000006
0.9081800000000002
0.9083300000000005
0.90986
0.9075800000000007
0.9089100000000001
0.9095500000000009
0.9080500000000005
0.90753
0.9100300000000004
0.9099499999999999
0.9087299999999999
0.9089700000000001
0.9079
0.9088300000000005
0.9077100000000005
0.9085400000000005
0.9098700000000002
0.9101500000000005
0.9084200000000001
0.9092199999999999
0.9085100000000006
0.90874
0.9097600000000005
0.9082200000000004
0.9096900000000008
0.9084600000000005
0.9098100000000006
0.9102200000000004
0.9092700000000004
0.90962
0.9096100000000004
0.9079900000000005
0.9092800000000001
0.9092900000000003
0.9095700000000007
0.9088
0.9100700000000002
0.9066600000000006
0.9103600000000008
0.9084500000000005
0.9069800000000002
0.9101800000000003
0.9081899999999998
0.9094000000000004
0.9093800000000001
0.9088299999999999
0.9090100000000004
0.9101300000000002
0.9092400000000006
0.9106500000000005
0.9082400000000002
0.9080600000000005
0.9089300000000001
0.9112200000000001
0.9097100000000005
0.9076
0.9092100000000003
0.9092300000000002
0.9089
0.9086100000000005
0.9083299999999997
0.9077500000000005
0.9081500000000005
0.9093900000000003
0.9087700000000002
0.9104400000000008
0.9087000000000006
0.9103900000000005
0.9103000000000004
0.9089000000000003
0.9092400000000005
0.9084800000000005
0.9102799999999999
0.9081300000000003
0.9095700000000002
0.9091400000000001
0.9095100000000008
0.9092199999999999
0.9076500000000003
0.9098800000000008
0.9098300000000001
0.9091900000000004
0.9083100000000006
0.9097500000000006
0.9080300000000007
0.9073700000000003
0.9085300000000006
0.9094500000000005
0.9086300000000006
0.9105200000000004
0.9099900000000005
0.9094300000000004
0.9116800000000005
0.9095700000000002
0.9077700000000009
0.9096100000000007
0.9095700000000002
0.9089700000000004
0.9084400000000004
0.9078200000000003
0.9097300000000003
0.91035
0.9080400000000004
0.9089400000000005
0.90941
0.9079300000000002
0.9100400000000003
0.9096000000000006
0.9083900000000003
0.9094000000000002
0.9095600000000004
0.9082800000000006
0.90893
0.9087099999999998
0.9083600000000005
0.9079400000000005
0.9082100000000007
0.9091000000000002
0.9110600000000006
0.9080900000000008
0.9091600000000006
0.9085500000000007
0.91054
0.9091100000000005
0.9088200000000005
0.9099300000000008
0.9088900000000001
0.9085000000000001
0.9102100000000006
0.9092200000000006
0.9079300000000002
0.9104000000000002
0.9088300000000004
0.9092000000000005
0.9104200000000005
0.9076500000000004
0.90935
0.9093800000000001
0.9095500000000007
0.9094500000000008
0.9087400000000005
0.9093800000000001
0.9089300000000006
0.9080700000000006
0.9099299999999999
0.9074800000000003
0.9086800000000007
0.9081600000000001
0.9084599999999997
0.9077400000000001
0.9087200000000009
0.9093100000000007
0.9098100000000003
0.9076200000000003
0.9086200000000005
0.9083000000000004
0.9108300000000004
0.9076200000000008
0.9095100000000004
0.91085
0.9070300000000003
0.9070600000000004
0.9093800000000002
0.9112500000000001
0.9095600000000001
0.9107700000000003
0.9100600000000001
0.9081700000000003
0.9087300000000007
0.9091100000000004
0.9093700000000008
0.9093100000000004
0.9093400000000004
0.9094900000000008
0.9086200000000002
0.90758
0.9103000000000006
0.90829
0.9079300000000003
0.9093400000000003
0.9088000000000004
0.9097900000000004
0.9084
0.9108200000000006
0.9092100000000003
0.9098000000000005
0.9091700000000006
0.9086500000000004
0.9089000000000005
0.9096599999999999
0.9079400000000003
0.9105
0.9095300000000006
0.9097600000000005
0.9080200000000005
0.9106000000000001
0.9073500000000001
0.9100000000000005
0.9086300000000002
0.9094300000000001
0.9080600000000004
0.9099000000000003
0.9095699999999998
0.9089600000000004
0.9099700000000002
0.9093900000000003
0.9083400000000005
0.9092000000000001
0.9073400000000007
0.9105999999999997
0.9071000000000004
0.9095200000000001
0.9091500000000003
0.9094600000000006
0.9090100000000001
0.9110299999999998
0.90872
0.9106200000000004
0.9087700000000006
0.9080600000000009
0.9085100000000003
0.9078600000000003
0.9099500000000005
0.9078300000000002
0.9091600000000004
0.9101299999999999
0.9100900000000004
0.9073300000000003
0.9096500000000005
0.9094300000000001
0.9083800000000004
0.9090000000000008
0.9094300000000001
0.9082100000000008
0.9095900000000003
0.9069400000000003
0.9097300000000003
0.9082700000000004
0.9112400000000004
0.9089500000000005
0.9104300000000003
0.9089300000000002
0.9099100000000004
0.9096300000000004
0.9096500000000003
0.9086600000000007
0.9097400000000004
0.90988
0.9084800000000003
0.9085900000000003
0.9101900000000004
0.9086000000000007
0.9079600000000002
0.9083000000000002
0.9084600000000006
0.9099300000000006
0.9088300000000005
0.9098600000000008
0.9087400000000002
0.9106100000000008
0.9071900000000004
0.9086200000000006
0.9091500000000005
0.9083100000000001
0.9103
0.9106200000000001
0.9083600000000004
0.9104200000000006
0.90805
0.9079900000000003
0.9085300000000004
0.90852
0.9101500000000006
0.9084700000000002
0.9103400000000004
0.9102100000000007
0.9090700000000003
0.9094900000000007
0.9094800000000005
0.9105200000000003
0.9098600000000004
0.9095500000000005
0.9075700000000004
0.9103899999999999
0.9079300000000003
0.9088299999999998
0.9095400000000001
0.9090400000000001
0.9076600000000002
0.9086300000000006
0.9069100000000003
0.9067400000000009
0.9090500000000006
0.9101200000000002
0.9090000000000008
0.9078900000000004
0.9099500000000001
0.9091300000000007
0.9091100000000005
0.9106900000000004
0.9090000000000004
0.9096600000000004
0.9088400000000001
0.9098200000000003
0.9089500000000005
0.9092300000000002
0.9108000000000005
0.9091100000000004
0.9087800000000005
0.9082000000000001
0.9096100000000001
0.9083900000000004
0.9100600000000004
0.90974
0.9100000000000006
0.9082000000000003
0.9091600000000003
0.90902
0.9088600000000002
0.9088400000000003
0.9084100000000004
0.9106199999999999
0.9087300000000004
0.9101300000000003
0.9099100000000003
0.9090700000000003
0.9093000000000004
0.9084400000000001
0.9114600000000004
0.9082700000000006
0.9105200000000001
0.9097000000000003
0.9076700000000005
0.9094200000000005
0.9094200000000003
0.9104600000000009
0.9077800000000005
0.9087700000000006
0.9091800000000007
0.9094100000000007
0.9099499999999999
0.90951
0.9078700000000004
0.9095699999999998
0.9091500000000003
0.9081100000000003
0.9091900000000002
0.9080800000000002
0.9099400000000003
0.9098600000000004
0.9095100000000006
0.9079900000000006
0.9088800000000009
0.909280000000001
0.9092800000000004
0.9113600000000003
0.9078100000000007
0.9093600000000001
0.9091900000000004
0.9086100000000005
0.9097500000000004
0.9101600000000001
0.9092200000000004
0.9077100000000002
0.9083500000000002
0.9091900000000003
0.9096900000000001
0.9101400000000004
0.9099400000000004
0.9081700000000003
0.9103000000000008
0.9102200000000003
0.9092800000000006
0.9089899999999999
0.9087200000000002
0.9083000000000007
0.9106600000000001
0.9087000000000007
0.9102100000000002
0.9079100000000001
0.9094700000000002
0.9087900000000007
0.9103800000000005
0.9089300000000005
0.9093300000000007
0.9092700000000007
0.9087399999999998
0.9098600000000002
0.9083000000000002
0.9082700000000006
0.9086400000000003
0.9077600000000006
0.9103300000000007
0.9089400000000005
0.907980000000001
0.91014
0.9103
0.9100300000000007
0.9090200000000003
0.9090700000000003
0.9086700000000002
0.9091600000000004
0.9079800000000003
0.9107800000000004
0.9078400000000001
0.9091700000000005
0.9089300000000006
0.9086300000000006
0.9092500000000004
0.9099900000000004
0.9096500000000001
0.9088900000000006
0.9069200000000004
0.9105
0.9084100000000003
0.9088300000000004
0.9091500000000003
0.9083800000000005
0.9085500000000001
0.9104500000000003
0.9082200000000004
0.9094400000000004
0.9102500000000004
0.9092600000000004
0.9092500000000001
0.9097299999999998
0.9093700000000008
0.9092600000000003
0.9081000000000005
0.9085599999999998
0.9096200000000009
0.9091200000000005
0.9071800000000004
0.9095800000000005
0.9094100000000002
0.9098100000000006
0.9102500000000004
0.9089100000000007
0.9086500000000004
0.9096200000000007
0.9096000000000002
0.9093400000000003
0.9093300000000006
0.9086600000000002
0.90921
0.91006
0.9084800000000003
0.9082200000000004
0.9085100000000007
0.90848
0.9104400000000008
0.9072700000000004
0.9099100000000004
0.9098100000000003
0.9096700000000006
0.9092200000000003
0.9091800000000003
0.9116500000000005
0.9088200000000005
0.9082100000000004
0.91095
0.9075200000000002
0.9089400000000003
0.9093700000000007
0.9089500000000004
0.9086400000000003
0.9078400000000003
0.9089300000000001
0.9088800000000004
0.9066100000000006
0.90856
0.9092900000000005
0.9078100000000003
0.9097200000000002
0.9086199999999998
0.9076700000000005
0.9085800000000003
0.9094600000000002
0.9095500000000004
0.9081600000000002
0.9089900000000006
0.9076700000000002
0.9095000000000002
0.9083300000000003
0.9093900000000003
0.9111100000000008
0.9078700000000002
0.9085500000000006
0.9076500000000002
0.9088900000000002
0.9088000000000004
0.9087999999999999
0.9103000000000008
0.9088800000000002
0.9079599999999998
0.9096900000000006
0.9088300000000005
0.9091800000000001
0.9087800000000011
0.9087300000000005
0.9097800000000007
0.9095300000000005
0.90813
0.9096900000000001
0.9101300000000007
0.9080300000000006
0.9095500000000001
0.90944
0.9087200000000004
0.9074500000000004
0.9083800000000004
0.907180000000001
0.9096000000000004
0.9089400000000005
0.9089000000000002
0.9081800000000004
0.9091400000000006
0.9104400000000001
0.9088300000000004
0.9081500000000006
0.9099900000000001
0.9081700000000003
0.9079300000000005
0.9102600000000004
0.9083100000000003
0.90885
0.9101400000000003
0.9093100000000003
0.9095700000000002
0.9085500000000006
0.9078300000000005
0.9099999999999998
0.9069800000000002
0.9096100000000004
0.9083100000000008
0.9093500000000008
0.9077500000000006
0.9085000000000004
0.9099700000000003
0.9100500000000004
0.9084800000000007
0.9109900000000003
0.9077100000000005
0.9076600000000005
0.9086600000000001
0.9080000000000004
0.9106000000000001
0.9089400000000001
0.9084700000000007
0.9083900000000003
0.9090100000000001
0.9090100000000005
0.9090800000000004
0.9080800000000002
0.9107400000000001
0.9098000000000002
0.9091200000000009
0.9084100000000004
0.90913
0.9089200000000005
0.9084900000000006
0.9073300000000002
0.9086199999999998
0.9092600000000003
0.9082200000000009
0.9108600000000002
0.9087999999999998
0.9094000000000005
0.9082100000000004
0.9086200000000001
0.9083700000000005
0.9084300000000005
0.9079100000000001
0.9083100000000005
0.9086600000000001
0.9093800000000007
0.9101200000000007
0.9077100000000005
0.9085300000000004
0.9090100000000007
0.91009
0.9079000000000004
0.9083000000000006
0.9080000000000001
0.9095900000000001
0.9096100000000003
0.9094900000000001
0.9088100000000001
0.9078400000000002
0.9087600000000003
0.9085700000000001
0.9092599999999998
0.9090200000000002
0.90868
0.9084100000000003
0.9101400000000005
0.9085400000000002
0.9077800000000003
0.9107499999999998
0.9099300000000003
0.9101300000000003
0.9087200000000002
0.9090400000000004
0.9095400000000001
0.9105100000000002
0.9094900000000004
0.9084700000000006
0.9087000000000011
0.9087100000000006
0.9097600000000007
0.9101300000000004
0.9096700000000001
0.9086000000000005
0.9100300000000004
0.9100400000000002
0.9080000000000003
0.9075000000000003
0.9103100000000006
0.9086100000000005
0.9093800000000002
0.90858
0.91046
0.9093200000000004
0.9096400000000002
0.9103900000000001
0.9090700000000004
0.909360000000001
0.9078800000000002
0.9097300000000004
0.9097700000000006
0.9093600000000005
0.9089900000000004
0.9083600000000007
0.9104700000000002
0.9085600000000004
0.9092000000000003
0.9092200000000004
0.9077200000000001
0.9079000000000005
0.9097800000000003
0.9087500000000003
0.90887
0.9069300000000002
0.9094500000000003
0.9090300000000008
0.91024
0.9083100000000003
0.9100000000000005
0.9095700000000003
0.9081000000000004
0.9081200000000008
0.9102500000000003
0.9098200000000003
0.9089600000000003
0.9080800000000003
0.9086300000000003
0.9101300000000002
0.9086200000000001
0.9096900000000002
0.9091100000000005
0.9092199999999999
0.9110200000000003
0.9081000000000006
0.90982
0.9103000000000001
0.9083700000000003
0.9093700000000006
0.9086200000000004
0.9094800000000006
0.9083400000000005
0.9082000000000003
0.9111400000000005
0.9093100000000005
0.9091399999999998
0.9080000000000006
0.9098500000000002
0.9094600000000006
0.9100700000000002
0.9094200000000005
0.9095200000000002
0.9097599999999999
0.9090100000000005
0.9115400000000003
0.9091100000000004
0.9089300000000005
0.9077400000000005
0.9092100000000003
0.90802
0.9103700000000008
0.9079300000000007
0.9084300000000003
0.9076100000000001
0.9086900000000001
0.9091000000000009
0.9084300000000006
0.9093400000000006
0.9097300000000007
0.9085000000000002
0.9087600000000006
0.9107999999999999
0.9098299999999998
0.9085399999999999
0.9105900000000001
0.9083800000000002
0.9088300000000002
0.9092000000000003
0.9093900000000003
0.9110000000000007
0.9095200000000002
0.9105399999999997
0.9096100000000006
0.9099600000000003
0.9090400000000003
0.9092100000000002
0.9092300000000002
0.9093900000000003
0.9100900000000006
0.9079400000000005
0.9095099999999998
0.9091300000000001
0.9090900000000002
0.9080200000000009
0.9101400000000004
0.9088100000000006
0.9095000000000003
0.9080099999999999
0.9093800000000006
0.9097100000000005
0.9088200000000006
0.90967
0.9086400000000002
0.9076200000000005
0.9092200000000007
