0.19999999999999962
0.8868099999999999
0.9106700000000003
0.9102700000000005
0.9084600000000002
0.90908
0.9094500000000006
0.9100099999999999
0.9093200000000001
0.9094
0.9086200000000004
0.9089800000000001
0.9104400000000004
0.9088200000000002
0.9096300000000005
0.9096300000000005
0.9083999999999999
0.9100500000000005
0.9081300000000008
0.9105600000000003
0.9114600000000004
0.9100100000000001
0.9085700000000004
0.9083200000000007
0.9096500000000007
0.9085700000000005
0.9091600000000005
0.9085700000000004
0.9076300000000006
0.9098000000000003
0.9093900000000004
0.9091400000000006
0.9095400000000003
0.9077700000000003
0.9087300000000004
0.9076700000000005
0.9104099999999999
0.9081400000000006
0.9075600000000005
0.9103100000000004
0.9092200000000003
0.908510000000001
0.9091800000000005
0.9096300000000005
0.9088100000000001
0.9099900000000004
0.9104900000000009
0.9095100000000006
0.9090399999999998
0.9109500000000003
0.9095100000000005
0.90923
0.9090600000000003
0.9099800000000005
0.9070700000000006
0.9092199999999999
0.9084300000000002
0.9094500000000003
0.9087300000000001
0.9110400000000002
0.9081
0.9117800000000004
0.9102300000000002
0.9099700000000004
0.9074500000000002
0.9093300000000001
0.9101500000000005
0.9087800000000006
0.9096
0.9082000000000001
0.9103400000000004
0.9081500000000002
0.9082400000000004
0.9092900000000007
0.9080500000000004
0.9065000000000001
0.9090300000000008
0.9086100000000008
0.9084300000000002
0.9101800000000003
0.9096199999999999
0.9101200000000006
0.9083000000000001
0.90644
0.9091500000000007
0.9093500000000004
0.9102000000000006
0.9085199999999999
0.9083500000000005
0.9074500000000006
0.90964
0.9074500000000006
0.9106900000000006
0.9096400000000001
0.9082400000000003
0.9085900000000003
0.9090500000000002
0.9090100000000005
0.9093100000000003
0.9094700000000004
0.9084700000000001
0.9092900000000006
0.9086500000000004
0.90992
0.9096000000000004
0.9101900000000002
0.9075200000000005
0.9079800000000006
0.9088300000000002
0.9099799999999998
0.9095299999999998
0.9078700000000004
0.9102300000000002
0.9097800000000007
0.90888
0.9078400000000002
0.9091300000000001
0.9086600000000001
0.9077800000000004
0.9100800000000003
0.9101000000000006
0.9092600000000002
0.9073500000000007
0.91042
0.9097600000000002
0.9083400000000006
0.9112399999999999
0.9104100000000007
0.9086700000000004
0.9098000000000005
0.91173
0.9074400000000001
0.9091600000000005
0.9099900000000005
0.9072199999999999
0.91063
0.9086500000000006
0.9093900000000003
0.9106200000000004
0.9089400000000007
0.9105500000000005
0.9082000000000003
0.9107700000000003
0.9091500000000003
0.9088300000000007
0.9102400000000003
0.9087100000000008
0.9072500000000006
0.9096000000000004
0.9084900000000001
0.9098300000000006
0.90846
0.9085900000000001
0.9087100000000009
0.9094400000000005
0.9092400000000004
0.9102400000000004
0.9107200000000008
0.9074200000000008
0.9096900000000006
0.9084000000000009
0.9098000000000003
0.9088000000000003
0.9075400000000005
0.9107800000000007
0.90778
0.9099400000000002
0.9083900000000001
0.9093800000000002
0.9084600000000006
0.9094600000000006
0.9086300000000003
0.9094100000000007
0.9112700000000002
0.9076800000000005
0.9094900000000001
0.9098200000000007
0.9102600000000004
0.9082500000000006
0.9083800000000007
0.9084100000000003
0.9094400000000006
0.9084800000000004
0.9093000000000002
0.9097900000000004
0.9103700000000003
0.9083500000000007
0.9101500000000005
0.9097900000000003
0.9088600000000006
0.9082400000000006
0.9095900000000006
0.9109400000000002
0.9094800000000006
0.9082000000000002
0.9099200000000001
0.9084500000000001
0.9104600000000006
0.9100400000000001
0.9092400000000005
0.9095700000000007
0.9079600000000002
0.9094500000000005
0.9092600000000003
0.9104500000000005
0.9081600000000001
0.9099800000000002
0.9095400000000007
0.9098800000000005
0.9095300000000008
0.9073600000000002
0.9092800000000003
0.9079899999999996
0.9083000000000004
0.9096500000000003
0.9092100000000003
0.9103699999999999
0.9074999999999999
0.9101800000000001
0.9076700000000004
0.9092000000000005
0.9085900000000002
0.9090300000000003
0.9085400000000006
0.9104900000000007
0.9099800000000005
0.9100000000000007
0.9079700000000004
0.9096300000000003
0.9089400000000003
0.9079500000000005
0.9084800000000004
0.9094299999999998
0.9095000000000002
0.9073100000000003
0.9099299999999999
0.9085300000000005
0.9085000000000004
0.9087000000000003
0.9091300000000008
0.9095800000000003
0.9097800000000013
0.9094899999999998
0.9097200000000006
0.9090400000000005
0.9092200000000006
0.9096899999999999
0.9112300000000004
0.9093500000000004
0.9092500000000004
0.9096700000000001
0.9099300000000002
0.9087600000000005
0.9094600000000004
0.9098100000000001
0.9093699999999998
0.9090500000000006
0.9088700000000006
0.9091200000000005
0.9087200000000003
0.9075700000000003
0.9104000000000003
0.9091700000000001
0.9086299999999998
0.9098599999999998
0.9094800000000002
0.9067400000000001
0.9083900000000001
0.9096500000000003
0.9078900000000003
0.9085800000000005
0.9096400000000002
0.909720000000001
0.90827
0.9109400000000002
0.90806
0.9100400000000005
0.9104600000000006
0.9094400000000001
0.9088000000000003
0.9091700000000005
0.9087400000000007
0.9088100000000003
0.9091200000000006
0.9089700000000002
0.9076800000000002
0.9098300000000004
0.9098500000000004
0.9072400000000006
0.9086900000000003
0.9101000000000006
0.9103200000000006
0.9090600000000003
0.9082800000000006
0.910000000000001
0.9084300000000006
0.9097899999999997
0.9084700000000002
0.9083300000000003
0.9090500000000002
0.9096000000000005
0.9104500000000004
0.9081200000000001
0.9088800000000004
0.9080300000000004
0.9090300000000003
0.9080100000000004
0.9110900000000001
0.9088500000000004
0.9091300000000004
0.9072400000000002
0.9080300000000001
0.9089399999999997
0.9090400000000005
0.9094300000000001
0.9086100000000005
0.9075900000000006
0.9090199999999998
0.9107700000000001
0.9075100000000006
0.9089500000000005
0.9093400000000003
0.9080500000000002
0.9107900000000002
0.9108000000000005
0.90888
0.9105699999999998
0.9092200000000008
0.9103200000000001
0.90813
0.9078600000000004
0.9095200000000002
0.9097900000000001
0.91037
0.9088700000000002
0.9111600000000004
0.9096500000000003
0.9075500000000004
0.9084300000000001
0.9103800000000006
0.9083300000000003
0.9081600000000003
0.9096400000000001
0.9102200000000005
0.9073100000000003
0.9090200000000004
0.9077400000000008
0.9085200000000008
0.9088200000000003
0.9086900000000001
0.9105400000000003
0.9083000000000001
0.9092500000000006
0.9090700000000002
0.9102600000000004
0.9089000000000006
0.9095200000000004
0.9111100000000003
0.9089400000000006
0.9082500000000003
0.9100900000000002
0.9073200000000008
0.91031
0.9074500000000003
0.9111300000000004
0.9080500000000009
0.90852
0.9087900000000002
0.9089900000000003
0.9087900000000007
0.9084500000000009
0.9093600000000001
0.9093900000000006
0.9091100000000005
0.9096200000000004
0.9093700000000005
0.9091400000000006
0.9079000000000005
0.9078500000000002
0.9072600000000004
0.90732
0.9081600000000001
0.9101400000000005
0.9081100000000005
0.9094000000000001
0.9107100000000007
0.9067400000000002
0.9080300000000008
0.9095000000000006
0.9091200000000005
0.9090000000000005
0.9082800000000003
0.9099200000000001
0.9092200000000003
0.9074600000000004
0.9085800000000006
0.9105100000000006
0.9098100000000003
0.9101100000000002
0.9095700000000008
0.9088900000000004
0.9094300000000004
0.91094
0.9095000000000008
0.9084400000000004
0.9106100000000003
0.9074700000000009
0.9095
0.9087100000000002
0.9080100000000002
0.9088600000000003
0.9112299999999998
0.9091000000000001
0.9077700000000004
0.9086
0.9083600000000005
0.9095
0.9095600000000005
0.9089200000000001
0.9080700000000007
0.9105200000000001
0.9079300000000007
0.9083700000000006
0.9078700000000005
0.9092700000000004
0.9087900000000004
0.9079100000000002
0.9108500000000006
0.9086700000000004
0.9082500000000006
0.9082000000000003
0.9082100000000004
0.9079200000000003
0.9100800000000003
0.9083200000000002
0.9079700000000003
0.9063400000000005
0.9093400000000003
0.9086799999999997
0.9095000000000004
0.9081800000000005
0.9078900000000004
0.9094000000000004
0.907940000000001
0.9100300000000007
0.9098300000000005
0.9083600000000004
0.9099800000000006
0.9090299999999999
0.9089200000000008
0.9098200000000004
0.9085000000000006
0.9083900000000004
0.9107700000000003
0.9093200000000004
0.9095800000000005
0.9088500000000004
0.9089700000000006
0.9090700000000002
0.9102900000000002
0.9082900000000005
0.9102800000000003
0.9089100000000008
0.9091700000000003
0.9081800000000002
0.9090600000000003
0.9096800000000003
0.9097100000000005
0.9086500000000008
0.9083200000000002
0.9095400000000001
0.9085500000000002
0.9089100000000007
0.9096500000000001
0.9085700000000005
0.9106400000000008
0.9102300000000005
0.9096600000000005
0.9089200000000006
0.9087300000000005
0.9079600000000005
0.9092900000000002
0.9090200000000007
0.9111400000000001
0.9103900000000001
0.9081800000000007
0.9079199999999998
0.9089300000000002
0.9094500000000003
0.9098000000000006
0.9097200000000008
0.9098400000000005
0.9099
0.9096500000000008
0.9096300000000004
0.9103100000000005
0.9096200000000002
0.9091800000000009
0.9078900000000009
0.9091799999999999
0.9102500000000003
0.9092200000000004
0.9083300000000005
0.9085400000000006
0.9078300000000007
0.9075600000000001
0.9092400000000002
0.9098300000000009
0.9093500000000004
0.9091100000000004
0.9094400000000006
0.9078200000000006
0.9104100000000002
0.91025
0.9107900000000005
0.9080100000000003
0.9097300000000007
0.9096199999999999
0.9086600000000008
0.9097300000000006
0.9096300000000005
0.9090300000000009
0.9097700000000003
0.9083800000000004
0.9090400000000005
0.9098300000000006
0.9087900000000003
0.9088399999999999
0.9081500000000002
0.9098899999999999
0.9086200000000008
0.9084600000000005
0.9092700000000002
0.9082400000000007
0.9107900000000003
0.9081199999999999
0.9084400000000005
0.9084700000000002
0.9101200000000005
0.9080700000000003
0.9093700000000006
0.9090200000000003
0.9093500000000004
0.9082900000000005
0.9085600000000007
0.9078300000000007
0.9100500000000001
0.9083300000000004
0.9106700000000001
0.9108000000000004
0.9096300000000003
0.9077500000000002
0.9090400000000005
0.9089600000000005
0.90939
0.9095000000000002
0.90781
0.9089700000000004
0.9080500000000004
0.9090300000000003
0.91105
0.9080500000000004
0.9089900000000003
0.90868
0.90964
0.9089400000000002
0.9097800000000003
0.9104899999999999
0.9091400000000003
0.9094400000000007
0.9084600000000009
0.9074900000000007
0.9083900000000006
0.9086100000000006
0.90827
0.9102600000000003
0.9093200000000004
0.9088000000000005
0.9098900000000002
0.9065100000000003
0.9094600000000006
0.9094200000000001
0.9091600000000001
0.91081
0.91113
0.9083700000000001
0.9101300000000009
0.9094300000000004
0.9078200000000004
0.9092300000000005
0.9101200000000002
0.9087300000000004
0.9088900000000006
0.9067600000000003
0.9096500000000002
0.9098400000000001
0.9087900000000007
0.9095400000000007
0.9098200000000003
0.9091100000000003
0.90876
0.9081900000000003
0.9097100000000004
0.9089100000000007
0.9102800000000001
0.90912
0.9084300000000003
0.9082700000000004
0.9095900000000006
0.9088200000000002
0.9081700000000006
0.9085900000000003
0.9099000000000004
0.9097400000000007
0.9084100000000004
0.9090800000000004
0.9102000000000002
0.9088300000000001
0.9106400000000004
0.9099900000000001
0.90718
0.9097000000000003
0.9086800000000003
0.9089700000000004
0.90972
0.9087700000000009
0.9091600000000004
0.9076200000000008
0.9087800000000005
0.9103400000000005
0.9092800000000004
0.9114600000000004
0.9090300000000004
0.9093900000000004
0.9123000000000002
0.9094500000000003
0.9088200000000005
0.9102600000000001
0.9080500000000002
0.90994
0.9085
0.9081500000000006
0.9079300000000007
0.9098900000000002
0.9091000000000008
0.90866
0.9091600000000005
0.9114800000000005
0.9098000000000007
0.9084300000000006
0.9089200000000004
0.9106900000000004
0.9092700000000008
0.9090300000000004
0.9100400000000003
0.9083500000000001
0.9090400000000004
0.9085700000000001
0.9091600000000009
0.9102200000000003
0.9095400000000002
0.9087200000000003
0.9074800000000003
0.9073499999999999
0.9095000000000008
0.9103500000000001
0.9072200000000002
0.9099000000000003
0.9103100000000004
0.9089500000000001
0.9084200000000002
0.9112500000000001
0.9097900000000004
0.9075900000000005
0.9098399999999995
0.9076900000000004
0.9082400000000009
0.90939
0.90849
0.9092500000000004
0.9073200000000001
0.9076200000000003
0.9085700000000004
0.9095800000000003
0.9088399999999998
0.9096100000000003
0.9093500000000004
0.9094900000000006
0.9095799999999998
0.9083300000000005
0.9093700000000001
0.9096200000000002
0.9083000000000004
0.9105800000000005
0.9100200000000007
0.9077700000000006
0.9102500000000003
0.9100700000000006
0.9089900000000003
0.9094400000000006
0.9072900000000003
0.9092600000000002
0.9086300000000004
0.9094100000000007
0.9087800000000001
0.9082399999999998
0.9099899999999999
0.9104700000000008
0.9080500000000004
0.9105000000000003
0.9089300000000002
0.90823
0.9097200000000001
0.90916
0.9090300000000002
0.9086200000000004
0.90956
0.90903
0.9083400000000006
0.9091300000000001
0.9071200000000006
0.9086400000000002
0.9085900000000006
0.9095399999999999
0.9083100000000003
0.9082300000000003
0.9111300000000001
0.9081700000000006
0.9094800000000002
0.9078100000000004
0.9093300000000005
0.9082600000000005
0.9106000000000004
0.9090100000000002
0.9103200000000001
0.9094500000000002
0.9109
0.9082700000000001
0.9098500000000004
0.9086900000000004
0.9099000000000004
0.9074800000000002
0.9086000000000003
0.9090200000000004
0.90932
0.9090000000000008
0.9106700000000003
0.9090800000000001
0.9107300000000004
0.9087100000000002
0.9092800000000003
0.9079600000000007
0.9086600000000001
0.90963
0.9095000000000003
0.90858
0.9071700000000004
0.9101000000000004
0.90717
0.9076700000000009
0.9084700000000006
0.9097500000000006
0.9102500000000002
0.9090300000000002
0.9092700000000007
0.9076500000000003
0.9086400000000004
0.9099499999999999
0.9094200000000002
0.9097500000000003
0.9089800000000001
0.9086400000000003
0.9087399999999998
0.9080800000000002
0.9073000000000008
0.9086300000000004
0.9083100000000006
0.9101700000000003
0.9100100000000002
0.9076100000000004
0.9089400000000002
0.9091400000000004
0.9092500000000001
0.9088400000000005
0.9112500000000003
0.9089700000000001
0.9086700000000001
0.9084200000000009
0.9092800000000001
0.9105300000000004
0.9086300000000002
0.9083500000000001
0.9115500000000003
0.9078599999999999
0.9085200000000007
0.9102300000000001
0.9102600000000004
0.9096200000000004
0.9076000000000007
0.9089700000000005
0.9075800000000004
0.9095600000000005
0.9082600000000001
0.9099400000000003
0.9089900000000004
0.9102600000000004
0.9077500000000007
0.9091800000000003
0.9090400000000004
0.9093499999999999
0.9097700000000003
0.9095000000000006
0.9093100000000005
0.9096400000000006
0.9090000000000006
0.9094300000000004
0.9101700000000003
0.9079800000000003
0.9075600000000003
0.9094300000000004
0.9099899999999999
0.9100300000000001
0.9091500000000002
0.9089900000000004
0.90971
0.9090000000000003
0.9088800000000008
0.9084600000000007
0.9097400000000002
0.9088800000000004
0.9085300000000005
0.9076300000000006
0.9089300000000006
0.9119000000000006
0.9084200000000004
0.9092900000000006
0.9094600000000002
0.9081500000000007
0.9081600000000002
0.9091500000000007
0.9094000000000004
0.9089600000000005
0.9096000000000002
0.9087300000000005
0.9108000000000004
0.9080200000000006
0.9094800000000005
0.9087100000000006
0.9085499999999999
0.9082500000000006
0.9106700000000003
0.9081700000000006
0.9096900000000001
0.9097900000000005
0.9066300000000003
0.9098800000000006
0.9078400000000002
0.9088400000000001
0.9096400000000002
0.9095700000000002
0.9089300000000005
0.9101399999999998
0.907780000000001
0.9086200000000005
0.9091400000000004
0.9087000000000002
0.9099700000000003
0.9084000000000007
0.9095400000000005
0.9090700000000003
0.9091600000000009
0.9078000000000004
0.9096500000000002
0.9060800000000007
0.9097600000000002
0.9081700000000006
0.9091400000000004
0.9100300000000006
0.9086200000000001
0.9101700000000005
0.9089700000000007
0.9093400000000006
0.9090900000000006
0.9113900000000005
0.9099900000000005
0.9087100000000007
0.9079500000000001
0.9097700000000002
0.9087100000000004
0.9093000000000002
0.90861
0.90852
0.9085300000000006
0.9087400000000002
0.9093300000000005
0.9098400000000004
0.90963
0.9099800000000005
0.9089500000000011
0.9087700000000002
0.91137
0.9089000000000003
0.9088699999999998
0.9087500000000003
0.9104200000000005
0.9079900000000002
0.9080000000000004
0.9113800000000002
0.9094000000000007
0.9089300000000001
0.9082300000000003
0.90789
0.9101100000000004
0.9095800000000003
0.9088200000000003
0.9083200000000007
0.9083600000000003
0.90881
0.9080000000000003
0.9095599999999999
0.9098700000000001
0.9080300000000001
0.9107100000000007
0.9070300000000003
0.9095400000000001
0.909120000000001
0.9092600000000003
0.9102500000000002
0.9104600000000006
0.9078300000000005
0.9102700000000005
0.9093600000000002
0.9081300000000004
0.9096200000000003
0.9092400000000006
0.9083100000000005
0.9079100000000007
0.90913
0.9071400000000004
0.9081000000000005
0.9068200000000004
0.9103000000000003
0.9089600000000001
0.90864
0.9090100000000008
0.9094300000000003
0.9093900000000003
0.9088700000000003
0.91024
0.9083500000000001
0.9086900000000004
0.9093900000000009
0.9095200000000007
0.9092900000000002
0.9083000000000002
0.9098799999999998
0.9095300000000007
0.9085999999999999
0.9088300000000002
0.9105599999999999
0.9093900000000006
0.9098000000000007
0.9077500000000001
0.9084300000000006
0.9082400000000006
0.9097900000000004
0.9090900000000004
0.9090200000000003
0.9085800000000006
0.9100300000000001
0.9080500000000004
0.9109700000000004
0.9081499999999998
0.9076099999999997
0.9094599999999999
0.9091000000000004
0.91073
0.9091499999999999
0.9085100000000003
0.90896
0.9084500000000006
0.9083900000000003
0.9094100000000003
0.9099600000000007
0.9079600000000002
0.9107000000000005
0.9068000000000005
0.90984
0.9080100000000004
0.9099900000000002
0.9082500000000002
0.9086800000000005
0.9092400000000006
0.9087700000000005
0.909
0.9084300000000005
0.9092500000000006
0.9089200000000004
0.9094100000000008
0.9103900000000001
