0.0
0.0
0.0
0.0
0.0051281999999999986
0.07935580000000002
0.1187541000000001
0.15683350000000004
0.1907830999999999
0.22295280000000012
0.2522306
0.2783127000000001
0.3032405
0.3259065999999999
0.3471677999999999
0.36598269999999994
0.38357460000000004
0.40084210000000003
0.41562429999999995
0.4298963000000001
0.44354580000000005
0.4565378
0.46818550000000003
0.4794704
0.48955650000000017
0.500326
0.5089853
0.5177714000000001
0.5264627000000004
0.5340912999999999
0.5414019000000001
0.5484370000000002
0.5557740999999999
0.5618212000000002
0.5679086999999999
0.5736870000000004
0.5794632000000002
0.5846139999999999
0.5897337999999999
0.594512
0.5990988
0.6035795999999999
0.6074886999999994
0.6116189999999998
0.6154614000000002
0.6192087000000001
0.6224763999999999
0.6259916999999998
0.6293432999999998
0.6324761000000001
0.6355196999999999
