0.19999999999999962
0.16197999999999996
0.15973999999999988
0.15765
0.15621000000000002
0.15617999999999996
0.15558999999999992
0.15411
0.15353999999999998
0.15481999999999996
0.15676999999999996
0.15550000000000005
0.15753999999999999
0.16014999999999996
0.15864999999999999
0.15893999999999997
0.15800000000000003
0.16018999999999994
0.15923999999999996
0.15844000000000005
0.15814999999999993
0.15684999999999996
0.15577000000000005
0.15636
0.15612999999999996
0.15816999999999995
0.15745000000000003
0.15667999999999996
0.15576
0.15570999999999993
0.15618
0.15505000000000002
0.15506999999999993
0.15488000000000007
0.15302999999999994
0.15445999999999993
0.15567999999999999
0.15547000000000002
0.15796
0.15655999999999998
0.15516
0.15732000000000007
0.15626999999999994
0.15602999999999995
0.15422999999999998
0.15498999999999993
0.15627999999999992
0.15707000000000007
0.15613
0.15653999999999996
0.15623999999999993
0.1566
0.15496999999999997
0.15583999999999992
0.15598
0.15604000000000004
0.15621999999999994
0.15544000000000005
0.15655000000000002
0.15696000000000004
0.15621000000000002
0.1566
0.15591999999999995
0.15541999999999997
0.15641999999999995
0.15761999999999998
0.15757
0.15542000000000003
0.15577
0.15815
0.15592999999999996
0.15497000000000002
0.15703
0.15713999999999995
0.15712999999999996
0.15628000000000003
0.16071999999999995
0.16006000000000004
0.15693000000000004
0.15561999999999998
0.15582999999999994
0.15865999999999997
0.16067999999999993
0.16044
0.16128
0.15929999999999997
0.15902000000000005
0.156
0.15795999999999993
0.15694999999999998
0.15785
0.15591999999999998
0.15855000000000005
0.1578499999999999
0.15674
0.15985000000000002
0.15886000000000003
0.15744
0.15856999999999996
0.16010000000000005
0.15800999999999998
0.15858
0.15762999999999988
0.15724
0.15674999999999997
0.15797
0.15869000000000003
0.1594299999999999
0.15768999999999994
0.15973
0.15855
0.15935999999999992
0.15776
0.15847
0.15801
0.15827999999999995
0.1577299999999999
0.15697999999999995
0.15765
0.15808999999999998
0.15781000000000003
0.15559999999999993
0.15657999999999997
0.15639999999999998
0.1566
0.15618000000000004
0.15628000000000003
0.15577000000000002
0.15678
0.15801000000000007
0.15910000000000005
0.15792
0.15761000000000003
0.15853999999999993
0.15829999999999997
0.15760999999999994
0.158
0.15868
0.15723000000000004
0.15772999999999998
0.15658999999999998
0.15391000000000002
0.15392
0.15492
0.15606
0.15473000000000003
0.15535
0.15377000000000005
0.15577
0.15681
0.15671999999999994
0.15819999999999995
0.15801
0.15879000000000004
0.15796000000000002
0.15922000000000006
0.15862999999999994
0.15911999999999998
0.15979999999999997
0.15743000000000004
0.15704999999999997
0.1572999999999999
0.15855
0.15913
0.15723000000000004
0.15864
0.15724999999999995
0.15900999999999996
0.1577
0.15647999999999995
0.15837999999999994
0.1577999999999999
0.15672000000000003
0.15681999999999996
0.15682999999999997
0.15755
0.15724999999999997
0.15639999999999993
0.1555
0.15739999999999996
0.15681
0.15577000000000002
0.15569000000000008
0.15655000000000002
0.15740999999999988
0.15777000000000002
0.15674999999999994
0.15749999999999997
0.15750000000000003
0.15822000000000006
0.15989000000000003
0.15930999999999995
0.15898999999999994
0.16049999999999995
0.15841999999999995
0.16066999999999998
0.15923999999999996
0.15808000000000003
0.15946000000000005
0.15892000000000003
0.15824999999999995
0.15765
0.15605000000000002
0.15686
0.15662000000000004
0.1572
0.15647999999999995
0.15613999999999995
0.15770000000000003
0.15747000000000003
0.15698
0.1558
0.15477999999999995
0.15567999999999999
0.15551999999999994
0.15554999999999997
0.15622999999999995
0.15525999999999995
0.15560000000000002
0.15474999999999997
0.15709999999999993
0.15626999999999996
0.15700999999999993
0.15721999999999992
0.15798999999999996
0.15621000000000002
0.15731999999999993
0.15369000000000002
0.15505
0.1547699999999999
0.15455
0.15603999999999993
0.15690000000000004
0.15549999999999994
0.154
0.15491999999999995
0.15499999999999997
0.15342
0.15358999999999995
0.15335999999999989
0.15674999999999994
0.15577999999999995
0.15627
0.15629999999999997
0.15733999999999995
0.15607000000000001
0.15599000000000005
0.15760000000000005
0.1586
0.15658999999999992
0.15681000000000006
0.15516999999999995
0.15517000000000003
0.15683999999999998
0.15637000000000004
0.15438000000000002
0.15527000000000002
0.15552
0.15537999999999993
0.15732
0.15692000000000006
0.15651
0.15692999999999996
0.15624999999999994
0.1558
0.15673000000000004
0.15673999999999996
0.1583
0.15566999999999998
0.15609
0.15514999999999998
0.15774000000000002
0.15791999999999995
0.15882999999999997
0.15644000000000002
0.15714
0.15933000000000003
0.15961
0.15999
0.15646999999999991
0.15713999999999992
0.15650999999999998
0.15795999999999993
0.15698
0.15632999999999997
0.15607000000000001
0.15500999999999995
0.15596999999999997
0.15529999999999988
0.15460999999999997
0.15682999999999997
0.15507999999999997
0.15552999999999997
0.15575999999999998
0.15600999999999998
0.15675999999999995
0.15849999999999997
0.15923999999999996
0.15815999999999997
0.15879000000000004
0.15717
0.15491
0.15688999999999997
0.15404
0.15517999999999998
0.15456
0.15445
0.15438999999999997
0.15582999999999994
0.15631999999999993
0.15627999999999997
0.1543
0.15568
0.15502999999999992
0.15530999999999998
0.15552000000000002
0.15668999999999997
0.15716999999999992
0.15903000000000006
0.15870999999999996
0.15944000000000005
0.15579
0.15752999999999998
0.15840000000000004
0.15800999999999996
0.15766999999999998
0.15643
0.15695
0.15622999999999998
0.15621999999999994
0.15533000000000002
0.15607
0.15542999999999996
0.15812999999999997
0.15768000000000001
0.15731999999999996
0.15713999999999997
0.15846
0.15594000000000002
0.15768
0.15678
0.15630000000000002
0.15639999999999996
0.15683999999999995
0.15711999999999995
0.1566499999999999
0.15622999999999998
0.1562099999999999
0.15709000000000006
0.1591200000000001
0.16082999999999995
0.15865
0.16009999999999994
0.15732999999999994
0.15753999999999996
0.15907000000000002
0.15886999999999996
0.15968000000000002
0.16035999999999992
0.15857
0.15757000000000002
0.15796
0.15755
0.15655999999999992
0.15702999999999995
0.15772999999999993
0.15888000000000002
0.15706
0.15561999999999998
0.15621000000000004
0.1571299999999999
0.15802999999999998
0.15628000000000003
0.15707
0.1555
0.15482
0.15623
0.15463999999999997
0.15686
0.15759999999999996
0.15941999999999998
0.15775999999999998
0.15813999999999995
0.15885
0.15808000000000003
0.15796
0.15701
0.15630000000000002
0.15869
0.15654999999999997
0.15742
0.15522
0.15536
0.15353000000000006
0.15424
0.15451999999999996
0.15363
0.15496000000000001
0.15594
0.15674999999999997
0.15570999999999993
0.15680999999999995
0.15472000000000005
0.15660000000000004
0.15564999999999993
0.15613999999999995
0.15677000000000008
0.15742999999999996
0.15655999999999998
0.15572
0.15652999999999997
0.15539999999999998
0.15744999999999995
0.15569999999999995
0.15712
0.15785
0.15823
0.15675
0.15595999999999996
0.15569
0.15585000000000004
0.1565699999999999
0.15764
0.1580100000000001
0.15825
0.15926
0.15903
0.15907000000000004
0.15918999999999994
0.15701
0.15812
0.15742999999999996
0.15839999999999999
0.15683999999999998
0.1571999999999999
0.15760000000000002
0.15552
0.15676000000000007
0.15740999999999997
0.15666999999999992
0.15623000000000004
0.15733
0.15721999999999992
0.15672000000000005
0.15635999999999997
0.15571999999999997
0.15499999999999997
0.15463999999999997
0.15582000000000001
0.15928999999999996
0.15748
0.1577999999999999
0.15596999999999997
0.15593
0.15636999999999998
0.15600999999999998
0.15756999999999993
0.15725999999999998
0.15825999999999996
0.15856999999999993
0.1588
0.15810000000000002
0.15918999999999997
0.16049999999999995
0.15972999999999998
0.15985000000000005
0.15842999999999993
0.16038000000000005
0.16025999999999999
0.15922
0.15816999999999998
0.15727999999999998
0.15591
0.15736999999999995
0.15806999999999993
0.15910999999999997
0.1584899999999999
0.1589299999999999
0.15713999999999995
0.15591999999999995
0.15468999999999997
0.15555999999999995
0.15553999999999998
0.15558000000000002
0.1565199999999999
0.15402999999999994
0.15425999999999998
0.15359
0.15434
0.15495000000000003
0.15448000000000006
0.15368999999999994
0.15639999999999998
0.15661999999999998
0.15592000000000003
0.15679
0.15637999999999994
0.15641999999999995
0.15810000000000002
0.15752999999999998
0.15660999999999997
0.15712000000000004
0.15449999999999997
0.15356000000000003
0.1565
0.15627
0.15754999999999988
0.15690999999999994
0.15796999999999997
0.15584
0.1552
0.15559
0.15478999999999993
0.15475999999999998
0.15611999999999995
0.15649000000000005
0.15567999999999999
0.15620999999999993
0.15782999999999991
0.15614999999999993
0.15438000000000004
0.15450999999999993
0.15699000000000002
0.15649000000000002
0.15784000000000004
0.15883999999999993
0.1580899999999999
0.15789999999999998
0.1577
0.15755000000000002
0.15892999999999996
0.15844000000000003
0.1568200000000001
0.15663
0.15716000000000008
0.15623000000000004
0.15768000000000001
0.15675
0.15666000000000002
0.15769999999999998
0.15637
0.15637999999999994
0.15656999999999996
0.15745999999999996
0.15737
0.15807000000000002
0.15713999999999997
0.156
0.15805999999999998
0.15558000000000008
0.15593999999999997
0.15584999999999996
0.15712999999999996
0.1565499999999999
0.15504000000000007
0.15637000000000004
0.15553999999999996
0.15576
0.15581999999999993
0.15613
0.15783000000000003
0.15725
0.15838000000000002
0.15854999999999997
0.15816999999999998
0.15870999999999996
0.15865
0.15752
0.1581099999999999
0.15827
0.15618
0.15513999999999997
0.15705999999999998
0.1573000000000001
0.15706999999999996
0.15828999999999996
0.15909999999999996
0.15903999999999993
0.15738
0.15786
0.15670999999999993
0.15728999999999993
0.15764999999999996
0.15728999999999993
0.15839999999999996
0.15687000000000004
0.15666
0.15824
0.15869999999999998
0.15675999999999995
0.15697999999999998
0.1565
0.15754999999999997
0.1583
0.15857
0.15730999999999995
0.15644000000000002
0.15725999999999996
0.15678000000000003
0.15796
0.15861999999999996
0.15567999999999993
0.15606
0.15692999999999996
0.15736999999999998
0.15647000000000003
0.15510000000000002
0.15490000000000007
0.15572000000000005
0.15526
0.15733999999999998
0.15896000000000002
0.15844000000000005
0.15996999999999997
0.1602500000000001
0.15883999999999993
0.15959000000000004
0.15957999999999992
0.15816
0.15808
0.15617000000000003
0.15707
0.15924999999999997
0.15977000000000005
0.15819999999999992
0.15618999999999994
0.15548000000000003
0.15512
0.15503999999999998
0.15682999999999997
0.15689000000000003
0.15799
0.15872000000000003
0.1604399999999999
0.15817999999999996
0.15752999999999992
0.15786999999999998
0.1577999999999999
0.15985999999999995
0.15775
0.15979000000000002
0.16011
0.15825999999999993
0.15618999999999994
0.15657
0.15644
0.15757999999999991
0.15877
0.15867000000000006
0.15770999999999996
0.15786000000000003
0.15762999999999994
0.15603
0.15668
0.15641000000000002
0.15539999999999998
0.15428000000000006
0.15605
0.15676999999999996
0.15761999999999995
0.15562999999999988
0.15389000000000005
0.15642999999999993
0.15553
0.15522999999999998
0.15529999999999997
0.15503999999999996
0.15644999999999998
0.15736999999999995
0.15939000000000003
0.15850999999999998
0.15914000000000003
0.15690999999999994
0.15606999999999993
0.15791999999999998
0.15797000000000005
0.1579
0.15702999999999998
0.1568499999999999
0.15850000000000006
0.15974999999999995
0.16058999999999998
0.15788999999999997
0.15487999999999988
0.15696
0.15596999999999997
0.15575
0.15503999999999996
0.15735999999999994
0.15766999999999998
0.15735
0.15384999999999993
0.15324
0.15600000000000003
0.15495
0.15569999999999995
0.15618999999999994
0.15393999999999997
0.1545
0.15715999999999997
0.15431999999999998
0.15494999999999998
0.15527999999999995
0.15389999999999998
0.15378
0.1541099999999999
0.15397999999999995
0.15604999999999994
0.15495
0.15429999999999994
0.15674999999999997
0.15575999999999998
0.15526
0.15564999999999998
0.15582000000000001
0.15518
0.15469000000000005
0.15456999999999993
0.15571
0.1562299999999999
0.15697999999999998
0.15749
0.15736000000000003
0.1574
0.15618999999999997
0.15774999999999995
0.15841999999999995
0.15679
0.15599000000000002
0.15591999999999995
0.15674
0.15497999999999995
0.15399000000000004
0.15483999999999998
0.15553999999999996
0.15541000000000002
0.15525999999999993
0.15652999999999995
0.15604000000000007
0.15369000000000002
0.15428999999999998
0.15275999999999995
0.15188000000000001
0.15380000000000002
0.15367999999999998
0.15315000000000004
0.1539
0.15397000000000002
0.15448999999999993
0.15593999999999997
0.15396999999999994
0.15428999999999993
0.15471
0.15467999999999998
0.15599999999999997
0.15655999999999992
0.15688
0.15714000000000003
0.15598999999999996
0.15477000000000002
0.15550999999999998
0.15716999999999992
0.15575999999999998
0.15796000000000002
0.15648999999999996
0.15541999999999992
0.15536
0.15665000000000007
0.15788999999999992
0.15780000000000005
0.15743000000000004
0.15729000000000004
0.15813
0.15655000000000002
0.15639000000000003
0.15778999999999996
0.15741999999999998
0.15686999999999998
0.15916000000000008
0.15635000000000002
0.15797
0.15828
0.15763999999999997
0.15715
0.15597999999999998
0.15694999999999998
0.15786000000000008
0.15732999999999994
0.15700999999999998
0.1568799999999999
0.15666000000000005
0.15853
0.15972000000000008
0.15778
0.15868999999999997
0.15839999999999999
0.15734
0.15752
0.15605999999999995
0.15603
0.15661
0.15865999999999997
0.15718999999999994
0.15735999999999997
0.15771999999999997
0.15595000000000003
0.157
0.15550999999999995
0.15578000000000006
0.15535000000000004
0.15537
0.15547999999999992
0.1562999999999999
0.1571499999999999
0.15680000000000002
0.15918
0.15753999999999993
0.15699999999999995
0.15716999999999995
0.15714999999999996
0.15563999999999992
0.15341999999999995
0.15343999999999997
0.15537999999999996
0.1552899999999999
0.15516999999999995
0.15493999999999994
0.15586999999999998
0.15658999999999998
0.15700999999999998
0.15645000000000003
0.15607999999999997
0.15559999999999996
0.15534999999999996
0.15635000000000004
0.15716999999999995
0.15591000000000002
0.15578999999999996
0.15587999999999996
0.15613999999999997
0.15690999999999997
0.15661999999999998
0.15870000000000004
0.15904
0.16008
0.15920999999999996
0.15866999999999995
0.15994000000000003
0.15741
0.15668999999999994
0.15757999999999997
0.15673
0.15462
0.15526999999999996
0.15514
0.15553
0.15670999999999993
0.15889999999999993
0.15773
0.15775
0.15699999999999997
0.15588
0.15494999999999995
0.15518999999999994
0.15542
0.15606
0.15766000000000002
0.15882000000000004
0.15782999999999994
0.15645999999999996
0.15410000000000001
0.15462999999999996
0.15576999999999994
0.15646999999999994
0.15561999999999993
0.15527999999999995
0.15481999999999993
0.15616
0.15608999999999995
0.15580999999999992
0.15661000000000005
0.1566
0.15770999999999996
0.15880999999999998
0.15619000000000008
0.15767
0.15646999999999997
0.15621
0.15687999999999994
0.15581999999999996
0.15736
0.15610000000000004
0.15540999999999988
0.15736000000000003
0.15755
0.15732000000000002
0.15844999999999995
0.15699999999999992
0.15765999999999994
0.15769999999999995
0.15541999999999997
0.15661999999999998
0.15524999999999994
0.15646999999999994
0.15490999999999994
0.15625999999999995
0.15693000000000004
0.15583999999999998
0.15723999999999994
0.15555
0.15683000000000002
0.15553
0.15403999999999998
0.15562999999999996
0.15584999999999993
0.15587999999999996
0.15762999999999996
0.15702999999999995
0.15735000000000002
0.15477999999999997
0.15577000000000002
0.15710999999999997
0.15506999999999996
0.15762
0.15656000000000003
0.15595999999999996
0.15743999999999997
0.15761000000000006
0.15807999999999994
0.15805999999999995
0.15728999999999993
0.15731000000000006
0.15598
0.15644999999999998
0.15719999999999995
0.15838000000000002
0.15758
0.15906
0.1586599999999999
0.15891000000000008
0.15967999999999993
0.15864
0.15643
0.15661999999999998
0.15738999999999995
0.15797000000000005
0.15557
0.15751
0.15851
0.15780999999999998
0.15652999999999997
0.15674
0.15782000000000004
0.15845999999999996
0.15744
0.15882999999999994
0.15558
0.15571999999999997
0.15743000000000004
0.15600999999999995
0.15897
0.15732000000000002
0.15667999999999999
0.1558799999999999
0.15609
0.15441999999999997
0.15525999999999998
0.15695000000000006
0.15548999999999993
0.15591999999999998
0.15459000000000006
0.15467999999999998
0.15513999999999994
0.15485000000000004
0.15507999999999997
0.15514999999999998
0.15331999999999998
0.15381
0.15643000000000007
0.15550000000000003
0.15666999999999998
0.15725000000000003
0.15747
0.15691000000000005
0.15674999999999994
0.15515
0.15791999999999992
0.15852999999999995
0.15745000000000003
0.15771999999999997
0.15747999999999998
0.15704999999999994
0.15871999999999997
0.1591300000000001
0.15859000000000004
0.15868999999999991
0.15785999999999997
0.15848
0.16033999999999998
0.15982999999999994
