0.19999999999999962
0.2786699999999999
0.4260000000000001
0.45246000000000025
0.4733600000000001
0.4766600000000001
0.4781
0.47990999999999984
0.48009999999999997
0.47966000000000003
0.4821899999999998
0.47788999999999987
0.4801499999999998
0.48016
0.47946999999999995
0.48019000000000006
0.48131999999999975
0.4799499999999999
0.4780499999999999
0.4811099999999998
0.4791200000000002
0.47786000000000006
0.4789
0.47895
0.4764799999999996
0.4791099999999999
0.48240000000000016
0.48202999999999996
0.47760999999999976
0.4779399999999999
0.48255
0.48120999999999986
0.48118999999999973
0.47899
0.4809699999999999
0.47736999999999996
0.4784699999999999
0.4785500000000001
0.47724000000000005
0.47855999999999993
0.48138000000000014
0.48173999999999995
0.4782899999999997
0.4812200000000001
0.48036
0.48033999999999977
0.48133
0.4818099999999999
0.47934999999999994
0.4798900000000001
0.48071999999999987
0.47857
0.4784799999999999
0.48042
0.47938000000000003
0.47863999999999995
0.4802600000000002
0.4781500000000001
0.4812299999999999
0.4790299999999999
0.4773299999999999
0.4778899999999997
0.48009999999999975
0.47983999999999993
0.47818000000000005
0.48030999999999985
0.47946000000000005
0.48100999999999994
0.4786999999999999
0.4815799999999999
0.47869000000000006
0.4773300000000002
0.4760599999999998
0.47562
0.4761799999999997
0.48023000000000005
0.4800499999999998
0.48022000000000015
0.48300000000000004
0.47712
0.4796999999999999
0.4768199999999998
0.4802500000000003
0.4802699999999999
0.4787299999999999
0.47885999999999973
0.4813099999999999
0.4813400000000001
0.4787599999999999
0.48055000000000014
0.4792099999999998
0.48257000000000005
0.47974000000000017
0.47898999999999964
0.4789099999999999
0.48016000000000003
0.47961999999999977
0.48063
0.48105000000000003
0.4766899999999998
0.47694
0.4781399999999998
0.48068000000000005
0.4782099999999999
0.4792499999999999
0.47965000000000013
0.4765499999999999
0.48086999999999974
0.4772800000000001
0.4824300000000001
0.48058999999999996
0.47858999999999996
0.47998000000000013
0.47945
0.4785400000000001
0.47841999999999985
0.4802499999999999
0.4789799999999999
0.48131999999999986
0.4767600000000001
0.47954999999999987
0.4822099999999998
0.48046999999999984
0.48112
0.4806699999999999
0.4785399999999998
0.4785399999999999
0.4796300000000002
0.4782499999999999
0.4803699999999999
0.47753999999999985
0.47903999999999997
0.4768999999999998
0.4793200000000001
0.48002999999999973
0.4799399999999999
0.48108999999999985
0.47931999999999986
0.48051999999999995
0.48095999999999983
0.4783499999999998
0.4813799999999999
0.4789099999999999
0.47781000000000007
0.4758799999999999
0.4782299999999999
0.48007000000000005
0.47996999999999995
0.4778499999999999
0.4776700000000001
0.4808199999999999
0.47850999999999994
0.4779200000000002
0.48010999999999976
0.47998999999999997
0.47985999999999984
0.47792000000000007
0.47823999999999983
0.47862000000000016
0.4798599999999999
0.48075
0.4791499999999998
0.47933000000000014
0.4791500000000001
0.47976000000000013
0.48261999999999977
0.4834199999999999
0.4794500000000001
0.4801899999999999
0.47859
0.48047000000000006
0.47966000000000003
0.48076999999999986
0.47902999999999984
0.48018000000000005
0.47654000000000013
0.47787999999999975
0.47733999999999993
0.47767000000000004
0.47944999999999993
0.4777299999999999
0.4787199999999998
0.4826599999999999
0.4787100000000002
0.4788399999999999
0.4759400000000001
0.47875
0.4771099999999999
0.48285000000000006
0.48136999999999985
0.4799499999999998
0.4759599999999998
0.48043000000000013
0.4805299999999999
0.4771299999999999
0.47993999999999987
0.47826000000000013
0.47765
0.47851000000000005
0.4775199999999999
0.4800800000000001
0.48006
0.47649999999999976
0.4763899999999998
0.47529999999999994
0.47633999999999993
0.4787999999999999
0.47765000000000024
0.4799999999999999
0.47931000000000007
0.4795599999999999
0.48216999999999993
0.4796199999999999
0.4805599999999999
0.48059999999999997
0.47777000000000014
0.47573999999999983
0.4790399999999998
0.47963
0.47998999999999975
0.48046
0.47812999999999983
0.48132999999999976
0.4784399999999998
0.4776399999999999
0.4778800000000002
0.48014999999999985
0.47692
0.47973999999999994
0.47994000000000014
0.4777
0.47895
0.47589
0.47983999999999966
0.47597
0.48304
0.4806900000000001
0.4799400000000002
0.47684000000000004
0.47844000000000014
0.48077999999999965
0.4802599999999998
0.48097
0.4793899999999999
0.47753999999999996
0.47986000000000023
0.47962999999999995
0.48229999999999995
0.48202999999999974
0.47794
0.4813599999999998
0.47743999999999986
0.47774999999999984
0.48031
0.4801999999999998
0.4827499999999999
0.47828
0.47945000000000015
0.47878000000000015
0.4791599999999999
0.4797200000000002
0.4779100000000003
0.47849999999999987
0.47520999999999985
0.47830999999999996
0.4779399999999999
0.4790499999999999
0.47948
0.4798299999999998
0.47840000000000005
0.4791699999999999
0.48094999999999993
0.4783099999999999
0.4801500000000001
0.4785399999999997
0.48009999999999975
0.4811200000000001
0.47934999999999983
0.47821000000000013
0.47674999999999995
0.48095
0.47830999999999996
0.47958999999999974
0.47863
0.4791399999999998
0.4804900000000001
0.47956000000000026
0.48087999999999986
0.47883999999999993
0.4772099999999998
0.47880999999999996
0.48186000000000007
0.4801499999999998
0.4781099999999999
0.48036999999999985
0.47811999999999977
0.48051
0.4794499999999997
0.47928999999999994
0.4773799999999998
0.47830000000000006
0.47957999999999984
0.4799700000000001
0.4805200000000001
0.48055
0.4784399999999998
0.48153999999999975
0.47907999999999973
0.4777199999999997
0.47733999999999993
0.47822
0.48039000000000004
0.47968999999999995
0.4800200000000001
0.4794400000000001
0.4795599999999998
0.4809799999999998
0.4809700000000002
0.4816100000000001
0.4823800000000001
0.47848999999999997
0.48011000000000004
0.47833000000000014
0.47961000000000015
0.4784599999999999
0.47979000000000005
0.48031999999999975
0.4797099999999998
0.4785899999999998
0.4789000000000001
0.48260000000000014
0.47882999999999987
0.4810699999999998
0.48041000000000006
0.4796999999999997
0.47960999999999976
0.47972999999999966
0.48041999999999985
0.48044999999999966
0.4829600000000001
0.47851999999999995
0.47716000000000003
0.47934
0.4766599999999998
0.47842999999999997
0.47537999999999997
0.4802199999999999
0.4780100000000001
0.47807
0.47853999999999985
0.47861999999999993
0.4768300000000001
0.4814999999999998
0.47791999999999996
0.4831499999999999
0.4828799999999999
0.4805400000000001
0.48046999999999984
0.4823599999999999
0.48111
0.4792900000000001
0.47871000000000025
0.48009000000000013
0.4787600000000001
0.47934000000000004
0.47675999999999996
0.47837999999999986
0.4793200000000002
0.4797699999999999
0.4779
0.4816799999999998
0.48047000000000006
0.47892999999999986
0.47916999999999993
0.4786099999999998
0.47977000000000003
0.4794099999999999
0.47883000000000003
0.47961999999999994
0.47888
0.47952000000000006
0.4811400000000004
0.47794
0.47973999999999994
0.4817699999999998
0.4808999999999998
0.48071999999999987
0.48108999999999985
0.4791499999999999
0.47747000000000006
0.47869999999999996
0.48286
0.48292
0.47643
0.4766200000000002
0.47974999999999995
0.48013000000000006
0.47963000000000006
0.47894000000000014
0.4806999999999999
0.4779
0.47855
0.4789599999999996
0.48074000000000006
0.48446
0.48144999999999993
0.47973999999999994
0.4790799999999999
0.47860999999999976
0.4775599999999997
0.48053999999999997
0.48015000000000013
0.4776099999999998
0.48345
0.48092
0.4823899999999998
0.47953
0.4785500000000001
0.47869
0.47867999999999994
0.4785299999999998
0.47990999999999984
0.48095
0.4803799999999997
0.4796199999999999
0.47836
0.47935999999999995
0.4779200000000003
0.47828000000000004
0.4806000000000001
0.48025999999999996
0.48023999999999956
0.47791999999999973
0.47757999999999995
0.48003
0.4827
0.4797699999999999
0.4820299999999997
0.48045999999999994
0.47911999999999993
0.48066000000000003
0.48163999999999996
0.4826499999999996
0.48153999999999975
0.4804999999999998
0.4799799999999997
0.47766
0.4807799999999998
0.47593999999999975
0.47791000000000006
0.4799299999999998
0.4811299999999998
0.47967000000000004
0.47767000000000015
0.4815800000000002
0.47870999999999986
0.48074999999999973
0.4772200000000001
0.47848999999999997
0.47959999999999986
0.47914999999999996
0.47856999999999983
0.47802
0.4803699999999999
0.47936
0.4785499999999998
0.47682
0.48157999999999995
0.4781299999999997
0.48178
0.4799399999999999
0.4795199999999999
0.48038000000000003
0.48075999999999985
0.48205
0.4792900000000002
0.4819699999999999
0.4799799999999999
0.47918000000000005
0.48057999999999995
0.48118999999999973
0.48294000000000026
0.48205000000000003
0.48173
0.48024
0.4773599999999999
0.4778599999999998
0.4803700000000002
0.47824
0.4775399999999999
0.4802700000000002
0.4817999999999996
0.4798700000000002
0.47927
0.47975999999999985
0.47905999999999993
0.47845000000000015
0.47929000000000016
0.47875999999999963
0.47891999999999996
0.47662
0.4797499999999995
0.48019
0.4798899999999999
0.48059999999999986
0.48079
0.4798000000000001
0.47968000000000005
0.48174000000000033
0.48164999999999986
0.4793
0.4797799999999999
0.4809099999999999
0.47983999999999966
0.4799
0.4794799999999999
0.47925999999999985
0.48228999999999994
0.4819299999999999
0.4800099999999998
0.4765500000000001
0.48075
0.4804599999999998
0.4783499999999999
0.47873
0.4799300000000001
0.4808599999999999
0.4805900000000001
0.4769599999999999
0.4769599999999999
0.48258
0.47795999999999994
0.4811999999999999
0.4827600000000001
0.48137
0.48068
0.4798300000000001
0.4784099999999999
0.48113
0.47956999999999994
0.47918999999999967
0.4787299999999999
0.47892999999999974
0.4807
0.47867
0.48020999999999964
0.4804099999999999
0.48158999999999996
0.48009999999999986
0.4771499999999999
0.47751
0.4816999999999998
0.4792100000000001
0.47899000000000025
0.4791199999999997
0.47999999999999987
0.47950000000000004
0.4792399999999998
0.48117
0.4799599999999999
0.47742000000000007
0.4798899999999999
0.4790100000000001
0.47988
0.4773399999999999
0.4784999999999999
0.47958999999999996
0.47935999999999995
0.47952
0.47609999999999997
0.47703999999999985
0.48139000000000004
0.48128
0.4847100000000001
0.4782600000000001
0.4814299999999999
0.47886999999999963
0.4764600000000001
0.47742999999999997
0.47959
0.47837999999999986
0.47897
0.48002
0.47825999999999985
0.4813600000000001
0.4755099999999998
0.4807599999999998
0.4747400000000003
0.4770799999999997
0.4778899999999997
0.47928999999999994
0.48072
0.4808499999999998
0.47748000000000035
0.47948999999999997
0.48089
0.4793399999999998
0.48011999999999977
0.47974000000000006
0.4766700000000002
0.48034
0.4775500000000001
0.4794200000000001
0.48044999999999966
0.4793
0.4779900000000001
0.47948999999999986
0.4799799999999999
0.4816099999999997
0.4808800000000001
0.4798500000000001
0.48169999999999985
0.48009999999999997
0.4827499999999998
0.47940000000000005
0.4779999999999998
0.4796999999999998
0.4797200000000001
0.4781200000000001
0.47913999999999995
0.47821999999999987
0.4771199999999998
0.47958
0.47792
0.47812
0.4795699999999998
0.48117999999999994
0.48213000000000006
0.47900999999999994
0.48190999999999995
0.48017999999999966
0.4772799999999998
0.48217999999999994
0.47991
0.4759800000000002
0.47897000000000006
0.47676999999999997
0.4770799999999998
0.4791499999999999
0.48114000000000007
0.47896999999999984
0.47757
0.47746999999999995
0.47818
0.47708000000000006
0.47838
0.4787300000000001
0.48031999999999997
0.4797999999999999
0.47992999999999997
0.4792499999999997
0.4796499999999997
0.47800000000000004
0.4791599999999999
0.4786600000000002
0.4796099999999999
0.47907000000000005
0.4806299999999999
0.48128999999999983
0.4792399999999998
0.47958
0.47985
0.48063999999999996
0.48031
0.48136
0.4795799999999998
0.48005000000000003
0.47964999999999997
0.4805899999999999
0.4796400000000001
0.4797599999999999
0.48052999999999985
0.47900999999999977
0.48020999999999986
0.4770000000000001
0.4790599999999998
0.4782800000000001
0.47999999999999976
0.4819400000000001
0.48081999999999975
0.4781799999999998
0.47728000000000004
0.47786000000000006
0.4781900000000001
0.47877000000000003
0.48054999999999987
0.4789500000000003
0.47784000000000004
0.47975999999999985
0.47781999999999963
0.47820999999999986
0.4785499999999999
0.47595
0.4773800000000002
0.4756299999999999
0.47895999999999994
0.4799700000000001
0.47864999999999996
0.4806600000000001
0.48026
0.48084000000000016
0.47833
0.4786799999999999
0.4816899999999999
0.48224000000000006
0.48052999999999996
0.4807799999999999
0.47814000000000006
0.47944
0.47888000000000003
0.48149000000000014
0.47826999999999986
0.4812399999999999
0.47544999999999993
0.4787999999999999
0.47779999999999995
0.48109999999999986
0.4783999999999998
0.4790399999999999
0.48016999999999976
0.4780399999999998
0.4791399999999998
0.4813899999999999
0.48375000000000007
0.4815199999999998
0.4788600000000001
0.47961000000000004
0.47666000000000003
0.48011
0.47774
0.4768999999999998
0.47938999999999987
0.48024
0.48092999999999997
0.47961000000000004
0.48187
0.4788999999999999
0.48017
0.47969000000000006
0.47917000000000004
0.4804399999999999
0.4790300000000001
0.4811800000000001
0.48126
0.48175000000000007
0.48091999999999985
0.4790299999999998
0.4810599999999998
0.48111
0.48155999999999977
0.4760299999999999
0.48022000000000004
0.47868
0.47675999999999996
0.4784700000000002
0.4809699999999997
0.4832399999999999
0.47941999999999996
0.47907000000000005
0.4789399999999999
0.4824599999999996
0.48056
0.4772299999999998
0.47995000000000004
0.48040999999999984
0.4780399999999998
0.47883000000000003
0.4814899999999998
0.47936999999999985
0.47998999999999975
0.4788600000000002
0.47946
0.47775999999999974
0.47679000000000005
0.4780199999999998
0.4770499999999997
0.4805
0.4826799999999997
0.4782699999999999
0.4782099999999997
0.4782600000000001
0.48122
0.48039000000000004
0.47981
0.48131999999999975
0.4807000000000001
0.4772199999999999
0.47953
0.4809999999999999
0.48315
0.48233000000000004
0.4805999999999998
0.47900000000000004
0.47979000000000005
0.47878000000000015
0.48073
0.48091999999999985
0.47739999999999994
0.4767100000000001
0.47690000000000005
0.47958999999999974
0.47672000000000003
0.4774400000000001
0.47983
0.47890999999999984
0.4776099999999998
0.47948000000000013
0.47990000000000016
0.47861999999999993
0.47955000000000014
0.4790399999999999
0.47927999999999993
0.4798399999999997
0.48161999999999994
0.48060999999999976
0.4779299999999999
0.48024
0.4827499999999999
0.47577999999999987
0.47810000000000036
0.47879999999999984
0.4779399999999999
0.47849000000000025
0.47730999999999996
0.48001
0.4806600000000001
0.47797999999999985
0.48105000000000003
0.4814199999999998
0.4792700000000002
0.4795199999999998
0.47991999999999985
0.4819199999999999
0.4809800000000003
0.47898999999999975
0.4804099999999996
0.4789300000000001
0.4773100000000002
0.4832099999999997
0.4774900000000001
0.4795799999999998
0.47837000000000013
0.47731999999999997
0.47939
0.47689
0.4789
0.4788499999999999
0.48413999999999996
0.4827699999999997
0.48227999999999993
0.48137
0.4790199999999999
0.4801099999999998
0.4785999999999997
0.47973000000000005
0.47653999999999996
0.47951000000000027
0.48278000000000004
0.4807699999999999
0.47824
0.47956000000000004
0.48087999999999964
0.4795499999999999
0.4792099999999999
0.4780500000000001
0.47686
0.4808299999999999
0.4803099999999997
0.4801499999999999
0.4805500000000002
0.4795199999999998
0.4809900000000002
0.48124999999999996
0.47936999999999974
0.4799199999999999
0.47589000000000015
0.47783000000000003
0.48105
0.47864000000000007
0.47500000000000014
0.4772899999999998
0.47875999999999985
0.47792
0.47935999999999995
0.47729
0.4776399999999999
0.47873999999999983
0.4793900000000001
0.48048
0.4810399999999998
0.47785999999999995
0.4787299999999999
0.47883999999999977
0.47808999999999996
0.4777099999999998
0.47835000000000005
0.47814
0.4796499999999999
0.4795
0.48016
0.4783099999999999
0.47824000000000005
0.4791599999999999
0.47963
0.4815400000000002
0.47704
0.48001999999999995
0.48006
0.47836999999999996
0.47975999999999996
0.4771799999999998
0.4796700000000002
0.47841
0.47844999999999993
0.47880999999999996
0.47981999999999986
0.47715
0.4769599999999998
0.47983000000000003
0.4790599999999998
0.47858999999999957
0.48192999999999975
0.47908999999999985
0.47873000000000004
0.47938000000000003
0.47881999999999997
0.4802
0.47879
0.47816
0.4792199999999998
0.4824099999999998
0.4812899999999999
0.47785000000000016
0.4777699999999999
0.4820299999999998
0.4791300000000001
0.4769200000000003
0.48003
0.48007
0.48147000000000034
0.47975000000000007
0.48107999999999973
0.4802599999999999
0.4790899999999998
0.4790899999999997
0.48018
0.47912999999999994
0.4784999999999999
0.48078000000000015
0.48130000000000017
0.48230000000000006
0.47880999999999996
0.4810900000000001
0.4755699999999999
0.47891000000000006
0.4797399999999999
0.47887000000000035
0.48198
0.47921000000000014
0.47812
0.47979
0.48208
0.4811900000000001
0.4778299999999999
0.47752999999999984
0.48089
0.47833000000000003
0.4817499999999999
0.47985
0.48249
0.48026
0.4828700000000001
0.4804899999999999
0.47916000000000003
0.48223
0.48019999999999996
0.47888999999999976
0.47961
0.48083
0.4795399999999999
0.4783499999999998
0.47971
0.4785399999999998
0.4788499999999999
0.4788400000000001
0.4773200000000002
0.47784
0.48186999999999974
0.47631000000000007
0.47803000000000007
0.47848999999999997
0.4792799999999998
0.47862999999999983
0.4802899999999999
0.48102999999999985
0.47963000000000017
0.4776899999999999
0.4786399999999997
0.47992999999999986
0.47885000000000005
