0.19999999999999962
0.37919000000000014
0.6283600000000001
0.5921699999999999
0.61055
0.6021399999999997
0.6065499999999997
0.60065
0.6076199999999999
0.60406
0.6023599999999998
0.6025299999999999
0.6061199999999998
0.6065
0.60244
0.6035499999999998
0.6035699999999999
0.60031
0.6050800000000001
0.6057100000000001
0.6004799999999998
0.6033200000000001
0.6027500000000001
0.6050999999999997
0.60385
0.60322
0.6058699999999999
0.6012700000000001
0.6046600000000002
0.6008999999999998
0.6056099999999998
0.60478
0.6051
0.6041500000000002
0.6039199999999998
0.6035099999999999
0.6023599999999999
0.60208
0.6069999999999997
0.6017999999999997
0.6009100000000002
0.60428
0.6022399999999999
0.6047499999999998
0.6026099999999998
0.6031299999999998
0.6026900000000002
0.60469
0.6002299999999999
0.6026299999999997
0.60231
0.6004499999999999
0.6033
0.6022
0.6028099999999996
0.6019400000000003
0.6025399999999997
0.6047899999999999
0.6046999999999997
0.6012399999999998
0.6033599999999997
0.6022799999999999
0.6038899999999997
0.6042899999999998
0.59921
0.6014499999999999
0.6037499999999997
0.6025399999999999
0.60276
0.6059899999999996
0.6034400000000002
0.6023999999999998
0.6030399999999998
0.6007800000000001
0.6059499999999999
0.60578
0.6020199999999999
0.6037599999999996
0.6031799999999998
0.60275
0.6027199999999998
0.60372
0.6042299999999999
0.6020599999999999
0.6044599999999999
0.6023500000000002
0.6018799999999999
0.6036999999999998
0.60209
0.6041399999999999
0.60683
0.6054999999999997
0.6042799999999997
0.6032599999999999
0.6085899999999996
0.6063099999999998
0.60527
0.6046199999999999
0.6016699999999999
0.6044000000000002
0.6052000000000001
0.6028900000000001
0.60354
0.60535
0.6047499999999998
0.6022699999999995
0.6017899999999998
0.6040399999999997
0.6016999999999997
0.6053900000000003
0.60443
0.6026100000000001
0.60344
0.6035299999999999
0.6043599999999999
0.6031500000000001
0.6058599999999997
0.6035099999999999
0.5998399999999999
0.60522
0.6033399999999999
0.60417
0.6053599999999999
0.60456
0.6038999999999998
0.5988799999999999
0.6037399999999998
0.60265
0.60401
0.60303
0.6046199999999997
0.60477
0.60203
0.6052099999999998
0.60373
0.6060300000000001
0.6036999999999998
0.6027100000000002
0.60598
0.6030100000000002
0.6055999999999998
0.60244
0.60421
0.6044499999999999
0.60244
0.6031899999999996
0.6029800000000002
0.6021399999999998
0.60344
0.60097
0.6060099999999999
0.6034699999999998
0.6013000000000002
0.6044000000000002
0.6047799999999998
0.6037099999999999
0.6028199999999999
0.60201
0.60403
0.6021700000000001
0.6045500000000001
0.6015600000000001
0.6026799999999999
0.6050999999999997
0.6043499999999997
0.6012499999999998
0.6027599999999999
0.6014599999999999
0.6007499999999999
0.6027299999999997
0.6035999999999997
0.6034899999999997
0.6042399999999999
0.6024499999999998
0.6020799999999998
0.6029999999999996
0.6048899999999999
0.5993300000000001
0.6060099999999999
0.60556
0.6037299999999999
0.6028099999999998
0.6045399999999997
0.60198
0.6044799999999999
0.6011200000000002
0.6023899999999999
0.6043899999999998
0.6042899999999999
0.6079799999999999
0.60446
0.6024
0.6031800000000002
0.6040399999999999
0.6045899999999998
0.6024499999999998
0.6044099999999998
0.6015999999999999
0.6035799999999999
0.6041099999999999
0.6009999999999998
0.6018199999999999
0.6057799999999997
0.60573
0.6045199999999997
0.6011099999999999
0.6027
0.6041499999999996
0.6034299999999998
0.6043499999999999
0.6045699999999999
0.6029999999999996
0.6040499999999999
0.60183
0.6049499999999997
0.6025599999999999
0.6038999999999998
0.60371
0.6014499999999999
0.6031799999999997
0.6038899999999999
0.6017199999999998
0.6070700000000004
0.6029299999999997
0.6039400000000001
0.6045999999999999
0.6039199999999999
0.6044599999999999
0.6026999999999998
0.6055199999999994
0.60393
0.6043899999999999
0.6036499999999997
0.6025300000000001
0.6045699999999998
0.6032500000000001
0.60292
0.6043099999999998
0.6024799999999999
0.6031499999999999
0.6019699999999998
0.6045900000000001
0.6006799999999999
0.6054999999999998
0.6020800000000001
0.60356
0.6063299999999998
0.6036199999999999
0.60323
0.6047899999999997
0.6063900000000002
0.6034099999999997
0.6019799999999997
0.6039499999999998
0.6022400000000002
0.60582
0.60314
0.6001299999999999
0.60478
0.6018199999999999
0.60309
0.60478
0.6020399999999998
0.60519
0.6048899999999997
0.6045299999999998
0.6051500000000001
0.6023699999999999
0.6029699999999999
0.6011200000000001
0.6023899999999998
0.6056700000000002
0.6049000000000002
0.6024900000000002
0.6019899999999998
0.6053499999999999
0.59978
0.6055399999999999
0.6029799999999998
0.60358
0.6026899999999997
0.6030399999999997
0.6029899999999998
0.60232
0.6050199999999998
0.6040900000000002
0.6016899999999996
0.6009899999999996
0.6016999999999999
0.6033299999999998
0.60335
0.6028199999999999
0.6044299999999997
0.60303
0.6035900000000001
0.6034999999999998
0.6024299999999999
0.6010299999999996
0.6011899999999998
0.60679
0.60421
0.6019199999999998
0.6044899999999997
0.60279
0.6034799999999998
0.6036299999999999
0.6045199999999998
0.6044999999999997
0.60582
0.60214
0.6044599999999999
0.6031899999999998
0.6030999999999999
0.6050099999999999
0.60287
0.6007199999999997
0.60031
0.60336
0.6028199999999999
0.6064399999999998
0.6021599999999999
0.6060800000000001
0.6018699999999999
0.6058999999999998
0.6041799999999998
0.6009499999999998
0.6061699999999999
0.6037499999999999
0.6040999999999999
0.6038099999999997
0.6058299999999999
0.6050999999999997
0.6034699999999998
0.6031399999999999
0.6025300000000001
0.6034600000000002
0.5990399999999998
0.60472
0.6031899999999996
0.6035399999999997
0.6015699999999998
0.6062899999999997
0.6039200000000001
0.6024199999999997
0.6033299999999998
0.6011199999999998
0.6032599999999997
0.6033199999999997
0.6015299999999999
0.6016799999999999
0.6018199999999999
0.6016899999999998
0.6019
0.60342
0.6039199999999998
0.6032700000000001
0.6017800000000001
0.6043899999999998
0.6049099999999996
0.6033699999999999
0.6040199999999999
0.6040399999999999
0.6033399999999998
0.6033499999999999
0.6015599999999999
0.6027899999999998
0.6032899999999997
0.6045299999999998
0.60495
0.6062499999999997
0.6028600000000001
0.6027500000000001
0.60049
0.6029599999999998
0.60397
0.6035099999999999
0.6021499999999997
0.6047399999999996
0.6053999999999999
0.60335
0.6026499999999999
0.6051899999999999
0.6031400000000001
0.6041299999999997
0.60249
0.6025100000000001
0.6048199999999999
0.6023199999999996
0.60701
0.6038899999999996
0.60284
0.6021299999999999
0.6017099999999997
0.6051799999999997
0.6054700000000001
0.60712
0.60089
0.6052299999999999
0.6030399999999999
0.6033599999999999
0.6056100000000002
0.6049799999999999
0.6030499999999999
0.6030399999999999
0.6018399999999999
0.6061300000000001
0.6021599999999999
0.6009199999999996
0.5998699999999997
0.60327
0.60271
0.6038800000000001
0.59997
0.6030500000000001
0.6054400000000001
0.6029599999999999
0.6033699999999999
0.6050599999999999
0.6031999999999997
0.60356
0.6015499999999997
0.60303
0.6021999999999997
0.6037999999999998
0.6028599999999996
0.59978
0.6045399999999999
0.6040399999999999
0.6039399999999997
0.60291
0.60388
0.6014999999999998
0.6066199999999998
0.6033999999999999
0.6037600000000001
0.6011499999999999
0.6037100000000001
0.60436
0.6022799999999999
0.60043
0.6041199999999999
0.6051699999999999
0.6043899999999998
0.6039100000000001
0.6031599999999999
0.6056900000000001
0.6022
0.6009599999999998
0.60431
0.6041199999999999
0.6044499999999998
0.6028099999999995
0.6032
0.5995699999999998
0.60333
0.6037499999999998
0.6038699999999997
0.6052099999999998
0.6016099999999998
0.6044999999999999
0.6027999999999998
0.6015499999999999
0.6036400000000001
0.6038999999999999
0.6037199999999999
0.6040099999999995
0.60317
0.6047699999999999
0.6033799999999999
0.6044099999999998
0.5993799999999999
0.6030399999999996
0.6042199999999996
0.60136
0.6033999999999998
0.60577
0.6025899999999997
0.6030700000000001
0.6059699999999998
0.6038599999999997
0.6022699999999997
0.6016199999999998
0.6026299999999998
0.6010799999999997
0.6056999999999999
0.60542
0.6036499999999998
0.6041099999999999
0.6028100000000001
0.6032499999999998
0.60055
0.6036199999999998
0.6044999999999997
0.6019299999999999
0.6044099999999999
0.60345
0.6037399999999997
0.6043199999999999
0.6047399999999999
0.60252
0.60396
0.6013500000000002
0.6036
0.60352
0.6051699999999999
0.6027599999999999
0.60383
0.6026699999999998
0.60584
0.60161
0.60675
0.6040199999999998
0.5996700000000001
0.6055099999999998
0.6046699999999998
0.5996099999999999
0.6050499999999999
0.6020699999999999
0.6051099999999999
0.6014999999999997
0.6020499999999999
0.6026199999999998
0.6043799999999999
0.60352
0.6036499999999999
0.6039599999999999
0.6036499999999999
0.6029
0.6037099999999999
0.6013599999999999
0.6051899999999999
0.6018
0.6046899999999998
0.6002699999999997
0.6016300000000001
0.60309
0.6020599999999998
0.6042199999999996
0.6040599999999999
0.6037299999999997
0.6028899999999999
0.6039100000000002
0.6039699999999998
0.6026399999999998
0.60407
0.60496
0.6013
0.6050699999999999
0.6016600000000001
0.6013999999999997
0.6041099999999998
0.6053199999999999
0.6006199999999997
0.6051199999999998
0.6053900000000001
0.6047699999999998
0.6041799999999999
0.60182
0.6023999999999997
0.6035599999999998
0.6008299999999999
0.60614
0.60305
0.6028399999999999
0.60248
0.6038699999999996
0.6036100000000001
0.6031399999999998
0.6027299999999997
0.6042499999999998
0.60233
0.60293
0.6032500000000001
0.6036899999999997
0.6028900000000001
0.60323
0.6060899999999997
0.60345
0.6036099999999996
0.6019599999999997
0.60455
0.6038900000000003
0.6044800000000001
0.60434
0.6047699999999998
0.6038300000000001
0.6029599999999996
0.6066000000000004
0.60214
0.60402
0.6068399999999997
0.6049499999999998
0.6052399999999997
0.60151
0.6049
0.6040699999999999
0.6058099999999996
0.6000999999999997
0.6044899999999997
0.60369
0.6048899999999998
0.60399
0.6025699999999997
0.5997899999999998
0.6026799999999999
0.60371
0.6038499999999999
0.6057700000000001
0.6021800000000002
0.6020000000000001
0.6037499999999997
0.6033899999999996
0.6005699999999999
0.6041299999999998
0.6028599999999998
0.6042400000000002
0.6032999999999997
0.6031399999999999
0.6044799999999999
0.6011499999999997
0.6022700000000001
0.6038399999999997
0.6023699999999997
0.6038900000000001
0.6035599999999999
0.5993400000000001
0.6023099999999999
0.6048499999999997
0.6054199999999996
0.60586
0.6015800000000001
0.6059499999999998
0.6020500000000001
0.6011499999999999
0.6030899999999998
0.6039800000000001
0.6022099999999998
0.5993099999999999
0.60482
0.60167
0.6019399999999999
0.6039299999999999
0.6012599999999998
0.60549
0.6022699999999999
0.6034799999999998
0.60805
0.6032899999999999
0.6052399999999999
0.60496
0.606
0.6034699999999998
0.6026399999999998
0.6052299999999999
0.6020299999999995
0.6034299999999997
0.6008999999999999
0.6037699999999998
0.6050199999999999
0.6018999999999999
0.6031599999999996
0.60361
0.6030199999999999
0.6036800000000001
0.6009
0.6061699999999999
0.6025400000000001
0.60381
0.60345
0.6047399999999998
0.6019099999999998
0.6041799999999999
0.59904
0.60371
0.6027800000000001
0.6039099999999997
0.6053499999999999
0.6029299999999997
0.60236
0.6019599999999999
0.6027599999999999
0.6052199999999998
0.60194
0.6032299999999999
0.6068499999999999
0.6063599999999998
0.6029800000000001
0.6018799999999999
0.5996199999999998
0.6056500000000001
0.6036199999999997
0.6030499999999999
0.6026199999999999
0.6013399999999998
0.6034499999999999
0.6060699999999999
0.60429
0.6033400000000001
0.6015499999999999
0.60452
0.6032600000000002
0.60293
0.6035999999999999
0.60058
0.6030099999999998
0.60173
0.6035799999999996
0.6037900000000002
0.6022099999999999
0.6018399999999998
0.6063499999999997
0.6047399999999997
0.6038
0.6034399999999999
0.6024999999999998
0.6053899999999999
0.6020699999999999
0.6039899999999999
0.6052999999999998
0.6014299999999999
0.6028499999999999
0.6043400000000002
0.6030099999999998
0.602
0.6037799999999998
0.60505
0.6022599999999998
0.6067100000000001
0.60464
0.60278
0.6038599999999998
0.6028899999999998
0.60416
0.6043999999999999
0.60259
0.60432
0.6013599999999998
0.6065999999999997
0.6031199999999999
0.6023
0.6064599999999998
0.6025799999999998
0.60272
0.6062699999999999
0.6044399999999999
0.6033000000000002
0.6011399999999999
0.6034099999999999
0.6038600000000001
0.6029399999999999
0.6061100000000001
0.60086
0.6057699999999996
0.6033700000000001
0.6039099999999997
0.6036099999999999
0.6020699999999998
0.6019199999999998
0.6036
0.6040299999999997
0.60076
0.60156
0.6022
0.6041699999999999
0.6020800000000002
0.6022499999999996
0.6029
0.60464
0.6046199999999996
0.6053000000000002
0.6021600000000003
0.60261
0.6009999999999996
0.60529
0.6061099999999999
0.6031699999999998
0.60525
0.6031799999999999
0.6038399999999999
0.6071699999999999
0.6017899999999997
0.60354
0.6062299999999999
0.60336
0.60272
0.6055200000000001
0.6040299999999998
0.6031399999999998
0.6041799999999998
0.6082399999999999
0.59868
0.6032599999999998
0.60553
0.6048899999999999
0.6029099999999997
0.60308
0.6043599999999997
0.6025500000000001
0.6069399999999997
0.6030599999999997
0.6026399999999997
0.6014400000000001
0.6052500000000001
0.6036199999999998
0.6007399999999999
0.6041900000000001
0.6032900000000003
0.60494
0.6051100000000001
0.6011599999999998
0.6033099999999998
0.6030900000000001
0.6058599999999997
0.6024899999999999
0.60303
0.6050300000000001
0.6031599999999997
0.60516
0.6033499999999998
0.6030900000000002
0.6003299999999997
0.6039699999999998
0.60437
0.6036599999999995
0.6011999999999998
0.60539
0.6038999999999999
0.6044199999999998
0.6022399999999999
0.6049399999999997
0.6043199999999999
0.6026399999999998
0.6035199999999998
0.6019299999999999
0.6059599999999998
0.6019700000000001
0.6024499999999997
0.6039799999999995
0.6023299999999998
0.6043700000000001
0.6050800000000001
0.6033999999999998
0.6007499999999997
0.6051799999999999
0.60528
0.6035900000000001
0.60281
0.6028999999999999
0.6046900000000001
0.6043399999999999
0.6023600000000001
0.6030199999999999
0.6051699999999999
0.6024799999999997
0.6016099999999996
0.6026599999999998
0.6056599999999999
0.6032099999999996
0.6008999999999997
0.6048499999999998
0.6039699999999998
0.6026599999999999
0.6053200000000001
0.6020399999999996
0.6059299999999999
0.6013499999999997
0.6037000000000002
0.60604
0.6057699999999996
0.6030699999999996
0.6002799999999998
0.60518
0.6030899999999998
0.60477
0.6038300000000001
0.6036800000000001
0.6015200000000003
0.6031599999999999
0.6073599999999999
0.60552
0.6032599999999999
0.6020599999999998
0.6036
0.6053199999999996
0.60159
0.60478
0.6016500000000001
0.6038500000000002
0.60447
0.6037599999999996
0.6019799999999998
0.6077599999999997
0.6029199999999999
0.6048199999999998
0.6025799999999998
0.60356
0.60243
0.60138
0.6035599999999998
0.6030899999999999
0.6054899999999996
0.6024700000000003
0.6050799999999998
0.6044100000000001
0.6029999999999998
0.6038999999999997
0.6023699999999999
0.6035299999999999
0.6051299999999997
0.60164
0.6027199999999998
0.6033099999999997
0.6039799999999999
0.6029799999999996
0.6043199999999996
0.6038600000000003
0.6028699999999999
0.60294
0.6065999999999999
0.60301
0.6048899999999999
0.6009800000000001
0.6031799999999999
0.6046499999999998
0.6062499999999998
0.6035299999999999
0.6029799999999998
0.60381
0.6054099999999999
0.6041200000000001
0.6025999999999999
0.6034999999999999
0.6029399999999999
0.6035099999999997
0.60054
0.6031000000000001
0.6023399999999998
0.6032499999999998
0.6017499999999998
0.6053799999999999
0.6050699999999999
0.60521
0.6011200000000001
0.6058499999999998
0.6047100000000001
0.6039200000000001
0.6012
0.6025299999999999
0.6037099999999997
0.60505
0.6028800000000002
0.6015799999999998
0.6024100000000001
0.60382
0.6050099999999999
0.59989
0.6047399999999999
0.6017899999999998
0.6044799999999996
0.6004299999999998
0.6066499999999999
0.6031599999999997
0.6038999999999999
0.6053599999999999
0.6015499999999999
0.60489
0.60397
0.6060500000000001
0.6031000000000002
0.6020599999999999
0.6051199999999999
0.6047399999999999
0.60126
0.6016399999999995
0.6029399999999998
0.60592
0.6041000000000001
0.6033699999999999
0.60343
0.6023799999999998
0.6011099999999998
0.60466
0.60424
0.6040899999999999
0.6029699999999999
0.6060199999999998
0.6031200000000001
0.6032
0.6025700000000002
0.6026899999999997
0.60301
0.6036999999999998
0.60521
0.6049399999999997
0.60396
0.6041599999999999
0.6026900000000002
0.6049299999999997
0.6035800000000004
0.6037999999999999
