0.19999999999999962
0.45978
0.5026999999999997
0.4835399999999998
0.49168000000000006
0.48754000000000003
0.49021999999999993
0.48913999999999985
0.4873800000000001
0.4910800000000001
0.4883399999999998
0.4899799999999999
0.4873799999999997
0.4887
0.49114000000000024
0.4884199999999999
0.49117999999999973
0.48999999999999977
0.4911599999999999
0.4915600000000001
0.48622
0.4935200000000001
0.48866
0.4877399999999998
0.4900399999999999
0.48932000000000003
0.49008
0.48699999999999993
0.4896199999999999
0.49286
0.48782000000000003
0.4901800000000002
0.4910399999999999
0.4896599999999998
0.48942000000000013
0.49095999999999984
0.49052000000000007
0.4888000000000001
0.49219999999999997
0.48713999999999985
0.49168000000000006
0.4894
0.4884399999999998
0.4902
0.48926000000000003
0.48846000000000017
0.48995999999999995
0.48783999999999994
0.49048
0.4881799999999999
0.4932399999999999
0.48744000000000015
0.4918599999999999
0.4881599999999999
0.49032000000000003
0.48953999999999986
0.48768000000000006
0.49133999999999994
0.4897199999999997
0.49161999999999995
0.4888199999999999
0.48985999999999996
0.4906599999999998
0.48705999999999966
0.49013999999999996
0.49323999999999985
0.4876799999999998
0.49167999999999984
0.4883400000000001
0.48896
0.4922799999999997
0.48872000000000027
0.4909400000000001
0.4892
0.49146000000000023
0.48774000000000006
0.4905199999999999
0.4901999999999999
0.48806
0.48963999999999996
0.4904999999999999
0.4888199999999999
0.4930399999999999
0.48867999999999967
0.48935999999999974
0.4879
0.49041999999999975
0.4893600000000001
0.4904999999999999
0.48855999999999994
0.48913999999999996
0.49034
0.48985999999999996
0.48932
0.4900199999999999
0.4889199999999999
0.4905799999999999
0.48945999999999984
0.4879199999999997
0.48988000000000015
0.49249999999999994
0.4883399999999999
0.48960000000000004
0.4901400000000001
0.48802000000000006
0.49134000000000017
0.49032000000000003
0.48766000000000026
0.48936
0.48790000000000006
0.48894000000000004
0.49082000000000003
0.4881599999999999
0.49118
0.48864000000000013
0.4911799999999998
0.4869000000000001
0.4922199999999998
0.48615999999999976
0.49122000000000005
0.4877600000000001
0.48752
0.48816000000000004
0.4900200000000002
0.4899999999999999
0.4885400000000001
0.4904599999999999
0.48832000000000003
0.4921799999999999
0.4880799999999998
0.4892399999999999
0.4881999999999998
0.48788000000000004
0.49359999999999987
0.48697999999999986
0.49251999999999996
0.48713999999999996
0.49010000000000015
0.48998
0.48885999999999974
0.49022
0.4862
0.4916599999999999
0.48715999999999987
0.49039999999999984
0.48802
0.4913999999999998
0.4890400000000001
0.4895599999999999
0.48889999999999995
0.4904999999999999
0.48768000000000006
0.49011999999999994
0.48943999999999993
0.49134
0.4864
0.49144000000000004
0.48832000000000003
0.4905999999999999
0.48772
0.4898200000000001
0.48602000000000006
0.49119999999999997
0.48674
0.49041999999999986
0.48715999999999987
0.4920800000000001
0.48748000000000014
0.4922399999999999
0.48734
0.49010000000000004
0.48995999999999995
0.4908799999999997
0.4868599999999998
0.48932000000000003
0.48758
0.48822000000000015
0.48827999999999994
0.4904200000000001
0.49096000000000023
0.49032000000000003
0.4890199999999998
0.4887799999999999
0.4882600000000001
0.48916
0.4900399999999997
0.48992000000000013
0.48804000000000003
0.48871999999999993
0.48993999999999993
0.4899
0.48845999999999995
0.48962000000000006
0.4904399999999999
0.48768000000000017
0.48987999999999987
0.48815999999999987
0.48704000000000014
0.48899999999999977
0.48821999999999993
0.49254000000000014
0.48705999999999977
0.4878399999999997
0.48807999999999985
0.48949999999999994
0.48985999999999996
0.49027999999999994
0.48896
0.48806
0.49000000000000016
0.48798000000000014
0.49002
0.4902799999999998
0.4885200000000004
0.49022
0.4889399999999998
0.48928
0.48772000000000026
0.48912000000000005
0.4898000000000002
0.49196000000000006
0.48830000000000007
0.48700000000000004
0.4904000000000001
0.4870999999999999
0.48882000000000003
0.48717999999999995
0.49138
0.4860199999999999
0.49156
0.48857999999999974
0.4887
0.4916199999999998
0.48782
0.49093999999999993
0.4920400000000001
0.48998000000000025
0.48991999999999986
0.4897200000000001
0.4902200000000001
0.4908599999999999
0.4865199999999998
0.4913599999999999
0.4864800000000002
0.4918799999999999
0.48991999999999997
0.49026
0.48904000000000025
0.48778
0.4913199999999998
0.4895400000000001
0.4906599999999999
0.4907
0.48846000000000006
0.48779999999999996
0.4902599999999998
0.49028000000000005
0.48934000000000016
0.48705999999999994
0.4910200000000001
0.48747999999999986
0.49292
0.4856400000000001
0.4894199999999999
0.48788000000000004
0.49090000000000006
0.48864
0.4892199999999999
0.4904399999999998
0.48774
0.49046
0.49082000000000003
0.4886200000000001
0.4907
0.4921799999999999
0.48890000000000006
0.48842000000000013
0.4899800000000003
0.4888600000000001
0.49153999999999987
0.48822000000000004
0.49212000000000017
0.4901199999999998
0.48746
0.48962000000000006
0.48957999999999985
0.4895400000000001
0.4901000000000002
0.49026
0.4909200000000001
0.4901600000000003
0.4872799999999998
0.49023999999999995
0.48905999999999994
0.49068
0.4889399999999998
0.4906800000000003
0.48882
0.48956000000000005
0.4893600000000001
0.4900200000000001
0.4884200000000001
0.48777999999999994
0.49213999999999986
0.48705999999999994
0.4910800000000002
0.48840000000000017
0.4897599999999997
0.49062000000000006
0.49234
0.4886200000000001
0.4910000000000001
0.48728000000000016
0.49042
0.4907200000000001
0.48814
0.49126
0.48873999999999995
0.49117999999999995
0.4890000000000001
0.49032000000000003
0.48776
0.48796000000000006
0.48919999999999986
0.4934199999999999
0.48870000000000013
0.4926600000000002
0.4896399999999999
0.4901799999999998
0.4909599999999999
0.48951999999999984
0.48718000000000017
0.49000000000000016
0.48882
0.49023999999999995
0.4889799999999999
0.48984
0.49047999999999986
0.4870800000000003
0.4898799999999999
0.4916
0.48968000000000006
0.4885
0.49123999999999973
0.48986
0.4892800000000001
0.4889799999999998
0.48953999999999986
0.4860600000000001
0.49027999999999994
0.4891799999999997
0.4882999999999999
0.49060000000000004
0.48869999999999975
0.48789999999999994
0.48847999999999986
0.48933999999999966
0.4887399999999998
0.49008
0.48871999999999993
0.48908
0.48928
0.4912799999999999
0.4907
0.4884199999999999
0.49038
0.49029999999999996
0.49006000000000005
0.4895999999999998
0.4897000000000001
0.48771999999999976
0.4892799999999998
0.48974000000000006
0.4902599999999999
0.48906000000000005
0.4906399999999998
0.48818
0.4905999999999999
0.4888599999999998
0.49016000000000004
0.48960000000000004
0.49168000000000023
0.4883600000000003
0.49063999999999985
0.48576000000000014
0.48843999999999993
0.4909999999999999
0.48529999999999973
0.4943799999999999
0.48493999999999987
0.49254000000000014
0.48981999999999987
0.48916
0.4919199999999998
0.4858599999999999
0.4936599999999999
0.4876599999999998
0.48961999999999983
0.4913399999999997
0.48906
0.4906799999999998
0.4875199999999998
0.49107999999999974
0.48733999999999983
0.4905000000000001
0.4869999999999998
0.49266
0.48795999999999995
0.4900999999999999
0.48734
0.48924
0.49105999999999983
0.4892600000000001
0.4896599999999998
0.48856
0.4887200000000002
0.4897599999999999
0.4909999999999999
0.49032
0.48984
0.49076000000000014
0.48889999999999995
0.49347999999999975
0.48972
0.4884800000000001
0.48907999999999996
0.48895999999999956
0.4887199999999999
0.48824000000000006
0.4916799999999999
0.49047999999999975
0.49176000000000014
0.4876799999999999
0.4904399999999999
0.4916999999999998
0.48923999999999984
0.4882599999999998
0.4888599999999999
0.49108
0.4892599999999998
0.49081999999999987
0.4895799999999998
0.4873199999999999
0.49250000000000005
0.4865199999999998
0.49168000000000006
0.48979999999999996
0.48826000000000014
0.4882
0.49038000000000004
0.4930000000000001
0.48817999999999984
0.48965999999999993
0.48992
0.4886600000000001
0.4882999999999999
0.48949999999999994
0.48843999999999993
0.4907799999999999
0.48584000000000016
0.4887
0.49054
0.49094
0.48705999999999994
0.48917999999999984
0.48822000000000015
0.49161999999999983
0.48681999999999986
0.49220000000000014
0.48916000000000004
0.48742000000000013
0.48917999999999984
0.48675999999999986
0.4898200000000001
0.49068000000000006
0.4875200000000001
0.48960000000000004
0.4896400000000001
0.4882199999999999
0.48863999999999974
0.4898
0.4885999999999999
0.4894199999999999
0.48995999999999995
0.4909399999999999
0.4885399999999999
0.48744000000000015
0.49071999999999993
0.49076000000000014
0.48516000000000004
0.48966
0.48748
0.4885400000000001
0.48938000000000004
0.48999999999999994
0.48816000000000004
0.49198000000000014
0.4878400000000001
0.4909399999999999
0.48963999999999996
0.49035999999999996
0.48985999999999974
0.4920400000000002
0.48571999999999993
0.4911000000000001
0.48904000000000003
0.48943999999999993
0.4898799999999999
0.4891600000000001
0.48836000000000007
0.4884200000000001
0.49038
0.48536000000000007
0.4951399999999999
0.4883999999999999
0.48661999999999983
0.49318000000000006
0.48812
0.49183999999999983
0.4862199999999997
0.49261999999999995
0.48656000000000005
0.49108
0.49035999999999996
0.4881199999999999
0.49007999999999974
0.4900599999999997
0.48851999999999984
0.48957999999999996
0.4886999999999999
0.48631999999999975
0.4929000000000003
0.48644000000000004
0.49158000000000024
0.4915200000000003
0.48884000000000005
0.4894400000000001
0.4902199999999998
0.48930000000000007
0.4883399999999999
0.49006
0.4914799999999997
0.4920200000000001
0.4886000000000001
0.49152
0.4862999999999999
0.49259999999999954
0.4875800000000001
0.48948000000000014
0.4876599999999999
0.4909799999999999
0.48946
0.4851600000000002
0.49163999999999997
0.48886
0.4917
0.49040000000000006
0.4903
0.48887999999999976
0.4897400000000002
0.4898799999999997
0.4886999999999999
0.49148000000000003
0.48623999999999995
0.4916799999999999
0.48666000000000004
0.49155999999999983
0.4891799999999996
0.49048
0.48506
0.4929
0.48570000000000013
0.48854
0.4884999999999998
0.4863999999999997
0.4909200000000001
0.4909200000000001
0.4891400000000001
0.4875400000000002
0.48846000000000006
0.4891400000000001
0.48964000000000013
0.49036
0.4865399999999998
0.4913199999999999
0.49000000000000016
0.49097999999999997
0.48906000000000005
0.49295999999999973
0.48924000000000006
0.48938000000000004
0.4889600000000002
0.4888800000000002
0.48782000000000003
0.4876799999999999
0.4903199999999997
0.4880400000000001
0.4897199999999998
0.4892399999999999
0.48802000000000034
0.4904799999999998
0.48901999999999984
0.4893600000000001
0.4923399999999999
0.4875800000000002
0.4893199999999998
0.48766000000000004
0.48929999999999985
0.48960000000000004
0.49101999999999985
0.48646000000000017
0.4896400000000001
0.4881399999999999
0.48882000000000003
0.48869999999999986
0.4896399999999999
0.49024
0.4879
0.4906399999999998
0.48733999999999994
0.48941999999999963
0.49007999999999996
0.48812000000000005
0.48841999999999963
0.4912999999999999
0.4869799999999998
0.4880599999999998
0.48968000000000006
0.4894999999999998
0.49061999999999983
0.4900199999999999
0.48851999999999973
0.4912799999999999
0.48985999999999985
0.4902599999999999
0.48853999999999986
0.48918
0.48856
0.48840000000000006
0.4892599999999998
0.49059999999999976
0.4864999999999998
0.49031999999999987
0.4893199999999998
0.48961999999999994
0.4889399999999997
0.49119999999999997
0.49032000000000003
0.48908
0.49219999999999997
0.48667999999999983
0.49063999999999985
0.48772000000000015
0.49056000000000005
0.48818000000000006
0.48935999999999974
0.49018000000000017
0.49163999999999974
0.4886200000000001
0.4927800000000002
0.4919199999999998
0.48692
0.48999999999999977
0.4868799999999998
0.48814
0.4901999999999999
0.4887399999999996
0.4895799999999999
0.4905599999999996
0.4909799999999997
0.48609999999999987
0.48911999999999983
0.49068000000000006
0.4904599999999999
0.48918
0.49132000000000015
0.48554
0.4895600000000001
0.48881999999999975
0.4896800000000001
0.4900600000000002
0.48741999999999985
0.49054000000000025
0.48788000000000004
0.49006000000000005
0.48889999999999967
0.49016
0.4901399999999999
0.4892400000000001
0.48808000000000007
0.4920400000000001
0.49039999999999984
0.4881800000000001
0.48969999999999986
0.49083999999999983
0.48804
0.49175999999999975
0.48568
0.4917
0.48711999999999983
0.4904000000000002
0.4868400000000001
0.4900199999999998
0.48820000000000013
0.4923
0.48897999999999997
0.4910599999999999
0.4903199999999998
0.4874
0.4911399999999999
0.48946000000000006
0.48822000000000026
0.48827999999999994
0.4906199999999998
0.4904999999999998
0.49199999999999966
0.48713999999999996
0.4874999999999997
0.4886399999999999
0.49172000000000005
0.4878000000000002
0.49273999999999996
0.48782000000000003
0.4877600000000003
0.48968000000000006
0.49046
0.48862
0.4902600000000001
0.4888199999999998
0.49038000000000004
0.49029999999999996
0.49042000000000013
0.4897400000000001
0.4922199999999997
0.48678000000000005
0.4888599999999998
0.489
0.48805999999999977
0.48866
0.4861200000000002
0.4919799999999999
0.4897799999999998
0.4907399999999997
0.48822000000000004
0.4870799999999998
0.49078000000000005
0.48792000000000024
0.49026000000000003
0.48715999999999987
0.48931999999999976
0.4896400000000002
0.4877000000000002
0.4914399999999998
0.48961999999999967
0.49156
0.48861999999999983
0.49187999999999993
0.4887000000000002
0.4906399999999999
0.49016
0.4880599999999998
0.4892
0.49007999999999996
0.4890000000000001
0.4907399999999999
0.48966
0.49044000000000004
0.48728000000000016
0.49263999999999997
0.4876999999999998
0.4906800000000001
0.48779999999999984
0.4912400000000001
0.4896400000000001
0.48868
0.4880599999999999
0.49089999999999995
0.48926000000000014
0.4895999999999998
0.48761999999999994
0.48905999999999983
0.48991999999999974
0.48930000000000007
0.4885800000000001
0.49124000000000023
0.48564000000000007
0.49120000000000025
0.48780000000000007
0.49087999999999987
0.4889799999999998
0.49008000000000007
0.4897600000000002
0.4925399999999999
0.4875600000000002
0.49044000000000004
0.4880599999999999
0.4931599999999999
0.48609999999999987
0.4934399999999998
0.4884000000000001
0.48963999999999985
0.48955999999999994
0.4892199999999996
0.49207999999999996
0.48875999999999964
0.48987999999999987
0.4932399999999999
0.4840199999999999
0.49273999999999984
0.4837400000000002
0.4946799999999999
0.48768
0.49008000000000007
0.4906399999999999
0.48694000000000004
0.4885000000000002
0.48977999999999994
0.48882000000000014
0.48656
0.4892399999999999
0.48928
0.4895199999999998
0.49085999999999985
0.4893200000000001
0.48673999999999995
0.49000000000000016
0.48846000000000006
0.48934
0.4879
0.49189999999999967
0.48876000000000003
0.49072000000000005
0.49034
0.48926000000000025
0.48709999999999987
0.49127999999999994
0.48597999999999986
0.4915
0.48946
0.48911999999999994
0.4891199999999996
0.48785999999999974
0.4916399999999998
0.4874199999999999
0.4869399999999998
0.4921799999999996
0.48604000000000014
0.48787999999999987
0.48668
0.48956000000000005
0.4894399999999998
0.49024000000000023
0.4881199999999999
0.48877999999999994
0.49099999999999994
0.48818
0.49085999999999985
0.48731999999999986
0.49022000000000004
0.4899799999999999
0.48937999999999987
0.4914000000000002
0.48859999999999987
0.49217999999999995
0.4886999999999999
0.4903
0.4889199999999998
0.48735999999999996
0.49127999999999994
0.49
0.49123999999999995
0.48962000000000006
0.48934
0.4870799999999999
0.4902600000000001
0.4888599999999998
0.4883600000000001
0.49164000000000024
0.4880999999999998
0.48766
0.4882399999999999
0.4889199999999998
0.48888000000000004
0.4874600000000001
0.49127999999999994
0.4861799999999997
0.4919599999999999
0.48763999999999996
0.4904799999999998
0.48849999999999966
0.49204000000000014
0.48774000000000006
0.48917999999999995
0.49004000000000014
0.49026000000000003
0.48907999999999985
0.49082000000000003
0.48857999999999996
0.4891599999999998
0.4906999999999998
0.48802
0.48952000000000007
0.48718000000000006
0.4882600000000001
0.48952000000000007
0.48792000000000013
0.48931999999999964
0.4887399999999999
0.48645999999999995
0.4936999999999999
0.48935999999999985
0.4895600000000002
0.48818000000000006
0.4904999999999998
0.48982
0.48879999999999996
0.49141999999999997
0.486
0.49166000000000004
0.48918
0.49105999999999994
0.48798000000000025
0.49191999999999986
0.4875599999999999
0.49285999999999974
0.4850199999999999
0.4906599999999999
0.4897199999999999
0.4866200000000001
0.49102
0.4870799999999999
0.49357999999999974
0.48682
0.49122
0.48787999999999987
0.49152
0.48672000000000026
0.4897199999999999
0.4895199999999999
0.48774000000000006
0.49166000000000004
0.48757999999999996
0.4901200000000002
0.48925999999999986
0.4884399999999997
0.49032
0.4882600000000001
0.49016000000000004
0.48705999999999994
0.4907
0.49070000000000014
0.49044
0.48842000000000013
0.4910399999999999
0.4881399999999999
0.4892399999999999
0.4885199999999999
0.48673999999999995
0.4936999999999999
0.4870399999999997
0.48941999999999974
0.49163999999999985
0.4864999999999997
0.4911799999999999
0.48738
0.48922000000000004
0.48879999999999996
0.49075999999999986
0.4861200000000001
0.4897400000000002
0.48904
0.49087999999999987
0.4858199999999998
0.49032000000000003
0.49156000000000005
0.4869799999999999
0.49073999999999995
0.4888600000000001
0.4892999999999999
0.4910600000000001
0.4877200000000002
0.49185999999999985
0.48920000000000013
0.49090000000000017
0.4888199999999998
0.4886200000000001
0.4873599999999999
0.49108
0.48641999999999996
0.4914799999999999
0.4886799999999999
0.4915399999999998
0.4899999999999999
0.4896799999999999
0.48905999999999994
0.4897400000000001
0.4918199999999999
0.48791999999999996
0.49054
0.48687999999999976
