0.19999999999999962
0.8189399999999999
0.26354
0.76254
0.31384
0.7161599999999997
0.35509999999999975
0.68076
0.3865199999999999
0.6520600000000001
0.41387999999999975
0.6270599999999998
0.4344600000000002
0.6094799999999999
0.45226
0.5936800000000001
0.4664200000000001
0.5791999999999999
0.4792199999999998
0.5686599999999999
0.4890400000000003
0.5596799999999998
0.49624
0.5525400000000001
0.50204
0.5483399999999999
0.5057200000000003
0.5444199999999999
0.5097800000000001
0.5426199999999999
0.5114800000000002
0.5396800000000002
0.5137200000000001
0.5365399999999999
0.51678
0.53416
0.5197
0.5329600000000001
0.5182000000000001
0.5332199999999999
0.5201000000000002
0.5292400000000002
0.5236199999999999
0.5293000000000001
0.5233399999999997
0.5289200000000003
0.5239999999999999
0.5290800000000001
0.5235200000000002
0.5287400000000002
0.5231800000000001
0.5296600000000002
0.52216
0.5290599999999999
0.5233200000000001
0.52892
0.5259000000000001
0.5282199999999999
0.5236799999999998
0.5302400000000003
0.52214
0.5289999999999998
0.52486
0.5259799999999999
0.52764
0.5266000000000001
0.52586
0.52776
0.5248999999999998
0.5269400000000002
0.5250000000000002
0.5252600000000003
0.5282000000000001
0.52522
0.5243800000000001
0.5298000000000002
0.5240000000000002
0.5288600000000002
0.52394
0.5298199999999998
0.5228400000000002
0.52818
0.5253999999999999
0.5279000000000003
0.5239000000000001
0.5297000000000001
0.5216799999999999
0.5332
0.5187600000000001
0.5322
0.5223399999999998
0.52756
0.5268200000000001
0.5244999999999999
0.5277800000000002
0.5247800000000002
0.5275400000000001
0.5254800000000003
0.5263600000000003
0.5275799999999999
0.5239999999999998
0.5279800000000001
0.5244400000000001
0.5269600000000001
0.52572
0.5270999999999999
0.5248600000000001
0.5261200000000001
0.5253400000000001
0.5271800000000002
0.5247800000000001
0.5283800000000002
0.5248200000000002
0.5268200000000001
0.5263800000000001
0.5282400000000003
0.5257399999999999
0.5260000000000001
0.52664
0.52678
0.52632
0.5272399999999999
0.5258199999999997
0.5267999999999999
0.5251600000000002
0.5270000000000001
0.5254599999999996
0.5267600000000001
0.5263
0.5263599999999999
0.5249600000000001
0.5276399999999999
0.5245800000000002
0.5267199999999997
0.5248600000000001
0.5273399999999998
0.52488
0.52534
0.52874
0.52472
0.5279400000000001
0.5242200000000001
0.52862
0.5247199999999999
0.52834
0.5232399999999999
0.52934
0.5229999999999999
0.52924
0.5238999999999996
0.5274600000000002
0.5254200000000001
0.52798
0.5242800000000001
0.52876
0.52528
0.5272200000000001
0.5258399999999999
0.52742
0.5253200000000002
0.5268800000000002
0.52622
0.5255599999999999
0.52646
0.5264400000000001
0.5277800000000004
0.5239800000000002
0.5285200000000002
0.5251199999999998
0.5280599999999999
0.5258000000000002
0.5276799999999999
0.5242600000000002
0.5286000000000003
0.5246
0.5281800000000001
0.5254400000000001
0.52622
0.5257
0.52542
0.5287
0.5249400000000004
0.5284599999999999
0.5246999999999999
0.5255600000000001
0.52614
0.5261
0.5261199999999998
0.5266600000000002
0.5265799999999999
0.5273199999999999
0.5257599999999997
0.52508
0.52814
0.52438
0.52768
0.5248400000000002
0.5283400000000001
0.5249800000000001
0.52732
0.5246200000000002
0.5284199999999999
0.5243000000000002
0.5268599999999999
0.5257600000000001
0.5289999999999998
0.5231199999999999
0.5274600000000003
0.5250999999999998
0.5284000000000004
0.5259000000000001
0.5261599999999999
0.5252600000000002
0.5268
0.5242800000000003
0.52876
0.5240000000000002
0.5279200000000001
0.5269400000000002
0.52626
0.5268200000000003
0.52572
0.5253400000000001
0.5301
0.5218000000000002
0.5313400000000003
0.5228999999999999
0.52924
0.52398
0.5283599999999997
0.5239200000000003
0.5292200000000004
0.52478
0.5276600000000001
0.5236800000000003
0.5306600000000001
0.5230000000000002
0.5271200000000001
0.5255600000000001
0.5277
0.5252400000000002
0.5265599999999998
0.52618
0.52634
0.5259799999999998
0.52766
0.52624
0.5275800000000004
0.5262799999999999
0.5261399999999999
0.5261399999999999
0.5267600000000002
0.5253399999999999
0.52728
0.52552
0.52516
0.5258799999999999
0.5260399999999997
0.5270200000000002
0.52526
0.5269200000000002
0.52678
0.5259400000000001
0.52618
0.5276400000000002
0.5237600000000001
0.5294399999999999
0.52494
0.52862
0.5246200000000001
0.5274000000000002
0.5262000000000001
0.5267800000000001
0.52722
0.5252800000000001
0.5272200000000001
0.525
0.52748
0.5260999999999999
0.5241600000000001
0.5294800000000002
0.5235199999999999
0.5298400000000001
0.52414
0.5283399999999999
0.5238999999999999
0.5291
0.5233
0.5288200000000001
0.5245000000000002
0.5260600000000002
0.52672
0.5263999999999999
0.52596
0.5258599999999999
0.5247400000000002
0.5268000000000002
0.5258600000000001
0.5275600000000001
0.52624
0.52606
0.52808
0.5243199999999999
0.5275200000000002
0.5257200000000002
0.5276799999999999
0.52324
0.5295000000000002
0.5225599999999999
0.5301400000000002
0.52398
0.5288999999999998
0.5244199999999998
0.52932
0.5230799999999999
0.5277
0.52634
0.5258799999999995
0.5255000000000001
0.52616
0.52708
0.52488
0.5261999999999999
0.5263400000000001
0.5263600000000003
0.5275200000000001
0.52632
0.5262800000000001
0.5268599999999999
0.5259000000000005
0.5278400000000003
0.5240800000000001
0.52928
0.52556
0.5272200000000001
0.5233600000000002
0.52934
0.5237400000000001
0.5297200000000003
0.5231799999999999
0.53008
0.5230000000000004
0.5291599999999999
0.52434
0.5288599999999998
0.5242999999999999
0.5282199999999999
0.5251999999999997
0.5271600000000001
0.525
0.52804
0.5241200000000001
0.5293399999999999
0.5234600000000001
0.5285799999999999
0.52424
0.5297399999999999
0.5229600000000002
0.52902
0.5248999999999999
0.5267199999999999
0.5260600000000003
0.52594
0.5268800000000001
0.5259599999999999
0.5282800000000003
0.5241800000000001
0.5280400000000002
0.5257199999999999
0.5278200000000001
0.5252200000000002
0.52756
0.5245599999999999
0.5282400000000002
0.5261800000000001
0.5258600000000001
0.5259800000000002
0.5253000000000002
0.52764
0.5230999999999999
0.52844
0.5249800000000001
0.5272599999999996
0.5261
0.5267599999999999
0.52506
0.5276
0.5245399999999999
0.5266000000000001
0.5264199999999999
0.5264399999999999
0.5266200000000002
0.5256799999999999
0.5257799999999999
0.5266000000000001
0.5258600000000001
0.5284200000000003
0.5236599999999999
0.52902
0.5239999999999998
0.5283200000000001
0.523
0.52872
0.5246799999999999
0.52762
0.5242799999999999
0.5271199999999999
0.5255400000000001
0.5269000000000001
0.5262800000000002
0.52658
0.52646
0.52542
0.5259800000000001
0.52544
0.5286000000000001
0.5252399999999998
0.5264399999999999
0.52606
0.5275000000000001
0.5255200000000001
0.52866
0.5219800000000001
0.5300600000000003
0.5218800000000002
0.5325199999999999
0.5200000000000001
0.53164
0.5225000000000002
0.5302800000000001
0.52222
0.5293399999999999
0.52412
0.52872
0.52428
0.5272400000000002
0.5252000000000002
0.5297000000000001
0.5246599999999999
0.5287799999999998
0.5232399999999999
0.5285399999999999
0.5228799999999999
0.5282000000000002
0.5254799999999998
0.5286799999999999
0.52256
0.5305999999999998
0.5220600000000001
0.5317400000000001
0.5210199999999999
0.5322600000000002
0.5202
0.5314200000000002
0.5211200000000001
0.53156
0.5216599999999998
0.5295200000000002
0.5233400000000004
0.5298400000000002
0.52256
0.5293399999999999
0.5230599999999996
0.5307399999999999
0.5221800000000002
0.53058
0.5228800000000002
0.52844
0.52478
0.5268600000000001
0.52646
0.5278199999999998
0.5257000000000002
0.5271199999999999
0.5260600000000003
0.5255000000000003
0.5262399999999998
0.5239600000000002
0.5288
0.5258000000000002
0.52668
0.5242000000000002
0.5284399999999999
0.52392
0.52738
0.5250999999999999
0.5281199999999999
0.5231800000000001
0.5292799999999996
0.5231400000000002
0.53124
0.5224599999999999
0.5291599999999997
0.5233800000000002
0.5293
0.5246200000000001
0.5278799999999998
0.5256600000000001
0.52728
0.5251999999999998
0.5282399999999999
0.52434
0.5276799999999999
0.5233199999999999
0.5303200000000003
0.5233200000000001
0.52902
0.5238
0.5283000000000001
0.5236800000000001
0.5289200000000001
0.5240399999999998
0.5294199999999999
0.5242600000000001
0.5294000000000001
0.52244
0.5308200000000001
0.5216599999999998
0.53262
0.5209600000000002
0.5303199999999996
0.5227399999999999
0.52914
0.5242000000000001
0.5283000000000001
0.5255600000000001
0.52536
0.5281199999999999
0.5252799999999999
0.5276600000000001
0.5243800000000001
0.5271000000000001
0.5244599999999998
0.52744
0.5247200000000001
0.5288400000000003
0.5245800000000002
0.52696
0.5240599999999997
0.5274599999999999
0.52624
0.5257800000000001
0.5272199999999999
0.5246199999999999
0.5296999999999998
0.52428
0.5289600000000002
0.52192
0.5290400000000001
0.5228800000000003
0.5288
0.5246200000000001
0.5272200000000001
0.5246200000000001
0.5284000000000002
0.52452
0.5264999999999999
0.5271199999999998
0.52468
0.5281800000000001
0.5254400000000001
0.5271399999999999
0.5255199999999998
0.5269399999999999
0.5248999999999999
0.52874
0.5245200000000001
0.53026
0.5232200000000001
0.5302000000000002
0.5244000000000001
0.5281600000000001
0.5261599999999999
0.5272799999999997
0.5263800000000002
0.5274399999999999
0.5247000000000003
0.52806
0.5263599999999999
0.5260400000000004
0.5261200000000001
0.5277800000000002
0.5255800000000002
0.5260200000000002
0.52716
0.5242000000000001
0.52884
0.52524
0.5274799999999998
0.5242800000000002
0.5291
0.5239199999999999
0.5267399999999999
0.5252600000000003
0.52732
0.5264600000000003
0.5262800000000002
0.5273400000000003
0.5235800000000002
0.5285199999999998
0.5232400000000001
0.52762
0.5233599999999999
0.5275799999999999
0.5252799999999999
0.52772
0.5255199999999999
0.5270999999999999
0.5257200000000002
0.5261999999999998
0.5269200000000004
0.5258800000000001
0.52508
0.5268400000000001
0.5247000000000002
0.5279000000000001
0.5252800000000001
0.5262000000000001
0.52502
0.5281400000000003
0.5250000000000004
0.5276000000000001
0.5258600000000002
0.5269800000000001
0.5254000000000001
0.52946
0.5218599999999999
0.5305000000000002
0.52374
0.52882
0.5222399999999998
0.5313000000000002
0.5242600000000001
0.5295199999999999
0.5243800000000003
0.5267000000000003
0.5251200000000004
0.5279199999999998
0.52634
0.5263199999999999
0.5270200000000002
0.5265799999999999
0.5250199999999999
0.5281199999999998
0.5243800000000002
0.5285000000000001
0.5246999999999999
0.5286
0.5241399999999998
0.5264799999999998
0.5281999999999999
0.5244999999999997
0.5294999999999999
0.5246400000000001
0.5251800000000001
0.52732
0.5242399999999999
0.5301400000000002
0.52354
0.5264999999999997
0.5256999999999998
0.5277000000000001
0.52402
0.5263400000000001
0.5262000000000002
0.5264800000000002
0.5258800000000001
0.5269
0.5255000000000001
0.5276599999999999
0.52424
0.5277599999999998
0.5246
0.5284600000000002
0.5232999999999999
0.5284400000000001
0.5244799999999998
0.5264800000000002
0.5264800000000001
0.5259799999999999
0.52434
0.5300000000000002
0.5233199999999998
0.5282400000000002
0.5241400000000003
0.5260200000000004
0.5257000000000001
0.5264000000000002
0.5252599999999998
0.52704
0.52608
0.52634
0.5266200000000002
0.5240800000000001
0.5274800000000004
0.5258799999999998
0.5273400000000001
0.5251600000000001
0.5287400000000001
0.5260800000000002
0.5273399999999999
0.5249400000000003
0.52652
0.52634
0.5251000000000001
0.5281600000000002
0.5252600000000001
0.5280999999999999
0.52356
0.5307200000000001
0.5239400000000001
0.5278200000000002
0.52348
0.5300599999999995
0.5238200000000001
0.5284800000000002
0.5248000000000002
0.5279800000000001
0.5243000000000001
0.5288999999999999
0.5245800000000002
0.5284199999999999
0.52302
0.52904
0.5213799999999997
0.5313199999999999
0.5204799999999998
0.5313999999999999
0.52148
0.5303599999999998
0.5219600000000001
0.5290600000000001
0.5244000000000002
0.5282599999999998
0.52594
0.5260400000000002
0.52376
0.5280400000000001
0.52634
0.5251600000000001
0.5263199999999999
0.5244799999999997
0.5294200000000001
0.5243600000000002
0.5286599999999999
0.5262200000000001
0.5257000000000002
0.5265399999999998
0.5272199999999999
0.52544
0.5279599999999998
0.52402
0.5282599999999998
0.5258800000000001
0.5264599999999998
0.5258200000000002
0.5260600000000002
0.52688
0.5246600000000001
0.5288
0.5244400000000001
0.5285799999999998
0.5242999999999999
0.5289200000000002
0.5245400000000001
0.52916
0.5231800000000004
0.5295200000000001
0.5230800000000001
0.5295799999999999
0.5218400000000001
0.5301800000000001
0.5231399999999999
0.52976
0.5242200000000001
0.5286400000000002
0.5242800000000002
0.52924
0.52252
0.5275799999999999
0.5247600000000001
0.5283399999999999
0.5247200000000002
0.528
0.52512
0.5277999999999998
0.5256600000000002
0.5259799999999999
0.5231400000000003
0.52882
0.5221200000000004
0.5310399999999997
0.52208
0.5295200000000001
0.5221200000000003
0.52926
0.52342
0.5289599999999998
0.5223599999999999
0.53064
0.5226999999999999
0.5301799999999999
0.5249400000000002
0.5285199999999999
0.5254200000000001
0.5266000000000001
0.5268599999999998
0.5261600000000001
0.5282399999999999
0.52444
0.52896
0.52258
0.5284800000000002
0.5239799999999998
0.5292600000000001
0.5221200000000001
0.5309799999999999
0.5219200000000002
0.5305600000000005
0.5229800000000003
0.5295000000000001
0.52216
0.52936
0.5234800000000001
0.5290399999999998
0.52392
0.5272199999999999
0.5252399999999999
0.5273400000000003
0.5257400000000002
0.5278
0.5238399999999996
0.5295800000000002
0.52436
0.5286000000000003
0.5234800000000001
0.52912
0.5249000000000001
0.5284200000000001
0.52572
0.5251600000000001
0.5267599999999999
0.52502
0.52864
0.5238800000000001
0.52798
0.5246599999999999
0.5281999999999999
0.5247800000000002
0.52632
0.5268400000000002
0.5252400000000003
0.5268400000000001
0.5266
0.5257799999999999
0.5267800000000001
0.5269599999999998
0.5258200000000004
0.5265000000000001
0.5251600000000001
0.5282399999999999
0.5235
0.5285399999999999
0.52522
0.5285400000000001
0.5247
0.52916
0.52364
0.52688
0.5282000000000001
0.52412
0.5286000000000002
0.52398
0.5274
0.5241999999999998
0.52838
0.5246200000000002
0.5268999999999999
0.5261400000000002
0.5270800000000001
0.5248999999999999
0.5293799999999999
0.5240000000000001
0.5282600000000002
0.5235599999999998
0.5307999999999998
0.5203800000000001
0.5298
0.5222400000000001
0.5316200000000003
0.5218000000000002
0.53038
0.5249199999999999
0.5271400000000002
0.5259200000000002
0.5260800000000002
0.5252800000000001
0.5260200000000002
0.5260199999999997
0.5249400000000001
0.52632
0.52672
0.5261399999999999
0.52866
0.5244000000000003
0.5278399999999999
0.5241800000000001
0.5284600000000003
0.5241199999999998
0.5302
0.5238600000000004
0.5290199999999998
0.5224200000000002
0.5287399999999999
0.52458
0.5270799999999998
0.5267400000000002
0.52634
0.5272399999999999
0.5256599999999999
0.5252799999999997
0.5268400000000001
0.5263399999999999
0.5258799999999998
0.5256399999999998
0.5270600000000002
0.5238599999999999
0.5267200000000001
0.5263199999999998
0.5260200000000002
0.5257200000000001
0.52748
0.52552
0.5282999999999999
0.5247399999999999
0.52764
0.5258599999999998
0.5261600000000002
0.5253999999999999
0.52566
0.5263400000000003
0.5253000000000002
0.5275800000000002
0.5241600000000001
0.5279999999999997
0.5243399999999999
0.5272000000000001
0.5264800000000003
0.5254999999999999
0.5284200000000001
0.52366
0.5285400000000002
0.5221600000000001
0.53044
0.52474
0.5268600000000002
0.5251200000000001
0.5279999999999998
0.52436
0.52728
0.52508
0.5263799999999998
0.52718
0.5253400000000001
0.5270800000000001
0.5254999999999997
0.5281000000000003
0.5250600000000001
0.5263800000000003
0.5268800000000001
0.5252400000000002
0.5278600000000003
0.5244400000000001
0.5282999999999999
0.5240400000000001
0.52778
0.5253800000000002
0.5262400000000003
0.5239600000000002
0.5276799999999999
0.5244
0.5282199999999999
0.52432
0.5273
0.5243400000000001
0.52992
0.5214399999999998
0.5314800000000001
0.5225200000000001
0.5306799999999999
0.5215799999999999
0.5288400000000002
0.52416
0.5280199999999999
0.5244
0.5269000000000001
0.5255999999999998
0.5278
0.5248999999999999
0.5265399999999998
