0.19999999999999962
0.8196399999999997
0.26233999999999996
0.7646600000000001
0.3110599999999999
0.72
0.35206
0.6827200000000002
0.38452
0.6535200000000002
0.41098000000000007
0.6289199999999999
0.4343200000000001
0.60962
0.4513200000000001
0.59198
0.46920000000000023
0.57684
0.47943999999999987
0.5703200000000002
0.48709999999999987
0.55996
0.49678000000000005
0.5528000000000002
0.50186
0.5478599999999997
0.50666
0.5452
0.50934
0.5416800000000003
0.5105600000000002
0.54088
0.5141000000000001
0.5366800000000004
0.5168800000000001
0.5353799999999999
0.51706
0.5349199999999997
0.51804
0.5323800000000002
0.5205399999999998
0.5303800000000002
0.5226999999999999
0.52924
0.5235999999999996
0.5276399999999999
0.5265000000000003
0.5271200000000001
0.5270600000000002
0.5261399999999999
0.5275599999999997
0.5271399999999999
0.5267400000000001
0.52588
0.5263000000000001
0.5279599999999999
0.5257599999999999
0.5271
0.5262399999999998
0.5266199999999999
0.5259000000000003
0.5254800000000001
0.5262600000000002
0.5247800000000004
0.5288600000000001
0.5251600000000001
0.5278999999999998
0.5251
0.52792
0.5260600000000002
0.5271799999999999
0.5259199999999997
0.5274800000000001
0.5244199999999999
0.5276000000000001
0.52608
0.5265
0.5257000000000002
0.5279600000000002
0.52154
0.5302800000000002
0.5228400000000001
0.5280999999999999
0.52524
0.5259799999999999
0.52726
0.5247599999999999
0.5281000000000001
0.5235000000000002
0.5294000000000001
0.52418
0.5285399999999999
0.5234399999999998
0.5281200000000001
0.5242800000000002
0.5284400000000001
0.52286
0.52964
0.52294
0.52878
0.5231000000000002
0.5299400000000002
0.5233199999999998
0.52902
0.5242
0.5304600000000002
0.5224
0.5302
0.52344
0.5283999999999999
0.5223599999999998
0.5301800000000001
0.5236400000000003
0.5296
0.5246200000000001
0.5268200000000001
0.5249599999999999
0.5275000000000002
0.5250000000000002
0.5286
0.52256
0.5280200000000002
0.5243200000000001
0.5271000000000001
0.5255200000000002
0.5269800000000002
0.5263
0.5278200000000003
0.5258999999999999
0.5266199999999999
0.5245599999999999
0.52914
0.52436
0.52832
0.5253999999999999
0.52854
0.5222600000000002
0.5306200000000001
0.5213000000000003
0.5314600000000003
0.5235399999999997
0.52802
0.5250200000000002
0.5278400000000001
0.5255000000000001
0.5267200000000001
0.5264399999999998
0.52614
0.5263599999999999
0.5256799999999999
0.5270400000000002
0.5242400000000002
0.5282200000000001
0.5247399999999999
0.5279999999999999
0.5246400000000001
0.5284799999999998
0.5250400000000001
0.52728
0.5242400000000002
0.5276999999999998
0.5245600000000002
0.5276600000000001
0.5267800000000001
0.52664
0.5245800000000003
0.5258400000000001
0.52714
0.5255799999999998
0.5273800000000001
0.5262200000000005
0.5273000000000002
0.5267000000000001
0.52522
0.5279200000000001
0.5269000000000001
0.5242600000000002
0.5291399999999999
0.52256
0.53142
0.52126
0.5316400000000001
0.5207999999999998
0.52886
0.5247200000000003
0.52826
0.5243000000000002
0.5273599999999999
0.5254599999999998
0.5260400000000002
0.5266200000000001
0.5250000000000002
0.5283400000000001
0.5247400000000001
0.5272600000000003
0.5263800000000001
0.5268599999999999
0.5249800000000001
0.5264599999999998
0.5255000000000002
0.5256399999999998
0.5263999999999998
0.5267
0.52672
0.5255
0.52494
0.52882
0.5245199999999999
0.5299
0.52228
0.53028
0.5231000000000001
0.52894
0.5248200000000002
0.5294399999999999
0.52344
0.52862
0.5237200000000001
0.52784
0.5257599999999998
0.5250000000000002
0.5265799999999997
0.5266400000000002
0.5254599999999998
0.52644
0.5256000000000001
0.5265600000000003
0.5242600000000001
0.5276
0.5254400000000001
0.5272000000000001
0.5261999999999999
0.5258600000000002
0.5273399999999999
0.5254399999999999
0.5279200000000003
0.52452
0.52594
0.52732
0.5248200000000001
0.5287000000000001
0.52358
0.5290399999999998
0.5233399999999999
0.5275400000000002
0.5247800000000002
0.5269000000000004
0.52546
0.52766
0.5248999999999999
0.5280199999999998
0.5214000000000001
0.53138
0.5236800000000001
0.5281800000000001
0.52548
0.5266200000000002
0.5255600000000001
0.5261999999999999
0.5269600000000001
0.5266200000000001
0.5250799999999998
0.5251600000000003
0.5260800000000001
0.52518
0.5280200000000002
0.5244399999999998
0.5274200000000003
0.5248799999999999
0.5275400000000001
0.5238600000000001
0.52876
0.5237800000000001
0.52772
0.5249200000000002
0.5268799999999998
0.5244200000000001
0.52542
0.5281999999999997
0.5232600000000001
0.5304800000000003
0.5223599999999999
0.5292000000000001
0.52348
0.5289
0.5235
0.5286000000000001
0.52424
0.5282
0.5249199999999998
0.5271600000000001
0.5244600000000001
0.5278799999999999
0.5246800000000004
0.5266000000000002
0.5244200000000001
0.5288599999999997
0.5255400000000001
0.52668
0.5264400000000001
0.5269800000000001
0.52656
0.5258800000000001
0.5259200000000002
0.5269
0.52632
0.52664
0.5259200000000002
0.52774
0.5256800000000001
0.5254800000000003
0.5269399999999999
0.5239600000000002
0.5298000000000002
0.52386
0.5277600000000002
0.5250000000000002
0.5269600000000001
0.5253599999999998
0.52658
0.52516
0.5276799999999999
0.5258000000000002
0.5277999999999998
0.5254399999999999
0.5279400000000001
0.5253599999999999
0.5273999999999998
0.52586
0.5264400000000001
0.5261199999999999
0.52658
0.5256600000000002
0.5266400000000001
0.5267999999999999
0.5237000000000003
0.5270799999999995
0.5255
0.5274800000000001
0.5271200000000001
0.5257600000000001
0.5264800000000003
0.52624
0.5290400000000001
0.5229599999999999
0.5295200000000001
0.52428
0.5293800000000003
0.52526
0.5281199999999999
0.5242800000000001
0.5280200000000002
0.5259800000000001
0.5275599999999998
0.52502
0.5279999999999999
0.5254
0.5269600000000001
0.5269799999999999
0.5240800000000001
0.5280999999999999
0.52578
0.52692
0.52582
0.5270000000000001
0.5255199999999999
0.5269600000000001
0.5254600000000003
0.52848
0.5239600000000001
0.52904
0.5254400000000004
0.5255600000000004
0.5287999999999998
0.5241800000000002
0.5271000000000003
0.5261800000000002
0.5273400000000001
0.5246000000000002
0.52756
0.5255799999999999
0.5273599999999999
0.5240400000000001
0.52984
0.5236799999999999
0.5293800000000001
0.5227399999999999
0.5309400000000002
0.5222799999999999
0.5296
0.5220599999999999
0.5298400000000001
0.52396
0.5262199999999999
0.5255600000000001
0.5273800000000002
0.5251800000000001
0.5266199999999999
0.5257000000000002
0.5257799999999999
0.5264400000000004
0.5258999999999999
0.52768
0.52606
0.5280400000000002
0.5255800000000003
0.52836
0.5268000000000002
0.52532
0.5272800000000001
0.5269399999999999
0.5239800000000002
0.5289600000000001
0.52338
0.5302200000000002
0.5235000000000003
0.5289600000000001
0.5234600000000001
0.5293399999999999
0.5248000000000002
0.5276000000000002
0.52542
0.5283
0.5246999999999999
0.5263599999999999
0.5272600000000003
0.5241399999999998
0.5283599999999999
0.52478
0.5266000000000001
0.5274800000000001
0.5251800000000002
0.5289199999999998
0.5230199999999998
0.52754
0.52632
0.52516
0.52728
0.5245400000000001
0.5273200000000001
0.5252199999999999
0.52726
0.5272800000000001
0.5258400000000001
0.5262800000000002
0.52678
0.52622
0.5248400000000001
0.5277799999999999
0.5265799999999998
0.5268200000000001
0.52546
0.52622
0.52778
0.5242000000000003
0.5279200000000001
0.52498
0.5276999999999998
0.5258
0.5277399999999999
0.5241599999999998
0.5270399999999998
0.5261399999999999
0.5282000000000003
0.5255
0.5273000000000003
0.5234400000000001
0.52736
0.5242199999999999
0.5281199999999999
0.5247600000000001
0.5265600000000003
0.52512
0.5278
0.5247999999999999
0.5258599999999999
0.5260799999999998
0.5260600000000002
0.5258999999999999
0.5262800000000001
0.52758
0.5262400000000002
0.52718
0.5256199999999999
0.5266000000000001
0.52334
0.5290400000000002
0.5243999999999999
0.5284600000000003
0.5248999999999998
0.52644
0.5272400000000002
0.52496
0.5287800000000001
0.5226
0.52814
0.5249
0.5278
0.52376
0.52868
0.5246
0.5271200000000001
0.52652
0.5251600000000002
0.5250400000000003
0.5273800000000001
0.5247999999999997
0.5280400000000002
0.5255400000000001
0.5267000000000002
0.5269600000000003
0.52502
0.5294000000000001
0.5244800000000001
0.5279
0.5269200000000005
0.5250800000000001
0.52734
0.52518
0.5269999999999999
0.52488
0.5290599999999999
0.5223200000000002
0.5305600000000001
0.5235599999999999
0.52936
0.5235199999999999
0.52786
0.5224799999999999
0.5296200000000002
0.5231800000000001
0.5279800000000001
0.5242200000000001
0.5265000000000001
0.5275200000000002
0.5245400000000002
0.5287199999999997
0.5244800000000002
0.5270399999999998
0.52664
0.52616
0.5273200000000001
0.5242
0.52802
0.52484
0.52884
0.5245400000000003
0.5271399999999999
0.52396
0.5297199999999997
0.5236800000000001
0.52886
0.5250199999999998
0.5279599999999997
0.5239
0.52912
0.5234400000000002
0.52904
0.52408
0.5283399999999999
0.5242799999999999
0.5274800000000003
0.52478
0.5278999999999999
0.5252999999999998
0.5283199999999999
0.5252599999999998
0.52636
0.5270600000000001
0.5255600000000001
0.5281000000000002
0.5235800000000003
0.52822
0.52378
0.5288800000000005
0.5236600000000002
0.5279599999999999
0.5260000000000001
0.5273600000000003
0.5249999999999998
0.52828
0.52326
0.5283200000000002
0.52414
0.52688
0.5248599999999999
0.52714
0.5262400000000002
0.5273199999999999
0.5274
0.5254800000000001
0.5250400000000001
0.52842
0.5244200000000001
0.5274399999999999
0.52564
0.52638
0.52622
0.5277600000000001
0.52614
0.5247599999999999
0.5273400000000001
0.5253599999999998
0.52642
0.5245000000000001
0.53036
0.5228199999999998
0.52902
0.5232800000000002
0.5283600000000002
0.5231200000000001
0.5294199999999999
0.5252800000000001
0.52666
0.52676
0.5253599999999998
0.5271399999999999
0.5261000000000001
0.5273600000000002
0.5266399999999999
0.5260600000000002
0.5258000000000002
0.5276199999999999
0.5265
0.5267199999999999
0.5246600000000001
0.5273399999999999
0.52652
0.52628
0.52726
0.5255600000000001
0.5261600000000002
0.5273800000000001
0.5252600000000001
0.5268200000000001
0.52394
0.5282399999999999
0.5245400000000001
0.5288200000000002
0.5235799999999998
0.5291400000000003
0.52346
0.5285200000000001
0.5253199999999999
0.5258600000000001
0.5260999999999999
0.52618
0.5264199999999998
0.52706
0.5251
0.5287999999999999
0.5231600000000002
0.5293399999999999
0.52304
0.52972
0.5227999999999998
0.5271000000000002
0.52562
0.5272399999999997
0.5257399999999999
0.5264199999999999
0.5260400000000001
0.5270200000000002
0.52398
0.5287200000000001
0.52498
0.5283600000000002
0.5240799999999998
0.5283000000000002
0.5238000000000003
0.5285600000000001
0.5228399999999999
0.5307599999999998
0.5201199999999999
0.53114
0.5213200000000002
0.5299799999999999
0.5220600000000002
0.5289799999999998
0.52432
0.52868
0.5268399999999999
0.5260199999999998
0.5276999999999998
0.5257800000000002
0.5263800000000001
0.5265400000000003
0.52652
0.5257399999999999
0.5262399999999999
0.5271
0.5261200000000001
0.5262199999999999
0.5256000000000001
0.52756
0.52356
0.52842
0.5257399999999999
0.5278200000000002
0.5251999999999999
0.52772
0.52506
0.52874
0.5239
0.5275999999999998
0.52628
0.52778
0.5247599999999999
0.52826
0.5263999999999998
0.5263600000000002
0.52816
0.5242599999999997
0.5274399999999999
0.5251399999999999
0.5264399999999998
0.5254200000000002
0.5260200000000002
0.52622
0.52692
0.5259600000000001
0.52576
0.52826
0.5238400000000001
0.5287600000000001
0.5232800000000002
0.5285800000000003
0.5241
0.5268999999999998
0.5252399999999999
0.5264199999999999
0.52576
0.5258799999999998
0.5271400000000002
0.5239000000000003
0.52722
0.5234800000000002
0.5309400000000002
0.5214599999999999
0.5307600000000001
0.52142
0.53076
0.5224800000000002
0.52926
0.5251000000000001
0.5262400000000002
0.5261200000000001
0.52736
0.52482
0.5305000000000001
0.52242
0.53098
0.5227999999999999
0.5299600000000004
0.5251999999999998
0.5269000000000001
0.5258400000000001
0.52744
0.5244400000000001
0.5273800000000002
0.5255399999999999
0.5275199999999998
0.5237000000000002
0.5292
0.5250199999999999
0.52732
0.5262600000000002
0.5248800000000002
0.52836
0.5249000000000001
0.52744
0.5245000000000002
0.5301000000000002
0.5233400000000001
0.52912
0.5229799999999999
0.5286199999999999
0.5236200000000001
0.5279200000000001
0.5237400000000002
0.5289000000000003
0.5222400000000001
0.5317599999999999
0.5213599999999999
0.53086
0.5232599999999998
0.5284
0.5248999999999999
0.52836
0.5228799999999999
0.5307600000000001
0.5223600000000002
0.5292000000000002
0.5228
0.5297000000000001
0.52094
0.5308599999999999
0.52204
0.5296800000000002
0.5235400000000001
0.5289800000000001
0.5223400000000005
0.5291800000000001
0.5231799999999999
0.5293599999999997
0.5254999999999999
0.5267599999999999
0.52818
0.5253600000000003
0.5276
0.5261399999999998
0.52656
0.52628
0.5268999999999999
0.5267399999999999
0.5252999999999999
0.5292999999999999
0.52418
0.5268
0.52528
0.52652
0.52472
0.52732
0.52474
0.5285799999999999
0.52524
0.5262000000000002
0.5288400000000002
0.5256799999999999
0.52474
0.5277800000000001
0.52436
0.5273599999999999
0.5245199999999999
0.5270999999999999
0.5263
0.5262199999999999
0.5277600000000002
0.5244799999999997
0.5275200000000004
0.5243600000000002
0.5272200000000002
0.5254999999999999
0.5276
0.5246999999999997
0.52776
0.5231800000000003
0.52992
0.5219400000000002
0.5325799999999998
0.5210000000000004
0.5313200000000001
0.5234000000000001
0.5307000000000001
0.5217600000000001
0.53118
0.5213399999999999
0.5305399999999999
0.52188
0.53028
0.5222600000000002
0.5297399999999999
0.5229400000000002
0.5285600000000001
0.5250999999999998
0.5267600000000001
0.5257799999999998
0.5269399999999999
0.5249000000000003
0.52832
0.52382
0.5292200000000001
0.5241600000000001
0.52828
0.5256400000000003
0.5257000000000001
0.52762
0.52386
0.5290800000000002
0.5244200000000001
0.5286400000000002
0.5245000000000002
0.5290599999999999
0.5228
0.5294
0.52324
0.5285399999999999
0.5229
0.53032
0.52266
0.52986
0.5229599999999999
0.5284400000000001
0.5240600000000001
0.52666
0.5257799999999999
0.5267599999999999
0.5255800000000002
0.5278199999999998
0.52548
0.52624
0.5257399999999999
0.5266000000000001
0.5271800000000001
0.5244199999999999
0.52748
0.5281200000000004
0.5240400000000001
0.52762
0.5260800000000001
0.52574
0.5281600000000001
0.5256000000000001
0.5271000000000003
0.5249
0.5263599999999999
0.5258200000000001
0.5272799999999997
0.5269199999999998
0.52646
0.5266000000000001
0.5278
0.5242799999999999
0.5282800000000003
0.5244999999999999
0.5261600000000001
0.5270000000000001
0.5262399999999999
0.5265799999999999
0.5254800000000002
0.52862
0.5241599999999998
0.52618
0.5280600000000001
0.5244800000000001
0.5275799999999999
0.52542
0.5258000000000003
0.5272599999999998
0.5252200000000001
0.5286199999999999
0.5253
0.5264200000000002
0.5253
0.52542
0.5277799999999997
0.5263599999999999
0.5257000000000002
0.5269999999999999
0.5270400000000003
0.5259799999999999
0.5252399999999998
0.52826
0.5242199999999998
0.5267800000000001
0.5266200000000001
0.5268200000000002
0.52622
0.52718
0.5260600000000002
0.5266999999999998
0.52692
0.5259799999999997
0.5281399999999999
0.52422
0.5289200000000001
0.5231199999999999
0.5291199999999998
0.52376
0.5293799999999999
0.5226400000000001
0.5300600000000001
0.52358
0.52744
0.5259800000000001
0.5286200000000002
0.5235000000000002
0.5267400000000003
0.5255000000000001
0.5277600000000002
0.52394
0.5294399999999998
0.5237000000000003
0.5271800000000002
0.52656
0.52604
0.5278999999999999
0.5258400000000001
0.5272200000000001
0.5252000000000001
0.5269799999999999
0.5245000000000001
0.52658
0.5261600000000002
0.52928
0.52308
0.5295400000000003
0.5221200000000001
0.5287399999999998
0.52388
