0.19999999999999962
0.21339999999999995
0.22699999999999998
0.24400000000000002
0.2504000000000001
0.24800000000000005
0.25600000000000017
0.2672000000000001
0.2606
0.2682
0.2719999999999999
0.265
0.2612
0.26539999999999997
0.2607999999999999
0.26059999999999994
0.26660000000000006
0.2729999999999999
0.2582
0.26919999999999994
0.2717999999999999
0.2677999999999999
0.273
0.26820000000000005
0.2728000000000001
0.275
0.27140000000000003
0.26
0.25860000000000005
0.2639999999999999
0.2606
0.2752
0.27279999999999993
0.2822
0.2770000000000001
0.27880000000000005
0.26360000000000017
0.2592
0.25959999999999994
0.2568
0.25960000000000005
0.2670000000000001
0.2660000000000001
0.2638
0.2648000000000001
0.272
0.269
0.26660000000000006
0.2522
0.248
0.25500000000000006
0.25419999999999987
0.24580000000000005
0.25499999999999995
0.2582
0.25659999999999994
0.2620000000000001
0.2658
0.2618000000000001
0.264
0.2638
0.2658
0.26359999999999995
0.265
0.2568
0.25720000000000004
0.2582000000000001
0.2558
0.25599999999999995
0.25039999999999996
0.25559999999999994
0.2616
0.2576
0.24920000000000006
0.24960000000000004
0.2552
0.2566
0.25060000000000016
0.2533999999999999
0.25499999999999995
0.25439999999999996
0.26460000000000006
0.25200000000000006
0.2538000000000001
0.2546000000000001
0.26600000000000007
0.25739999999999996
0.25600000000000006
0.2516000000000001
0.2538000000000001
0.24840000000000004
0.2502
0.2456
0.23519999999999988
0.2403999999999999
0.24359999999999984
0.2419999999999999
0.2332000000000001
0.2398
0.24060000000000006
0.23199999999999998
0.24540000000000006
0.2488000000000001
0.2505999999999998
0.24420000000000006
0.23920000000000002
0.24539999999999992
0.23840000000000003
0.2419999999999999
0.24199999999999997
0.23720000000000005
0.23160000000000003
0.2308
0.23540000000000003
0.23040000000000002
0.2219999999999999
0.22259999999999994
0.22999999999999995
0.23019999999999993
0.22480000000000003
0.2302
0.22780000000000009
0.22620000000000007
0.22279999999999997
0.2161999999999999
0.22119999999999995
0.22900000000000006
0.22240000000000001
0.22180000000000002
0.22240000000000001
0.22339999999999993
0.22500000000000003
0.22000000000000008
0.22219999999999995
0.2288
0.234
0.23159999999999997
0.23220000000000007
0.22560000000000013
0.22379999999999994
0.22000000000000003
0.22300000000000011
0.2112
0.20860000000000006
0.20879999999999999
0.21480000000000005
0.2206000000000001
0.2156
0.21859999999999996
0.21819999999999998
0.2126
0.21479999999999996
0.21719999999999995
0.22020000000000006
0.2120000000000001
0.22060000000000002
0.2284
0.22519999999999996
0.21800000000000008
0.20559999999999995
0.20479999999999993
0.21340000000000003
0.2148
0.21080000000000013
0.19699999999999998
0.20600000000000004
0.21080000000000004
0.2056000000000001
0.2102
0.20300000000000004
0.20819999999999997
0.19959999999999997
0.20660000000000003
0.2114
0.20140000000000008
0.2106
0.21660000000000004
0.21359999999999998
0.2138
0.21020000000000014
0.215
0.2160000000000001
0.22139999999999993
0.2242
0.2157999999999999
0.21000000000000005
0.21180000000000004
0.21059999999999998
0.2078
0.20139999999999997
0.20339999999999997
0.21239999999999998
0.21919999999999998
0.21860000000000007
0.21540000000000004
0.20739999999999995
0.21059999999999998
0.22259999999999994
0.22500000000000012
0.21040000000000006
0.21640000000000004
0.2088
0.2032
0.20019999999999988
0.19479999999999997
0.1968
0.19299999999999995
0.195
0.19180000000000008
0.1928
0.18500000000000003
0.18620000000000003
0.1864
0.19100000000000006
0.19040000000000007
0.1926
0.1932
0.19060000000000005
0.19859999999999997
0.2008
0.20400000000000007
0.20659999999999992
0.20400000000000001
0.2022
0.20399999999999996
0.21
0.20940000000000006
0.20920000000000005
0.20059999999999995
0.2
0.19860000000000005
0.18880000000000002
0.199
0.19839999999999997
0.1942000000000001
0.20019999999999996
0.1966
0.19519999999999998
0.1974000000000001
0.1960000000000001
0.19539999999999996
0.19680000000000003
0.19720000000000001
0.20299999999999996
0.20759999999999998
0.20800000000000005
0.203
0.196
0.1928
0.18599999999999997
0.1812
0.1796
0.18039999999999992
0.18080000000000004
0.18059999999999998
0.1816
0.1772
0.18139999999999998
0.19080000000000014
0.2014
0.20480000000000012
0.20620000000000005
0.19520000000000007
0.19700000000000004
0.20300000000000004
0.1944
0.19320000000000004
0.19240000000000002
0.18460000000000007
0.18099999999999997
0.18240000000000006
0.18620000000000012
0.18900000000000003
0.1894
0.18580000000000005
0.19200000000000006
0.1892
0.18720000000000003
0.19060000000000005
0.18820000000000003
0.19140000000000004
0.18840000000000004
0.1928000000000001
0.19320000000000007
0.19500000000000003
0.19280000000000008
0.19520000000000004
0.1956
0.19899999999999998
0.19560000000000002
0.19760000000000003
0.198
0.1906000000000001
0.18020000000000003
0.1824000000000001
0.17580000000000007
0.18099999999999997
0.18440000000000004
0.17700000000000002
0.1848
0.19119999999999998
0.196
0.19060000000000002
0.18860000000000002
0.1884
0.1882
0.18320000000000003
0.18180000000000007
0.18880000000000002
0.1926
0.18920000000000006
0.18139999999999998
0.1728
0.172
0.17379999999999998
0.17480000000000004
0.17380000000000004
0.18099999999999997
0.1711999999999999
0.17660000000000003
0.16760000000000005
0.16900000000000007
0.17039999999999997
0.168
0.1788
0.18239999999999995
0.18720000000000006
0.1794
0.17600000000000007
0.1796
0.18120000000000006
0.188
0.1834
0.1866
0.18960000000000005
0.17600000000000002
0.17700000000000007
0.17559999999999998
0.17620000000000002
0.1764
0.18679999999999997
0.18560000000000001
0.18259999999999998
0.18080000000000002
0.1804
0.17559999999999998
0.17600000000000007
0.18540000000000004
0.17799999999999996
0.17900000000000002
0.18660000000000007
0.18019999999999997
0.17560000000000006
0.17059999999999995
0.1734
0.1764
0.17400000000000002
0.17439999999999997
0.1696
0.16919999999999993
0.16440000000000002
0.15919999999999995
0.1696
0.1714
0.175
0.17479999999999996
0.17180000000000006
0.17800000000000002
0.17620000000000002
0.18160000000000004
0.18140000000000003
0.18739999999999996
0.18540000000000004
0.17740000000000006
0.17259999999999998
0.1704
0.1726
0.17000000000000004
0.17879999999999996
0.1748
0.17660000000000006
0.17619999999999994
0.1788
0.18499999999999997
0.1814
0.18420000000000006
0.1790000000000001
0.17220000000000002
0.17380000000000004
0.1758
0.1818
0.18520000000000003
0.18340000000000006
0.17040000000000002
0.17620000000000002
0.18079999999999996
0.1837999999999999
0.17960000000000004
0.17379999999999995
0.1678
0.16820000000000004
0.16820000000000002
0.17399999999999996
0.17559999999999995
0.17139999999999997
0.166
0.16380000000000003
0.16759999999999997
0.16759999999999997
0.16820000000000002
0.17679999999999998
0.17800000000000002
0.17159999999999997
0.17439999999999997
0.1721999999999999
0.17460000000000003
0.172
0.17200000000000004
0.17220000000000002
0.17479999999999996
0.1748
0.1742
0.17040000000000002
0.1732
0.16880000000000003
0.172
0.1752
0.1754
0.1766
0.1804
0.1776
0.1776
0.17479999999999996
0.17860000000000004
0.1800000000000001
0.17380000000000004
0.17640000000000003
0.17660000000000003
0.17
0.16419999999999998
0.16660000000000003
0.165
0.1678
0.16979999999999998
0.1714
0.18140000000000003
0.17700000000000002
0.1714
0.1674
0.16600000000000004
0.16740000000000002
0.16720000000000002
0.16740000000000005
0.16119999999999993
0.16560000000000002
0.1612
0.15620000000000003
0.159
0.16119999999999998
0.1718
0.17500000000000004
0.17519999999999997
0.17540000000000003
0.17860000000000004
0.1728
0.1686
0.17
0.17179999999999995
0.17040000000000002
0.16740000000000005
0.16740000000000002
0.1744
0.17340000000000003
0.18040000000000003
0.17560000000000003
0.18660000000000004
0.18480000000000005
0.1804
0.18059999999999998
0.1726
0.16939999999999997
0.16540000000000002
0.16079999999999997
0.16100000000000006
0.16240000000000004
0.16579999999999995
0.1604
0.1594
0.1562
0.1616
0.16240000000000004
0.16620000000000001
0.17020000000000002
0.1686
0.1644
0.15979999999999994
0.15600000000000003
0.16180000000000005
0.1636
0.16440000000000002
0.1684
0.17139999999999997
0.17100000000000004
0.16940000000000005
0.16280000000000006
0.1602
0.15839999999999999
0.163
0.15980000000000003
0.1602
0.16500000000000006
0.16260000000000002
0.1648
0.16540000000000002
0.16480000000000003
0.16320000000000004
0.15800000000000003
0.1578
0.1648
0.16320000000000004
0.16159999999999997
0.16160000000000005
0.15880000000000005
0.17140000000000008
0.16820000000000004
0.17420000000000002
0.17259999999999998
0.16700000000000004
0.16280000000000006
0.16540000000000002
0.16760000000000005
0.16760000000000005
0.166
0.1696
0.17259999999999998
0.17180000000000004
0.1628
0.15839999999999999
0.15459999999999996
0.16019999999999995
0.15660000000000002
0.15099999999999997
0.14900000000000005
0.14800000000000002
0.15480000000000005
0.15560000000000002
0.1512
0.1552
0.15899999999999997
0.15239999999999998
0.15040000000000003
0.15420000000000003
0.15080000000000007
0.1502
0.15480000000000002
0.14540000000000003
0.1524
0.153
0.1598
0.15819999999999998
0.1558
0.1592
0.1484
0.14860000000000007
0.1436
0.14780000000000001
0.14639999999999997
0.14820000000000003
0.13779999999999995
0.1396
0.138
0.13740000000000002
0.13660000000000003
0.14000000000000004
0.1466
0.15
0.149
0.14960000000000004
0.1568
0.1518
0.15260000000000004
0.15220000000000006
0.14720000000000003
0.14100000000000004
0.15079999999999996
0.1522
0.15080000000000005
0.1562
0.15720000000000003
0.14980000000000004
0.14759999999999995
0.15180000000000005
0.15259999999999999
0.15860000000000005
0.1634
0.16080000000000003
0.1612
0.16340000000000005
0.1548
0.1564
0.14960000000000004
0.146
0.1496
0.15539999999999998
0.15799999999999997
0.17080000000000006
0.1728
0.16660000000000003
0.15840000000000007
0.15920000000000006
0.15439999999999998
0.16219999999999996
0.1598
0.16300000000000003
0.15760000000000002
0.15660000000000002
0.1558
0.1542
0.16079999999999997
0.1554
0.1536
0.15819999999999995
0.158
0.1592
0.15379999999999996
0.1592
0.16599999999999998
0.1744
0.16720000000000002
0.16940000000000005
0.16480000000000009
0.15819999999999998
0.159
0.1528
0.15199999999999997
0.144
0.14460000000000003
0.14320000000000008
0.1506
0.14500000000000002
0.1482
0.14520000000000008
0.13940000000000002
0.1396
0.14479999999999993
0.14680000000000004
0.14279999999999998
0.14039999999999997
0.1444
0.13860000000000003
0.13679999999999995
0.1376
0.14239999999999997
0.1508
0.1508
0.1484
0.15319999999999998
0.1438
0.14660000000000006
0.1474
0.14719999999999994
0.14859999999999998
0.1494
0.1462
0.14359999999999998
0.139
0.1472
0.14699999999999996
0.14580000000000004
0.13699999999999993
0.13799999999999996
0.1316
0.13639999999999997
0.13019999999999998
0.13439999999999996
0.13119999999999998
0.13540000000000002
0.1392
0.14379999999999996
0.14659999999999998
0.14839999999999998
0.14419999999999997
0.1456
0.14080000000000004
0.13660000000000003
0.14900000000000005
0.1458
0.14900000000000005
0.15660000000000002
0.1582
0.1494
0.1406
0.13660000000000003
0.1366
0.1378
0.1378
0.1358
0.1354
0.1398
0.1496
0.14240000000000003
0.14120000000000005
0.14219999999999997
0.1392
0.13880000000000003
0.13419999999999999
0.132
0.13119999999999998
0.13660000000000003
0.13360000000000005
0.1368
0.13280000000000003
0.13699999999999998
0.1438
0.14620000000000008
0.14079999999999998
0.1406
0.14380000000000004
0.14079999999999995
0.138
0.1374
0.13839999999999997
0.13980000000000004
0.1342
0.13280000000000006
0.1322
0.13580000000000003
0.139
0.14639999999999997
0.1394
0.1482
0.14459999999999998
0.1414
0.1452
0.143
0.14500000000000002
0.1442
0.14720000000000005
0.14420000000000002
0.13800000000000004
0.13799999999999998
0.14220000000000005
0.1488
0.1552
0.15340000000000004
0.14400000000000004
0.14380000000000004
0.13600000000000004
0.131
0.13380000000000003
0.14120000000000002
0.14040000000000002
0.13979999999999998
0.14280000000000004
0.1398
0.13720000000000002
0.14060000000000003
0.1404
0.1336
0.1276
0.135
0.14340000000000003
0.1466
0.1436
0.1494
0.14679999999999999
0.1456
0.1436
0.14179999999999995
0.13760000000000003
0.1394
0.15019999999999997
0.15000000000000002
0.15059999999999998
0.14700000000000002
0.1448
0.1352
0.13419999999999999
0.1322
0.127
0.1302
0.12699999999999997
0.1328
0.1366
0.1328
0.13720000000000002
0.1364
0.135
0.1314
0.12919999999999998
0.13599999999999995
0.133
0.12779999999999997
0.1208
0.1284
0.12260000000000001
0.12219999999999999
0.1256
0.12500000000000003
0.13239999999999996
0.13179999999999997
0.12720000000000004
0.1306
0.13460000000000003
0.13660000000000008
0.13260000000000002
0.1296
0.1314
0.13040000000000002
0.12359999999999997
0.1246
0.12100000000000001
0.11819999999999997
0.129
0.12420000000000003
0.1242
0.1262
0.12280000000000005
0.12480000000000004
0.126
0.1286
0.1346
0.12880000000000005
0.1244
0.11820000000000003
0.11939999999999999
0.11420000000000002
0.11400000000000002
0.11439999999999995
0.11379999999999998
0.11359999999999999
0.1158
0.11320000000000005
0.11419999999999994
0.10999999999999999
0.1148
0.1116
0.1108
0.11820000000000003
0.12179999999999999
0.12080000000000002
0.1192
0.12259999999999999
0.1294
0.1274
0.128
0.1266
0.12379999999999997
0.12439999999999998
0.11900000000000001
0.11680000000000001
0.12340000000000001
0.12639999999999996
0.12520000000000006
0.129
0.13080000000000003
0.13480000000000003
0.13360000000000002
0.13180000000000003
0.13599999999999998
0.12240000000000001
0.11599999999999998
0.1176
0.10700000000000001
0.11739999999999995
0.11860000000000002
0.11359999999999998
0.11599999999999998
0.11539999999999997
0.11679999999999995
0.12500000000000003
0.12400000000000003
0.1292
0.12460000000000003
0.12419999999999996
0.12860000000000002
0.13120000000000004
0.12720000000000004
0.12980000000000003
0.1304
0.1252
0.11999999999999997
0.1182
0.12059999999999998
0.11900000000000001
0.12699999999999997
0.12460000000000003
0.12480000000000001
0.12540000000000004
0.12020000000000002
0.1208
0.12520000000000003
0.12440000000000001
0.13020000000000007
0.13100000000000003
0.12679999999999997
0.12560000000000002
0.1256
0.12359999999999999
0.11920000000000001
0.12160000000000001
0.12480000000000002
0.12520000000000003
0.1306
0.12840000000000004
0.12760000000000005
0.12240000000000002
0.12660000000000002
0.12659999999999996
0.12739999999999999
0.12900000000000003
0.12900000000000003
0.1338
0.13179999999999997
0.13419999999999999
0.14040000000000002
0.13039999999999996
0.1338
0.128
0.1252
0.12880000000000005
0.12400000000000004
0.126
0.12459999999999997
0.1206
0.1174
0.12
0.12120000000000003
0.11680000000000001
0.11520000000000001
0.1186
0.1188
0.11419999999999998
0.11639999999999999
0.11499999999999998
0.11580000000000001
0.1142
0.11720000000000001
0.11560000000000001
0.11600000000000003
0.11800000000000001
0.12039999999999995
0.11420000000000002
0.12139999999999997
0.11880000000000003
0.12000000000000002
0.11699999999999995
0.1258
0.12359999999999997
0.1242
0.12380000000000002
0.13000000000000006
0.12940000000000002
0.13440000000000002
0.13
0.12440000000000001
0.1226
0.113
0.12020000000000002
0.12180000000000003
0.12720000000000004
0.12380000000000005
0.12440000000000001
0.1244
0.1258
0.12360000000000003
0.12560000000000004
0.1274
0.13020000000000004
0.12400000000000003
0.12240000000000001
0.11919999999999999
0.12340000000000001
0.1206
0.1206
0.11760000000000004
0.1188
0.12340000000000001
0.12359999999999999
0.12899999999999998
0.12680000000000002
0.1192
0.11860000000000005
0.11820000000000003
0.11560000000000001
0.1124
0.1168
0.11380000000000001
0.12220000000000006
0.11959999999999998
0.11680000000000001
0.12000000000000002
0.11519999999999998
0.11500000000000002
0.11120000000000002
0.10800000000000004
0.11100000000000002
0.11619999999999997
0.11979999999999999
0.12560000000000002
