0.19999999999999962
0.3274000000000001
0.46840000000000026
0.5436
0.5699999999999998
0.5691999999999999
0.5815999999999998
0.5785999999999999
0.567
0.5816
0.5824000000000001
0.5718000000000002
0.5762000000000002
0.5719999999999998
0.5642
0.5816
0.5976
0.5904000000000001
0.5851999999999998
0.5818
0.5757999999999999
0.5863999999999999
0.5907999999999997
0.5737999999999998
0.5796000000000001
0.5904000000000003
0.5927999999999999
0.5853999999999997
0.5870000000000001
0.5865999999999999
0.5925999999999998
0.5923999999999997
0.5757999999999999
0.5829999999999997
0.5921999999999997
0.5843999999999997
0.5778000000000001
0.5689999999999997
0.5735999999999997
0.5783999999999998
0.5850000000000002
0.5838
0.582
0.5733999999999998
0.5780000000000001
0.5734
0.5858
0.5794
0.5776
0.5842
0.5752
0.5859999999999999
0.591
0.5907999999999999
0.5839999999999997
0.5695999999999999
0.5785999999999999
0.5852
0.5858
0.5856000000000001
0.5951999999999998
0.5793999999999999
0.591
0.5999999999999999
0.579
0.5697999999999999
0.5923999999999999
0.5794
0.5771999999999998
0.574
0.5873999999999999
0.6017999999999999
0.5983999999999999
0.5881999999999998
0.5873999999999997
0.5793999999999998
0.5803999999999998
0.5909999999999997
0.5863999999999998
0.5917999999999997
0.5716000000000001
0.5636000000000002
0.5725999999999999
0.5783999999999999
0.5723999999999999
0.5746
0.5791999999999998
0.5765999999999997
0.5875999999999998
0.5943999999999999
0.5806000000000001
0.5765999999999999
0.5846
0.5866
0.5903999999999999
0.5823999999999999
0.577
0.5893999999999998
0.5789999999999997
0.5795999999999999
0.5923999999999998
0.5914
0.5901999999999998
0.5863999999999998
0.5780000000000003
0.5719999999999998
0.5912000000000001
0.5749999999999997
0.5921999999999996
0.5830000000000002
0.5880000000000001
0.584
0.5877999999999998
0.5903999999999999
0.5845999999999997
0.5901999999999998
0.5868000000000001
0.5755999999999998
0.5735999999999999
0.5745999999999999
0.5772000000000002
0.5873999999999999
0.5716
0.5757999999999999
0.5811999999999998
0.5761999999999998
0.5867999999999997
0.5872000000000003
0.5887999999999998
0.5773999999999999
0.5758
0.5788
0.5882000000000001
0.5826000000000001
0.5914
0.5883999999999999
0.5851999999999998
0.5740000000000003
0.5787999999999998
0.5708000000000001
0.5926
0.5903999999999997
0.5883999999999997
0.58
0.5923999999999999
0.5897999999999999
0.5874
0.5903999999999998
0.5863999999999997
0.5838
0.5901999999999998
0.5878
0.5644
0.5693999999999998
0.5796000000000001
0.5841999999999996
0.5844
0.5907999999999999
0.5887999999999999
0.588
0.5788000000000002
0.5672
0.5843999999999998
0.5799999999999997
0.5834000000000001
0.5799999999999997
0.5905999999999999
0.5972
0.5907999999999995
0.5925999999999999
0.5929999999999997
0.5763999999999999
0.5771999999999998
0.5703999999999996
0.5768
0.5874000000000003
0.5957999999999999
0.5819999999999999
0.5798000000000003
0.5735999999999998
0.5836
0.5901999999999997
0.5860000000000001
0.5812000000000002
0.5846000000000001
0.5755999999999998
0.5774
0.5936
0.5894
0.5842
0.5735999999999999
0.5816
0.5777999999999998
0.5908000000000001
0.5800000000000001
0.5751999999999999
0.5809999999999998
0.589
0.5849999999999997
0.5989999999999999
0.5964
0.5935999999999998
0.5939999999999998
0.5912000000000001
0.601
0.5799999999999997
0.586
0.5885999999999998
0.5896000000000002
0.5898
0.5896
0.5910000000000001
0.5860000000000001
0.5763999999999999
0.5789999999999998
0.5891999999999998
0.5842
0.5827999999999998
0.5858000000000003
0.5888
0.58
0.5804
0.5785999999999999
0.5954
0.6005999999999999
0.5836000000000001
0.5829999999999999
0.5829999999999999
0.5821999999999997
0.5711999999999997
0.5825999999999999
0.5744
0.5671999999999999
0.5825999999999999
0.5866
0.5796
0.5849999999999999
0.5919999999999999
0.5939999999999999
0.5855999999999997
0.5783999999999998
0.5813999999999999
0.5722
0.578
0.5795999999999998
0.5814000000000001
0.5793999999999999
0.5786000000000001
0.5796
0.5785999999999998
0.5783999999999999
0.5853999999999998
0.5861999999999998
0.5807999999999999
0.5813999999999999
0.5759999999999998
0.5733999999999998
0.5831999999999999
0.5902000000000001
0.5721999999999998
0.5777999999999998
0.5859999999999996
0.5871999999999998
0.5909999999999999
0.5853999999999999
0.5816
0.5816
0.5801999999999997
0.5843999999999998
0.5735999999999998
0.5831999999999999
0.5841999999999998
0.5813999999999995
0.5769999999999998
0.5733999999999999
0.5791999999999998
0.5818000000000001
0.5698000000000001
0.5749999999999997
0.5758000000000003
0.5792
0.5891999999999995
0.5827999999999999
0.5808
0.5663999999999996
0.5804
0.5796
0.5786000000000001
0.5769999999999998
0.579
0.5821999999999999
0.579
0.5851999999999998
0.5835999999999999
0.5753999999999999
0.5818000000000001
0.5771999999999999
0.5795999999999999
0.5828
0.5874000000000005
0.5773999999999999
0.5816
0.5807999999999998
0.5783999999999997
0.5782000000000002
0.5902
0.5898
0.5742
0.5774000000000001
0.5685999999999999
0.5731999999999998
0.5762000000000002
0.5815999999999999
0.5807999999999999
0.5892000000000001
0.5861999999999999
0.5856000000000001
0.5873999999999998
0.5927999999999995
0.5878
0.5797999999999999
0.5804000000000001
0.5837999999999998
0.5787999999999998
0.5851999999999999
0.5861999999999999
0.5848000000000001
0.5805999999999999
0.5847999999999999
0.5773999999999999
0.5779999999999997
0.5817999999999999
0.5861999999999999
0.5743999999999998
0.5821999999999996
0.5868
0.5833999999999997
0.5843999999999999
0.5932000000000002
0.5734000000000001
0.5837999999999997
0.5901999999999998
0.5915999999999996
0.593
0.5815999999999999
0.5855999999999998
0.5708000000000001
0.5832
0.5893999999999999
0.5937999999999998
0.5765999999999998
0.5737999999999999
0.5847999999999997
0.5812
0.5779999999999997
0.5870000000000001
0.5927999999999998
0.5756
0.5668000000000001
0.5740000000000002
0.5798000000000001
0.5819999999999999
0.5735999999999998
0.5791999999999999
0.6032000000000002
0.5788
0.5710000000000001
0.587
0.5907999999999997
0.58
0.5854
0.5813999999999999
0.5697999999999999
0.5844000000000001
0.5864
0.5764
0.5767999999999999
0.585
0.591
0.5793999999999998
0.5827999999999998
0.5877999999999999
0.5829999999999997
0.5742
0.5925999999999999
0.5889999999999997
0.5913999999999998
0.5815999999999999
0.5832
0.5836000000000001
0.5847999999999999
0.5791999999999998
0.5879999999999999
0.5945999999999999
0.5787999999999999
0.5799999999999996
0.5804
0.5811999999999998
0.5785999999999998
0.5833999999999999
0.5868
0.5823999999999999
0.5879999999999999
0.5876000000000001
0.5935999999999999
0.5879999999999999
0.5904
0.5801999999999999
0.5746
0.5857999999999998
0.5742
0.5831999999999998
0.5781999999999999
0.5875999999999997
0.5748
0.5843999999999999
0.5811999999999998
0.585
0.5840000000000001
0.5855999999999999
0.5926
0.5908
0.5870000000000001
0.5821999999999999
0.5919999999999999
0.5817999999999998
0.5865999999999998
0.595
0.5912000000000001
0.5926
0.5944
0.5841999999999998
0.5845999999999998
0.5896000000000001
0.5888
0.5803999999999998
0.5799999999999997
0.5881999999999998
0.5917999999999998
0.5833999999999999
0.5832
0.5964
0.5814000000000002
0.5884
0.5844000000000001
0.5761999999999999
0.5753999999999999
0.5825999999999998
0.5895999999999998
0.5779999999999997
0.5771999999999996
0.5831999999999997
0.5923999999999997
0.5803999999999999
0.5843999999999998
0.5823999999999997
0.5757999999999998
0.5867999999999999
0.5716000000000001
0.5793999999999998
0.5911999999999997
0.5777999999999999
0.5854
0.5963999999999998
0.5857999999999999
0.5734
0.5799999999999998
0.5850000000000001
0.5807999999999999
0.579
0.5797999999999996
0.5837999999999999
0.5708000000000001
0.5701999999999997
0.5831999999999997
0.5801999999999997
0.5861999999999999
0.5885999999999998
0.5733999999999999
0.5777999999999995
0.5906000000000001
0.5692
0.5845999999999999
0.5949999999999998
0.5748000000000001
0.5774000000000001
0.5725999999999999
0.5763999999999999
0.5921999999999997
0.5790000000000001
0.5879999999999999
0.5812
0.5763999999999999
0.5908000000000001
0.5812000000000002
0.5936
0.5796000000000001
0.5810000000000001
0.5956000000000001
0.5893999999999999
0.5912000000000001
0.6048
0.5947999999999997
0.579
0.5763999999999999
0.5805999999999997
0.5727999999999998
0.5840000000000001
0.5841999999999999
0.5723999999999999
0.5788000000000001
0.5789999999999997
0.5833999999999998
0.5873999999999999
0.5969999999999999
0.5795999999999997
0.5872
0.5781999999999998
0.5802
0.5795999999999999
0.5888
0.5786000000000001
0.5727999999999998
0.5883999999999997
0.5881999999999998
0.5905999999999999
0.5889999999999997
0.5696
0.5893999999999999
0.5794
0.5863999999999999
0.5814
0.5851999999999999
0.5857999999999998
0.5909999999999999
0.5754
0.5837999999999999
0.5935999999999997
0.5932000000000002
0.5912000000000001
0.5830000000000001
0.5901999999999997
0.5875999999999999
0.5827999999999998
0.5811999999999999
0.5914
0.5798000000000001
0.5746000000000001
0.5876
0.5755999999999998
0.5694
0.5768
0.5632000000000001
0.575
0.5877999999999998
0.5771999999999999
0.5771999999999998
0.5763999999999999
0.5686000000000001
0.5795999999999996
0.5871999999999997
0.571
0.5883999999999996
0.5883999999999999
0.5751999999999997
0.5732
0.568
0.5778
0.5762
0.5888
0.5718000000000001
0.5931999999999996
0.6048
0.5808000000000001
0.5845999999999999
0.5973999999999999
0.5806000000000001
0.5816
0.5866000000000001
0.5927999999999998
0.5858000000000001
0.5893999999999999
0.5823999999999999
0.5747999999999999
0.5791999999999999
0.5896
0.5890000000000002
0.5879999999999996
0.566
0.5791999999999997
0.5734000000000001
0.5838000000000001
0.5936
0.5794
0.5735999999999998
0.5821999999999998
0.5896000000000002
0.5853999999999999
0.5764
0.5888
0.5816
0.5859999999999999
0.5835999999999999
0.5699999999999997
0.5831999999999998
0.5788
0.5954
0.5786
0.5759999999999998
0.5943999999999999
0.5929999999999999
0.5783999999999996
0.5904000000000001
0.5886
0.5943999999999996
0.5803999999999999
0.5856000000000001
0.5852000000000002
0.5806
0.5908
0.5735999999999998
0.5718000000000001
0.5886
0.5876
0.5817999999999999
0.5646
0.5786
0.5875999999999999
0.5919999999999997
0.5945999999999999
0.5905999999999996
0.5795999999999999
0.5792
0.5863999999999998
0.5733999999999998
0.5775999999999999
0.5861999999999998
0.5858000000000001
0.5864
0.5805999999999997
0.5851999999999999
0.5887999999999998
0.5786
0.5889999999999999
0.5888
0.5829999999999996
0.589
0.5886
0.5882000000000001
0.5890000000000001
0.5876
0.5831999999999998
0.585
0.5821999999999997
0.5889999999999997
0.5816000000000001
0.5769999999999996
0.5817999999999998
0.5763999999999999
0.5765999999999998
0.5788000000000002
0.5739999999999997
0.5850000000000004
0.5751999999999997
0.5688
0.5795999999999999
0.5812
0.5769999999999997
0.5663999999999999
0.5768
0.5881999999999998
0.5879999999999999
0.5847999999999997
0.573
0.5745999999999999
0.5919999999999999
0.5843999999999999
0.5874000000000001
0.5854
0.5747999999999998
0.5586
0.5817999999999997
0.5809999999999996
0.5892000000000001
0.5833999999999998
0.5884
0.5921999999999997
0.5921999999999997
0.5961999999999996
0.5875999999999999
0.5936000000000001
0.5903999999999999
0.5803999999999999
0.5830000000000001
0.5777999999999998
0.5835999999999998
0.5803999999999998
0.5752
0.574
0.5895999999999997
0.5918
0.5823999999999999
0.5846
0.5869999999999996
0.5738000000000001
0.584
0.5935999999999999
0.5767999999999999
0.5783999999999997
0.5906000000000001
0.59
0.5817999999999999
0.5806000000000002
0.5863999999999999
0.5764
0.5799999999999997
0.5876000000000001
0.5936
0.5891999999999997
0.5781999999999999
0.5894000000000001
0.5834
0.5771999999999999
0.5753999999999999
0.5807999999999998
0.5856
0.5797999999999995
0.5809999999999998
0.5871999999999998
0.579
0.5740000000000003
0.5787999999999996
0.5813999999999998
0.5835999999999998
0.5783999999999999
0.5792
0.5817999999999999
0.5755999999999999
0.5761999999999997
0.5735999999999996
0.5762000000000002
0.5766000000000002
0.5771999999999999
0.5823999999999996
0.5843999999999999
0.589
0.5909999999999997
0.5847999999999994
0.5695999999999999
0.5841999999999998
0.5720000000000001
0.5922000000000001
0.5844
0.5855999999999998
0.5883999999999999
0.5896
0.5787999999999999
0.5944000000000002
0.5928000000000002
0.5776000000000001
0.5833999999999997
0.5937999999999998
0.5892000000000001
0.5915999999999998
0.5871999999999998
0.5847999999999999
0.5878
0.5798000000000002
0.5809999999999996
0.5811999999999998
0.5804
0.5795999999999999
0.583
0.5713999999999998
0.5785999999999997
0.5756
0.5943999999999999
0.5877999999999998
0.5854
0.5778
0.5865999999999998
0.5719999999999998
0.5704
0.5821999999999998
0.5847999999999998
0.5827999999999998
0.5946000000000001
0.5851999999999999
0.5811999999999999
0.5815999999999998
0.5811999999999996
0.5773999999999997
0.5914
0.5723999999999998
0.5951999999999998
0.5889999999999999
0.5966
0.5914000000000001
0.5745999999999999
0.5801999999999997
0.5843999999999997
0.5827999999999998
0.5863999999999997
0.5813999999999997
0.5888
0.5916000000000001
0.5974
0.5888
0.5873999999999996
0.5794000000000001
0.5718
0.5885999999999999
0.5741999999999999
0.5845999999999999
0.5894000000000001
0.5896000000000001
0.5823999999999999
0.5760000000000001
0.5858000000000001
0.5925999999999996
0.5806
0.5826
0.5907999999999999
0.5789999999999998
0.5904000000000001
0.5854
0.5775999999999999
0.5839999999999999
0.5873999999999998
0.5777999999999998
0.5865999999999999
0.5734
0.5698000000000001
0.5805999999999999
0.5841999999999999
0.5916
0.5768000000000001
0.5741999999999998
0.5907999999999999
0.5828
0.5916
0.5833999999999999
0.5707999999999999
0.5726
0.5796000000000001
0.5885999999999998
0.5892000000000001
0.5932
0.5909999999999997
0.5983999999999997
0.5861999999999999
0.594
0.5844
0.5778
0.5823999999999999
0.5691999999999999
0.5757999999999999
0.5811999999999998
0.5823999999999997
0.5811999999999999
0.5815999999999998
0.5780000000000001
0.5741999999999999
0.5875999999999997
0.5745999999999999
0.5884000000000004
0.5953999999999998
0.5865999999999998
0.5974000000000002
0.5927999999999998
0.5901999999999998
0.5897999999999999
0.5877999999999997
0.5876
0.5911999999999997
0.5993999999999999
0.5864
0.5889999999999996
0.5851999999999997
0.5861999999999998
0.5775999999999999
0.5815999999999998
0.5823999999999999
0.5834
0.5821999999999996
0.5766
0.5932000000000001
0.5912000000000001
0.5883999999999997
0.5811999999999999
0.5851999999999999
0.5960000000000002
0.5808000000000001
0.5846000000000001
0.5797999999999999
0.577
0.5722
0.5815999999999998
0.5765999999999998
0.5765999999999998
0.5857999999999997
0.6059999999999998
0.581
0.5811999999999999
0.5831999999999997
0.579
0.5905999999999997
0.5825999999999998
0.5947999999999997
0.5817999999999998
0.5806
0.5881999999999998
0.5775999999999999
0.588
0.5718000000000001
0.5879999999999996
0.5801999999999998
0.5854
0.5887999999999998
0.5913999999999999
0.5828
0.5787999999999999
0.5789999999999994
0.5841999999999998
0.5771999999999999
0.5912
0.5888
0.5873999999999997
0.5783999999999999
0.5804
0.5788000000000002
0.5909999999999997
0.5855999999999998
0.5807999999999998
0.5825999999999998
0.5663999999999999
0.5745999999999997
0.5827999999999999
0.5860000000000002
0.5860000000000002
0.5708
0.5793999999999998
0.5866
0.5818
0.5945999999999999
0.5736000000000001
0.5805999999999997
0.5733999999999998
0.5951999999999997
0.5801999999999998
0.5851999999999999
0.5835999999999999
0.5763999999999999
0.5869999999999999
0.5901999999999998
0.5815999999999998
0.5877999999999998
0.5762
0.5812
0.5788000000000002
0.583
0.5867999999999999
0.5805999999999999
0.5843999999999999
0.5917999999999999
0.5937999999999996
0.5815999999999999
0.5711999999999999
0.5841999999999996
0.5766
0.5821999999999997
0.5765999999999999
0.5788000000000001
0.5797999999999999
0.5939999999999998
0.5852
0.5853999999999998
0.5877999999999998
0.5843999999999998
0.5908000000000001
0.5742
0.5791999999999997
0.5859999999999999
0.5823999999999999
0.5801999999999997
0.5867999999999999
0.5819999999999999
0.5836000000000001
0.5888000000000001
0.579
0.5732
0.5686000000000001
0.5832
0.5841999999999999
0.5703999999999999
0.5795999999999999
0.5722
0.5801999999999997
0.5918000000000002
0.5923999999999999
