0.19999999999999962
0.22399999999999998
0.25
0.27140000000000014
0.29040000000000005
0.2988000000000001
0.3006
0.3104
0.31399999999999995
0.31320000000000003
0.327
0.33360000000000006
0.3358
0.3358000000000001
0.3328
0.33379999999999993
0.3310000000000002
0.3406
0.33959999999999996
0.3446
0.3418000000000002
0.3414
0.32680000000000015
0.3318000000000001
0.3296
0.3228000000000001
0.3350000000000001
0.335
0.33280000000000015
0.33820000000000006
0.3334000000000002
0.3328
0.32360000000000005
0.32280000000000003
0.32380000000000014
0.33160000000000006
0.3256000000000001
0.3352000000000001
0.3393999999999999
0.33240000000000014
0.33319999999999994
0.3508000000000002
0.34080000000000005
0.33779999999999993
0.33640000000000003
0.3306
0.32980000000000004
0.32420000000000015
0.3144
0.32040000000000013
0.31880000000000014
0.3064
0.3172000000000002
0.3052000000000001
0.3213999999999999
0.31379999999999997
0.30680000000000013
0.30779999999999996
0.316
0.3224000000000001
0.3280000000000002
0.33960000000000024
0.34579999999999983
0.33820000000000006
0.32940000000000014
0.31340000000000007
0.31740000000000007
0.31420000000000003
0.3254000000000001
0.3306
0.3278000000000001
0.31199999999999994
0.32820000000000005
0.3253999999999999
0.3206000000000001
0.33099999999999996
0.3224
0.33320000000000005
0.32500000000000007
0.3354000000000001
0.3268000000000001
0.32620000000000005
0.3448000000000001
0.33440000000000003
0.34320000000000006
0.34120000000000017
0.3368000000000002
0.34540000000000015
0.3399999999999999
0.34679999999999983
0.3429999999999999
0.3526
0.3406
0.33680000000000004
0.3246
0.31720000000000004
0.3170000000000001
0.32160000000000005
0.332
0.33159999999999995
0.3328
0.33039999999999997
0.3232000000000001
0.33099999999999996
0.3484000000000001
0.33799999999999997
0.33860000000000007
0.3340000000000001
0.33679999999999993
0.33460000000000006
0.3242000000000002
0.3306
0.32580000000000015
0.3236000000000002
0.3284000000000002
0.3188
0.3178000000000001
0.3110000000000001
0.31160000000000004
0.3118000000000001
0.31260000000000004
0.30999999999999994
0.3198000000000001
0.3148000000000001
0.33019999999999994
0.3358000000000001
0.32800000000000007
0.3372000000000001
0.3186
0.3154
0.3120000000000001
0.3193999999999999
0.33520000000000016
0.32960000000000017
0.3212000000000002
0.3244
0.3174
0.3227999999999999
0.3244
0.32380000000000025
0.3238
0.32159999999999994
0.32420000000000015
0.3264
0.3376000000000002
0.3316000000000001
0.32699999999999996
0.3274000000000001
0.3270000000000001
0.3298
0.32919999999999994
0.32780000000000004
0.3209999999999999
0.32220000000000004
0.31880000000000003
0.3322000000000003
0.33120000000000016
0.3362000000000001
0.33320000000000016
0.32900000000000007
0.3376000000000001
0.3356000000000001
0.3388000000000001
0.34120000000000006
0.3430000000000002
0.33740000000000003
0.32780000000000004
0.32320000000000015
0.32300000000000006
0.3216000000000001
0.322
0.32500000000000007
0.32300000000000006
0.32860000000000006
0.3274000000000001
0.32720000000000027
0.3302000000000001
0.3270000000000001
0.31860000000000016
0.3234
0.3238000000000001
0.31880000000000014
0.332
0.32880000000000004
0.32599999999999996
0.3250000000000001
0.3234
0.34
0.3218
0.32
0.3102000000000002
0.2998
0.31140000000000007
0.3154
0.3170000000000002
0.32
0.3284
0.32660000000000006
0.32880000000000004
0.3250000000000001
0.32020000000000004
0.3214000000000001
0.3240000000000001
0.3346000000000002
0.32120000000000004
0.318
0.32360000000000005
0.321
0.32580000000000015
0.33300000000000013
0.337
0.3306000000000001
0.32719999999999994
0.32720000000000005
0.316
0.3156
0.3198000000000001
0.31440000000000007
0.3226
0.33460000000000006
0.3390000000000001
0.34240000000000004
0.32820000000000005
0.33319999999999994
0.32660000000000006
0.332
0.32560000000000017
0.3213999999999999
0.318
0.3232
0.31920000000000004
0.3256000000000001
0.32739999999999986
0.32820000000000005
0.3398000000000001
0.3366000000000001
0.3363999999999998
0.3306000000000001
0.33299999999999996
0.34099999999999986
0.3340000000000001
0.33320000000000005
0.33100000000000007
0.335
0.33120000000000005
0.32180000000000014
0.32160000000000005
0.3286000000000002
0.33240000000000003
0.32420000000000004
0.3254000000000001
0.3318000000000002
0.3338000000000001
0.3336
0.3332
0.332
0.3348000000000001
0.3208
0.3151999999999999
0.3158000000000001
0.31839999999999996
0.31580000000000014
0.3092000000000001
0.3072
0.30500000000000005
0.3026000000000001
0.3088000000000001
0.3143999999999999
0.3148
0.3244
0.3118
0.30860000000000004
0.31559999999999994
0.3168000000000001
0.31000000000000005
0.2984
0.3040000000000001
0.3022000000000001
0.2896
0.29339999999999994
0.2950000000000001
0.30260000000000004
0.30160000000000003
0.3142000000000001
0.3078
0.30639999999999995
0.3054
0.3078000000000001
0.3052000000000001
0.3032
0.30199999999999994
0.30900000000000005
0.31240000000000007
0.31520000000000004
0.30539999999999995
0.3059999999999999
0.30480000000000007
0.31140000000000007
0.30979999999999996
0.29879999999999995
0.3132000000000001
0.3098
0.30980000000000013
0.3086000000000001
0.3154000000000001
0.31220000000000026
0.3060000000000001
0.30720000000000003
0.30200000000000005
0.31220000000000003
0.3108
0.31000000000000005
0.31000000000000005
0.315
0.32280000000000003
0.322
0.3166
0.3160000000000001
0.3196000000000001
0.3128
0.307
0.31059999999999993
0.31900000000000006
0.3058000000000001
0.30260000000000004
0.3082
0.3048
0.3056000000000001
0.31060000000000004
0.3128000000000001
0.3108000000000002
0.3118
0.31199999999999994
0.30760000000000015
0.2968
0.3030000000000001
0.30460000000000004
0.29820000000000013
0.2943999999999999
0.30140000000000006
0.3048000000000001
0.31120000000000014
0.3206
0.32120000000000004
0.3225999999999999
0.31740000000000007
0.3178
0.3214000000000001
0.32299999999999995
0.30960000000000004
0.3132
0.32220000000000015
0.3170000000000002
0.31360000000000027
0.3063999999999999
0.3058
0.30580000000000007
0.308
0.3210000000000002
0.3154
0.3132000000000001
0.3
0.2986000000000001
0.3216000000000001
0.3165999999999999
0.3078000000000001
0.314
0.3178
0.3226
0.31599999999999995
0.31140000000000007
0.31220000000000003
0.3102
0.31440000000000007
0.31140000000000007
0.3166000000000001
0.31600000000000006
0.3204000000000001
0.31039999999999995
0.31440000000000007
0.32340000000000013
0.31860000000000005
0.317
0.30580000000000007
0.2958
0.2936000000000001
0.30000000000000004
0.3008000000000001
0.3028
0.31120000000000003
0.30480000000000007
0.3032
0.30199999999999994
0.30199999999999994
0.31000000000000016
0.30960000000000004
0.29760000000000003
0.29620000000000013
0.2844
0.294
0.3066000000000001
0.30700000000000005
0.31440000000000007
0.3158
0.3180000000000001
0.31880000000000003
0.3226
0.31259999999999993
0.3075999999999999
0.31239999999999996
0.30500000000000005
0.2992000000000001
0.30760000000000004
0.31260000000000004
0.3128
0.308
0.30300000000000016
0.30699999999999994
0.3002
0.29980000000000007
0.30480000000000007
0.30460000000000004
0.30640000000000006
0.31420000000000015
0.3098
0.31120000000000003
0.3066000000000001
0.2908
0.29519999999999996
0.3004000000000001
0.29700000000000015
0.3009999999999999
0.3004
0.3074000000000003
0.31080000000000013
0.3168000000000001
0.3144000000000001
0.30820000000000014
0.303
0.31059999999999993
0.3154000000000001
0.31060000000000015
0.30760000000000004
0.3082000000000001
0.3070000000000001
0.31
0.2966
0.3040000000000001
0.3006000000000002
0.3022000000000001
0.2940000000000001
0.28499999999999986
0.287
0.28980000000000006
0.28960000000000014
0.3006000000000001
0.2992000000000001
0.2945999999999999
0.29999999999999993
0.3054
0.29440000000000016
0.293
0.29580000000000006
0.29740000000000016
0.3026000000000001
0.3106000000000001
0.30920000000000014
0.30600000000000005
0.2982000000000001
0.2952
0.29260000000000014
0.28459999999999996
0.2944
0.2996
0.3012
0.30219999999999997
0.30160000000000003
0.2974000000000001
0.3004000000000002
0.30519999999999997
0.30680000000000013
0.295
0.28900000000000003
0.29280000000000006
0.29340000000000005
0.2870000000000001
0.2932
0.28800000000000003
0.28420000000000006
0.28719999999999996
0.2882
0.30000000000000004
0.3056000000000001
0.31320000000000003
0.2996000000000001
0.30480000000000007
0.301
0.30939999999999995
0.30519999999999997
0.2968
0.29480000000000006
0.3034000000000001
0.30140000000000006
0.30379999999999996
0.29460000000000003
0.2955999999999998
0.293
0.29840000000000005
0.30119999999999997
0.2916000000000001
0.2792
0.28300000000000003
0.28759999999999986
0.2878000000000001
0.2982
0.2916
0.30060000000000003
0.2956
0.29200000000000004
0.29600000000000004
0.2930000000000001
0.30000000000000004
0.28479999999999994
0.29240000000000005
0.286
0.28180000000000005
0.27260000000000006
0.2756
0.27080000000000004
0.27939999999999987
0.2764
0.2860000000000001
0.29980000000000007
0.29519999999999996
0.29500000000000004
0.2928000000000001
0.30000000000000004
0.30280000000000007
0.2988000000000001
0.3012
0.2998
0.3024
0.2998
0.29780000000000006
0.2858
0.2886
0.29039999999999994
0.2820000000000002
0.29020000000000007
0.29100000000000004
0.30560000000000015
0.2994000000000001
0.30640000000000017
0.30000000000000004
0.30899999999999994
0.3104000000000001
0.32540000000000013
0.3190000000000002
0.31560000000000005
0.3132
0.3018
0.2957999999999999
0.2908
0.2878
0.28940000000000005
0.2903999999999999
0.30280000000000024
0.3088000000000002
0.3090000000000001
0.2952
0.3002000000000001
0.3062
0.3012
0.2944
0.29740000000000016
0.29480000000000006
0.2972000000000001
0.2986000000000001
0.3108
0.3122
0.31260000000000004
0.31120000000000014
0.3042
0.2998
0.28840000000000005
0.29839999999999983
0.3030000000000001
0.29740000000000005
0.3066
0.2972000000000001
0.29879999999999995
0.30340000000000017
0.29340000000000005
0.29119999999999996
0.29979999999999996
0.30240000000000017
0.30280000000000007
0.3054000000000002
0.2996000000000002
0.2930000000000001
0.2856000000000001
0.28659999999999997
0.29700000000000004
0.29760000000000014
0.2948000000000001
0.2834
0.2928000000000001
0.2874000000000001
0.29
0.2942000000000001
0.30400000000000005
0.2966000000000002
0.2984000000000001
0.29780000000000006
0.28839999999999993
0.29240000000000005
0.2962
0.2972000000000001
0.3030000000000001
0.3024000000000001
0.2965999999999999
0.29960000000000003
0.3012
0.31420000000000003
0.3204000000000001
0.3246
0.3074000000000002
0.31320000000000003
0.3044000000000001
0.2992000000000002
0.29980000000000007
0.292
0.2934000000000001
0.287
0.29039999999999994
0.28780000000000006
0.29540000000000005
0.30420000000000014
0.28980000000000006
0.28900000000000003
0.29059999999999997
0.2928
0.28900000000000003
0.2948000000000002
0.2942000000000002
0.28340000000000015
0.2972
0.2974000000000001
0.29300000000000015
0.2856000000000002
0.28840000000000005
0.29019999999999996
0.2829999999999999
0.2852
0.28100000000000025
0.27599999999999997
0.2764000000000001
0.2692
0.27240000000000003
0.27080000000000004
0.28840000000000016
0.286
0.2872000000000001
0.2916
0.27940000000000004
0.29060000000000014
0.29760000000000003
0.31440000000000007
0.3010000000000001
0.2900000000000001
0.28919999999999996
0.29000000000000004
0.293
0.2870000000000001
0.29
0.2764000000000001
0.27560000000000007
0.2802
0.2860000000000001
0.2866
0.2914
0.2882000000000001
0.2862000000000002
0.2899999999999999
0.2864
0.2958
0.29560000000000003
0.3006000000000001
0.3022
0.3028
0.3008
0.29660000000000014
0.28620000000000007
0.29940000000000005
0.2906000000000001
0.2902000000000001
0.29260000000000014
0.29660000000000003
0.28380000000000005
0.2956000000000001
0.29279999999999995
0.2869999999999999
0.28620000000000007
0.2866
0.29139999999999994
0.28919999999999996
0.29159999999999997
0.2850000000000001
0.2886000000000001
0.2892
0.2827999999999999
0.28680000000000005
0.29200000000000015
0.2846
0.2783999999999999
0.2828
0.2852
0.2838000000000001
0.27560000000000007
0.2736000000000001
0.2798
0.26899999999999996
0.2754000000000001
0.2812
0.27640000000000003
0.28620000000000007
0.2876
0.288
0.28959999999999997
0.2882000000000001
0.28760000000000013
0.29000000000000004
0.2854
0.29040000000000016
0.28820000000000007
0.29220000000000007
0.2851999999999999
0.28
0.28180000000000016
0.2830000000000001
0.2804000000000001
0.2822000000000001
0.2730000000000001
0.28600000000000003
0.28440000000000015
0.2814000000000001
0.28820000000000007
0.2992000000000001
0.2983999999999999
0.2952
0.2842
0.2810000000000001
0.28420000000000006
0.29680000000000006
0.29480000000000006
0.28579999999999994
0.2856000000000001
0.29500000000000004
0.2924
0.29320000000000024
0.27780000000000005
0.2728
0.27620000000000017
0.2743999999999999
0.27919999999999995
0.27499999999999997
0.26700000000000007
0.27619999999999995
0.2742000000000001
0.293
0.27880000000000016
0.2844
0.28920000000000007
0.2792000000000001
0.2758000000000001
0.2726000000000002
0.27960000000000007
0.279
0.27920000000000006
0.28660000000000013
0.29760000000000003
0.29479999999999995
0.29180000000000006
0.28739999999999993
0.2912000000000001
0.2832000000000002
0.2936000000000001
0.28600000000000014
0.2886
0.28200000000000014
0.28280000000000005
0.28800000000000014
0.27820000000000006
0.28840000000000005
0.28680000000000017
0.296
0.28600000000000003
0.2906000000000001
0.27699999999999997
0.28000000000000014
0.2882
0.29180000000000006
0.2826
0.27740000000000004
0.28719999999999996
0.2908000000000001
0.2876000000000001
0.28219999999999995
0.28980000000000006
0.28760000000000013
0.28420000000000006
0.2834
0.28420000000000006
0.2882
0.28300000000000003
0.2872000000000002
0.28480000000000005
0.29840000000000005
0.3026000000000001
0.2923999999999999
0.29840000000000005
0.28940000000000005
0.29200000000000004
0.2928
0.2876
0.2872000000000001
0.29200000000000004
0.2860000000000001
0.27320000000000005
0.2798000000000001
0.2878
0.29259999999999997
0.2922
0.2958000000000002
0.28740000000000004
0.2919999999999999
0.2798
0.2828
0.2821999999999999
0.2766000000000001
0.28280000000000016
0.286
0.28740000000000004
0.2833999999999999
0.2782000000000001
0.28780000000000006
0.2872000000000001
0.278
0.27200000000000013
0.27520000000000006
0.27839999999999987
0.27740000000000004
0.2728
0.2736000000000001
0.2712000000000001
0.28120000000000006
0.28119999999999995
0.2678
0.27099999999999996
0.2732000000000001
0.27740000000000004
0.28200000000000014
0.2862000000000002
0.28659999999999997
0.2814
0.2786
0.2740000000000001
0.27080000000000004
0.2750000000000001
0.2744
0.27919999999999995
0.27679999999999993
0.2844000000000001
0.28500000000000003
0.291
0.2852000000000001
0.27980000000000016
0.27520000000000006
0.27620000000000017
0.28700000000000003
0.27960000000000007
0.27599999999999997
0.29020000000000007
0.28140000000000015
0.2772000000000001
0.28480000000000016
0.2828
0.28100000000000014
0.2872
0.2930000000000001
0.28320000000000006
0.28920000000000007
0.28440000000000004
0.2850000000000002
0.2872000000000001
0.27579999999999993
0.28380000000000005
0.28640000000000004
0.27200000000000013
0.27359999999999995
0.26680000000000004
0.268
0.26160000000000005
0.2630000000000001
0.26239999999999997
0.27259999999999995
0.27680000000000005
0.2787999999999998
0.2796000000000001
0.28020000000000006
0.27180000000000004
0.2754000000000001
0.2834000000000001
0.28780000000000006
0.2794
0.2830000000000001
0.27000000000000013
0.26280000000000014
0.26039999999999996
0.2566000000000001
0.262
0.26380000000000003
0.25440000000000007
0.25780000000000003
0.26580000000000015
0.27320000000000005
0.2722
0.2784
0.27640000000000003
0.272
0.2632000000000001
0.27500000000000013
0.273
0.27060000000000006
0.26859999999999995
0.2642
0.2669999999999999
0.2616
0.27420000000000005
0.2772
0.2804
0.2723999999999999
0.2792000000000001
0.28139999999999993
0.27540000000000003
0.27220000000000016
0.2786
0.2686000000000001
0.2736
0.26700000000000007
0.2804
0.27540000000000003
0.2802
0.2826000000000002
0.27440000000000003
0.2712000000000001
0.27900000000000014
0.28
0.27240000000000003
0.27180000000000015
0.259
0.2690000000000001
0.27559999999999996
0.27680000000000005
0.27040000000000014
0.2748000000000001
0.27480000000000004
0.27540000000000003
0.28580000000000005
0.2888
0.2884
0.29040000000000005
0.28740000000000004
0.27880000000000005
0.2884
0.2890000000000001
0.2794000000000001
0.281
0.2852000000000001
0.2726
0.2690000000000001
0.2684
0.26220000000000004
0.2736000000000001
0.27379999999999993
0.2764
0.2698000000000001
0.27940000000000004
0.27880000000000005
0.2734
0.2622
0.2564
0.255
0.2564
0.265
0.2714
0.26160000000000005
0.26680000000000004
0.26080000000000003
0.27440000000000003
