0.19999999999999962
0.24240000000000006
0.2734
0.2888
0.30580000000000007
0.3204000000000002
0.3344
0.3474000000000001
0.3366
0.3441999999999999
0.35060000000000024
0.3572000000000001
0.3618000000000001
0.3692000000000001
0.35960000000000014
0.3520000000000001
0.35
0.3544000000000001
0.3374000000000001
0.34739999999999993
0.34379999999999994
0.3534000000000001
0.3628
0.3624000000000001
0.36200000000000004
0.35660000000000003
0.34380000000000005
0.36100000000000015
0.3704
0.37080000000000013
0.3636000000000002
0.3588000000000001
0.35080000000000006
0.3513999999999999
0.3583999999999999
0.3636000000000001
0.35979999999999995
0.3624
0.36779999999999985
0.36500000000000005
0.3536000000000002
0.35280000000000017
0.3544000000000001
0.35220000000000007
0.3602
0.3660000000000001
0.3717999999999999
0.3658000000000001
0.3696
0.3569999999999999
0.3574
0.3508
0.36120000000000013
0.3596000000000002
0.35960000000000003
0.36480000000000024
0.3648
0.36399999999999993
0.3638000000000002
0.36820000000000014
0.36400000000000027
0.3572000000000002
0.3578
0.35780000000000023
0.35660000000000025
0.36040000000000005
0.3690000000000001
0.3682000000000002
0.3744000000000002
0.3658000000000001
0.3738000000000001
0.36999999999999994
0.3581999999999999
0.3585999999999999
0.3487999999999999
0.34880000000000017
0.34820000000000007
0.36419999999999997
0.35900000000000004
0.3572000000000001
0.357
0.35380000000000017
0.3648
0.36699999999999994
0.3570000000000001
0.3502000000000001
0.35259999999999997
0.35379999999999984
0.3668000000000001
0.37420000000000003
0.368
0.3660000000000003
0.3648
0.3648000000000002
0.3628
0.37320000000000014
0.36800000000000016
0.37560000000000004
0.36700000000000005
0.3633999999999999
0.36180000000000007
0.3654000000000001
0.3716000000000001
0.3723999999999999
0.37040000000000006
0.3660000000000001
0.3678
0.3698000000000002
0.3636000000000002
0.3692
0.3618
0.35560000000000025
0.36199999999999993
0.35400000000000004
0.35800000000000026
0.3552000000000002
0.3648
0.36
0.3596000000000001
0.35980000000000006
0.3592000000000001
0.3638000000000001
0.35600000000000037
0.3568
0.36360000000000015
0.354
0.3426000000000001
0.3461999999999999
0.3524000000000001
0.35340000000000016
0.3582000000000001
0.3518000000000001
0.3560000000000001
0.3435999999999999
0.35300000000000004
0.35040000000000004
0.36800000000000005
0.36920000000000014
0.3808000000000002
0.376
0.36920000000000014
0.3733999999999999
0.37020000000000003
0.36800000000000016
0.3658000000000002
0.374
0.36680000000000007
0.3598000000000001
0.37400000000000005
0.36800000000000027
0.36260000000000014
0.3564
0.3562000000000001
0.35480000000000017
0.36500000000000016
0.35340000000000027
0.3722
0.3764
0.37099999999999994
0.3678
0.37000000000000005
0.36500000000000016
0.36040000000000005
0.3631999999999999
0.36579999999999985
0.36200000000000027
0.36560000000000015
0.3660000000000001
0.36800000000000005
0.3602000000000001
0.3679999999999999
0.3712000000000003
0.3720000000000002
0.36720000000000014
0.3648000000000001
0.37800000000000017
0.36839999999999995
0.3644000000000001
0.3720000000000001
0.36560000000000004
0.3539999999999999
0.3572000000000003
0.3636000000000001
0.36879999999999996
0.3740000000000001
0.36959999999999993
0.36120000000000013
0.3450000000000001
0.34020000000000006
0.3524000000000001
0.3658000000000001
0.36460000000000015
0.36579999999999996
0.36779999999999996
0.36480000000000024
0.3600000000000002
0.3560000000000001
0.3647999999999999
0.37500000000000017
0.37580000000000013
0.3742000000000001
0.37660000000000016
0.3674000000000001
0.38
0.3614000000000002
0.3512000000000001
0.35400000000000015
0.3636000000000001
0.3674000000000001
0.3616000000000002
0.3720000000000002
0.3856
0.3848
0.38160000000000016
0.37360000000000015
0.36760000000000004
0.3674000000000001
0.369
0.36500000000000005
0.36340000000000017
0.35780000000000023
0.3658000000000001
0.3804000000000001
0.3718000000000001
0.37280000000000013
0.3744000000000001
0.3680000000000001
0.3682000000000001
0.3744000000000001
0.37580000000000013
0.3604000000000001
0.36239999999999994
0.35100000000000003
0.35340000000000005
0.3608
0.36279999999999996
0.36839999999999995
0.3638000000000001
0.3746000000000001
0.36720000000000014
0.3696000000000002
0.3664
0.36140000000000017
0.3722000000000001
0.37440000000000007
0.3786000000000002
0.3746000000000001
0.3734
0.36560000000000004
0.3600000000000001
0.36500000000000027
0.3704
0.3780000000000003
0.3776000000000002
0.3738000000000002
0.3616
0.3666000000000001
0.3616
0.3581999999999999
0.3548000000000001
0.349
0.363
0.3524000000000002
0.3582000000000001
0.35140000000000016
0.35300000000000004
0.3668
0.36840000000000006
0.3744000000000003
0.37320000000000014
0.3824
0.3794000000000001
0.3826
0.37420000000000014
0.37939999999999996
0.3696000000000001
0.37020000000000025
0.3690000000000001
0.37300000000000005
0.36680000000000024
0.36840000000000006
0.35339999999999994
0.3460000000000001
0.349
0.35660000000000003
0.35839999999999994
0.34340000000000004
0.35159999999999997
0.36860000000000004
0.3617999999999999
0.3616
0.35780000000000023
0.35620000000000007
0.3662
0.36180000000000007
0.36419999999999997
0.3586
0.35999999999999993
0.36640000000000017
0.3564000000000002
0.35260000000000014
0.36440000000000006
0.3606
0.3674000000000004
0.36719999999999997
0.35780000000000006
0.3602000000000001
0.35780000000000006
0.3449999999999999
0.36080000000000007
0.3548000000000001
0.35379999999999995
0.35620000000000007
0.34659999999999996
0.3470000000000002
0.348
0.3668
0.37099999999999994
0.3720000000000002
0.37360000000000027
0.37439999999999996
0.3722000000000001
0.3755999999999999
0.36220000000000013
0.3620000000000001
0.3545999999999999
0.3566000000000002
0.3478
0.3464
0.3460000000000001
0.3432
0.3522000000000001
0.35519999999999996
0.3568000000000003
0.3586
0.36499999999999994
0.36580000000000035
0.37220000000000025
0.3692000000000001
0.3586000000000002
0.3632000000000002
0.3674000000000001
0.36760000000000004
0.3642000000000001
0.37040000000000023
0.3728
0.36700000000000016
0.3634000000000001
0.3624
0.3574000000000002
0.3622000000000001
0.3606000000000001
0.37040000000000006
0.3552
0.35300000000000004
0.3536000000000002
0.35779999999999995
0.36500000000000005
0.37400000000000005
0.37779999999999986
0.3726
0.3738000000000003
0.3696000000000001
0.3782
0.3740000000000001
0.36580000000000007
0.3578
0.3522
0.36120000000000013
0.35919999999999996
0.35719999999999985
0.36000000000000026
0.3708000000000001
0.3624
0.37080000000000024
0.3704000000000003
0.3674000000000002
0.3658000000000001
0.3726000000000002
0.37720000000000015
0.3857999999999999
0.3768
0.37179999999999985
0.36640000000000006
0.3686
0.36920000000000036
0.3604000000000003
0.3626
0.36840000000000017
0.36420000000000013
0.3640000000000001
0.3634000000000001
0.36260000000000026
0.35679999999999984
0.3485999999999999
0.34619999999999995
0.3472000000000002
0.3552000000000001
0.3574000000000002
0.36080000000000007
0.354
0.3538000000000001
0.3610000000000001
0.3596000000000001
0.35479999999999995
0.3604000000000001
0.37440000000000007
0.36240000000000017
0.36280000000000034
0.36680000000000007
0.3562000000000001
0.36300000000000004
0.36780000000000007
0.35700000000000015
0.36300000000000027
0.3638000000000002
0.34980000000000006
0.3582
0.34740000000000004
0.3475999999999999
0.3495999999999999
0.35140000000000027
0.35200000000000004
0.3506000000000001
0.3514
0.34600000000000003
0.3496000000000001
0.3584000000000001
0.36240000000000017
0.3592000000000002
0.3560000000000001
0.3496000000000003
0.3542000000000002
0.36560000000000004
0.36
0.35940000000000005
0.35860000000000014
0.3662000000000003
0.357
0.3588000000000001
0.3587999999999999
0.34680000000000005
0.3411999999999999
0.3474000000000001
0.3538000000000001
0.3646000000000001
0.3574
0.3578
0.36640000000000017
0.3646000000000002
0.3652
0.3595999999999999
0.35680000000000006
0.3556
0.3502
0.3608000000000002
0.35780000000000006
0.36400000000000005
0.3581999999999999
0.3548000000000001
0.3568000000000001
0.3616
0.37240000000000006
0.37500000000000006
0.36939999999999995
0.3642
0.3538
0.35540000000000005
0.3572000000000002
0.34920000000000007
0.35680000000000023
0.36899999999999994
0.3790000000000002
0.36760000000000004
0.3636
0.3808
0.36920000000000014
0.3660000000000001
0.3703999999999999
0.36620000000000025
0.3668000000000001
0.3632000000000001
0.36200000000000004
0.3652
0.3600000000000001
0.35540000000000016
0.3485999999999999
0.34960000000000013
0.3396
0.34060000000000007
0.3496
0.345
0.3482
0.3556
0.35260000000000014
0.3558000000000001
0.361
0.36080000000000007
0.3668000000000001
0.37220000000000014
0.3638000000000003
0.36260000000000003
0.3704000000000001
0.3648000000000002
0.35419999999999996
0.3606000000000001
0.35820000000000013
0.3572000000000001
0.35540000000000016
0.35360000000000014
0.3592
0.3610000000000001
0.3512000000000002
0.36580000000000035
0.37020000000000025
0.3582000000000001
0.35920000000000024
0.35560000000000014
0.36140000000000017
0.36979999999999996
0.36239999999999994
0.3632000000000001
0.36340000000000006
0.3628000000000002
0.3608000000000001
0.3615999999999999
0.36599999999999994
0.3676
0.36460000000000004
0.3590000000000002
0.35620000000000007
0.3436
0.34940000000000027
0.3480000000000001
0.3618000000000001
0.3724000000000002
0.36460000000000004
0.36699999999999994
0.36280000000000007
0.37160000000000026
0.3722000000000001
0.36500000000000005
0.3470000000000002
0.3554000000000002
0.35420000000000024
0.35379999999999995
0.36839999999999984
0.3646000000000001
0.3612000000000002
0.3654000000000001
0.3607999999999999
0.3620000000000001
0.3638000000000002
0.36500000000000005
0.37040000000000034
0.3686
0.3572000000000002
0.36619999999999997
0.36120000000000013
0.3602000000000002
0.3623999999999999
0.3528000000000003
0.3558
0.35400000000000015
0.35020000000000023
0.3556
0.3482000000000001
0.3608000000000003
0.3558000000000001
0.35700000000000004
0.35040000000000004
0.36640000000000017
0.37020000000000003
0.3654000000000001
0.3588000000000001
0.36140000000000017
0.3602000000000001
0.36280000000000007
0.3598000000000001
0.35040000000000016
0.35240000000000016
0.35359999999999997
0.36119999999999997
0.3635999999999999
0.3662
0.35980000000000006
0.35900000000000004
0.3566000000000001
0.3552
0.3552000000000001
0.35040000000000016
0.35760000000000003
0.361
0.3626
0.3560000000000001
0.35340000000000005
0.35320000000000035
0.35280000000000006
0.3632000000000001
0.3690000000000002
0.3708000000000002
0.3652000000000002
0.36260000000000014
0.35400000000000015
0.3586000000000001
0.36460000000000004
0.3572000000000001
0.3504
0.3470000000000002
0.35760000000000003
0.35300000000000004
0.3624000000000002
0.35819999999999985
0.36019999999999996
0.3642
0.34580000000000005
0.34900000000000003
0.34120000000000006
0.3438000000000001
0.34900000000000003
0.3472
0.34819999999999995
0.34500000000000014
0.3598000000000001
0.3752000000000003
0.36060000000000003
0.35960000000000014
0.3590000000000002
0.3638000000000001
0.36019999999999996
0.3522000000000002
0.36860000000000026
0.3800000000000001
0.37440000000000007
0.37479999999999997
0.3668
0.3731999999999999
0.3652
0.35420000000000007
0.35560000000000014
0.3604
0.3668
0.36140000000000017
0.3590000000000002
0.3642000000000001
0.35180000000000006
0.36560000000000015
0.35860000000000014
0.35960000000000003
0.3601999999999999
0.34920000000000007
0.35840000000000005
0.3572000000000001
0.355
0.35400000000000004
0.36699999999999994
0.3628000000000002
0.3514
0.35840000000000005
0.3552
0.3496000000000001
0.3573999999999999
0.3622000000000001
0.35240000000000005
0.35779999999999995
0.35560000000000014
0.3588
0.36779999999999985
0.35739999999999994
0.36340000000000017
0.35700000000000004
0.3504000000000002
0.35540000000000016
0.3476000000000002
0.3462000000000001
0.3534000000000001
0.35500000000000015
0.35520000000000024
0.35740000000000016
0.3544000000000002
0.3498000000000003
0.3480000000000002
0.3468
0.3422000000000001
0.3492
0.35840000000000005
0.35900000000000004
0.36560000000000026
0.3704
0.3654
0.369
0.3704000000000001
0.36120000000000024
0.35480000000000006
0.3588
0.36219999999999997
0.3601999999999999
0.36060000000000003
0.3572000000000001
0.36080000000000007
0.35260000000000014
0.3464000000000001
0.3458000000000001
0.3432000000000002
0.3608000000000001
0.35779999999999995
0.3636000000000002
0.3582000000000001
0.35960000000000014
0.35779999999999995
0.3624000000000004
0.3592000000000002
0.35100000000000003
0.35420000000000007
0.36820000000000014
0.35740000000000016
0.34460000000000024
0.34840000000000004
0.3582000000000001
0.35500000000000015
0.3510000000000001
0.36140000000000005
0.3716
0.36019999999999996
0.3551999999999999
0.3520000000000001
0.35220000000000007
0.35440000000000005
0.36640000000000017
0.35440000000000005
0.3632000000000001
0.3684000000000002
0.3702000000000002
0.3748
0.36920000000000003
0.3695999999999999
0.3804000000000002
0.3734000000000002
0.37060000000000015
0.3674000000000001
0.3552000000000001
0.3638000000000001
0.3568000000000001
0.36719999999999997
0.36640000000000017
0.36820000000000014
0.3598000000000001
0.3568000000000001
0.3558
0.3658000000000002
0.3604000000000003
0.36280000000000007
0.3622000000000002
0.35240000000000005
0.3512000000000001
0.3468
0.3500000000000002
0.35220000000000007
0.35540000000000016
0.3488000000000001
0.3518000000000001
0.35220000000000007
0.3414
0.341
0.3353999999999999
0.3528
0.34460000000000013
0.35660000000000025
0.3521999999999997
0.348
0.3466
0.3542
0.3615999999999999
0.3571999999999999
0.3595999999999999
0.35620000000000007
0.35820000000000013
0.3580000000000003
0.36140000000000005
0.3556000000000001
0.3646000000000002
0.36639999999999984
0.3684000000000002
0.3579999999999999
0.3460000000000001
0.3452000000000001
0.34640000000000015
0.34880000000000017
0.35300000000000004
0.3514000000000001
0.3550000000000002
0.361
0.35860000000000014
0.3568000000000001
0.36479999999999996
0.36020000000000024
0.3606000000000001
0.35760000000000014
0.35820000000000013
0.36
0.35580000000000017
0.3640000000000002
0.36200000000000015
0.3646000000000001
0.36780000000000007
0.36140000000000005
0.3618000000000003
0.35680000000000006
0.35660000000000003
0.35100000000000003
0.3484
0.35340000000000005
0.3592000000000002
0.3455999999999999
0.34700000000000003
0.3642
0.34680000000000016
0.3516000000000002
0.3524000000000001
0.3458000000000001
0.34380000000000005
0.33840000000000003
0.34040000000000004
0.34180000000000005
0.3478000000000001
0.34980000000000017
0.34619999999999995
0.3506
0.3508000000000001
0.349
0.3574
0.35440000000000005
0.3550000000000001
0.3738000000000001
0.3720000000000001
0.36740000000000017
0.3666000000000001
0.36440000000000017
0.3554
0.3516000000000002
0.3578000000000002
0.3499999999999999
0.35900000000000004
0.3632
0.3722
0.36320000000000013
0.36460000000000004
0.36680000000000007
0.3628
0.35740000000000016
0.35080000000000006
0.3648000000000001
0.3470000000000001
0.3436
0.3472000000000001
0.34879999999999994
0.3582000000000001
0.3494000000000001
0.3418
0.3560000000000001
0.35339999999999994
0.3476000000000002
0.3418000000000002
0.3600000000000001
0.35640000000000016
0.3542
0.3608000000000003
0.35600000000000015
0.3608000000000001
0.3575999999999999
0.35340000000000005
0.35900000000000015
0.35600000000000015
0.3636
0.36180000000000007
0.34840000000000004
0.35740000000000016
0.35840000000000005
0.3484
0.34980000000000006
0.34720000000000006
0.35259999999999997
0.35419999999999996
0.3487999999999999
0.35460000000000036
0.34760000000000013
0.34180000000000005
0.3452000000000002
0.3607999999999999
0.3598000000000002
0.35840000000000016
0.3468
0.3452
0.3462000000000002
0.361
0.36420000000000013
0.36739999999999995
0.36579999999999996
0.3554
0.3542000000000003
0.35540000000000016
0.3572000000000001
0.3404
0.3312000000000001
0.33140000000000003
0.33280000000000015
0.34300000000000014
0.3476000000000002
0.3529999999999998
0.3596000000000002
0.3592000000000002
0.3668000000000001
0.3624
0.3612000000000002
0.35140000000000016
0.3422000000000002
0.3350000000000001
0.34019999999999995
0.3314000000000001
0.333
0.32000000000000023
0.3342
0.3366000000000001
0.3324000000000001
0.3348000000000001
0.34020000000000006
0.33860000000000007
0.35400000000000004
0.3560000000000001
0.35700000000000004
0.3506
0.3492
0.34820000000000007
0.34540000000000015
0.3560000000000001
0.3515999999999999
0.34540000000000004
0.34439999999999993
0.34760000000000024
0.34180000000000005
0.34300000000000014
0.33960000000000024
0.3348
0.34420000000000006
0.3410000000000001
0.34519999999999995
0.33380000000000004
0.34040000000000004
0.35500000000000015
0.3592000000000002
0.34059999999999996
0.3514000000000001
0.34660000000000013
0.35260000000000014
0.35060000000000024
0.35740000000000016
0.3624
0.35900000000000026
0.3436000000000001
0.33919999999999995
0.3408000000000001
0.34480000000000005
0.3396000000000001
0.34380000000000005
0.34
0.3298000000000002
0.33699999999999997
0.33180000000000015
0.3436000000000001
0.347
0.34040000000000004
0.35480000000000017
0.36140000000000017
0.3556000000000001
0.35840000000000016
0.3534000000000001
0.34940000000000004
0.35520000000000024
0.3552000000000002
0.3466
0.3594000000000001
0.35579999999999984
0.33900000000000013
0.3478000000000002
0.34659999999999996
0.34940000000000004
0.3458000000000001
0.35480000000000006
0.35620000000000007
0.35160000000000013
0.34920000000000023
0.3446000000000003
0.3492000000000002
0.35540000000000016
0.3530000000000002
0.3492000000000002
0.3388000000000001
0.34640000000000015
0.3588000000000002
0.35240000000000016
