0.19999999999999962
0.3188
0.43140000000000017
0.5133999999999999
0.5521999999999998
0.5612
0.561
0.5532
0.5604
0.5627999999999997
0.5703999999999998
0.5584
0.5578
0.5708000000000001
0.556
0.5646
0.5532
0.55
0.5633999999999999
0.5593999999999999
0.5618000000000001
0.5508000000000001
0.5616
0.5614
0.5667999999999997
0.5654
0.5568000000000002
0.5591999999999999
0.5521999999999999
0.5599999999999994
0.5603999999999999
0.5668000000000001
0.565
0.5622
0.5594000000000001
0.5703999999999998
0.5619999999999998
0.5496000000000002
0.5636000000000001
0.5549999999999999
0.5581999999999998
0.5656
0.5774000000000001
0.5715999999999998
0.5699999999999997
0.5655999999999999
0.5641999999999999
0.5685999999999999
0.5634
0.5683999999999996
0.5608
0.5634
0.5489999999999999
0.5464000000000001
0.5513999999999999
0.5626
0.5622
0.5687999999999999
0.5731999999999999
0.5726
0.5505999999999998
0.5663999999999997
0.5675999999999999
0.5687999999999996
0.5631999999999998
0.5650000000000003
0.5628
0.5702
0.5626000000000001
0.5644
0.5591999999999999
0.5558
0.5611999999999998
0.5541999999999998
0.5516000000000004
0.5681999999999996
0.5663999999999999
0.5578
0.56
0.5584
0.5643999999999998
0.5725999999999999
0.5649999999999998
0.5545999999999999
0.5516000000000001
0.5524
0.5702000000000002
0.5597999999999999
0.5579999999999999
0.5458
0.5549999999999999
0.568
0.5627999999999997
0.5564
0.5618
0.5552000000000001
0.5596000000000001
0.558
0.5590000000000003
0.5639999999999997
0.5585999999999998
0.5684
0.5656
0.5728
0.5631999999999999
0.5598000000000001
0.5584000000000001
0.5658000000000001
0.5555999999999998
0.5643999999999999
0.5555999999999999
0.5705999999999998
0.5685999999999998
0.5628000000000001
0.5743999999999998
0.5651999999999997
0.5608000000000003
0.5619999999999998
0.5619999999999997
0.566
0.5703999999999998
0.5565999999999999
0.5571999999999999
0.5652
0.5609999999999998
0.5544000000000001
0.5641999999999999
0.5733999999999998
0.5716
0.5694000000000001
0.5641999999999998
0.5619999999999998
0.5551999999999999
0.5493999999999998
0.5566
0.5653999999999999
0.5718
0.5575999999999999
0.5616
0.5658000000000001
0.5661999999999999
0.5499999999999998
0.5528000000000003
0.5559999999999998
0.564
0.5525999999999999
0.5586
0.5673999999999999
0.5557999999999997
0.5622
0.5587999999999997
0.5678000000000001
0.5558
0.5657999999999997
0.5681999999999998
0.5589999999999999
0.5643999999999999
0.5672
0.5603999999999999
0.5553999999999999
0.5575999999999998
0.5571999999999999
0.5631999999999998
0.5466
0.5471999999999998
0.5559999999999998
0.5648
0.5543999999999998
0.562
0.5678000000000003
0.5629999999999996
0.5482
0.5491999999999999
0.5708000000000001
0.5599999999999998
0.5631999999999998
0.5609999999999998
0.5563999999999998
0.5631999999999998
0.5697999999999999
0.5543999999999998
0.5581999999999998
0.5709999999999998
0.5638
0.559
0.5568000000000002
0.5559999999999998
0.5641999999999997
0.5636000000000001
0.5614000000000003
0.5576000000000002
0.5613999999999999
0.5661999999999999
0.5485999999999996
0.5545999999999999
0.5559999999999998
0.5501999999999999
0.5682
0.5718000000000001
0.5569999999999997
0.5621999999999998
0.5619999999999999
0.5469999999999999
0.5694
0.5632
0.5647999999999996
0.5503999999999999
0.5533999999999998
0.5584000000000001
0.5478000000000001
0.5546
0.5653999999999997
0.5689999999999998
0.5496
0.5520000000000002
0.5621999999999999
0.5702000000000002
0.5546
0.5584
0.5448
0.564
0.5551999999999999
0.5614000000000001
0.5687999999999999
0.5686
0.5734
0.568
0.5678
0.5622
0.5468000000000002
0.5549999999999999
0.5706000000000001
0.5631999999999999
0.5566000000000001
0.565
0.5643999999999998
0.5635999999999999
0.5653999999999999
0.5611999999999999
0.564
0.5681999999999998
0.574
0.5606000000000001
0.5623999999999999
0.5597999999999999
0.5632
0.5547999999999997
0.5633999999999998
0.5731999999999998
0.565
0.5603999999999999
0.5643999999999999
0.5657999999999999
0.5679999999999997
0.5682
0.5518000000000003
0.5698
0.5631999999999997
0.5526000000000001
0.5604
0.5645999999999999
0.5686
0.5679999999999997
0.5544
0.5585999999999999
0.5677999999999997
0.5694000000000001
0.5651999999999998
0.5488000000000001
0.5668
0.5594
0.5571999999999997
0.5634
0.5623999999999999
0.5499999999999998
0.5496
0.5662000000000001
0.5548000000000001
0.5510000000000003
0.5609999999999998
0.5662000000000001
0.5628000000000001
0.5625999999999999
0.5605999999999999
0.5641999999999999
0.5526
0.5645999999999998
0.5577999999999997
0.5656000000000001
0.5579999999999997
0.5488000000000001
0.5574000000000001
0.5409999999999999
0.5503999999999999
0.5528000000000001
0.5710000000000002
0.5747999999999998
0.5673999999999996
0.5622
0.5555999999999998
0.5506
0.5482
0.5659999999999998
0.5571999999999998
0.5596
0.5618000000000001
0.5673999999999999
0.5587999999999997
0.5558000000000001
0.5558000000000001
0.5578
0.5513999999999998
0.5611999999999999
0.5605999999999999
0.5648000000000002
0.5588
0.5558000000000003
0.5398000000000001
0.5409999999999999
0.5603999999999999
0.5469999999999999
0.552
0.5621999999999999
0.5505999999999999
0.5616
0.5676000000000001
0.5651999999999999
0.5641999999999998
0.562
0.5484
0.5531999999999997
0.5446000000000001
0.5518
0.5512
0.5738000000000001
0.5713999999999998
0.5643999999999998
0.5585999999999997
0.5676000000000001
0.5586000000000001
0.5669999999999998
0.5646000000000001
0.5652000000000001
0.5727999999999998
0.5631999999999998
0.5677999999999997
0.5675999999999999
0.5696000000000001
0.5688
0.5704
0.57
0.5655999999999998
0.5681999999999998
0.5661999999999999
0.561
0.5568
0.5661999999999996
0.5613999999999999
0.5572
0.5645999999999999
0.5617999999999997
0.5621999999999998
0.5650000000000001
0.5639999999999997
0.5671999999999999
0.5578000000000001
0.5514000000000001
0.5611999999999999
0.5659999999999998
0.5539999999999999
0.5588
0.5546000000000001
0.5525999999999998
0.5628000000000002
0.5539999999999999
0.5579999999999997
0.5462
0.5544
0.5530000000000002
0.5566
0.5674000000000001
0.5555999999999998
0.5564
0.5560000000000002
0.5592000000000001
0.5495999999999999
0.5562
0.5376000000000002
0.5559999999999998
0.5459999999999998
0.5663999999999999
0.5661999999999998
0.5682
0.5568
0.5518
0.5641999999999999
0.5676
0.5671999999999999
0.5658
0.5608
0.5593999999999998
0.5756
0.5599999999999998
0.5603999999999998
0.5502000000000004
0.549
0.5587999999999999
0.5723999999999999
0.5773999999999999
0.5675999999999999
0.5606000000000002
0.5636000000000001
0.5648000000000001
0.5708000000000001
0.5663999999999999
0.5688000000000001
0.5619999999999995
0.5603999999999999
0.5559999999999997
0.555
0.5642
0.5609999999999998
0.5596
0.5569999999999999
0.5514000000000001
0.5542
0.5680000000000001
0.5664000000000002
0.5678
0.5613999999999997
0.5752
0.5554000000000001
0.5449999999999998
0.5714000000000001
0.5694
0.5566
0.5653999999999999
0.5579999999999999
0.5648
0.5628000000000002
0.5548000000000001
0.5598000000000001
0.5611999999999998
0.5516000000000002
0.5604
0.5600000000000002
0.5533999999999999
0.5602
0.5656
0.5656000000000002
0.5609999999999999
0.5719999999999998
0.5538000000000001
0.5559999999999999
0.5591999999999999
0.5666
0.5539999999999999
0.5568
0.5666
0.5624000000000001
0.5563999999999999
0.5576000000000001
0.5667999999999995
0.5627999999999997
0.5514
0.5501999999999999
0.5568000000000002
0.5489999999999999
0.5560000000000003
0.56
0.5608
0.5682000000000001
0.5663999999999999
0.5723999999999999
0.5698
0.5662
0.5618000000000001
0.5713999999999999
0.5652000000000001
0.5589999999999999
0.5554000000000001
0.5598000000000001
0.5663999999999999
0.571
0.5545999999999998
0.5559999999999998
0.5617999999999999
0.5545999999999999
0.5663999999999999
0.5783999999999999
0.5808
0.5594000000000002
0.567
0.5656000000000002
0.5674000000000001
0.5777999999999999
0.5679999999999998
0.5687999999999996
0.5572
0.5554000000000001
0.5531999999999996
0.5483999999999998
0.5515999999999998
0.5673999999999998
0.5692
0.5506000000000002
0.5529999999999999
0.5628
0.5701999999999999
0.5609999999999999
0.5680000000000001
0.5463999999999999
0.5563999999999998
0.5551999999999999
0.5533999999999998
0.5606
0.5751999999999998
0.5587999999999997
0.5641999999999997
0.5749999999999998
0.5742
0.5699999999999998
0.5648000000000001
0.5584
0.5634
0.5674000000000006
0.5619999999999998
0.5681999999999999
0.5663999999999998
0.5543999999999998
0.5469999999999997
0.555
0.5569999999999999
0.5537999999999998
0.5634
0.5655999999999998
0.5670000000000001
0.5542000000000001
0.5532
0.5539999999999996
0.5648
0.5667999999999999
0.5578000000000001
0.5600000000000002
0.5671999999999998
0.5575999999999997
0.5623999999999999
0.5646
0.5589999999999999
0.5589999999999998
0.5628
0.5559999999999998
0.5578
0.5339999999999999
0.5536
0.5537999999999998
0.5532000000000002
0.5569999999999997
0.5583999999999998
0.5705999999999998
0.5553999999999999
0.5639999999999998
0.5448
0.5437999999999997
0.5556
0.5651999999999999
0.5528
0.5599999999999999
0.5698
0.5678
0.5695999999999999
0.5638
0.5654000000000001
0.5721999999999996
0.5642
0.5637999999999999
0.5595999999999999
0.5647999999999999
0.5548000000000001
0.5667999999999999
0.5621999999999999
0.5758
0.5541999999999999
0.56
0.5593999999999998
0.5576
0.5688000000000002
0.5622
0.5650000000000001
0.5693999999999998
0.5760000000000001
0.5594000000000002
0.5725999999999999
0.5538000000000001
0.5581999999999999
0.567
0.5780000000000001
0.5597999999999999
0.5599999999999999
0.5539999999999998
0.5641999999999999
0.5707999999999999
0.5678
0.5576000000000001
0.5662000000000001
0.5479999999999999
0.5614
0.5623999999999999
0.5630000000000002
0.5569999999999998
0.5728
0.5667999999999999
0.569
0.5591999999999998
0.5497999999999998
0.5645999999999999
0.5545999999999998
0.5640000000000001
0.5608
0.5629999999999997
0.5432
0.5494000000000002
0.5488000000000002
0.5531999999999998
0.5524
0.5612000000000001
0.5404
0.5446000000000002
0.5499999999999998
0.5606000000000001
0.5532000000000001
0.5517999999999997
0.5623999999999996
0.5616
0.5646000000000003
0.5708000000000001
0.5650000000000001
0.5689999999999998
0.5586000000000001
0.5582
0.5544
0.5455999999999999
0.5436000000000001
0.5625999999999998
0.5694
0.5728
0.5589999999999997
0.5459999999999999
0.5531999999999998
0.5625999999999995
0.5564000000000001
0.5622000000000003
0.5605999999999999
0.5697999999999999
0.5698000000000001
0.5602
0.5577999999999999
0.5641999999999999
0.5516
0.5608000000000001
0.5641999999999999
0.5638000000000001
0.5728
0.5523999999999997
0.5484
0.5531999999999998
0.5491999999999999
0.5611999999999998
0.5589999999999999
0.5546
0.5560000000000002
0.5508000000000002
0.5534000000000002
0.5542000000000001
0.5441999999999999
0.5536
0.5676000000000001
0.5612
0.5637999999999997
0.545
0.5674
0.5532
0.5509999999999998
0.559
0.5655999999999999
0.5633999999999999
0.5661999999999999
0.5676000000000001
0.5662000000000001
0.5473999999999998
0.5564000000000001
0.5604000000000001
0.5683999999999999
0.5603999999999997
0.5439999999999999
0.5539999999999998
0.5561999999999999
0.5538000000000001
0.5601999999999997
0.5647999999999999
0.5578
0.5632000000000003
0.5547999999999998
0.5688
0.5646
0.5541999999999997
0.5512
0.5693999999999998
0.5636000000000001
0.5576
0.5661999999999996
0.5612000000000003
0.5621999999999999
0.5683999999999999
0.5677999999999997
0.5634000000000001
0.5638
0.5587999999999996
0.5606
0.5538000000000001
0.5621999999999999
0.5604
0.5676
0.5679999999999997
0.5631999999999999
0.5625999999999997
0.5579999999999999
0.5577999999999999
0.5649999999999998
0.556
0.5565999999999999
0.5520000000000003
0.5739999999999997
0.5731999999999998
0.5628000000000002
0.56
0.5582000000000004
0.5616
0.5560000000000002
0.5533999999999999
0.5617999999999999
0.565
0.5634
0.5739999999999997
0.5630000000000002
0.5519999999999998
0.5581999999999998
0.5532
0.5630000000000002
0.5535999999999998
0.5609999999999998
0.5538000000000002
0.5528
0.5710000000000001
0.5782000000000002
0.5736000000000001
0.5765999999999998
0.5573999999999999
0.572
0.5706
0.5527999999999997
0.5451999999999999
0.5587999999999999
0.5540000000000002
0.5535999999999998
0.5519999999999999
0.5585999999999998
0.5698000000000001
0.5608
0.5611999999999998
0.5585999999999999
0.5638000000000002
0.5629999999999998
0.5623999999999999
0.5649999999999998
0.5582
0.5721999999999999
0.5489999999999998
0.5511999999999999
0.5612
0.5690000000000002
0.5600000000000002
0.5638000000000001
0.5627999999999999
0.5578000000000002
0.5585999999999999
0.5603999999999999
0.5686000000000001
0.5609999999999999
0.5614000000000001
0.5589999999999997
0.5655999999999999
0.5626000000000001
0.5691999999999997
0.5559999999999999
0.5663999999999999
0.5735999999999999
0.5611999999999998
0.5663999999999999
0.5716
0.5703999999999997
0.5705999999999998
0.5638000000000001
0.5582
0.5562
0.5594
0.5667999999999997
0.5465999999999996
0.5692
0.565
0.5701999999999997
0.5506000000000003
0.5555999999999998
0.5645999999999998
0.5575999999999999
0.5674
0.5604000000000001
0.5571999999999999
0.5618000000000001
0.5556
0.5511999999999999
0.5573999999999999
0.5536
0.5680000000000002
0.5745999999999999
0.58
0.5635999999999999
0.5713999999999999
0.5458
0.558
0.5601999999999999
0.5652
0.5601999999999999
0.5602000000000001
0.5697999999999998
0.5704000000000001
0.5616000000000002
0.5686000000000001
0.5612000000000001
0.5598000000000001
0.5458000000000001
0.5585999999999999
0.5516000000000001
0.5602
0.5519999999999997
0.5615999999999999
0.5591999999999997
0.5651999999999997
0.5592
0.5592
0.5573999999999999
0.5594
0.5612000000000001
0.5646000000000001
0.5718
0.5741999999999999
0.5535999999999999
0.5595999999999998
0.5546000000000002
0.5615999999999999
0.5537999999999996
0.5527999999999998
0.5619999999999998
0.5575999999999999
0.5641999999999998
0.5651999999999999
0.5704
0.5593999999999999
0.549
0.5488000000000002
0.5623999999999999
0.5529999999999997
0.5542
0.5532
0.5715999999999998
0.5696000000000002
0.5668
0.5619999999999999
0.5673999999999998
0.5584
0.5550000000000002
0.5608
0.5571999999999999
0.5661999999999998
0.5619999999999997
0.5593999999999999
0.5425999999999999
0.5569999999999998
0.5687999999999999
0.5536000000000002
0.5546
0.5532
0.5597999999999999
0.5637999999999999
0.5711999999999997
0.5628
0.5610000000000002
0.5577999999999996
0.548
0.5645999999999997
0.5418000000000001
0.5579999999999999
0.55
0.5567999999999999
0.5655999999999998
0.5687999999999998
0.5635999999999999
0.5599999999999999
0.5691999999999999
0.5702
0.5572
0.5624
0.5603999999999997
0.5521999999999999
0.5614000000000001
0.5492
0.5586000000000001
0.5519999999999997
0.5593999999999999
0.5640000000000001
0.5752000000000002
0.5662000000000001
0.5686
0.562
0.5574000000000003
0.5599999999999998
0.5565999999999999
0.5670000000000003
0.559
0.5673999999999999
0.5597999999999999
0.5569999999999999
0.5728
0.5636000000000001
0.5634
0.5724000000000001
0.5843999999999998
0.5734000000000001
0.5634000000000001
0.5540000000000002
0.5660000000000001
0.5595999999999999
0.5694000000000002
0.5601999999999998
0.5559999999999998
0.5589999999999999
0.5505999999999996
0.5633999999999998
0.5532
0.5596000000000002
0.5619999999999997
0.5585999999999998
0.5759999999999998
0.5697999999999998
0.5538000000000001
0.5751999999999999
0.5585999999999998
0.55
0.5537999999999997
0.5465999999999999
0.5602000000000001
0.5666000000000001
0.5611999999999996
0.5597999999999999
0.5596
0.5691999999999995
0.5617999999999997
0.5684
0.5591999999999998
0.5561999999999997
0.5602
0.5616
0.5551999999999999
0.5610000000000003
0.5561999999999999
0.5493999999999999
0.5560000000000002
0.5632000000000003
0.5626000000000002
0.5609999999999997
0.5634
0.5537999999999998
0.5545999999999999
0.5706
0.5643999999999998
0.5739999999999998
0.5588000000000001
0.5531999999999999
0.5618
0.5554000000000001
0.5556000000000001
0.5661999999999999
0.5685999999999999
0.5548000000000001
0.5673999999999999
0.5608
0.5686000000000001
0.5514
0.5659999999999998
0.5634
