0.19999999999999962
0.5528000000000002
0.7494000000000003
0.6864
0.7075999999999999
0.7012000000000004
0.7015999999999998
0.691
0.6993999999999998
0.7028
0.6993999999999998
0.6992
0.6947999999999996
0.7018000000000001
0.6920000000000003
0.7114
0.6988000000000001
0.7166000000000001
0.6963999999999997
0.6895999999999998
0.7033999999999999
0.6948000000000001
0.6938
0.6973999999999999
0.6973999999999998
0.6986
0.7103999999999999
0.7058000000000003
0.6906
0.7120000000000002
0.6972000000000002
0.7004000000000002
0.7034000000000005
0.7035999999999999
0.6972
0.6973999999999998
0.7015999999999997
0.6996000000000001
0.7069999999999999
0.6989999999999995
0.6995999999999999
0.7036000000000001
0.6930000000000001
0.6993999999999996
0.6969999999999998
0.7010000000000001
0.7073999999999999
0.7018000000000001
0.6858000000000003
0.7036000000000001
0.7047999999999999
0.6971999999999997
0.7017999999999996
0.7031999999999999
0.6960000000000002
0.7065999999999998
0.6828000000000002
0.7040000000000001
0.6948000000000001
0.6951999999999997
0.7128
0.6898000000000002
0.7058
0.6951999999999997
0.7073999999999995
0.6922000000000001
0.6945999999999999
0.7032
0.6945999999999999
0.7004
0.6974000000000004
0.7036
0.6972
0.7068000000000001
0.7048000000000002
0.6997999999999999
0.6906
0.7040000000000002
0.6936
0.7056000000000001
0.7088000000000001
0.6978000000000003
0.6968
0.7014000000000001
0.7066000000000001
0.6927999999999999
0.6813999999999997
0.7112000000000002
0.6925999999999999
0.6993999999999997
0.7086
0.7005999999999999
0.7153999999999995
0.699
0.6968000000000001
0.6946000000000002
0.6973999999999998
0.6902000000000001
0.7013999999999999
0.6882
0.7028000000000002
0.6953999999999998
0.7016
0.6991999999999998
0.6947999999999996
0.6959999999999996
0.7033999999999996
0.7102
0.7023999999999998
0.7040000000000002
0.6882
0.7000000000000002
0.7075999999999995
0.6973999999999997
0.6984000000000001
0.6995999999999997
0.7062
0.6943999999999998
0.6987999999999999
0.6994
0.6937999999999999
0.7085999999999999
0.7020000000000001
0.7067999999999998
0.7013999999999999
0.7064000000000001
0.6968000000000001
0.6968000000000001
0.6971999999999997
0.6964000000000001
0.7113999999999998
0.6908000000000001
0.7060000000000002
0.7031999999999999
0.6971999999999998
0.7088
0.7028000000000003
0.7022000000000002
0.691
0.7108
0.6923999999999999
0.6916
0.6987999999999999
0.6931999999999999
0.7035999999999997
0.6918
0.6955999999999998
0.6980000000000001
0.7037999999999996
0.7061999999999997
0.6939999999999997
0.7026
0.7026
0.6883999999999999
0.6976
0.7023999999999998
0.7066000000000001
0.6955999999999998
0.7084
0.7013999999999999
0.7065999999999998
0.7075999999999999
0.6979999999999997
0.698
0.6983999999999996
0.6960000000000002
0.6818000000000004
0.6958
0.6994
0.6859999999999999
0.7051999999999998
0.6948000000000002
0.6883999999999998
0.711
0.6888000000000002
0.6948000000000003
0.7011999999999999
0.6928000000000002
0.7005999999999996
0.7059999999999996
0.6977999999999998
0.7026
0.7003999999999998
0.7026000000000002
0.7055999999999998
0.6976000000000002
0.6982
0.6927999999999997
0.7002000000000003
0.703
0.6967999999999998
0.6870000000000002
0.6986
0.694
0.7090000000000002
0.6916000000000002
0.7043999999999997
0.7044
0.6993999999999998
0.6961999999999997
0.7049999999999996
0.6953999999999998
0.7027999999999999
0.7012
0.6961999999999999
0.6962
0.7045999999999999
0.6996000000000001
0.7040000000000001
0.6928000000000002
0.6957999999999998
0.6949999999999998
0.7111999999999997
0.7014000000000001
0.7023999999999998
0.6920000000000001
0.7103999999999998
0.6926000000000001
0.7143999999999996
0.7045999999999998
0.6937999999999999
0.7062
0.7062
0.6949999999999997
0.6995999999999997
0.6988000000000001
0.7067999999999999
0.6918000000000003
0.705
0.6988
0.6905999999999998
0.696
0.7033999999999998
0.6995999999999997
0.6916
0.701
0.7072000000000002
0.6923999999999998
0.7015999999999998
0.7030000000000003
0.7021999999999998
0.7081999999999999
0.699
0.7036000000000002
0.703
0.6903999999999999
0.6989999999999997
0.6904000000000002
0.7121999999999999
0.7007999999999999
0.7011999999999999
0.6990000000000001
0.7021999999999996
0.6959999999999996
0.7125999999999997
0.694
0.6976
0.7012000000000002
0.6909999999999998
0.7114000000000001
0.6896
0.6952000000000002
0.6943999999999997
0.7019999999999996
0.7035999999999999
0.6918000000000001
0.7032
0.7037999999999998
0.7036000000000001
0.7027999999999995
0.6952000000000002
0.6921999999999998
0.6990000000000001
0.7012
0.6929999999999997
0.7002000000000003
0.7068000000000001
0.6894
0.7020000000000001
0.7003999999999999
0.6954
0.6875999999999997
0.7047999999999996
0.6823999999999997
0.7020000000000003
0.6949999999999998
0.7043999999999997
0.6960000000000002
0.7060000000000001
0.7025999999999999
0.7114
0.6925999999999997
0.6995999999999999
0.6934000000000001
0.7148000000000003
0.7041999999999997
0.7109999999999999
0.6988
0.6945999999999998
0.703
0.7086000000000001
0.6867999999999997
0.6999999999999998
0.6974000000000001
0.6971999999999996
0.6982
0.7013999999999999
0.7066
0.6939999999999997
0.6966
0.6982000000000003
0.7034
0.7009999999999998
0.6899999999999998
0.7038000000000002
0.7063999999999997
0.7036000000000001
0.6993999999999997
0.7083999999999999
0.7048000000000002
0.6970000000000001
0.7065999999999998
0.7131999999999998
0.6931999999999996
0.6970000000000001
0.6970000000000003
0.6958000000000003
0.7003999999999999
0.7022000000000002
0.7023999999999999
0.6957999999999999
0.7060000000000001
0.6975999999999999
0.6969999999999998
0.6984000000000001
0.7020000000000001
0.6923999999999998
0.7051999999999998
0.6851999999999999
0.7004
0.7018000000000002
0.6944000000000001
0.7106
0.7018
0.6939999999999997
0.6907999999999999
0.7117999999999998
0.6936000000000001
0.6972
0.6988
0.6964000000000001
0.698
0.7031999999999998
0.7105999999999999
0.6888
0.7014000000000002
0.703
0.6894000000000002
0.6973999999999997
0.7061999999999997
0.6933999999999999
0.7038000000000001
0.6921999999999996
0.7094000000000001
0.7028000000000002
0.701
0.7055999999999999
0.7097999999999998
0.6930000000000001
0.6988
0.7101999999999999
0.6875999999999999
0.6941999999999999
0.7041999999999998
0.6942000000000002
0.6858
0.7084000000000001
0.6969999999999998
0.7069999999999997
0.6953999999999999
0.6978000000000002
0.6900000000000002
0.6968000000000001
0.7021999999999999
0.6921999999999998
0.7047999999999996
0.6949999999999998
0.6943999999999995
0.7111999999999997
0.6925999999999998
0.7028
0.7054000000000005
0.7044
0.6934
0.6947999999999996
0.7007999999999995
0.6892
0.7064
0.6817999999999997
0.6946000000000001
0.699
0.7127999999999999
0.7019999999999997
0.6980000000000003
0.6969999999999998
0.7038000000000002
0.7042
0.7031999999999998
0.6964
0.7048000000000001
0.6928
0.6949999999999998
0.7172
0.695
0.6918000000000002
0.6984000000000004
0.6920000000000002
0.6995999999999997
0.6967999999999998
0.6976
0.7058
0.6925999999999997
0.7028
0.7014000000000001
0.6952000000000002
0.6973999999999999
0.7142000000000001
0.7090000000000002
0.6951999999999998
0.7112000000000002
0.6968
0.7017999999999998
0.7014
0.7019999999999997
0.6982
0.7027999999999999
0.7041999999999998
0.7005999999999998
0.7050000000000002
0.6925999999999998
0.7069999999999999
0.7023999999999999
0.6899999999999998
0.7021999999999997
0.6955999999999998
0.704
0.6958000000000001
0.7027999999999999
0.7008
0.7069999999999999
0.7061999999999999
0.7029999999999998
0.7021999999999999
0.7108
0.7015999999999997
0.6928000000000002
0.7145999999999997
0.7022000000000003
0.6969999999999997
0.7011999999999997
0.7039999999999997
0.6980000000000001
0.6947999999999996
0.6949999999999997
0.6951999999999998
0.6975999999999997
0.6931999999999998
0.7123999999999998
0.6983999999999998
0.6975999999999999
0.6966000000000002
0.698
0.7098
0.7038000000000002
0.6919999999999997
0.7071999999999998
0.6984000000000001
0.7001999999999999
0.6930000000000003
0.7025999999999997
0.6953999999999995
0.6943999999999998
0.7041999999999997
0.6935999999999996
0.7078
0.7061999999999996
0.7145999999999998
0.6881999999999997
0.7104000000000003
0.6857999999999999
0.6945999999999999
0.6955999999999999
0.6857999999999999
0.7004000000000004
0.6904
0.7000000000000002
0.7012
0.7096000000000001
0.7037999999999998
0.6963999999999997
0.703
0.6925999999999999
0.7097999999999997
0.6963999999999999
0.6961999999999999
0.6916000000000001
0.7040000000000001
0.6958000000000001
0.7031999999999999
0.693
0.7090000000000002
0.6992
0.6918000000000001
0.6948000000000002
0.7054000000000002
0.6967999999999996
0.6926000000000001
0.6856
0.7044
0.6986
0.6991999999999998
0.6924000000000001
0.6935999999999997
0.7056
0.7027999999999999
0.6933999999999996
0.7023999999999997
0.6982
0.6975999999999999
0.6886
0.7033999999999998
0.7000000000000002
0.6932
0.7114
0.7000000000000003
0.69
0.6851999999999999
0.7078
0.6945999999999999
0.7009999999999994
0.7028000000000002
0.6901999999999997
0.7070000000000001
0.6897999999999997
0.6975999999999999
0.6933999999999999
0.7014
0.7126
0.6969999999999997
0.7108000000000004
0.6923999999999998
0.6959999999999998
0.703
0.7047999999999998
0.6937999999999999
0.7101999999999997
0.6952000000000002
0.7030000000000001
0.7074000000000001
0.6920000000000001
0.7039999999999996
0.6976000000000002
0.7056
0.6859999999999998
0.6951999999999999
0.6975999999999999
0.6948000000000002
0.7099999999999999
0.7021999999999998
0.7042000000000002
0.695
0.6985999999999999
0.6996000000000001
0.6904000000000002
0.7098
0.7084000000000001
0.7085999999999999
0.689
0.7077999999999998
0.7038000000000001
0.7119999999999997
0.6955999999999999
0.6988000000000001
0.6969999999999997
0.7043999999999998
0.6952000000000002
0.6953999999999999
0.6955999999999999
0.6988000000000002
0.7041999999999998
0.6875999999999999
0.7065999999999996
0.7029999999999997
0.6966000000000001
0.7046000000000002
0.6926000000000002
0.7135999999999997
0.7021999999999999
0.6963999999999999
0.7119999999999999
0.6973999999999998
0.6968000000000001
0.6958000000000001
0.696
0.6990000000000001
0.6934
0.7083999999999999
0.7003999999999998
0.6867999999999997
0.6995999999999996
0.7020000000000001
0.7017999999999998
0.6967999999999996
0.7105999999999998
0.6973999999999998
0.7059999999999998
0.6834000000000002
0.6993999999999997
0.6917999999999997
0.7003999999999998
0.7030000000000003
0.7022000000000002
0.6998000000000001
0.7051999999999999
0.6903999999999999
0.7069999999999999
0.6942
0.6979999999999998
0.7006000000000003
0.7007999999999996
0.6884000000000003
0.7012000000000004
0.6964000000000001
0.6961999999999999
0.7003999999999999
0.6955999999999996
0.6914
0.7188000000000001
0.6845999999999998
0.6981999999999994
0.6958000000000001
0.6995999999999998
0.6986
0.7041999999999998
0.6947999999999998
0.6981999999999996
0.6991999999999998
0.7004
0.6960000000000001
0.7056000000000001
0.7077999999999998
0.6894
0.7028000000000002
0.7015999999999996
0.6751999999999997
0.7031999999999999
0.6996000000000001
0.7101999999999998
0.7016
0.7016000000000002
0.7024000000000001
0.6965999999999998
0.7016
0.6955999999999998
0.6992000000000002
0.6996000000000001
0.7021999999999999
0.6994
0.6969999999999998
0.7175999999999998
0.6942000000000002
0.7050000000000002
0.6970000000000002
0.7047999999999999
0.6893999999999998
0.6964
0.6975999999999999
0.6962
0.7071999999999998
0.6881999999999998
0.7127999999999998
0.6911999999999998
0.6912
0.6933999999999999
0.6966
0.7017999999999998
0.6895999999999998
0.7040000000000002
0.6851999999999999
0.7033999999999996
0.691
0.7001999999999993
0.6991999999999997
0.6967999999999998
0.6933999999999998
0.6979999999999998
0.7064
0.698
0.6921999999999998
0.7019999999999998
0.7023999999999999
0.7086
0.6951999999999995
0.6859999999999996
0.7106
0.6998000000000002
0.6973999999999999
0.7026000000000003
0.7049999999999997
0.6949999999999997
0.7071999999999999
0.6969999999999998
0.7010000000000002
0.7047999999999998
0.6907999999999999
0.7032
0.7021999999999997
0.6943999999999998
0.703
0.7010000000000001
0.7053999999999999
0.6922
0.6933999999999999
0.6916
0.7140000000000001
0.6906000000000002
0.7000000000000002
0.6923999999999997
0.7083999999999996
0.6962
0.7048000000000002
0.7034000000000001
0.6916
0.7024000000000001
0.6894
0.6961999999999999
0.7079999999999999
0.7053999999999998
0.7019999999999998
0.7013999999999999
0.6977999999999999
0.703
0.7041999999999997
0.6923999999999998
0.7028
0.6926000000000001
0.6958
0.708
0.7008
0.6965999999999998
0.6968000000000002
0.6917999999999996
0.6982
0.7002000000000002
0.7084
0.699
0.6986
0.685
0.7016
0.7037999999999996
0.7067999999999999
0.7135999999999999
0.6900000000000002
0.7036000000000001
0.7056
0.7053999999999999
0.7006000000000001
0.7071999999999998
0.6939999999999997
0.6995999999999999
0.6932
0.7033999999999999
0.7007999999999996
0.7033999999999999
0.7022000000000002
0.7011999999999999
0.6925999999999999
0.7036
0.7077999999999998
0.6938000000000001
0.7049999999999997
0.6978000000000002
0.6968
0.7006
0.7023999999999998
0.6961999999999997
0.7011999999999997
0.7058000000000003
0.6991999999999998
0.6958000000000001
0.7031999999999999
0.6926000000000002
0.6990000000000001
0.7018
0.6975999999999999
0.7032
0.7066000000000002
0.6928000000000002
0.7043999999999998
0.7003999999999999
0.7057999999999999
0.7031999999999998
0.7162000000000002
0.6974000000000002
0.7080000000000003
0.6987999999999995
0.7029999999999998
0.6801999999999998
0.7021999999999999
0.6979999999999998
0.7043999999999998
0.7013999999999997
0.6968
0.7083999999999999
0.6994000000000001
0.7097999999999997
0.7026000000000003
0.7015999999999997
0.7002000000000003
0.6959999999999998
0.7036
0.7039999999999993
0.7029999999999998
0.6970000000000002
0.7024000000000002
0.6941999999999999
0.7079999999999997
0.6961999999999997
0.6911999999999999
0.703
0.6903999999999999
0.7026
0.6988000000000001
0.6960000000000001
0.7053999999999998
0.6992000000000002
0.6985999999999999
0.7026
0.7021999999999998
0.6895999999999998
0.695
0.7068000000000001
0.6807999999999998
0.7021999999999998
0.7009999999999998
0.7016000000000001
0.7043999999999998
0.6979999999999998
0.7044000000000002
0.7074000000000003
0.6975999999999997
0.6884
0.6993999999999997
0.6989999999999997
0.7000000000000002
0.7011999999999997
0.7013999999999996
0.6938000000000001
0.7018
0.6926000000000002
0.7040000000000001
0.6928
0.6978
0.6990000000000001
0.7005999999999996
0.7134
0.6947999999999999
0.7057999999999994
0.6924000000000001
0.6950000000000002
0.7024000000000001
0.6951999999999999
0.704
0.7071999999999999
0.7036000000000001
0.6989999999999997
0.6982000000000005
0.6914000000000002
0.7064
0.6920000000000001
0.7013999999999996
0.6959999999999996
0.6994000000000001
0.691
0.7075999999999998
0.6928
0.6972
0.7110000000000001
0.705
0.6970000000000001
0.6928000000000002
0.6996000000000002
0.6964000000000002
0.699
0.6942000000000002
0.7027999999999994
0.6969999999999998
0.7031999999999999
0.6973999999999999
0.7047999999999996
0.6970000000000001
0.6941999999999999
0.7009999999999998
0.7083999999999999
0.6918000000000002
0.7002000000000002
0.7021999999999998
0.6947999999999999
0.6978000000000002
0.7010000000000002
0.6933999999999996
0.7051999999999998
0.6984
0.7039999999999997
0.7076
0.7005999999999999
0.7034
0.694
0.7119999999999997
0.6948000000000001
0.6968
0.7014000000000001
0.7057999999999996
0.7051999999999999
0.7011999999999999
0.7007999999999999
0.6962
0.691
0.6918000000000001
0.6993999999999998
0.7052
0.7047999999999999
0.6927999999999999
0.7118000000000003
0.7005999999999999
0.6967999999999996
0.694
0.6993999999999996
0.7042
0.7071999999999998
0.6907999999999997
0.6929999999999997
0.7061999999999999
0.6937999999999999
0.6957999999999999
0.7028
0.6983999999999996
0.7082000000000002
0.6844
0.7146000000000002
0.687
0.706
0.6958
0.7062
0.6920000000000001
0.7012000000000004
0.7168000000000002
0.7015999999999998
0.6877999999999997
0.7020000000000001
0.7031999999999996
0.6959999999999998
0.7101999999999998
0.6921999999999997
0.7042
0.6888
0.7011999999999997
0.6923999999999998
0.6865999999999999
0.7025999999999998
0.6979999999999995
0.6884
0.7098000000000003
0.7051999999999999
0.6978
0.6966000000000001
0.6981999999999998
0.7013999999999999
0.6915999999999997
0.696
0.6955999999999998
0.6948000000000001
0.7025999999999998
0.6965999999999997
0.693
0.6988000000000001
0.7018000000000003
0.6984
0.6962000000000005
0.6911999999999998
0.6999999999999998
0.6976
0.6983999999999998
0.7152000000000004
0.6986000000000001
0.7076000000000002
0.6906
0.6960000000000001
0.7045999999999999
0.6880000000000002
