0.19999999999999962
0.40355999999999986
0.5350199999999999
0.44017999999999985
0.51754
0.4511
0.5106200000000002
0.457
0.50452
0.45830000000000015
0.50118
0.4646000000000001
0.49582
0.46684000000000014
0.49532000000000004
0.4689399999999999
0.4931599999999999
0.4735599999999998
0.49038000000000004
0.4750000000000001
0.4874400000000001
0.47688000000000025
0.48794
0.47424
0.49000000000000005
0.4748399999999999
0.4879200000000001
0.4777599999999998
0.4851799999999999
0.4788400000000002
0.48263999999999996
0.4817199999999998
0.48173999999999984
0.48242000000000007
0.48207999999999984
0.4823400000000001
0.48276
0.4802000000000001
0.48400000000000026
0.47964000000000007
0.48416000000000026
0.47926
0.48116
0.48215999999999987
0.48076
0.47956
0.48482
0.4814799999999999
0.48284
0.48038
0.48210000000000014
0.48116000000000014
0.48413999999999974
0.4799
0.48314000000000007
0.4794600000000003
0.48444000000000015
0.4817200000000001
0.48292
0.4809400000000003
0.48254000000000014
0.48359999999999986
0.48024000000000017
0.48266000000000003
0.48147999999999996
0.48196
0.48136
0.4853199999999999
0.47934000000000004
0.4827999999999999
0.4823400000000003
0.48194000000000004
0.4799200000000001
0.4832599999999998
0.48063999999999985
0.48350000000000004
0.48512000000000016
0.48354000000000014
0.47802
0.48400000000000015
0.47961999999999994
0.48292000000000024
0.48163999999999996
0.48097999999999985
0.47996000000000016
0.48268000000000005
0.4823400000000002
0.48146000000000017
0.4831400000000001
0.4796800000000003
0.4828599999999998
0.48015999999999986
0.4841000000000004
0.4787599999999999
0.48268000000000005
0.4823000000000001
0.4812399999999999
0.48379999999999973
0.48076000000000013
0.48024000000000006
0.48212000000000005
0.48347999999999997
0.47985999999999995
0.48366
0.4809999999999998
0.48090000000000005
0.48146
0.48377999999999977
0.48054
0.4830599999999998
0.4798399999999999
0.48366
0.4819599999999999
0.48166
0.48140000000000016
0.48257999999999995
0.48211999999999994
0.48350000000000004
0.48256000000000016
0.48080000000000017
0.4830800000000001
0.48119999999999985
0.4824000000000001
0.4819000000000002
0.4811799999999999
0.48066000000000003
0.48277999999999993
0.4823799999999998
0.48362
0.47980000000000006
0.48102000000000017
0.48449999999999993
0.48270000000000024
0.48288000000000003
0.48176
0.48090000000000005
0.48312000000000027
0.4816599999999998
0.4816600000000001
0.4835399999999999
0.48122
0.48173999999999995
0.4793800000000001
0.4817000000000001
0.48076000000000013
0.48111999999999994
0.4833999999999999
0.48246
0.4808800000000001
0.48268
0.4835199999999999
0.48154
0.48138000000000025
0.48214000000000007
0.48137999999999986
0.47788
0.48379999999999995
0.47972000000000015
0.48412
0.48022000000000015
0.48622000000000015
0.4799
0.4813400000000001
0.48346000000000006
0.4833199999999999
0.4830000000000002
0.48137999999999975
0.4833000000000001
0.48141999999999996
0.47956000000000004
0.4854999999999999
0.48168000000000005
0.48214
0.4798800000000001
0.48663999999999985
0.47891999999999996
0.48516
0.47812000000000027
0.48356
0.47933999999999977
0.48391999999999974
0.48296
0.48022000000000026
0.4811400000000001
0.48377999999999993
0.4791000000000002
0.48364000000000007
0.4833800000000003
0.48155999999999993
0.4802799999999998
0.48463999999999985
0.47931999999999997
0.4844400000000001
0.48180000000000006
0.48278000000000015
0.4794000000000004
0.48494000000000015
0.4796000000000001
0.4854200000000001
0.4767799999999998
0.48712000000000005
0.47763999999999984
0.48636
0.48184000000000005
0.4813999999999999
0.47854000000000013
0.48500000000000026
0.4791000000000001
0.4831799999999998
0.4807000000000001
0.48291999999999996
0.48011999999999994
0.48858
0.4786399999999997
0.48552
0.47544000000000003
0.4875199999999999
0.4778799999999999
0.4860600000000001
0.47950000000000004
0.4833600000000001
0.483
0.4813399999999999
0.48118
0.4808199999999999
0.4825600000000001
0.4807599999999999
0.4826799999999998
0.48234000000000016
0.48062
0.4821399999999999
0.4828000000000002
0.48248
0.48082
0.4801399999999998
0.48111999999999994
0.4821200000000001
0.48006
0.48321999999999987
0.47952
0.48485999999999974
0.4806000000000001
0.48166
0.48274
0.4860999999999999
0.47737999999999997
0.48673999999999995
0.47854000000000013
0.48579999999999984
0.4777000000000002
0.48751999999999995
0.47796000000000016
0.4834399999999998
0.48043999999999976
0.4852000000000001
0.48007999999999973
0.48059999999999986
0.47894
0.48396000000000017
0.47863999999999995
0.4850400000000002
0.47922000000000003
0.48414000000000035
0.4814
0.4841800000000001
0.47735999999999995
0.4835999999999999
0.48125999999999997
0.4834000000000001
0.48133999999999993
0.48554000000000025
0.4782
0.4861399999999999
0.47885999999999995
0.48255999999999993
0.4794400000000001
0.4818200000000001
0.48148000000000013
0.48288
0.4804600000000002
0.48501999999999973
0.4791799999999997
0.4846200000000001
0.48090000000000016
0.482
0.4797800000000002
0.4835599999999998
0.48215999999999987
0.4825200000000001
0.47706000000000004
0.48375999999999997
0.4796400000000001
0.48458000000000007
0.4798400000000001
0.4817199999999999
0.4801799999999999
0.48212000000000016
0.4841200000000001
0.48053999999999997
0.48395999999999995
0.48044000000000003
0.4845799999999999
0.4777199999999999
0.4827799999999998
0.48149999999999993
0.48264000000000024
0.48053999999999997
0.48182000000000014
0.4813799999999999
0.4830400000000001
0.4810400000000001
0.48376
0.4797200000000002
0.48468000000000017
0.48054
0.4839000000000003
0.4785600000000001
0.48295999999999983
0.47927999999999993
0.48262000000000016
0.48133999999999993
0.48196000000000017
0.4820200000000001
0.4809999999999999
0.4815600000000003
0.4844000000000003
0.47898000000000013
0.48295999999999983
0.4805000000000001
0.48425999999999986
0.4829399999999998
0.4834399999999999
0.47836
0.48292
0.48124
0.48301999999999995
0.4829400000000001
0.4835799999999999
0.47935999999999995
0.4818400000000001
0.48100000000000015
0.48218000000000005
0.47826000000000013
0.48651999999999995
0.4802
0.48396
0.4765200000000002
0.48584000000000005
0.47869999999999996
0.48410000000000003
0.4794000000000001
0.48293999999999976
0.47904
0.4834800000000001
0.4810000000000002
0.48240000000000016
0.48377999999999993
0.4801
0.48674000000000023
0.4798599999999999
0.4843999999999996
0.4785799999999999
0.4841200000000001
0.4796799999999999
0.4811400000000001
0.48006
0.4822599999999997
0.48110000000000014
0.48366
0.4811800000000001
0.4839800000000002
0.4785999999999997
0.48605999999999966
0.4789599999999998
0.48526
0.4798800000000002
0.4865199999999998
0.47840000000000016
0.4815999999999999
0.4798000000000001
0.4847399999999997
0.4792600000000002
0.48424000000000006
0.48040000000000016
0.48064
0.4842000000000002
0.48074000000000017
0.48366
0.48123999999999995
0.4824200000000001
0.47907999999999995
0.4831199999999998
0.48328000000000015
0.4814200000000001
0.4811599999999999
0.48074
0.4821599999999999
0.48218000000000016
0.4794000000000002
0.48334000000000027
0.4787200000000001
0.4833400000000001
0.48118000000000016
0.48129999999999984
0.4813400000000001
0.48258
0.48277999999999976
0.48426
0.4797600000000001
0.4852
0.47967999999999994
0.48459999999999986
0.4808199999999999
0.4810400000000002
0.48269999999999996
0.4824000000000002
0.48197999999999985
0.47897999999999996
0.48241999999999996
0.47914000000000007
0.48329999999999984
0.4833199999999999
0.4797200000000001
0.48146
0.48294
0.4809399999999999
0.4811999999999997
0.48425999999999986
0.4771000000000001
0.48469999999999985
0.48028
0.48231999999999986
0.48528000000000027
0.47931999999999975
0.4807200000000001
0.48158000000000006
0.48347999999999985
0.47997999999999996
0.4816000000000003
0.4825399999999999
0.48253999999999997
0.4827599999999998
0.48057999999999995
0.4833400000000004
0.47908
0.48436
0.47998000000000013
0.4834000000000001
0.4835599999999998
0.4833
0.48144000000000015
0.4823000000000001
0.48019999999999996
0.48234
0.4803400000000002
0.48216000000000003
0.4803999999999997
0.48378000000000015
0.48006
0.4839800000000001
0.48217999999999994
0.4805
0.4812599999999999
0.48345999999999995
0.47959999999999986
0.48444000000000004
0.48009999999999997
0.4813599999999997
0.48081999999999986
0.4853800000000001
0.4802999999999999
0.48444
0.4803599999999999
0.4859799999999998
0.4776800000000001
0.4859800000000001
0.4770799999999997
0.48638000000000003
0.4786000000000001
0.4836400000000002
0.48107999999999995
0.4853800000000001
0.48152000000000006
0.48263999999999996
0.48014000000000023
0.48070000000000007
0.48386
0.4822799999999999
0.4791399999999999
0.4836800000000001
0.4789199999999999
0.4843200000000001
0.48103999999999986
0.48136
0.4814200000000001
0.48167999999999983
0.4832999999999999
0.48143999999999987
0.48286
0.4821599999999999
0.4804200000000002
0.4836599999999999
0.4812800000000001
0.48035999999999973
0.4833400000000001
0.4797
0.48269999999999996
0.4815199999999999
0.4826400000000002
0.48294
0.48124000000000017
0.48190000000000005
0.47984000000000004
0.48128
0.4811599999999998
0.4799600000000001
0.4812000000000001
0.48368000000000017
0.4800800000000002
0.4821800000000001
0.48046
0.48330000000000006
0.4812000000000002
0.48174
0.47871999999999987
0.48164
0.4809199999999998
0.48125999999999997
0.4803599999999999
0.4808
0.48501999999999995
0.47988
0.4825800000000001
0.48167999999999983
0.4816000000000001
0.4810199999999998
0.4837399999999999
0.4817999999999998
0.48005999999999993
0.4791599999999998
0.4825399999999999
0.48111999999999994
0.48289999999999994
0.4793999999999998
0.48413999999999996
0.4798400000000001
0.48297999999999996
0.48247999999999974
0.48068000000000005
0.4814399999999999
0.48205999999999993
0.47938000000000014
0.4831200000000001
0.48268
0.47962000000000016
0.48663999999999985
0.4793999999999999
0.4817400000000001
0.48289999999999983
0.48059999999999997
0.48187999999999986
0.4797000000000001
0.48442
0.48155999999999993
0.4847000000000001
0.47813999999999995
0.48344000000000015
0.47862000000000005
0.4857399999999998
0.4800200000000001
0.4854600000000002
0.4784799999999999
0.48612
0.47929999999999984
0.4834400000000002
0.4795800000000001
0.48116000000000014
0.4820600000000003
0.4848799999999999
0.4789599999999997
0.48368000000000017
0.4800399999999999
0.48590000000000017
0.48056
0.4825000000000001
0.4819600000000001
0.47952000000000006
0.48113999999999985
0.48388000000000025
0.4815000000000002
0.4803599999999999
0.48430000000000006
0.4824199999999999
0.4813400000000001
0.4820599999999999
0.48300000000000004
0.47958
0.48327999999999993
0.4775400000000001
0.4884600000000001
0.4776800000000001
0.4847400000000002
0.4783000000000001
0.48443999999999987
0.4786600000000001
0.48322000000000004
0.4792200000000002
0.48425999999999997
0.47863999999999995
0.48638
0.47848
0.4830600000000002
0.48162
0.4834000000000003
0.47819999999999974
0.4829
0.4842999999999998
0.4809600000000004
0.48158
0.48175999999999997
0.4815399999999999
0.48242000000000007
0.47826
0.4857400000000001
0.4781799999999999
0.48468000000000006
0.48039999999999977
0.48398
0.47691999999999996
0.48556000000000005
0.47920000000000007
0.48253999999999986
0.48120000000000007
0.48275999999999997
0.4816
0.48444
0.4810800000000001
0.4816599999999999
0.4828
0.4812800000000001
0.48428000000000004
0.47928000000000004
0.48267999999999994
0.48120000000000007
0.4856200000000003
0.4786600000000001
0.48164000000000007
0.48410000000000003
0.4821800000000003
0.48182000000000014
0.4791400000000002
0.4865600000000001
0.4798599999999999
0.4826599999999999
0.47802
0.4837200000000001
0.47933999999999977
0.4840400000000001
0.48360000000000025
0.48352000000000006
0.48123999999999983
0.48359999999999986
0.48029999999999995
0.48616000000000015
0.4771800000000001
0.48702000000000006
0.4805000000000001
0.4843200000000001
0.4786800000000002
0.4870399999999998
0.47882000000000013
0.48357999999999995
0.48038000000000003
0.48491999999999985
0.47785999999999995
0.48692
0.4771400000000001
0.486
0.47845999999999983
0.48284000000000016
0.48044
0.48318000000000005
0.47966000000000003
0.4874799999999999
0.4764600000000001
0.48635999999999996
0.4768400000000002
0.4876400000000003
0.47814
0.48522000000000015
0.47818
0.4844999999999998
0.47859999999999997
0.48507999999999996
0.48071999999999976
0.48324000000000006
0.4800999999999999
0.48640000000000005
0.47540000000000016
0.48707999999999985
0.47928000000000004
0.48024000000000006
0.47980000000000006
0.4833200000000001
0.47929999999999984
0.48446000000000006
0.4811400000000001
0.48312
0.4827799999999998
0.4833000000000003
0.4810599999999999
0.48383999999999994
0.48100000000000004
0.4843800000000001
0.4786599999999999
0.4860400000000001
0.4777999999999999
0.48475999999999997
0.4815399999999998
0.4835000000000001
0.48194
0.47925999999999985
0.48229999999999995
0.48249999999999993
0.48452
0.4823600000000001
0.47741999999999996
0.4858600000000002
0.4799
0.48116
0.4823799999999998
0.48242000000000007
0.4826599999999999
0.48200000000000004
0.4806200000000001
0.48388
0.4801200000000001
0.48068000000000005
0.4857200000000001
0.47875999999999996
0.4855400000000001
0.4788000000000001
0.48618000000000017
0.4779999999999999
0.4840199999999999
0.4794200000000001
0.48321999999999976
0.48035999999999995
0.4863000000000001
0.4788200000000002
0.4855600000000001
0.4793399999999999
0.4823800000000001
0.4804400000000001
0.4863000000000001
0.47791999999999996
0.4841200000000001
0.4797600000000001
0.48511999999999994
0.4817800000000001
0.4807599999999999
0.47907999999999995
0.48184000000000005
0.4811199999999999
0.48262000000000016
0.4776199999999999
0.4841600000000001
0.4799199999999999
0.48512
0.48010000000000014
0.48284
0.48087999999999964
0.4832599999999999
0.48179999999999995
0.48368
0.4822000000000001
0.48210000000000014
0.4807599999999999
0.4799
0.4837800000000001
0.4808400000000003
0.48083999999999993
0.4824400000000002
0.4799400000000001
0.4846000000000001
0.4823800000000002
0.48483999999999994
0.4793800000000001
0.48336000000000007
0.4800200000000001
0.48210000000000003
0.48309999999999964
0.47936000000000023
0.48801999999999984
0.4789
0.48412
0.48066
0.4823200000000001
0.4811400000000002
0.4808400000000001
0.4824600000000001
0.48128000000000015
0.48315999999999987
0.4821600000000001
0.48164000000000007
0.48339999999999994
0.48009999999999997
0.4829000000000001
0.48056000000000004
0.48241999999999996
0.47988
0.48324
0.4815999999999999
0.48303999999999997
0.47905999999999993
0.4836200000000001
0.47935999999999984
0.48346000000000006
0.48155999999999977
0.48248
0.4817800000000001
0.4836
0.4790400000000002
0.48375999999999986
0.4794000000000004
0.4839399999999999
0.4795
0.48548
0.47925999999999985
0.4826999999999998
0.4799399999999998
0.4863000000000001
0.47766000000000014
0.48498
0.4786199999999999
0.48215999999999987
0.4792199999999998
0.4855200000000004
0.48304
0.48184000000000005
0.48301999999999984
0.4836000000000001
0.48400000000000026
0.4783200000000001
0.4858199999999999
0.4791599999999999
0.4854600000000002
0.47920000000000007
0.4818199999999998
0.48288000000000003
0.48246
0.4803000000000003
0.4824200000000001
0.4802600000000002
0.48346000000000033
0.47946
0.48339999999999983
0.4796999999999999
0.48244
0.48392
0.48114000000000007
0.48070000000000007
0.48473999999999984
0.4772000000000002
0.48594000000000015
0.47668
0.48492000000000035
0.4809799999999998
0.48457999999999984
0.48158
0.48160000000000003
0.48302000000000034
0.4781000000000001
0.48526
0.48358000000000023
0.48091999999999985
0.48032000000000025
0.48388000000000014
0.48212000000000005
0.48288
0.4827800000000002
0.4826799999999998
0.48184
0.48262
0.4836600000000002
0.4804799999999998
0.48229999999999995
0.4822600000000001
0.48228000000000004
0.47955999999999976
0.4842000000000002
0.48113999999999996
0.48252
0.4803400000000002
0.48345999999999995
0.48163999999999985
0.4815599999999998
0.48261999999999977
0.48223999999999995
0.4798199999999999
0.4810999999999999
0.48182
0.48321999999999987
0.48035999999999995
0.4827999999999999
0.4807600000000001
0.4825999999999999
0.48066000000000014
0.48452000000000006
0.4783600000000001
0.48511999999999994
0.4800000000000002
0.4876400000000002
0.47726000000000013
0.48540000000000005
0.47813999999999973
0.48658000000000007
0.47865999999999986
0.48293999999999976
0.47904
0.48353999999999997
0.47973999999999994
0.48186000000000007
0.47954
0.4852399999999999
0.4789200000000002
0.48442000000000013
0.47983999999999966
0.48231999999999986
0.48104000000000013
0.48112
0.4824600000000001
0.4833800000000001
0.48246
0.48166
0.4803999999999998
0.48366000000000015
0.4801199999999999
0.48440000000000005
0.4795799999999999
0.4796200000000001
0.4848600000000002
0.47816
0.4817400000000003
0.4793999999999998
0.4860599999999998
0.48072
0.48438000000000003
0.4811400000000001
0.48196000000000006
0.4817200000000001
0.48194
0.48026
0.48442000000000013
0.4776400000000003
0.48369999999999985
0.4812000000000002
0.48164000000000007
0.47996
0.48448
0.47882
0.48464000000000007
0.4825199999999996
0.4781599999999998
0.48206000000000004
0.48138
0.48189999999999983
0.48132
0.48279999999999995
0.48048000000000024
0.4816000000000002
0.48090000000000027
0.4824999999999999
0.48390000000000005
0.48007999999999995
0.4819000000000001
0.48038
0.48373999999999995
0.48239999999999983
0.48126000000000024
0.4825599999999999
0.48318
0.47868000000000016
0.4843800000000001
0.47630000000000017
0.48403999999999997
0.48028000000000004
0.48188000000000003
0.48109999999999997
0.48082
0.4847800000000002
0.4786400000000002
0.48272
0.48432000000000003
0.48050000000000004
0.48075999999999985
0.48148000000000013
0.48004000000000013
0.4819599999999998
0.48219999999999985
