0.19999999999999962
0.10343999999999998
0.08563999999999998
0.06997999999999995
0.06287999999999998
0.057639999999999976
0.053079999999999974
0.05041999999999997
0.04926
0.046659999999999986
0.04435999999999999
0.04475999999999998
0.04443999999999999
0.04359999999999998
0.04099999999999998
0.041179999999999994
0.03679999999999997
0.03838
0.036499999999999984
0.03707999999999998
0.03541999999999998
0.03499999999999998
0.036659999999999984
0.037159999999999985
0.03549999999999999
0.03517999999999998
0.03375999999999998
0.03339999999999998
0.03345999999999999
0.03214
0.032339999999999994
0.03165999999999999
0.03177999999999999
0.029839999999999995
0.03165999999999999
0.032539999999999986
0.03169999999999998
0.030599999999999978
0.029639999999999986
0.029179999999999998
0.030159999999999992
0.029179999999999987
0.028139999999999995
0.026959999999999994
0.02675999999999999
0.02577999999999999
0.025599999999999998
0.025060000000000002
0.02444
0.025540000000000007
0.025999999999999995
0.026639999999999997
0.024859999999999997
0.02536
0.024280000000000003
0.024940000000000007
0.023420000000000007
0.0233
0.022700000000000005
0.022360000000000005
0.021680000000000012
0.022220000000000007
0.02126000000000001
0.020560000000000012
0.02160000000000001
0.021140000000000013
0.020520000000000014
0.020620000000000013
0.02034000000000001
0.020360000000000014
0.020300000000000012
0.02188000000000001
0.020840000000000015
0.021860000000000008
0.020360000000000014
0.01998000000000001
0.021140000000000006
0.02072000000000001
0.019120000000000012
0.01986000000000001
0.018440000000000012
0.01854000000000001
0.017200000000000007
0.018020000000000008
0.017600000000000008
0.018140000000000007
0.017460000000000007
0.017020000000000007
0.01814000000000001
0.01804000000000001
0.017520000000000008
0.01756000000000001
0.01796000000000001
0.01656000000000001
0.01764000000000001
0.01738000000000001
0.01806000000000001
0.01674000000000001
0.01692000000000001
0.01666000000000001
0.016000000000000007
0.015080000000000008
0.014840000000000006
0.013940000000000006
0.01522000000000001
0.015820000000000008
0.01658000000000001
0.01588000000000001
0.014580000000000008
0.014060000000000008
0.01442000000000001
0.012820000000000007
0.012600000000000007
0.012960000000000006
0.013360000000000006
0.013380000000000005
0.013060000000000007
0.012560000000000005
0.013000000000000005
0.013380000000000005
0.014460000000000006
0.015240000000000009
0.014880000000000006
0.014400000000000008
0.013780000000000006
0.012840000000000008
0.013260000000000004
0.012380000000000004
0.011260000000000006
0.011620000000000005
0.011440000000000006
0.011120000000000005
0.011040000000000003
0.011840000000000007
0.012380000000000004
0.013620000000000004
0.012780000000000007
0.012520000000000007
0.012700000000000006
0.012180000000000003
0.012080000000000006
0.011580000000000005
0.011500000000000003
0.011700000000000004
0.012020000000000005
0.011160000000000005
0.010080000000000002
0.010580000000000003
0.010620000000000003
0.010700000000000003
0.010800000000000002
0.010220000000000002
0.009840000000000005
0.009160000000000003
0.008860000000000003
0.009060000000000004
0.008800000000000004
0.009320000000000002
0.008520000000000003
0.008720000000000004
0.00922
0.009120000000000001
0.007980000000000003
0.008760000000000004
0.009000000000000001
0.008560000000000003
0.008140000000000001
0.007240000000000002
0.007140000000000002
0.007400000000000002
0.0065000000000000014
0.0054
0.006000000000000002
0.006380000000000002
0.0065000000000000014
0.006740000000000001
0.006600000000000002
0.006780000000000001
0.007180000000000002
0.00664
0.00622
0.006480000000000001
0.006980000000000001
0.007360000000000002
0.006840000000000002
0.007380000000000002
0.006980000000000002
0.0071600000000000006
0.00634
0.0064600000000000005
0.006360000000000001
0.0064800000000000005
0.0065000000000000014
0.00602
0.0054199999999999995
0.00572
0.006040000000000001
0.00544
0.005360000000000001
0.006240000000000001
0.006920000000000002
0.006420000000000001
0.006040000000000001
0.0058000000000000005
0.005600000000000001
0.006140000000000001
0.006040000000000001
0.006260000000000001
0.00636
0.006940000000000002
0.00662
0.00668
0.006820000000000001
0.00726
0.006500000000000001
0.006300000000000001
0.006040000000000001
0.006059999999999999
0.006620000000000002
0.00596
0.0053
0.00494
0.00538
0.004739999999999999
0.00504
0.005679999999999999
0.00468
0.0046
0.00466
0.0052
0.00602
0.006200000000000001
0.0055000000000000005
0.00536
0.005540000000000001
0.00524
0.0052
0.004740000000000001
0.00442
0.0045000000000000005
0.004680000000000001
0.004100000000000001
0.004260000000000001
0.0047599999999999995
0.0048400000000000006
0.0041800000000000006
0.00484
0.00462
0.00468
0.00426
0.00456
0.00486
0.00498
0.0051
0.0048000000000000004
0.0048000000000000004
0.0051
0.0046
0.00462
0.00452
0.00456
0.00458
0.00474
0.00408
0.004240000000000001
0.004220000000000001
0.00392
0.0033399999999999997
0.0032600000000000007
0.0032
0.0031999999999999997
0.00322
0.0030800000000000007
0.00288
0.0029400000000000003
0.0027800000000000004
0.0030200000000000005
0.00312
0.00322
0.0032600000000000003
0.0034599999999999995
0.0035399999999999997
0.0035199999999999997
0.003659999999999999
0.0031
0.0028599999999999997
0.0032600000000000003
0.00288
0.0027600000000000003
0.00308
0.0032200000000000006
0.0031999999999999997
0.0030599999999999994
0.0033
0.00342
0.0034799999999999996
0.0033399999999999997
0.0032999999999999995
0.00332
0.00322
0.0030599999999999994
0.00334
0.00338
0.0036999999999999993
0.0035200000000000006
0.0029800000000000004
0.0033599999999999997
0.00316
0.0028000000000000004
0.0030599999999999994
0.0030200000000000005
0.00296
0.00318
0.0034599999999999995
0.004240000000000001
0.00366
0.00314
0.00338
0.0031
0.0037200000000000006
0.0037199999999999998
0.00336
0.00294
0.0029000000000000002
0.0030200000000000005
0.0027
0.00248
0.00234
0.0019800000000000004
0.0022400000000000002
0.00222
0.0018200000000000002
0.0019399999999999999
0.0020399999999999997
0.00192
0.00196
0.002
0.00184
0.00252
0.0026
0.00234
0.00254
0.0024200000000000003
0.0027400000000000002
0.0028000000000000004
0.0025
0.0021200000000000004
0.0016
0.0018
0.0016200000000000001
0.0019600000000000004
0.0018599999999999999
0.0020800000000000003
0.0024400000000000003
0.0021000000000000003
0.0018200000000000002
0.00196
0.00218
0.00252
0.0021200000000000004
0.0014800000000000002
0.0015999999999999999
0.00184
0.0015199999999999999
0.0016799999999999999
0.0015
0.0017200000000000002
0.00166
0.0024
0.0017400000000000002
0.00184
0.0016599999999999998
0.0017399999999999998
0.00146
0.0016200000000000001
0.00156
0.00146
0.0014800000000000002
0.00136
0.0013
0.00122
9.6E-4
8.800000000000001E-4
0.001
9.6E-4
8.799999999999999E-4
0.0011200000000000001
0.00106
0.001
9.0E-4
8.799999999999999E-4
0.00122
0.0010800000000000002
0.0014200000000000003
0.0013
0.00122
9.2E-4
0.0012
0.00114
9.6E-4
6.2E-4
6.2E-4
4.8E-4
4.8E-4
4.3999999999999996E-4
3.7999999999999997E-4
2.8000000000000003E-4
3.2E-4
4.3999999999999996E-4
5.8E-4
6.2E-4
5.0E-4
5.0E-4
5.600000000000001E-4
5.6E-4
6.4E-4
4.8E-4
7.4E-4
8.199999999999999E-4
8.199999999999999E-4
0.00116
8.6E-4
7.8E-4
8.399999999999999E-4
7.2E-4
7.8E-4
9.6E-4
7.8E-4
9.6E-4
9.4E-4
0.00106
8.799999999999999E-4
7.4E-4
7.599999999999999E-4
7.4E-4
6.6E-4
4.1999999999999996E-4
5.0E-4
3.9999999999999996E-4
4.1999999999999996E-4
3.7999999999999997E-4
3.5999999999999997E-4
2.6E-4
3.4E-4
3.0E-4
4.2E-4
3.5999999999999997E-4
3.0E-4
2.6E-4
1.6E-4
2.4E-4
4.8E-4
3.0E-4
3.2E-4
2.0E-4
2.8000000000000003E-4
1.7999999999999998E-4
1.7999999999999998E-4
1.7999999999999998E-4
2.6E-4
4.6E-4
6.2E-4
4.6E-4
3.7999999999999997E-4
2.8000000000000003E-4
1.7999999999999998E-4
1.7999999999999998E-4
2.6E-4
4.2E-4
3.7999999999999997E-4
3.5999999999999997E-4
2.8000000000000003E-4
2.6E-4
2.0E-4
2.0E-4
3.0E-4
3.0E-4
3.2E-4
3.0E-4
3.5999999999999997E-4
4.0E-4
4.3999999999999996E-4
2.8000000000000003E-4
4.3999999999999996E-4
4.8E-4
3.4E-4
5.600000000000001E-4
4.6E-4
3.5999999999999997E-4
5.0E-4
4.6E-4
4.8E-4
4.6E-4
5.0E-4
2.8000000000000003E-4
2.8000000000000003E-4
2.0E-4
2.1999999999999998E-4
3.2E-4
3.7999999999999997E-4
2.6E-4
3.5999999999999997E-4
2.4E-4
1.6E-4
2.6E-4
3.0E-4
2.4E-4
3.4E-4
5.2E-4
4.3999999999999996E-4
6.6E-4
5.4E-4
4.3999999999999996E-4
3.5999999999999997E-4
4.6E-4
4.3999999999999996E-4
5.0E-4
5.8E-4
5.8E-4
4.0E-4
3.0E-4
3.0E-4
4.3999999999999996E-4
4.2E-4
4.3999999999999996E-4
5.4E-4
6.8E-4
4.6E-4
3.0E-4
4.8E-4
3.7999999999999997E-4
4.2E-4
3.7999999999999997E-4
3.7999999999999997E-4
5.0E-4
4.8E-4
4.3999999999999996E-4
4.3999999999999996E-4
3.2E-4
5.0E-4
3.4E-4
3.4E-4
2.0E-4
2.6E-4
3.5999999999999997E-4
2.6E-4
3.2E-4
3.5999999999999997E-4
2.8000000000000003E-4
2.8000000000000003E-4
3.4E-4
6.6E-4
6.2E-4
9.8E-4
6.4E-4
5.600000000000001E-4
3.7999999999999997E-4
4.8E-4
4.0E-4
2.8000000000000003E-4
2.6E-4
2.6E-4
3.4E-4
5.0E-4
4.3999999999999996E-4
4.3999999999999996E-4
4.3999999999999996E-4
6.0E-4
4.3999999999999996E-4
5.600000000000001E-4
3.7999999999999997E-4
4.3999999999999996E-4
2.8000000000000003E-4
4.2E-4
4.2E-4
4.8E-4
4.8E-4
4.3999999999999996E-4
4.2E-4
2.8000000000000003E-4
2.4E-4
2.6E-4
4.2E-4
4.6E-4
4.3999999999999996E-4
3.0E-4
3.4E-4
2.6E-4
3.4E-4
2.4E-4
2.1999999999999998E-4
1.2E-4
1.2E-4
1.6E-4
2.1999999999999998E-4
1.7999999999999998E-4
3.7999999999999997E-4
4.2E-4
1.7999999999999998E-4
1.7999999999999998E-4
6.0E-5
8.0E-5
6.0E-5
4.0E-5
8.0E-5
4.0E-5
0.0
0.0
0.0
0.0
0.0
0.0
0.0
0.0
0.0
0.0
0.0
0.0
0.0
0.0
0.0
0.0
0.0
0.0
0.0
0.0
0.0
0.0
0.0
0.0
0.0
0.0
0.0
0.0
0.0
0.0
0.0
0.0
0.0
0.0
0.0
0.0
0.0
0.0
0.0
0.0
0.0
0.0
0.0
0.0
0.0
0.0
0.0
0.0
0.0
0.0
0.0
0.0
0.0
0.0
0.0
0.0
0.0
0.0
0.0
0.0
0.0
0.0
0.0
0.0
0.0
0.0
0.0
0.0
0.0
0.0
0.0
0.0
0.0
0.0
0.0
0.0
0.0
0.0
0.0
0.0
0.0
0.0
0.0
0.0
0.0
0.0
0.0
0.0
0.0
0.0
0.0
0.0
0.0
0.0
0.0
0.0
0.0
0.0
0.0
0.0
0.0
0.0
0.0
0.0
0.0
0.0
0.0
0.0
0.0
0.0
0.0
0.0
0.0
0.0
0.0
0.0
0.0
0.0
0.0
0.0
0.0
0.0
0.0
0.0
0.0
0.0
0.0
0.0
0.0
0.0
0.0
0.0
0.0
0.0
0.0
0.0
0.0
0.0
0.0
0.0
0.0
0.0
0.0
0.0
0.0
0.0
0.0
0.0
0.0
0.0
0.0
0.0
0.0
0.0
0.0
0.0
0.0
0.0
0.0
0.0
0.0
0.0
0.0
0.0
0.0
0.0
0.0
0.0
0.0
0.0
0.0
0.0
0.0
0.0
0.0
0.0
0.0
0.0
0.0
0.0
0.0
0.0
0.0
0.0
0.0
0.0
0.0
0.0
0.0
0.0
0.0
0.0
0.0
0.0
0.0
0.0
0.0
0.0
0.0
0.0
0.0
0.0
0.0
0.0
0.0
0.0
0.0
0.0
0.0
0.0
0.0
0.0
0.0
0.0
0.0
0.0
0.0
0.0
0.0
0.0
0.0
0.0
0.0
0.0
0.0
0.0
0.0
0.0
0.0
0.0
0.0
0.0
0.0
0.0
0.0
0.0
0.0
0.0
0.0
0.0
0.0
0.0
0.0
0.0
0.0
0.0
0.0
0.0
0.0
0.0
0.0
0.0
0.0
0.0
0.0
0.0
0.0
0.0
0.0
0.0
0.0
0.0
0.0
0.0
0.0
0.0
0.0
0.0
0.0
0.0
0.0
0.0
0.0
0.0
0.0
0.0
0.0
0.0
0.0
0.0
0.0
0.0
0.0
0.0
0.0
0.0
0.0
0.0
0.0
0.0
0.0
0.0
0.0
0.0
0.0
0.0
0.0
0.0
0.0
0.0
0.0
0.0
0.0
0.0
0.0
0.0
0.0
0.0
0.0
0.0
0.0
0.0
0.0
0.0
0.0
0.0
0.0
0.0
0.0
0.0
0.0
0.0
0.0
0.0
0.0
0.0
0.0
0.0
0.0
0.0
0.0
0.0
0.0
0.0
0.0
0.0
0.0
0.0
0.0
0.0
0.0
0.0
0.0
0.0
0.0
0.0
0.0
0.0
0.0
0.0
0.0
0.0
0.0
0.0
0.0
0.0
0.0
0.0
0.0
0.0
0.0
0.0
0.0
0.0
0.0
0.0
0.0
0.0
0.0
0.0
0.0
0.0
0.0
0.0
0.0
0.0
0.0
0.0
0.0
0.0
0.0
0.0
0.0
0.0
0.0
0.0
0.0
0.0
0.0
0.0
0.0
0.0
0.0
0.0
