0.19999999999999962
0.35786999999999997
0.57096
0.7198800000000003
0.7973400000000005
0.8318299999999997
0.84538
0.8526499999999995
0.8553599999999996
0.8579999999999995
0.8579899999999998
0.8587199999999995
0.8579699999999996
0.8574899999999996
0.8558099999999998
0.8571999999999995
0.8560599999999989
0.8581499999999999
0.8576100000000001
0.8604399999999996
0.8584999999999994
0.8590199999999997
0.8581900000000001
0.8579199999999997
0.8566799999999998
0.8593500000000001
0.8594899999999999
0.8596400000000002
0.8578099999999996
0.8599899999999997
0.8584
0.8591599999999999
0.8578599999999997
0.8600699999999998
0.8575999999999998
0.8590799999999997
0.8563199999999997
0.8594399999999998
0.8584499999999994
0.8576599999999999
0.8592599999999997
0.8601599999999996
0.85883
0.8572199999999998
0.8599199999999998
0.85966
0.8586500000000001
0.8589199999999997
0.8589499999999994
0.85808
0.8591599999999994
0.8578000000000001
0.8574099999999996
0.8570199999999996
0.8560899999999994
0.8555899999999997
0.8576299999999993
0.8578999999999998
0.8587799999999995
0.8599899999999997
0.8603299999999998
0.8594899999999996
0.8584199999999997
0.8569699999999993
0.8592099999999998
0.8592299999999998
0.85676
0.8572199999999998
0.8579999999999997
0.8572499999999998
0.85832
0.8579099999999994
0.8584999999999995
0.8575099999999998
0.8591899999999998
0.8585899999999994
0.8598599999999993
0.8605999999999995
0.8586199999999997
0.8586499999999995
0.8573499999999997
0.8580599999999997
0.8574599999999998
0.8571199999999999
0.8573499999999994
0.8574499999999997
0.85846
0.8573299999999999
0.8596699999999999
0.8559299999999997
0.8574199999999997
0.8584399999999995
0.8583300000000001
0.8564199999999996
0.8559699999999997
0.8594399999999993
0.8592499999999995
0.8593599999999999
0.8588299999999995
0.8567899999999998
0.8577100000000002
0.8587599999999995
0.8574599999999998
0.8555299999999997
0.8582799999999993
0.85926
0.8594699999999997
0.8577199999999995
0.8574699999999997
0.8589899999999995
0.8576599999999993
0.8589200000000002
0.8579999999999999
0.8590599999999994
0.8592799999999996
0.8582499999999997
0.8581599999999995
0.8594699999999995
0.8588
0.85671
0.8582699999999995
0.8594399999999998
0.8601899999999997
0.8600000000000001
0.8594799999999994
0.8585799999999996
0.8580399999999996
0.8575799999999991
0.8586499999999999
0.8587199999999995
0.860559999999999
0.8574499999999997
0.8587599999999999
0.8589099999999996
0.8585999999999997
0.8595999999999998
0.8571499999999997
0.8589399999999998
0.8580199999999999
0.8604
0.8588599999999998
0.8590999999999996
0.8578799999999999
0.8582
0.8589999999999999
0.8587599999999996
0.8576199999999993
0.8571099999999998
0.85833
0.8581699999999993
0.8581099999999998
0.8595599999999998
0.8581399999999999
0.8582099999999998
0.8581299999999996
0.8593299999999999
0.8590200000000001
0.8595800000000001
0.8578399999999996
0.8589499999999997
0.8577700000000001
0.8572299999999998
0.8592999999999996
0.8590699999999997
0.8586599999999999
0.8585599999999997
0.8585899999999996
0.8578899999999997
0.8576899999999997
0.8577799999999999
0.8584399999999995
0.8565499999999995
0.8593299999999995
0.8600999999999999
0.8579799999999999
0.8581399999999998
0.8600999999999998
0.8573299999999996
0.8564999999999994
0.8590100000000003
0.8590099999999995
0.8580299999999997
0.8586899999999996
0.8599699999999992
0.8598199999999996
0.8581799999999995
0.8571099999999998
0.8593599999999997
0.8602799999999996
0.8581599999999991
0.8595799999999996
0.8565399999999994
0.85758
0.8574699999999996
0.8585100000000001
0.8582499999999997
0.8567399999999998
0.8584099999999997
0.8574399999999995
0.8584699999999996
0.8574899999999999
0.8571099999999996
0.8602699999999998
0.8601399999999998
0.8590099999999993
0.8587099999999994
0.8586000000000001
0.8576899999999997
0.8585699999999997
0.8573699999999994
0.8588899999999999
0.8576199999999997
0.8583299999999998
0.8568399999999993
0.8597799999999995
0.8577799999999992
0.8580200000000001
0.8601399999999998
0.8582299999999995
0.8568999999999999
0.8593599999999993
0.8593799999999996
0.8586399999999995
0.8591699999999998
0.8602999999999993
0.8603799999999998
0.8599899999999995
0.8601599999999998
0.8587699999999998
0.8572299999999996
0.8600799999999996
0.8595599999999997
0.8585599999999995
0.8589899999999997
0.8578499999999997
0.8564299999999996
0.8597699999999994
0.8585399999999994
0.8580199999999998
0.8587399999999998
0.8577399999999992
0.8576399999999998
0.85799
0.8571900000000001
0.8576699999999995
0.8571
0.8590399999999992
0.8597499999999999
0.85961
0.8582999999999997
0.8575
0.8576499999999996
0.8583699999999999
0.8580099999999997
0.8565199999999993
0.8567599999999999
0.8568199999999997
0.8589399999999999
0.8589799999999993
0.8590699999999997
0.8585399999999995
0.8585099999999999
0.85756
0.8569199999999998
0.8586599999999991
0.8579599999999994
0.8601199999999998
0.8572199999999996
0.8603099999999995
0.8574299999999995
0.8583099999999995
0.8571000000000001
0.8597699999999991
0.8577599999999999
0.85713
0.8583299999999998
0.8586799999999997
0.857349999999999
0.8573599999999996
0.8595399999999997
0.85891
0.86066
0.8601599999999998
0.8576099999999998
0.85913
0.8585799999999996
0.8586499999999998
0.85796
0.8579399999999998
0.8574199999999996
0.8579199999999996
0.8596899999999996
0.8599999999999995
0.8597699999999996
0.85953
0.8571699999999999
0.8577499999999998
0.8577899999999997
0.8575399999999997
0.8577999999999995
0.8571199999999997
0.8581799999999999
0.8585199999999992
0.8593799999999997
0.8579699999999992
0.8598099999999995
0.8593299999999994
0.8588500000000002
0.8585299999999996
0.85793
0.8585099999999996
0.8586799999999998
0.8570099999999995
0.8552200000000002
0.8585099999999996
0.8561599999999995
0.8589899999999993
0.8595199999999998
0.8602699999999999
0.8587799999999998
0.8573799999999997
0.8567199999999994
0.85821
0.8584699999999995
0.8566399999999997
0.8580599999999994
0.8591699999999999
0.8592499999999998
0.8592099999999994
0.8580899999999994
0.8596599999999996
0.8594999999999996
0.8596300000000001
0.860119999999999
0.8590299999999996
0.8583600000000001
0.8577999999999999
0.8565299999999997
0.8592399999999998
0.8564099999999993
0.8569499999999995
0.8572600000000001
0.8582000000000002
0.8582699999999996
0.8587299999999997
0.8601599999999998
0.8584799999999995
0.8596299999999997
0.8579999999999994
0.8568299999999995
0.8572799999999994
0.8579299999999996
0.85725
0.8596799999999993
0.8597400000000001
0.85752
0.8564
0.8566199999999988
0.8566499999999998
0.8586799999999998
0.8606500000000001
0.8593900000000001
0.8597699999999997
0.8574699999999998
0.8575799999999993
0.8589699999999998
0.8584499999999997
0.8594799999999998
0.8575399999999996
0.8591099999999998
0.8594699999999996
0.8581299999999997
0.8561799999999998
0.8568899999999999
0.8572199999999994
0.8582199999999999
0.8595199999999995
0.8590200000000001
0.85903
0.8581599999999994
0.8577699999999999
0.8577299999999995
0.8589199999999996
0.8581699999999998
0.8591000000000001
0.8577799999999999
0.8568099999999998
0.8558999999999997
0.8566399999999993
0.8572899999999996
0.8587199999999995
0.8579399999999996
0.8582799999999996
0.8594799999999992
0.8582899999999997
0.8585699999999999
0.8578099999999997
0.8573599999999999
0.8555399999999999
0.8570799999999998
0.8579399999999999
0.8596699999999997
0.8578899999999996
0.8575199999999994
0.8586999999999998
0.8594899999999999
0.8597399999999997
0.8583199999999995
0.8580999999999998
0.8589099999999996
0.8584900000000002
0.8572599999999998
0.8577000000000001
0.8570299999999996
0.8598899999999994
0.8589200000000001
0.8586099999999997
0.8603600000000001
0.8585299999999998
0.8563699999999996
0.8579800000000002
0.8598599999999998
0.8589699999999999
0.8598399999999994
0.8579299999999997
0.8577999999999997
0.8591899999999991
0.8574199999999997
0.8568399999999999
0.8577999999999996
0.8572
0.8573299999999996
0.8569699999999996
0.8579499999999998
0.8578299999999994
0.8592499999999997
0.8588899999999997
0.8578499999999996
0.85893
0.8580799999999997
0.8582499999999997
0.8610999999999993
0.8585799999999998
0.85985
0.8585899999999994
0.8599300000000002
0.8599899999999998
0.8595999999999997
0.8571199999999997
0.85625
0.8582899999999996
0.8573999999999993
0.8575199999999996
0.8568599999999996
0.8594799999999998
0.8582299999999996
0.8603499999999994
0.8586899999999998
0.8577599999999994
0.8571099999999997
0.8593099999999997
0.8583399999999997
0.8578699999999998
0.8585699999999997
0.8595199999999997
0.8589200000000001
0.8585299999999997
0.8590899999999997
0.8585999999999997
0.8586099999999997
0.8578299999999998
0.8581999999999996
0.8582699999999996
0.8590799999999998
0.8604799999999996
0.8570299999999993
0.8591199999999999
0.85953
0.8594599999999994
0.8564499999999995
0.8591499999999996
0.8591399999999996
0.8579399999999997
0.8576799999999996
0.8604599999999999
0.8599899999999997
0.8600299999999994
0.8597299999999997
0.8591999999999997
0.8563399999999995
0.85669
0.8589099999999996
0.8572799999999997
0.8591599999999997
0.85881
0.8578199999999998
0.8573199999999999
0.8576699999999997
0.8595299999999998
0.8589999999999995
0.8578299999999999
0.8582299999999996
0.8573199999999997
0.8560599999999999
0.8587299999999994
0.8585299999999998
0.85746
0.8572999999999996
0.8555399999999997
0.8566099999999994
0.8580699999999996
0.8587099999999999
0.8592099999999996
0.8601199999999996
0.8603299999999997
0.8589699999999998
0.8586299999999996
0.8579799999999994
0.8560299999999994
0.85676
0.8577799999999997
0.8593300000000003
0.8576299999999997
0.85771
0.8593599999999995
0.8592199999999997
0.8567399999999994
0.85762
0.8564299999999997
0.8580699999999993
0.8595299999999998
0.8571999999999999
0.8586999999999994
0.8582999999999995
0.8584099999999996
0.8571000000000002
0.8573099999999998
0.8572599999999995
0.8586899999999997
0.8574199999999998
0.8570899999999989
0.8578299999999994
0.8579899999999999
0.8577799999999998
0.8587799999999999
0.8591199999999998
0.85795
0.856769999999999
0.8564499999999995
0.8598899999999995
0.8591499999999996
0.8584299999999991
0.8556999999999997
0.8585799999999996
0.8574699999999994
0.8588499999999999
0.8553399999999998
0.8559799999999999
0.8570199999999997
0.8597699999999995
0.85887
0.8584399999999994
0.8571899999999999
0.8591199999999998
0.8569399999999995
0.8543399999999997
0.8582999999999995
0.8584899999999996
0.8574299999999997
0.85639
0.8569299999999995
0.8580899999999996
0.8580699999999999
0.8578699999999994
0.8574799999999999
0.85942
0.8581899999999995
0.8595399999999996
0.8577699999999993
0.85788
0.8561799999999994
0.8583599999999995
0.8589
0.8578799999999999
0.8599399999999998
0.8597999999999996
0.8588999999999993
0.8581699999999998
0.8604599999999997
0.8571599999999998
0.8602499999999996
0.8602399999999997
0.8602499999999992
0.8592099999999998
0.8571299999999998
0.8591699999999999
0.8588999999999999
0.8555499999999994
0.8560300000000001
0.8591499999999995
0.8583499999999996
0.8566299999999996
0.8572699999999999
0.8601399999999998
0.8606999999999997
0.8599399999999997
0.8567899999999998
0.8595299999999999
0.8573599999999998
0.8569099999999998
0.8583999999999996
0.8580299999999998
0.8577299999999995
0.8576599999999999
0.8570799999999995
0.8585499999999997
0.8584899999999996
0.8586199999999998
0.8585799999999998
0.85957
0.8584599999999998
0.8581499999999997
0.8586099999999998
0.8574399999999994
0.85698
0.8562099999999997
0.8571199999999997
0.85722
0.8570799999999994
0.8571699999999995
0.8568199999999999
0.8564599999999994
0.8581999999999996
0.8585699999999996
0.8573899999999998
0.8577999999999995
0.8568999999999994
0.8567400000000001
0.85768
0.8574799999999996
0.8551499999999994
0.8542099999999997
0.8562699999999999
0.8575099999999997
0.8613799999999995
0.8584499999999999
0.8589999999999998
0.8597499999999997
0.8599899999999997
0.8589399999999999
0.8570799999999994
0.85685
0.8591099999999996
0.8577599999999994
0.8581799999999998
0.8579599999999992
0.8594999999999999
0.8601999999999994
0.86023
0.8589299999999999
0.8602599999999997
0.8590300000000002
0.8571499999999992
0.8595599999999997
0.8603699999999995
0.8593099999999994
0.8589300000000002
0.8599999999999998
0.8575099999999998
0.8589599999999993
0.8577299999999997
0.85981
0.8576399999999998
0.8581799999999995
0.8584499999999998
0.8576099999999995
0.8587
0.8569099999999998
0.8557399999999998
0.8563399999999999
0.8584199999999995
0.8593499999999996
0.8589499999999998
0.8601499999999995
0.85751
0.8577399999999996
0.8581799999999999
0.8579600000000001
0.8574899999999996
0.8573799999999993
0.8569499999999995
0.8582
0.8570999999999995
0.8569199999999998
0.85798
0.85724
0.85735
0.8595699999999995
0.8580399999999995
0.8588499999999999
0.8578299999999998
0.8562099999999997
0.8582799999999999
0.8578199999999992
0.8559899999999994
0.8599299999999996
0.8585599999999997
0.8571599999999998
0.8582
0.8613699999999994
0.8576699999999994
0.8569799999999997
0.8581399999999995
0.8609599999999995
0.8604899999999996
0.8580399999999995
0.8576299999999997
0.85777
0.8580399999999995
0.8602799999999995
0.8569699999999996
0.8574699999999997
0.8571
0.8590000000000001
0.8566400000000002
0.8563999999999998
0.8570099999999995
0.8563699999999996
0.8584899999999999
0.8576999999999996
0.8579099999999998
0.85793
0.8569199999999992
0.8559799999999999
0.8562400000000002
0.8571299999999998
0.8567899999999998
0.8584499999999994
0.8598799999999994
0.8599499999999998
0.8595799999999996
0.8584999999999995
0.8578199999999992
0.8588999999999996
0.8571399999999997
0.8567900000000002
0.8559399999999995
0.8563
0.8578499999999998
0.8579799999999997
0.8567299999999995
0.8590099999999993
0.8598899999999999
0.8592800000000002
0.8599499999999998
0.8578599999999994
0.8596199999999996
0.8584600000000002
0.8577799999999993
0.8576199999999998
0.8579499999999995
0.8571999999999995
0.8579100000000001
0.8581499999999995
0.8570699999999992
0.8591299999999998
0.8581999999999995
0.8580599999999998
0.8573899999999998
0.8587399999999995
0.8577599999999994
0.8576199999999996
0.8590199999999995
0.8575899999999997
0.85897
0.8579199999999996
0.8560299999999995
0.8569299999999997
0.8566999999999999
0.8556499999999998
0.8576199999999996
0.8563399999999995
0.8584699999999996
0.8585899999999994
0.8581599999999996
0.8593399999999995
0.8576599999999993
0.8571299999999998
0.8577099999999998
0.8593899999999997
0.8578599999999994
0.8572199999999996
0.8559999999999997
0.8573999999999998
0.8571899999999997
0.8576599999999998
0.8582799999999999
0.8583599999999997
0.8575799999999998
0.8582899999999999
0.8585399999999995
0.85733
0.85635
0.8574499999999994
0.8571099999999998
0.8571099999999997
0.8593299999999996
0.8576199999999997
0.8571499999999994
0.8565399999999996
0.8582599999999999
0.8570099999999994
0.8581099999999998
0.85669
0.8569099999999998
0.8571099999999998
0.85911
0.8593899999999997
0.8604299999999994
0.8581000000000003
0.8593599999999999
0.8591799999999995
0.8594199999999996
0.8584299999999998
0.8578599999999997
0.8566099999999993
0.8598
0.8595799999999998
0.8584999999999998
0.8588599999999995
0.8601499999999995
0.8590899999999995
0.8581199999999994
0.8599999999999995
0.8578199999999998
0.85592
0.8570199999999996
0.8572699999999996
0.8590599999999994
0.8594199999999996
0.8597099999999999
0.8599399999999998
0.8581999999999996
0.8591799999999999
0.8583299999999997
0.8568299999999998
0.8583999999999995
0.8600199999999997
0.8590399999999992
0.8594999999999997
0.8585099999999997
0.8589199999999992
0.8583899999999995
0.8597199999999997
0.8596599999999995
0.8576899999999995
0.8577699999999995
0.8577299999999995
0.8576799999999998
0.8580499999999996
0.8590399999999991
0.8577499999999993
0.8585699999999993
0.8588099999999996
0.8591299999999995
0.8577499999999997
0.8585299999999996
0.8578199999999994
0.8574999999999997
0.8570099999999995
0.8562199999999994
0.8579099999999994
0.8580399999999997
0.8584699999999998
0.8579999999999995
0.8575999999999998
0.8573099999999997
0.8590599999999996
0.8584999999999998
0.8585399999999995
0.8586099999999994
0.8590199999999996
0.8567799999999997
0.8579099999999998
0.8581399999999998
0.8580900000000001
0.8590999999999996
0.85752
0.8581199999999997
0.8582099999999997
0.8566299999999996
0.8563199999999995
0.8559800000000003
0.858
0.8582299999999996
0.8584300000000001
0.8584800000000001
0.8591799999999999
0.8584099999999999
0.8598899999999997
0.8573599999999996
0.8575699999999996
0.8577399999999997
0.8565999999999994
0.8570999999999996
0.8584499999999996
0.8589699999999997
0.8584899999999994
0.8590599999999998
0.85866
0.8602099999999996
0.8596899999999998
0.8568099999999998
0.8577699999999996
0.8576999999999992
0.85792
0.8576799999999999
0.8591799999999998
0.8591
0.8583099999999995
0.8580099999999996
0.8595999999999998
0.8602199999999998
0.8596299999999997
0.8588999999999996
0.85886
0.8610999999999998
0.8601899999999998
0.86047
0.8567899999999998
0.8571999999999999
0.8567499999999998
0.8571599999999997
0.8587399999999993
0.8588999999999996
0.8585499999999997
0.8578099999999997
0.8577299999999994
0.8594499999999996
0.8579599999999995
0.8581499999999997
0.8565599999999993
0.8582999999999995
0.8567599999999996
0.8562199999999999
0.8568799999999998
0.8582799999999996
0.85788
0.8579299999999996
0.8573999999999998
0.8585599999999993
0.8576999999999994
0.8565499999999997
0.8578699999999999
0.8589399999999995
0.8581999999999996
0.8592399999999997
0.8560400000000001
0.8563799999999999
0.8567699999999993
0.8581499999999999
0.8605599999999994
0.8583399999999992
0.8559100000000004
0.85791
0.8581399999999997
0.8582399999999991
0.8583499999999995
0.8596999999999998
0.8585999999999996
0.8613399999999991
0.8595499999999996
0.8583599999999997
0.8566699999999997
0.8578599999999997
0.8603299999999993
0.8598099999999996
0.8586900000000002
0.8576599999999999
0.8582799999999997
0.8587699999999995
0.8562799999999997
0.8569499999999995
0.8578199999999997
0.8584700000000001
0.8585799999999998
0.8586999999999998
0.8594999999999997
0.86003
0.8588099999999996
0.8594899999999993
0.8594399999999999
0.8573199999999999
0.8580099999999998
0.8587699999999994
0.8585999999999998
0.8567099999999996
0.8578399999999995
0.85798
0.8571099999999997
