0.19999999999999962
0.33249999999999985
0.5091299999999999
0.65078
0.74245
0.7907600000000002
0.81518
0.8279199999999995
0.8347599999999994
0.8370299999999997
0.8399399999999995
0.8401499999999997
0.8382999999999994
0.8390399999999993
0.8382500000000002
0.8394399999999997
0.8393699999999998
0.8400899999999999
0.8405799999999999
0.8413399999999994
0.8417999999999999
0.8410399999999999
0.8408899999999998
0.8410299999999994
0.8409499999999995
0.8409099999999999
0.8413499999999995
0.8416699999999997
0.8414699999999997
0.8401399999999998
0.8404799999999996
0.84313
0.8403099999999999
0.8417299999999998
0.8404900000000002
0.8427199999999999
0.8419099999999995
0.8414799999999993
0.8434699999999996
0.8414999999999999
0.8422699999999999
0.8419899999999996
0.8410099999999996
0.8390299999999997
0.84049
0.83941
0.8408599999999997
0.83966
0.8407999999999995
0.8406399999999996
0.8415100000000001
0.8423099999999998
0.84142
0.8395999999999993
0.84272
0.8399500000000001
0.8411799999999997
0.8417199999999998
0.8419099999999999
0.8419399999999995
0.8388099999999994
0.8394799999999999
0.83872
0.8396899999999996
0.8398200000000001
0.8396699999999993
0.8397999999999997
0.8402999999999997
0.8415899999999996
0.8413499999999995
0.8402899999999996
0.8410600000000003
0.8402899999999996
0.8398499999999995
0.8394800000000001
0.8410299999999994
0.8439399999999998
0.8417099999999995
0.8413099999999997
0.8413199999999993
0.8418099999999992
0.8412499999999997
0.8417199999999998
0.8387400000000003
0.8398999999999995
0.8409299999999995
0.8416399999999996
0.8411099999999998
0.8415599999999995
0.8420999999999996
0.8434499999999998
0.8420399999999998
0.8412099999999998
0.8417599999999996
0.84171
0.8411699999999996
0.84262
0.8410799999999995
0.8416299999999997
0.8419099999999995
0.8419699999999994
0.8377999999999998
0.84036
0.8404299999999999
0.8415399999999997
0.8414599999999999
0.8414099999999998
0.8401099999999996
0.8415499999999995
0.8421599999999998
0.8427499999999993
0.8413399999999992
0.84049
0.8418899999999999
0.8411399999999997
0.84171
0.8413399999999999
0.8413399999999994
0.8412099999999997
0.8416299999999997
0.8414899999999996
0.84
0.8404299999999997
0.8395599999999998
0.8411500000000003
0.8411299999999998
0.8414199999999995
0.8417799999999995
0.8408599999999997
0.8418399999999997
0.8400199999999995
0.8418499999999998
0.8395599999999998
0.8411499999999994
0.8402899999999999
0.8432499999999995
0.8412899999999999
0.8405099999999994
0.8417399999999993
0.8415699999999999
0.8395999999999997
0.8412199999999999
0.8401699999999996
0.8402699999999996
0.8398899999999999
0.8396599999999999
0.8405499999999999
0.8423499999999993
0.8415599999999998
0.8401000000000001
0.8408399999999994
0.8400599999999995
0.8393199999999993
0.8405399999999997
0.8396699999999998
0.84135
0.8389299999999998
0.8406599999999996
0.8418099999999994
0.8389499999999995
0.8401999999999995
0.8399500000000001
0.8395899999999998
0.8428799999999995
0.8436599999999995
0.84288
0.8424699999999996
0.8415499999999999
0.8418800000000002
0.8417799999999999
0.8418199999999998
0.8410399999999996
0.8405699999999999
0.8428199999999993
0.8423899999999992
0.8422899999999994
0.8415499999999991
0.8410799999999997
0.8420899999999995
0.8404600000000001
0.8411499999999998
0.8433099999999998
0.8418599999999995
0.8424299999999998
0.8401499999999998
0.8417899999999999
0.8407899999999997
0.8404099999999994
0.8401199999999999
0.8415399999999998
0.8413599999999996
0.8388099999999994
0.8405400000000001
0.8412999999999994
0.8411699999999995
0.8397299999999995
0.8379999999999996
0.8372999999999999
0.8379800000000002
0.84002
0.8388900000000001
0.8387700000000003
0.8412399999999997
0.8405799999999997
0.8429499999999996
0.8421099999999996
0.84148
0.8412799999999997
0.8415499999999997
0.8399799999999996
0.8387599999999996
0.8392099999999998
0.8395
0.8408999999999994
0.8405899999999997
0.84087
0.8404399999999994
0.8395599999999999
0.8417399999999998
0.8390799999999995
0.8399399999999999
0.84017
0.8423099999999996
0.8428399999999994
0.8428999999999996
0.8414899999999996
0.8396799999999999
0.8385899999999996
0.8388599999999995
0.8397
0.8378099999999997
0.8404899999999994
0.8396699999999998
0.8404900000000001
0.8407499999999994
0.8404000000000004
0.8405699999999999
0.8404200000000001
0.8403499999999999
0.8400699999999994
0.8412999999999999
0.84052
0.83993
0.8390599999999999
0.83896
0.8401599999999996
0.8397399999999997
0.8399499999999995
0.8411699999999993
0.8420799999999996
0.8424999999999998
0.8430099999999997
0.8435199999999997
0.8407399999999997
0.8403099999999999
0.8399800000000002
0.8402299999999997
0.84143
0.8410699999999998
0.8404999999999996
0.8389099999999998
0.8385300000000001
0.8413899999999996
0.8409899999999995
0.8414799999999998
0.8423399999999992
0.8419999999999999
0.8422799999999997
0.8416600000000001
0.8414299999999999
0.8416199999999996
0.8404299999999995
0.8399499999999995
0.8389599999999993
0.8405299999999994
0.841
0.8412299999999999
0.8405799999999997
0.8421499999999996
0.8435999999999996
0.84063
0.8412499999999996
0.8415499999999996
0.8424099999999997
0.8414199999999991
0.8424899999999999
0.8427199999999996
0.8420599999999996
0.8397899999999998
0.8412199999999995
0.8399199999999999
0.84006
0.8417799999999999
0.8416899999999999
0.8418799999999994
0.8413899999999996
0.8403199999999995
0.8411099999999995
0.8419399999999997
0.8400200000000001
0.8405199999999995
0.84021
0.8384499999999998
0.8412299999999995
0.8407999999999999
0.8388899999999997
0.8391099999999995
0.8390699999999994
0.8400799999999995
0.8401599999999996
0.8399900000000001
0.8395400000000004
0.8395399999999998
0.8400999999999992
0.8413799999999999
0.8419599999999997
0.8417499999999998
0.8413099999999994
0.8421499999999995
0.8422799999999998
0.8420699999999997
0.8419999999999996
0.8410099999999993
0.8405299999999997
0.8412599999999995
0.8422499999999994
0.8404599999999997
0.8393699999999998
0.84021
0.8395299999999998
0.8385799999999998
0.8407399999999996
0.83968
0.84073
0.8391599999999997
0.8395099999999995
0.8422499999999999
0.8406399999999996
0.8420200000000001
0.8428899999999996
0.8415699999999995
0.8413799999999996
0.8403499999999997
0.8395099999999992
0.8428399999999994
0.8399899999999999
0.8391499999999997
0.8402999999999998
0.8412699999999995
0.84027
0.8398699999999992
0.8420999999999996
0.8419599999999993
0.8404199999999995
0.8410699999999995
0.8403699999999995
0.8402999999999996
0.8412299999999991
0.8394799999999998
0.8406699999999997
0.8414499999999998
0.8409899999999993
0.8404999999999994
0.8401499999999996
0.8400599999999996
0.84015
0.8409099999999998
0.8414399999999995
0.8414400000000001
0.8405699999999997
0.8403799999999996
0.8399299999999995
0.8403999999999996
0.8397100000000001
0.8413399999999999
0.8404699999999994
0.8385099999999998
0.8414299999999996
0.8408699999999998
0.8415699999999998
0.8416199999999996
0.8432099999999996
0.8410900000000001
0.84144
0.8399500000000002
0.8405399999999996
0.8404899999999995
0.83892
0.8398599999999997
0.8402999999999993
0.8415
0.8408299999999997
0.84076
0.8412899999999999
0.84167
0.8418499999999995
0.8413299999999997
0.8399000000000002
0.8417699999999998
0.8394299999999997
0.8401399999999998
0.8394899999999995
0.84036
0.8399499999999998
0.8384900000000001
0.8412199999999997
0.8412999999999995
0.8437799999999998
0.8410899999999999
0.8411599999999995
0.8413499999999995
0.8415899999999995
0.84205
0.8411499999999998
0.8421099999999995
0.8427299999999999
0.8409599999999995
0.8408399999999995
0.8416799999999997
0.8417899999999996
0.83973
0.8412
0.8406699999999995
0.84088
0.8387299999999999
0.83847
0.8409899999999995
0.8401899999999992
0.8408499999999998
0.8397199999999997
0.8402599999999998
0.8390699999999996
0.8396499999999999
0.8409099999999999
0.8408899999999997
0.8412899999999993
0.8389199999999997
0.8410699999999998
0.8416999999999993
0.84083
0.8404699999999999
0.8428499999999999
0.8413199999999996
0.8403799999999997
0.8387699999999998
0.8385999999999996
0.8393100000000001
0.8393199999999997
0.84182
0.8414499999999998
0.8418000000000001
0.8426799999999994
0.8426499999999995
0.8433099999999993
0.8423399999999998
0.8424300000000001
0.8421500000000001
0.8419399999999997
0.8429100000000002
0.8413699999999997
0.8417999999999999
0.8408199999999997
0.84055
0.8421900000000001
0.8407899999999998
0.8415499999999995
0.8395299999999999
0.8398599999999999
0.8422799999999995
0.8437299999999999
0.8401399999999998
0.8390499999999999
0.8386099999999999
0.84059
0.8403500000000003
0.8407399999999996
0.8405999999999999
0.84014
0.8409999999999997
0.8400899999999997
0.8406299999999995
0.83962
0.8408099999999997
0.8409999999999994
0.8397399999999994
0.8413399999999995
0.8412499999999993
0.84207
0.8420999999999998
0.8418699999999998
0.8411299999999997
0.8418699999999997
0.8401599999999995
0.8400599999999997
0.8407399999999999
0.8394399999999997
0.8407999999999999
0.8416799999999999
0.8410799999999995
0.8407899999999997
0.8417999999999997
0.8416499999999995
0.8419
0.8421099999999997
0.8391299999999998
0.8399399999999997
0.8394899999999998
0.8395000000000001
0.8417299999999994
0.8406499999999996
0.8411299999999997
0.8403199999999997
0.8400799999999999
0.8413399999999995
0.8416999999999996
0.8407800000000001
0.8393199999999996
0.8402599999999996
0.8393700000000004
0.8391000000000001
0.8404999999999997
0.8399099999999997
0.8398199999999996
0.8404299999999997
0.8397199999999997
0.8407700000000001
0.8419999999999997
0.8421399999999999
0.8405899999999994
0.8405099999999996
0.8400999999999997
0.8421399999999997
0.8405499999999999
0.84059
0.8405599999999995
0.8412999999999999
0.8403299999999997
0.8406699999999999
0.8408999999999996
0.8406999999999997
0.8402499999999996
0.8410299999999996
0.8426199999999996
0.84301
0.8405999999999996
0.8397899999999994
0.8389799999999995
0.8403399999999996
0.8427499999999997
0.8412400000000001
0.8419599999999998
0.8402099999999991
0.84211
0.8419199999999997
0.8398299999999996
0.8411200000000001
0.8395799999999997
0.8396399999999994
0.8411499999999995
0.8408799999999996
0.8416999999999994
0.8404999999999998
0.8403299999999995
0.8412899999999998
0.8407299999999995
0.8426899999999996
0.8416599999999994
0.84075
0.8411399999999994
0.8422099999999999
0.8403799999999998
0.8406899999999997
0.8420099999999999
0.8400399999999997
0.8409799999999994
0.8401199999999995
0.8412499999999994
0.8425199999999999
0.8382000000000001
0.8395499999999996
0.8400399999999998
0.8406699999999993
0.8401699999999996
0.8397200000000001
0.83905
0.8409299999999996
0.8412299999999994
0.8403299999999994
0.8407099999999997
0.84163
0.8425199999999997
0.8409400000000001
0.8419399999999996
0.8414899999999997
0.8421599999999998
0.8404
0.8407999999999995
0.8415399999999995
0.8400499999999996
0.8393699999999997
0.8391099999999997
0.8402
0.8422100000000001
0.8394900000000001
0.8395299999999998
0.8407700000000001
0.8404599999999995
0.8392400000000001
0.8428899999999997
0.8396999999999994
0.8417499999999998
0.8416699999999991
0.8412299999999998
0.8419299999999993
0.8411899999999999
0.8410499999999995
0.8382100000000001
0.8397999999999998
0.8394699999999997
0.8401500000000002
0.8403999999999998
0.8411999999999995
0.8418499999999995
0.8425999999999998
0.8420399999999992
0.84132
0.8404699999999997
0.8421599999999999
0.8418199999999996
0.8409199999999999
0.84119
0.8412599999999999
0.8386599999999995
0.8421699999999998
0.8405899999999998
0.8421999999999994
0.8420299999999997
0.8410099999999998
0.8411099999999995
0.8393100000000002
0.8422199999999997
0.8397499999999997
0.8409400000000002
0.8396599999999999
0.8397399999999996
0.8410199999999997
0.8397800000000001
0.8383999999999996
0.8399799999999996
0.8410199999999999
0.8415699999999998
0.8408500000000001
0.84049
0.8399599999999994
0.8411299999999998
0.8412400000000002
0.83895
0.8397299999999999
0.84013
0.8413199999999995
0.8404099999999995
0.8422699999999997
0.8414899999999998
0.8418199999999998
0.8401400000000002
0.8394899999999995
0.8404699999999995
0.8416699999999996
0.8417399999999996
0.8429799999999996
0.84089
0.8418299999999996
0.8411699999999998
0.8413900000000001
0.8445199999999994
0.84369
0.8421500000000002
0.8393799999999996
0.8394699999999996
0.8401899999999999
0.8413799999999998
0.8408299999999995
0.8416199999999993
0.8410899999999992
0.8422499999999995
0.8405400000000001
0.8425999999999998
0.8411499999999994
0.8413499999999996
0.8420200000000001
0.8404999999999997
0.8400500000000002
0.8398599999999995
0.8398299999999999
0.8410699999999998
0.8424200000000001
0.8401299999999998
0.8413599999999998
0.8397099999999996
0.83994
0.8396000000000001
0.8409699999999998
0.8412
0.8394799999999996
0.8411899999999993
0.8414699999999997
0.8410299999999994
0.8400999999999993
0.8409099999999999
0.8412900000000003
0.8394699999999996
0.8393199999999997
0.8408999999999996
0.8417799999999994
0.8402899999999995
0.84191
0.8411899999999997
0.8410999999999995
0.8419699999999996
0.8410399999999996
0.8389500000000001
0.83998
0.8401899999999997
0.8401299999999994
0.8395400000000001
0.8375499999999992
0.8380599999999997
0.8395399999999998
0.8421499999999992
0.8390599999999994
0.8392099999999995
0.8388499999999997
0.8420899999999996
0.8421199999999999
0.840869999999999
0.8403399999999998
0.8410999999999997
0.8418899999999997
0.8417499999999998
0.8413699999999994
0.8426699999999998
0.8420199999999999
0.8425599999999994
0.8435999999999999
0.8408399999999994
0.8411499999999994
0.8418999999999996
0.84144
0.8401699999999996
0.84119
0.8399399999999999
0.8414499999999999
0.8411199999999995
0.8419799999999998
0.8423399999999998
0.8424399999999994
0.8406899999999999
0.8399700000000001
0.8418599999999996
0.8421400000000001
0.8427799999999996
0.8415999999999997
0.8414399999999993
0.84088
0.8413
0.84261
0.8422499999999994
0.8422299999999997
0.8415099999999999
0.8419699999999999
0.8413799999999992
0.8423099999999997
0.8414299999999996
0.84162
0.8399399999999995
0.8411099999999994
0.8417699999999997
0.8419699999999994
0.8409499999999998
0.8403199999999998
0.8394499999999997
0.8412399999999994
0.8419699999999998
0.8431800000000002
0.8413599999999998
0.8425999999999999
0.8429699999999996
0.8422999999999997
0.8416699999999999
0.84104
0.8396699999999995
0.8415499999999999
0.8377299999999999
0.8396499999999998
0.8386899999999998
0.83915
0.8405299999999998
0.8404899999999996
0.8398799999999998
0.8404599999999995
0.8405600000000001
0.8406199999999996
0.8394099999999995
0.8410099999999997
0.8418199999999998
0.8402200000000001
0.8402899999999996
0.8405100000000002
0.84067
0.84248
0.8416299999999997
0.8407199999999996
0.8419399999999996
0.8399
0.8388899999999999
0.8393199999999997
0.8418499999999995
0.8412899999999998
0.8396499999999996
0.8390199999999998
0.83914
0.84254
0.8423399999999998
0.8442999999999995
0.8430599999999994
0.8408999999999998
0.8421099999999997
0.8436099999999997
0.8412899999999996
0.8414500000000004
0.8420899999999995
0.8414899999999996
0.8405400000000002
0.83967
0.8422199999999994
0.8424599999999994
0.8438499999999998
0.84207
0.8427499999999993
0.84126
0.8394299999999996
0.8421299999999994
0.8396599999999996
0.8396899999999995
0.84037
0.8395699999999994
0.8401499999999997
0.8409099999999998
0.8388499999999999
0.8381999999999998
0.8393399999999996
0.8396199999999999
0.8414599999999993
0.8422299999999997
0.8415500000000001
0.8416200000000003
0.84285
0.8423900000000001
0.8424899999999996
0.8415599999999999
0.8388599999999998
0.84059
0.8408199999999993
0.839689999999999
0.8390299999999997
0.8394099999999995
0.8412399999999998
0.8420699999999997
0.8407600000000002
0.8419499999999996
0.8425199999999994
0.8411500000000001
0.8407399999999994
0.8397199999999994
0.8411499999999993
0.8402600000000001
0.8399699999999999
0.8414999999999995
0.8398599999999997
0.8402999999999996
0.8402100000000003
0.84148
0.8418999999999996
0.8398400000000003
0.8418599999999998
0.8392399999999998
0.8400399999999999
0.8427299999999999
0.8424799999999998
0.8401799999999997
0.8399500000000001
0.8395599999999998
0.8403499999999994
0.84052
0.8406699999999995
0.8405199999999998
0.8414899999999998
0.8420000000000001
0.8413499999999999
0.8410599999999999
0.8424599999999995
0.8406799999999996
0.8406000000000001
0.8413499999999998
0.84128
0.8405400000000001
0.8400299999999997
0.8418899999999995
0.8405599999999996
0.8421199999999998
0.8412800000000001
0.8430100000000001
0.8417599999999997
0.8410399999999996
0.8398899999999999
0.8407599999999998
0.8408999999999999
0.84164
0.8417899999999997
0.8416199999999995
0.8406399999999999
0.84293
0.8411699999999999
0.8401799999999998
0.8408999999999996
0.8410499999999999
0.84037
0.8387999999999998
0.8396699999999997
0.83888
0.8393600000000003
0.84127
0.8410599999999998
0.8400399999999999
0.8407299999999998
0.8393899999999994
0.8409299999999996
0.8406399999999995
0.8428
0.8403399999999999
0.8409999999999997
0.8407999999999999
0.8404599999999995
0.8404699999999995
0.8390800000000002
0.8408699999999996
0.8408899999999997
0.8423899999999998
0.8417399999999996
0.8395999999999997
0.8388299999999996
0.8398199999999997
0.84022
0.8407599999999996
0.8404699999999999
0.8394800000000001
0.8389799999999995
0.8405099999999999
0.8380999999999994
0.8431399999999999
0.8425499999999998
0.8429799999999998
0.8429799999999997
0.8427799999999996
0.8407999999999995
0.8409899999999996
0.8394399999999993
0.8407300000000001
0.8401899999999993
0.8399199999999997
0.8413099999999999
0.8414799999999998
0.84032
0.8402099999999997
0.8417799999999996
0.8431099999999994
0.8406899999999999
0.8398099999999996
0.8402899999999994
0.8415600000000001
0.8423199999999995
0.8396099999999999
0.8422199999999994
0.8409999999999996
0.8409099999999993
0.8394699999999996
0.8393799999999996
0.8402299999999996
0.8413599999999998
0.8426999999999998
0.8417299999999996
0.8411199999999998
0.8399600000000007
0.8424299999999996
0.8399599999999997
0.8408199999999998
0.8423599999999994
0.8412799999999998
0.8426199999999995
0.8421399999999997
