0.19999999999999962
0.20909
0.2218700000000001
0.23426
0.24752000000000002
0.26039
0.27382
0.2871
0.2997299999999999
0.31225999999999987
0.32333
0.33326000000000006
0.34146
0.3516900000000001
0.35918
0.3653700000000001
0.37241999999999975
0.37910999999999995
0.3855399999999999
0.3916899999999998
0.39748999999999995
0.4014500000000001
0.40521999999999997
0.40895999999999993
0.41099999999999987
0.41401
0.41581
0.4172400000000001
0.41807000000000016
0.4221999999999998
0.4239300000000001
0.4252000000000002
0.4273299999999999
0.42911
0.42937000000000003
0.4310199999999999
0.43102
0.43110000000000026
0.43054999999999977
0.43048000000000003
0.4314899999999999
0.4316699999999998
0.43030999999999997
0.4300799999999998
0.4302800000000001
0.43087999999999993
0.42978999999999984
0.43255000000000005
0.4329700000000002
0.43324999999999997
0.43335999999999997
0.43361999999999973
0.4340200000000001
0.43395000000000006
0.43299
0.43215999999999993
0.43174000000000007
0.4333799999999998
0.4325499999999999
0.43145000000000006
0.43210999999999994
0.4321
0.43297000000000013
0.43352
0.43354
0.43432999999999994
0.43455000000000005
0.43346
0.43229999999999996
0.4303000000000001
0.43224999999999997
0.43258999999999986
0.43210000000000015
0.43409
0.43419000000000013
0.4344199999999999
0.4348499999999999
0.43593999999999994
0.43620000000000003
0.43611
0.4360899999999999
0.43634999999999996
0.43550999999999995
0.4340000000000002
0.43325
0.4332599999999999
0.4335800000000002
0.43425
0.43420000000000003
0.43597
0.43519999999999986
0.43660000000000027
0.43773
0.43767000000000017
0.4378599999999999
0.43744999999999995
0.43738000000000016
0.4366599999999999
0.4351000000000002
0.4347099999999999
0.4344200000000001
0.4349099999999998
0.4335199999999999
0.43491
0.43575
0.43495999999999996
0.4352400000000001
0.43570999999999993
0.4361699999999998
0.4371400000000001
0.43684000000000006
0.4380599999999999
0.43906999999999996
0.4382500000000002
0.43657999999999997
0.4377999999999998
0.4377500000000001
0.4370300000000001
0.43758
0.43698999999999993
0.4384899999999999
0.4380700000000002
0.43822999999999984
0.43878000000000006
0.43882
0.4385499999999999
0.43768
0.4369400000000002
0.4366300000000002
0.43746000000000007
0.4363200000000001
0.43620999999999993
0.43654
0.43807000000000007
0.4388099999999999
0.43866999999999995
0.43787000000000004
0.43759000000000015
0.43694999999999984
0.43671
0.43597
0.43518999999999997
0.4332900000000002
0.43333000000000005
0.43237000000000025
0.43174
0.43195000000000017
0.43251999999999996
0.43193000000000015
0.43325
0.43570999999999993
0.4366199999999999
0.4362300000000002
0.43551000000000006
0.4358599999999999
0.4356200000000001
0.43525999999999987
0.43393
0.4336200000000001
0.4346299999999996
0.4348099999999999
0.43537
0.43546
0.4344100000000002
0.4367100000000002
0.43584
0.43701000000000007
0.43635000000000007
0.43518999999999997
0.4348899999999998
0.43559999999999993
0.43409000000000014
0.4338999999999998
0.43393999999999994
0.43423999999999985
0.43328999999999973
0.43229000000000023
0.4316099999999999
0.43334999999999996
0.43116999999999966
0.4319399999999998
0.43276000000000003
0.43499000000000004
0.43465
0.4360199999999999
0.43497
0.4345499999999998
0.4318699999999997
0.4321199999999999
0.4325499999999999
0.43317
0.43131
0.4319200000000001
0.431
0.4311100000000001
0.43161
0.4315600000000003
0.4318699999999998
0.4318499999999998
0.43120999999999965
0.4317599999999999
0.4322400000000002
0.43233
0.4324800000000002
0.43262000000000006
0.43272999999999984
0.4330199999999999
0.43387999999999993
0.43285999999999997
0.4327500000000001
0.43215999999999993
0.43319
0.43237000000000003
0.4312699999999999
0.43149
0.43232
0.43351999999999996
0.4341099999999999
0.4353499999999997
0.43514999999999987
0.4344300000000002
0.43341
0.43396
0.4355200000000002
0.43462
0.43434999999999996
0.4343099999999999
0.43686
0.4375900000000001
0.4374199999999998
0.43742000000000003
0.43698
0.43633999999999984
0.4357900000000001
0.4349999999999997
0.43424999999999997
0.4348500000000001
0.43538
0.43530999999999975
0.4340499999999999
0.43512999999999996
0.43591
0.43601
0.4351500000000001
0.43447
0.43699
0.4351299999999999
0.4348500000000001
0.43371999999999994
0.43407
0.43403999999999987
0.43503000000000003
0.43652999999999986
0.43585999999999997
0.4363800000000001
0.43759
0.4382599999999999
0.43879000000000007
0.43852
0.43794000000000016
0.43829
0.4371
0.4376399999999998
0.43817999999999996
0.43677999999999995
0.4354500000000001
0.43504999999999994
0.43494000000000005
0.4353399999999999
0.4354499999999999
0.4358300000000001
0.43666
0.4370400000000001
0.43572999999999984
0.43709
0.4371999999999999
0.4368700000000001
0.43544999999999995
0.4349500000000001
0.4336
0.4326
0.43358999999999986
0.4341100000000001
0.43438000000000004
0.4341499999999999
0.4336299999999998
0.4341300000000002
0.4353799999999999
0.4339899999999999
0.4343199999999999
0.4336
0.43345999999999996
0.43345999999999996
0.4342200000000001
0.4348899999999999
0.43470000000000025
0.4363000000000003
0.43524
0.4353699999999999
0.4363200000000002
0.43592000000000014
0.43560000000000004
0.43642
0.4361299999999998
0.4352
0.4355
0.4344700000000001
0.4350799999999998
0.4349199999999999
0.43393999999999977
0.43338
0.43252
0.43367000000000006
0.43390999999999996
0.4342300000000001
0.43402999999999975
0.43424999999999997
0.43479
0.43517999999999996
0.43409999999999976
0.435
0.43423999999999985
0.43468999999999997
0.43626999999999994
0.43826
0.4372699999999999
0.43776
0.4388299999999999
0.43931
0.43683000000000005
0.43695000000000006
0.4371099999999999
0.43757000000000007
0.4377100000000001
0.43712
0.43741
0.43724000000000013
0.43774000000000013
0.4373099999999999
0.43715
0.43699000000000005
0.4360799999999998
0.43762
0.4354700000000002
0.4361799999999999
0.43585000000000007
0.43516999999999995
0.43636999999999987
0.4356500000000002
0.43672999999999995
0.43538
0.43458000000000013
0.43488000000000016
0.43502
0.4356000000000001
0.43435000000000007
0.4345499999999998
0.4343499999999999
0.4332499999999999
0.43479
0.4347199999999999
0.4350699999999998
0.4343299999999999
0.43347000000000013
0.4322900000000001
0.43302999999999975
0.43440000000000006
0.43526999999999993
0.43415999999999977
0.43404000000000004
0.4341800000000001
0.4345300000000001
0.43578000000000006
0.43629000000000007
0.43676999999999994
0.43622999999999984
0.4368599999999999
0.4359500000000002
0.43588000000000016
0.4352399999999998
0.43423999999999985
0.4341799999999999
0.4342199999999999
0.4343399999999998
0.43463000000000007
0.4346800000000001
0.4336699999999999
0.4348399999999998
0.43574999999999986
0.4350099999999999
0.43419
0.4334500000000001
0.43347000000000013
0.43412999999999974
0.4337499999999998
0.43499999999999983
0.4352600000000001
0.43589999999999995
0.4353300000000001
0.43576999999999994
0.4355700000000002
0.4369200000000001
0.43695999999999996
0.43563999999999986
0.43562000000000006
0.4357500000000002
0.43506999999999985
0.4371699999999999
0.4378800000000001
0.43745000000000006
0.43828999999999996
0.4381299999999998
0.43766999999999995
0.4393499999999999
0.4381000000000003
0.43866000000000016
0.4384
0.4383399999999999
0.43785999999999986
0.4371199999999999
0.4374900000000002
0.43695000000000006
0.43647999999999987
0.43664999999999976
0.43692000000000014
0.4364600000000001
0.43704999999999994
0.43684000000000006
0.43626000000000004
0.4350900000000001
0.43404000000000004
0.43447000000000024
0.43381000000000003
0.43598
0.43619000000000013
0.43693000000000004
0.43622000000000016
0.43574000000000007
0.43559999999999993
0.43611000000000005
0.4346
0.4350199999999999
0.4349299999999999
0.43431000000000014
0.4355599999999999
0.4356299999999999
0.43604000000000004
0.43499999999999994
0.43535
0.4354499999999997
0.43724000000000013
0.43566000000000016
0.43588
0.4360800000000002
0.43606999999999985
0.43562000000000034
0.4341200000000001
0.4349199999999999
0.43588
0.4383599999999999
0.4376700000000001
0.43868
0.43961999999999996
0.4383200000000001
0.4391999999999998
0.4393399999999999
0.43895
0.43986000000000025
0.4391299999999999
0.4399699999999999
0.44017000000000017
0.4407400000000001
0.43955999999999984
0.4399
0.44078999999999974
0.4390100000000002
0.4403000000000003
0.43947
0.43875
0.43810000000000004
0.4358200000000002
0.4367300000000002
0.43711000000000005
0.4355000000000001
0.4353200000000001
0.43660999999999994
0.43693
0.43721
0.4357200000000001
0.43489000000000005
0.43628000000000017
0.43652000000000013
0.43567
0.4351899999999999
0.43548000000000003
0.43562999999999974
0.43604
0.43524999999999975
0.4351699999999999
0.4344199999999999
0.4339800000000003
0.43408999999999986
0.43532
0.43553
0.4356400000000001
0.4343499999999999
0.43472000000000016
0.43410000000000026
0.43347
0.4335000000000001
0.43238
0.4335499999999998
0.4318800000000003
0.43218
0.43363999999999975
0.4335399999999999
0.4327899999999999
0.43187999999999993
0.43221999999999994
0.43244000000000016
0.43272
0.4343799999999998
0.43431999999999993
0.43392
0.43352999999999986
0.43355000000000016
0.4332800000000001
0.4326899999999999
0.4338699999999999
0.4343200000000001
0.4340899999999999
0.4345200000000001
0.43383000000000005
0.43309999999999993
0.43426000000000003
0.4358600000000001
0.4358600000000002
0.4356000000000001
0.43589999999999973
0.4366899999999999
0.43760999999999994
0.43560999999999994
0.4348299999999999
0.43609999999999993
0.43732
0.4365600000000001
0.4368000000000001
0.43669
0.43720000000000014
0.4382899999999998
0.4364300000000001
0.4352099999999999
0.43603999999999976
0.43610999999999983
0.4354699999999999
0.43528999999999973
0.4355
0.43422
0.4346699999999999
0.43454000000000015
0.43464999999999987
0.43485999999999997
0.4345500000000001
0.43570000000000014
0.4366700000000001
0.43572999999999995
0.4351000000000001
0.43338999999999983
0.4356599999999997
0.43537
0.43584000000000017
0.4359799999999999
0.43551000000000006
0.43562000000000006
0.43583000000000005
0.43492999999999965
0.43472
0.43328000000000017
0.43538
0.43503000000000014
0.4347699999999999
0.4335699999999998
0.43352999999999986
0.43377999999999994
0.43432000000000004
0.43398000000000003
0.4342800000000001
0.4349799999999998
0.43455000000000005
0.4350899999999999
0.4359499999999999
0.4350300000000002
0.43343
0.43306999999999995
0.4333299999999998
0.43354
0.43283
0.4343000000000001
0.4353900000000001
0.43689999999999996
0.4386300000000001
0.43902
0.4381900000000002
0.43927
0.43902000000000013
0.43917000000000006
0.4386500000000001
0.43795000000000006
0.43762999999999996
0.4378200000000001
0.43850000000000017
0.4385400000000002
0.43871000000000004
0.43896000000000013
0.43873999999999996
0.4389099999999999
0.43945000000000006
0.4383899999999999
0.43723
0.4362099999999998
0.4359400000000001
0.43666000000000005
0.43697999999999987
0.43476000000000004
0.43573999999999985
0.43478999999999973
0.43597999999999987
0.4352800000000002
0.4359299999999998
0.43516999999999995
0.43609000000000014
0.43420000000000003
0.43379000000000006
0.4337900000000001
0.4339700000000001
0.43267999999999995
0.43306000000000006
0.43351999999999974
0.43390000000000006
0.4336100000000001
0.43288999999999994
0.43229999999999985
0.4315899999999999
0.43079000000000006
0.43272000000000005
0.43263999999999997
0.43357999999999997
0.4325399999999999
0.43171000000000004
0.43203
0.43354
0.4323900000000001
0.4314700000000002
0.43165999999999977
0.4324899999999999
0.4328000000000001
0.4332200000000002
0.4333000000000001
0.43424999999999975
0.4339299999999999
0.4364600000000003
0.43649000000000016
0.43690000000000007
0.43683000000000005
0.4380799999999999
0.4358400000000001
0.4348100000000001
0.43608
0.43721
0.4372099999999999
0.4371600000000002
0.4368599999999999
0.43623999999999996
0.43633999999999995
0.43554999999999994
0.43487999999999977
0.43500999999999995
0.43637000000000015
0.43539
0.43586999999999987
0.4362600000000001
0.43619000000000013
0.43598
0.4365899999999999
0.43617000000000006
0.4378400000000003
0.4388
0.4399200000000002
0.43986000000000014
0.44019999999999976
0.44059
0.44008000000000025
0.4399900000000001
0.43965999999999994
0.43831000000000003
0.43730000000000013
0.4372099999999999
0.4361599999999999
0.4353399999999999
0.43551
0.43584999999999985
0.4375099999999999
0.43742000000000025
0.4377400000000001
0.43698
0.43776000000000004
0.43806000000000017
0.43810999999999983
0.43767999999999985
0.4367199999999999
0.43572999999999984
0.43438999999999994
0.43462999999999996
0.43477
0.43351000000000006
0.43311
0.4344999999999999
0.4352500000000001
0.43424000000000007
0.43463000000000024
0.43335
0.4344700000000002
0.43544999999999995
0.43608000000000013
0.4362299999999999
0.43571
0.4360599999999997
0.43528000000000006
0.43409999999999976
0.43507999999999997
0.4344400000000001
0.43558
0.43663000000000013
0.43699000000000005
0.43631
0.43537
0.4350800000000001
0.43666
0.43699000000000005
0.4368099999999999
0.43687000000000004
0.43754999999999994
0.43711
0.4360199999999999
0.43778999999999985
0.43774000000000024
0.4383000000000001
0.4383700000000001
0.43935
0.43917000000000017
0.4403400000000002
0.43957000000000007
0.4382999999999999
0.4386200000000002
0.43738000000000005
0.43654000000000004
0.43625
0.4368200000000001
0.43681
0.4387399999999999
0.4389299999999999
0.4386300000000001
0.4368199999999999
0.43728
0.43594000000000016
0.4365
0.43750999999999995
0.43735999999999997
0.4365899999999999
0.43756000000000006
0.43698
0.43662
0.4362300000000003
0.4363300000000002
0.43573000000000006
0.43588000000000016
0.43625000000000014
0.4351899999999999
0.4348800000000002
0.43519999999999975
0.43646999999999986
0.4346000000000001
0.4340100000000001
0.4356800000000001
0.43498999999999993
0.43398999999999993
0.43455000000000005
0.43298999999999993
0.4322200000000001
0.43184999999999996
0.4323
0.4347399999999999
0.43604000000000004
0.43624
0.43608
0.43457999999999997
0.43445999999999996
0.43487000000000003
0.43525999999999976
0.4353000000000001
0.43708000000000025
0.43811
0.43739000000000006
0.4378900000000001
0.4370999999999999
0.43579
0.4372600000000002
0.43823999999999985
0.43679000000000007
0.43715000000000004
0.4365400000000001
0.43582
0.4354299999999999
0.43467999999999996
0.43413
0.43528999999999984
0.43448999999999977
0.43427000000000004
0.43381000000000003
0.4331200000000001
0.4330099999999998
0.4317499999999999
0.43005000000000004
0.4311
0.43107999999999996
0.43075999999999987
0.43144999999999994
0.4323600000000002
0.4325499999999999
0.4330399999999999
0.43252000000000024
0.4333199999999999
0.43213999999999997
0.4312499999999998
0.4322399999999999
0.43244000000000027
0.43317000000000005
0.43144
0.4307400000000003
0.43110000000000004
0.43111999999999995
0.43136
0.4316899999999999
0.43277999999999994
0.4338099999999999
0.43404999999999994
0.4343099999999999
0.4345899999999998
0.43549
0.43571
0.4353100000000001
0.4353999999999999
0.43465999999999994
0.4353
0.4353499999999999
0.4366899999999999
0.4352000000000002
0.4373799999999999
0.4366099999999999
0.4364699999999999
0.43756999999999985
0.43660000000000004
0.4353999999999998
0.4364300000000001
0.43601000000000023
0.43572999999999984
0.43437000000000014
0.43459000000000003
0.43488000000000004
0.4352600000000001
0.4342899999999999
0.43379999999999996
0.43382999999999994
0.43370000000000003
0.43387999999999993
0.4331000000000001
0.43375
0.4330199999999999
0.43382999999999994
0.4348099999999999
0.4355299999999998
0.43577999999999983
0.43601999999999996
0.43463000000000007
0.4345400000000001
0.43569
0.4365699999999999
0.4371400000000002
0.43610000000000015
0.43578999999999984
0.43485000000000007
0.4350699999999997
0.43377999999999994
0.4332600000000001
0.43428
0.43462999999999996
0.4360199999999999
0.43616000000000005
0.43607
0.43448
0.4356300000000002
0.4363500000000001
0.43626
0.43598000000000015
0.43504
0.43403999999999987
0.43598
0.43782000000000004
0.43750999999999995
0.43826
0.43755000000000005
0.43843
0.43670999999999993
0.43738999999999995
0.43788
0.4376900000000002
0.43646999999999975
0.43640999999999996
0.43543
0.43537
0.4358000000000001
0.43442000000000003
0.4347899999999999
0.43675999999999976
0.4361699999999998
0.4360799999999999
0.43474
0.43357999999999997
0.43279
0.43238000000000015
0.43412999999999996
0.4349
0.4360199999999999
0.43703000000000003
0.43796999999999997
0.4379099999999999
0.43696999999999986
0.4376400000000001
0.4376
0.4368899999999998
0.4345599999999999
0.43460999999999983
0.43621999999999983
0.4364
0.43613999999999997
0.4375699999999998
0.4367999999999999
0.43579999999999985
0.4353300000000004
0.43507000000000007
0.4354400000000001
0.43670000000000025
0.43559000000000003
0.43595999999999985
0.43510000000000026
0.43379999999999996
0.4346499999999998
0.4355199999999999
0.43775999999999987
0.4366499999999999
0.4367799999999999
0.43841999999999975
0.4393099999999997
0.4398499999999999
0.4412299999999999
0.44194999999999984
0.4408699999999999
0.43961
0.43940999999999986
0.43834999999999996
0.43731000000000014
0.4379400000000001
0.43848000000000015
0.43913000000000013
0.43866
0.4382
0.4368400000000001
0.4367600000000001
0.43554000000000004
0.4356899999999998
0.4365599999999999
0.4366700000000001
0.43566999999999995
0.43616
0.43657999999999997
0.43678000000000017
0.4367399999999998
0.43574999999999997
0.4349499999999999
0.43445
0.43495000000000017
0.4343200000000001
0.43465999999999994
0.43387000000000014
0.4342999999999999
0.43426999999999993
0.43535999999999997
0.4355399999999999
0.43583000000000005
0.43563
