0.19999999999999962
0.37920999999999994
0.6164299999999998
0.76225
0.8332799999999999
0.8558899999999997
0.8645099999999996
0.8670799999999997
0.8674599999999999
0.8692299999999997
0.86948
0.86832
0.8699799999999999
0.8689500000000001
0.87007
0.8703099999999998
0.8696599999999997
0.8699600000000001
0.8704999999999997
0.8699000000000001
0.8705599999999996
0.8704200000000002
0.87012
0.8693399999999998
0.8684499999999999
0.8696399999999997
0.8699700000000001
0.8694499999999998
0.8705800000000002
0.86992
0.8697800000000001
0.8704599999999999
0.8710500000000002
0.8691899999999994
0.8688500000000002
0.8708300000000001
0.8696299999999997
0.87018
0.8714799999999999
0.8692299999999998
0.8706499999999997
0.8696599999999998
0.8695900000000001
0.8699099999999997
0.8697299999999999
0.86776
0.8684699999999999
0.8696200000000002
0.8684399999999998
0.8690599999999997
0.8688600000000001
0.8696399999999995
0.8704599999999997
0.8689199999999996
0.8684899999999998
0.8686300000000001
0.8693100000000002
0.8698499999999999
0.8697499999999999
0.87013
0.8704500000000001
0.8713399999999997
0.8698600000000001
0.8681
0.8691699999999999
0.8703099999999999
0.8691999999999996
0.8695799999999997
0.8700099999999997
0.8692299999999993
0.8682199999999995
0.8704000000000001
0.8707600000000002
0.8722700000000002
0.8702500000000001
0.8684499999999997
0.8692900000000003
0.8691900000000001
0.8701300000000001
0.8697299999999999
0.8688600000000001
0.8695299999999996
0.8689699999999996
0.8695200000000003
0.8694599999999998
0.8705399999999999
0.8706299999999998
0.8693299999999996
0.8695499999999997
0.8680700000000001
0.8685999999999997
0.8694199999999995
0.8704099999999998
0.8698699999999998
0.86903
0.8691799999999996
0.8689999999999998
0.8706800000000002
0.8702599999999998
0.8689599999999997
0.8713300000000004
0.8697999999999998
0.8700200000000001
0.8693199999999998
0.87082
0.8710399999999998
0.8714699999999995
0.8696600000000001
0.8708900000000003
0.8707299999999998
0.87013
0.86994
0.8692799999999999
0.8675399999999995
0.8702300000000001
0.8687499999999999
0.8681299999999997
0.8687299999999999
0.87149
0.8686899999999995
0.8697000000000003
0.86949
0.87067
0.8713499999999997
0.8708199999999998
0.8693299999999996
0.8704999999999995
0.8707399999999995
0.8687800000000004
0.8692699999999998
0.8693800000000003
0.8688499999999998
0.8677499999999998
0.8697099999999993
0.8691499999999992
0.8691699999999999
0.8710599999999998
0.8684100000000001
0.8690699999999997
0.8673599999999998
0.8684199999999995
0.8686199999999994
0.8690899999999999
0.8698599999999997
0.8709000000000003
0.8693500000000001
0.8697499999999998
0.8696099999999999
0.86879
0.8687300000000003
0.8684800000000003
0.86952
0.8689599999999998
0.86824
0.86832
0.8685099999999994
0.8692599999999997
0.8703799999999999
0.8700299999999997
0.8711700000000002
0.8706300000000001
0.8704700000000003
0.8700500000000004
0.8704400000000001
0.8707700000000002
0.8697600000000003
0.86914
0.8699800000000001
0.8690399999999997
0.86961
0.8693199999999998
0.8696299999999998
0.8692699999999993
0.8700600000000001
0.8711699999999999
0.8695199999999997
0.8695899999999998
0.8711499999999998
0.8698800000000001
0.8702499999999997
0.8684299999999996
0.8679699999999997
0.8705799999999997
0.87001
0.8692199999999995
0.8703499999999997
0.8695499999999998
0.8700000000000001
0.8701500000000003
0.87087
0.8710799999999997
0.8689499999999994
0.8702100000000005
0.8695
0.8679999999999991
0.8690599999999999
0.8710099999999997
0.8710599999999995
0.8712699999999995
0.8697999999999998
0.8718700000000004
0.8700999999999994
0.8684299999999996
0.86903
0.8672199999999998
0.8685899999999998
0.8697800000000002
0.8690599999999996
0.8694199999999996
0.8683999999999997
0.8692499999999996
0.8712299999999997
0.8695599999999998
0.8705700000000001
0.8682799999999999
0.8691499999999999
0.86886
0.8698100000000005
0.8695400000000001
0.8698800000000001
0.8690199999999999
0.86897
0.8697200000000003
0.8703499999999997
0.8708499999999991
0.8699099999999995
0.8708100000000001
0.8701299999999997
0.87078
0.8712099999999997
0.8721999999999999
0.8715899999999999
0.8704299999999996
0.8706700000000002
0.8714299999999996
0.8725799999999999
0.8716499999999999
0.87004
0.8686699999999999
0.8689199999999999
0.8694700000000002
0.8700899999999998
0.8676599999999998
0.8697399999999992
0.8686299999999996
0.8673699999999998
0.8678499999999993
0.8700799999999999
0.8693399999999998
0.8689599999999998
0.8702000000000002
0.8701399999999996
0.8693199999999999
0.8704999999999997
0.8713300000000004
0.8685399999999998
0.8697100000000003
0.8705499999999999
0.8691099999999998
0.86946
0.86873
0.8705899999999999
0.8692600000000001
0.8678599999999996
0.8688899999999999
0.8700399999999996
0.8704099999999997
0.8699199999999999
0.87015
0.86871
0.8684099999999998
0.8686799999999998
0.8711799999999995
0.8710499999999993
0.8693399999999996
0.8720100000000002
0.8690999999999999
0.8683799999999999
0.86976
0.8678200000000001
0.8701299999999996
0.8707499999999995
0.86993
0.8708700000000001
0.8702700000000001
0.8686599999999994
0.8708000000000001
0.8697699999999999
0.8699100000000002
0.8710199999999996
0.8710900000000001
0.8692799999999999
0.8677799999999997
0.8700299999999997
0.8691999999999999
0.8683699999999999
0.8703899999999999
0.8717699999999996
0.87116
0.8701500000000002
0.8700099999999995
0.8703000000000003
0.8680000000000001
0.8697300000000002
0.8698199999999998
0.8688199999999999
0.8692299999999998
0.8702500000000003
0.8702500000000001
0.8695799999999997
0.8717199999999998
0.8682799999999999
0.8694699999999996
0.8688299999999997
0.8692699999999997
0.8680399999999999
0.8693199999999998
0.8706999999999998
0.8708800000000001
0.87047
0.8706399999999996
0.8692699999999997
0.8699700000000001
0.8699399999999997
0.8695699999999995
0.86942
0.8700399999999996
0.8691099999999997
0.8680499999999997
0.8695400000000001
0.8674599999999996
0.8687399999999996
0.8690099999999998
0.8685699999999998
0.87039
0.8691399999999997
0.8678199999999999
0.8680100000000002
0.86972
0.87035
0.8694199999999994
0.8696400000000003
0.87082
0.8701900000000002
0.8706300000000001
0.8690099999999997
0.8701499999999998
0.8704899999999997
0.86954
0.8687099999999996
0.8682499999999994
0.87008
0.8684899999999999
0.8683299999999998
0.8705699999999994
0.86957
0.8695499999999999
0.8699899999999998
0.8695299999999996
0.86944
0.8699100000000003
0.87001
0.8709599999999998
0.8706099999999998
0.8711199999999999
0.86861
0.8681999999999997
0.8687800000000003
0.8701899999999996
0.8707400000000001
0.8709300000000002
0.8688999999999996
0.8683000000000001
0.8705499999999998
0.86848
0.8696700000000003
0.87012
0.8711899999999999
0.8714000000000003
0.8691299999999995
0.8693099999999998
0.8702299999999998
0.8715700000000001
0.8703899999999998
0.87146
0.8695599999999996
0.8707800000000002
0.8681099999999998
0.8689399999999999
0.8694399999999999
0.87003
0.8715000000000002
0.8716099999999996
0.8707699999999998
0.8720300000000001
0.8705099999999999
0.8695499999999999
0.8701500000000002
0.8694199999999995
0.8712999999999999
0.86812
0.8709099999999996
0.8697800000000001
0.87029
0.8712899999999999
0.87118
0.87147
0.8691899999999997
0.8699899999999999
0.8690000000000007
0.8695499999999997
0.86879
0.8692399999999997
0.8686399999999995
0.86867
0.8692100000000003
0.8700600000000003
0.8698099999999998
0.8689399999999998
0.87164
0.8711199999999996
0.8716000000000002
0.87243
0.8709699999999997
0.8708899999999997
0.8705599999999996
0.8688699999999998
0.8678100000000001
0.8687299999999998
0.86919
0.8695599999999998
0.8693199999999998
0.8695499999999997
0.8702799999999999
0.8698799999999999
0.8708000000000001
0.8710899999999997
0.8702899999999997
0.8704399999999999
0.8685199999999997
0.8703099999999996
0.8702299999999997
0.8699800000000001
0.86992
0.8700999999999998
0.8693499999999998
0.8703
0.8688699999999998
0.8677399999999997
0.8696399999999999
0.8671999999999997
0.8684099999999997
0.8708299999999995
0.87121
0.8721000000000001
0.8723099999999997
0.8685800000000004
0.8674099999999995
0.8694299999999998
0.8690500000000001
0.86891
0.8693299999999999
0.8694900000000003
0.8715899999999999
0.8704699999999999
0.8683799999999998
0.86873
0.8692200000000001
0.8686199999999996
0.8690599999999999
0.8703299999999998
0.87033
0.87066
0.87155
0.8696299999999999
0.8703599999999997
0.8704700000000003
0.8686099999999999
0.8703899999999999
0.8709499999999996
0.8706800000000005
0.8684199999999999
0.8671499999999999
0.86851
0.8696699999999998
0.8694199999999995
0.8692599999999996
0.8692799999999998
0.8699199999999999
0.86995
0.8683700000000002
0.8683399999999999
0.8675299999999997
0.8679000000000003
0.8702600000000004
0.8707100000000003
0.8694299999999999
0.8707599999999998
0.8709599999999998
0.87083
0.8707099999999999
0.8697199999999996
0.8706199999999993
0.8715000000000002
0.8688600000000004
0.8695700000000006
0.86844
0.8687099999999995
0.8683999999999997
0.8673899999999999
0.8680700000000005
0.8676600000000001
0.8673599999999998
0.8692599999999999
0.87078
0.8704799999999999
0.8709299999999999
0.8691999999999998
0.8698999999999999
0.8705699999999997
0.8707400000000001
0.8698099999999996
0.8690599999999996
0.8682799999999997
0.8694999999999999
0.86996
0.8698499999999997
0.86878
0.8693799999999995
0.8698200000000001
0.8688400000000002
0.8708499999999997
0.8697499999999998
0.87064
0.8710899999999999
0.86973
0.8692999999999997
0.8680500000000002
0.8690499999999998
0.86952
0.8688399999999997
0.87015
0.8698700000000001
0.8696899999999999
0.8700199999999999
0.8701199999999997
0.8708699999999999
0.8702500000000001
0.8695899999999999
0.8693800000000002
0.8701899999999999
0.8695100000000001
0.8692600000000003
0.8699399999999998
0.8708199999999997
0.8688999999999996
0.8705899999999999
0.8693300000000002
0.8712900000000002
0.8696399999999995
0.87005
0.87165
0.8702399999999995
0.8690099999999995
0.8695699999999995
0.8679299999999998
0.8713499999999996
0.86966
0.8698399999999995
0.8686099999999999
0.8692000000000003
0.8671799999999998
0.8687399999999998
0.86991
0.8691299999999995
0.8696800000000002
0.8707599999999998
0.8707199999999999
0.86924
0.87052
0.8696199999999997
0.8707599999999998
0.8686399999999999
0.8698600000000002
0.8679999999999999
0.8698199999999994
0.8687199999999997
0.86902
0.86936
0.8688999999999996
0.8693599999999998
0.8709199999999996
0.8681499999999995
0.87135
0.8692699999999999
0.86885
0.8689200000000004
0.8710000000000001
0.8703699999999999
0.8693999999999997
0.86976
0.8699100000000002
0.8674000000000001
0.8687299999999999
0.8697699999999999
0.8712800000000004
0.8694500000000002
0.8694200000000002
0.8705499999999998
0.8702500000000001
0.8703399999999997
0.8696499999999999
0.8697200000000004
0.8697100000000003
0.8690799999999997
0.87168
0.86934
0.8702599999999996
0.8703199999999996
0.8692200000000001
0.8689399999999999
0.8684399999999993
0.8690000000000003
0.8673699999999996
0.8688399999999998
0.8682
0.8699099999999997
0.8696399999999999
0.8704099999999998
0.8705100000000005
0.8710199999999999
0.87053
0.8711299999999995
0.8699499999999998
0.8701399999999999
0.8696699999999996
0.8694499999999998
0.8701200000000001
0.8683599999999998
0.8706500000000001
0.8685199999999995
0.8666899999999998
0.8692200000000002
0.8684399999999993
0.8694900000000001
0.8706299999999996
0.8696599999999997
0.8696699999999999
0.86965
0.8675199999999996
0.86944
0.871
0.8700999999999999
0.8698600000000005
0.8694600000000001
0.8704899999999997
0.8691299999999997
0.8683
0.8679699999999997
0.8688599999999999
0.8680499999999998
0.8693499999999998
0.87004
0.8693000000000001
0.8707699999999999
0.8701899999999998
0.8684799999999995
0.8682099999999998
0.8705999999999999
0.8695800000000002
0.8710999999999995
0.8713399999999993
0.8710799999999996
0.8701499999999999
0.8698099999999998
0.8698499999999999
0.86922
0.8706400000000003
0.8710799999999996
0.8710099999999998
0.8705699999999998
0.8685099999999996
0.8687399999999995
0.8697999999999998
0.8693900000000002
0.8712800000000004
0.8694699999999999
0.8683099999999997
0.8694300000000003
0.8701999999999999
0.8697000000000001
0.8700100000000005
0.8691399999999995
0.8706499999999999
0.8702300000000001
0.86848
0.8676799999999996
0.86861
0.8680799999999997
0.8692400000000003
0.86832
0.8697
0.8694099999999999
0.8704800000000003
0.8690699999999993
0.8694799999999997
0.8711000000000001
0.8698
0.8693299999999998
0.8704799999999999
0.8701500000000002
0.8708499999999998
0.8703399999999994
0.8704199999999997
0.8695699999999995
0.8707499999999996
0.86969
0.8697499999999998
0.8705500000000002
0.8705899999999999
0.8709699999999995
0.8703900000000003
0.8695399999999996
0.8699099999999999
0.8691600000000003
0.8678599999999997
0.8682500000000001
0.86971
0.8675700000000002
0.87031
0.87013
0.86984
0.8691199999999993
0.8679999999999999
0.8689399999999995
0.86872
0.8685099999999996
0.8683999999999998
0.8674899999999994
0.8695899999999994
0.8682200000000002
0.8691900000000001
0.8689099999999996
0.8690300000000001
0.8691199999999999
0.8687899999999995
0.8677000000000004
0.8688699999999993
0.8683599999999998
0.8697999999999996
0.8702099999999998
0.8709600000000001
0.8710900000000001
0.8722999999999999
0.8719499999999998
0.8697199999999994
0.8702599999999996
0.8696799999999999
0.8703200000000001
0.8711099999999995
0.8678299999999995
0.8682599999999999
0.87
0.8687299999999998
0.8681499999999999
0.8704500000000001
0.8685599999999997
0.8686999999999996
0.8702400000000006
0.8693199999999998
0.8695999999999998
0.8693799999999997
0.8710499999999994
0.8715899999999995
0.87104
0.8702199999999999
0.8710300000000002
0.8695399999999996
0.8696999999999995
0.8704400000000004
0.8702200000000001
0.8699899999999999
0.8701100000000005
0.8688499999999999
0.8696699999999997
0.8698500000000002
0.8692799999999994
0.8689600000000002
0.86908
0.8694499999999996
0.8711699999999999
0.8690600000000002
0.8695099999999999
0.8693899999999997
0.8696500000000004
0.8690700000000001
0.8687000000000001
0.8702500000000003
0.8696499999999999
0.8695899999999999
0.8694199999999996
0.8695700000000001
0.8680599999999998
0.8690299999999996
0.8698999999999993
0.8685200000000002
0.8683300000000003
0.8684499999999997
0.8685700000000002
0.8697400000000003
0.86895
0.87046
0.8690599999999999
0.8687999999999999
0.8698300000000002
0.8694999999999997
0.8682799999999996
0.8683100000000001
0.8715999999999998
0.8709399999999995
0.86866
0.86826
0.8695700000000004
0.86887
0.8683299999999998
0.8689699999999999
0.8710599999999996
0.86797
0.8688999999999999
0.8687999999999998
0.8691900000000002
0.8705200000000002
0.8714100000000002
0.8711800000000001
0.8693299999999996
0.8709800000000001
0.8704900000000002
0.8699699999999995
0.8682899999999999
0.8677499999999998
0.8708399999999997
0.8703200000000001
0.8687499999999997
0.8700799999999999
0.8711799999999998
0.8707699999999999
0.87142
0.8715500000000002
0.8695499999999998
0.8678
0.86969
0.8678799999999997
0.8688099999999999
0.8692699999999993
0.8690199999999995
0.8696299999999999
0.8687199999999997
0.8700599999999994
0.8687999999999994
0.8695799999999998
0.8677599999999999
0.8707899999999995
0.8698999999999999
0.8675699999999997
0.86704
0.8666200000000004
0.8693500000000001
0.8681499999999995
0.8676399999999996
0.8677499999999998
0.8686299999999999
0.86834
0.8689399999999996
0.8680599999999997
0.86988
0.8699499999999993
0.8686899999999999
0.8687999999999999
0.8686999999999995
0.8700600000000001
0.8690099999999998
0.8703100000000003
0.8677599999999999
0.8692200000000001
0.8678999999999999
0.8705700000000001
0.8700400000000005
0.8689699999999996
0.8699800000000002
0.8703899999999999
0.8696499999999997
0.8697299999999997
0.8697600000000003
0.8693899999999999
0.8708399999999995
0.8708
0.8705499999999996
0.8712699999999998
0.8705200000000001
0.8710299999999997
0.8701599999999998
0.86898
0.8685499999999996
0.8687299999999997
0.8694399999999995
0.8690899999999998
0.8694700000000001
0.8695099999999997
0.8685999999999997
0.8711499999999996
0.86966
0.8706299999999996
0.8685699999999996
0.8684900000000002
0.8706999999999997
0.8694499999999996
0.8697
0.8690199999999996
0.8694599999999998
0.8689499999999998
0.8703199999999999
0.8698500000000002
0.8692800000000002
0.8681399999999997
0.8704800000000001
0.8710100000000002
0.8710700000000001
0.8694200000000001
0.8692699999999998
0.86877
0.8694399999999999
0.8702399999999999
0.8706900000000003
0.8704799999999996
0.8690899999999996
0.8701599999999999
0.8677999999999996
0.86662
0.8694399999999999
0.8688399999999998
0.8686999999999996
0.8696899999999992
0.8700699999999999
0.8686500000000001
0.8690899999999998
0.8705699999999998
0.8697299999999999
0.86931
0.8686699999999997
0.8700499999999997
0.8683699999999996
0.8687799999999999
0.8677499999999998
0.8669499999999999
0.8684499999999999
0.8692099999999998
0.8709600000000002
0.8699299999999995
0.8708599999999999
0.8711700000000002
0.86875
0.8678499999999997
0.8696099999999997
0.8708299999999997
0.8691300000000003
0.8703399999999999
0.8708899999999997
0.8694
0.8703699999999999
0.8693
0.8680399999999996
0.8699300000000001
0.8704599999999998
0.8692300000000002
0.8717200000000002
0.8685199999999997
0.8690000000000003
0.8683100000000006
0.8701299999999996
0.87053
0.86996
0.87093
0.8697700000000002
0.8699199999999999
0.8711999999999999
0.8707699999999997
0.87044
0.8703799999999997
0.8703799999999998
0.8687600000000003
0.87013
0.8711499999999998
0.8702099999999996
0.8695699999999998
0.8689800000000001
0.8700299999999997
0.8702700000000004
0.8697000000000001
0.8677200000000005
0.86926
