0.19999999999999962
0.22328000000000003
0.25386000000000014
0.28553
0.3165799999999999
0.3476199999999999
0.37604999999999983
0.4008600000000002
0.4250000000000002
0.4463900000000001
0.46486
0.48028000000000015
0.4940000000000001
0.5055900000000001
0.5152299999999997
0.5240100000000001
0.5328500000000002
0.5395900000000002
0.5445199999999999
0.549
0.5528400000000001
0.55674
0.5604399999999998
0.56253
0.5658000000000001
0.5669099999999999
0.5680400000000002
0.5685899999999999
0.56998
0.5722500000000001
0.5714200000000002
0.5730999999999998
0.5740500000000001
0.57391
0.5759499999999999
0.57355
0.5735000000000003
0.57272
0.57417
0.5746
0.5728599999999997
0.5738400000000001
0.5763000000000003
0.5753400000000003
0.5758900000000001
0.5772000000000003
0.5767400000000003
0.5759300000000003
0.5767499999999997
0.57775
0.5779
0.5779199999999999
0.5782299999999999
0.5772700000000001
0.5766499999999997
0.57659
0.5785100000000003
0.5768700000000002
0.5764499999999999
0.5758500000000002
0.5771999999999998
0.57674
0.5758000000000002
0.5771300000000001
0.5778100000000002
0.5788800000000002
0.5772400000000004
0.5756499999999999
0.5746100000000001
0.57427
0.57485
0.5736699999999999
0.57454
0.5753799999999998
0.5748400000000004
0.5740600000000002
0.57415
0.5736100000000001
0.5758099999999999
0.5746400000000002
0.5756899999999998
0.5746299999999998
0.5743600000000002
0.5747599999999999
0.5754499999999999
0.57575
0.57569
0.57427
0.5743099999999999
0.5758400000000001
0.57524
0.5756500000000001
0.57542
0.5747699999999999
0.5762500000000002
0.5754600000000002
0.5746100000000002
0.5768599999999999
0.5779600000000003
0.57556
0.5747600000000002
0.57357
0.57472
0.5761400000000001
0.5758800000000001
0.5759700000000002
0.5756699999999999
0.5750700000000001
0.5761500000000002
0.57497
0.5762500000000003
0.57649
0.57597
0.5752600000000002
0.5754500000000002
0.57355
0.5718000000000002
0.57286
0.575
0.5724200000000002
0.5729700000000001
0.5747100000000002
0.57552
0.5747100000000002
0.5735200000000001
0.5739299999999997
0.57321
0.57412
0.57511
0.57608
0.5748700000000002
0.5750300000000004
0.57652
0.5765200000000001
0.5760300000000002
0.5739000000000001
0.5730500000000002
0.5727699999999999
0.5740000000000002
0.5744900000000002
0.5735900000000003
0.5744700000000001
0.5749700000000001
0.5725500000000001
0.5726499999999999
0.5744999999999999
0.5725400000000002
0.5721900000000001
0.57149
0.5708199999999998
0.5723999999999999
0.57233
0.57245
0.5737800000000002
0.57345
0.5749100000000003
0.5744000000000004
0.5744800000000002
0.5731299999999999
0.5726199999999999
0.57302
0.5748000000000001
0.5747499999999999
0.57441
0.5738100000000003
0.5728499999999999
0.5720300000000001
0.5722499999999999
0.57361
0.5738200000000002
0.5723299999999999
0.5716499999999999
0.5718600000000004
0.57237
0.5747200000000001
0.57459
0.5740899999999999
0.5762199999999998
0.5760300000000003
0.5758300000000003
0.5743000000000003
0.5749800000000002
0.5748200000000003
0.5755700000000001
0.5761799999999999
0.5757500000000001
0.5759700000000003
0.5777699999999997
0.5781400000000001
0.5782600000000002
0.5779299999999999
0.5788000000000002
0.5780200000000001
0.5782599999999999
0.5793
0.5790700000000001
0.5779500000000004
0.5777200000000002
0.5784400000000002
0.57789
0.5790899999999999
0.5789899999999998
0.5783399999999997
0.5772800000000001
0.5761599999999997
0.5780500000000001
0.57722
0.5788099999999998
0.5783500000000001
0.57825
0.5767700000000001
0.5773599999999999
0.5765999999999999
0.5764
0.5743400000000001
0.5741900000000001
0.5745499999999997
0.5753400000000002
0.57556
0.57584
0.57576
0.57659
0.5781900000000001
0.5783999999999999
0.57758
0.5770399999999999
0.5781199999999999
0.5760399999999999
0.5768400000000004
0.5762400000000002
0.57567
0.57555
0.57547
0.5761200000000004
0.5774000000000001
0.57621
0.5753999999999999
0.5749900000000001
0.5763300000000001
0.5779100000000003
0.57573
0.57621
0.5752900000000001
0.5754699999999997
0.5736300000000003
0.57431
0.5741499999999999
0.5742000000000003
0.5722800000000001
0.57199
0.57206
0.5729900000000003
0.5712999999999999
0.5713399999999998
0.5725500000000001
0.5740600000000001
0.5750500000000001
0.57463
0.5750500000000002
0.5756000000000001
0.5754600000000001
0.5751
0.57573
0.5744500000000002
0.5738600000000001
0.57381
0.5715500000000001
0.5739900000000003
0.5749200000000001
0.5765500000000001
0.5759000000000002
0.57583
0.5764999999999999
0.5761400000000002
0.5754500000000004
0.57472
0.5756500000000003
0.5762700000000001
0.5763100000000001
0.5752500000000002
0.5744400000000002
0.57301
0.5727500000000001
0.5748300000000003
0.5770399999999999
0.5765700000000001
0.57898
0.5775800000000002
0.5778900000000001
0.5782100000000001
0.5781499999999999
0.5775900000000004
0.5761800000000004
0.5778100000000004
0.5763800000000001
0.57705
0.5764800000000001
0.5761900000000001
0.5758900000000001
0.5746199999999998
0.57559
0.5759400000000001
0.5750900000000002
0.5744600000000002
0.5753600000000003
0.5743500000000001
0.5756400000000002
0.5765799999999999
0.5746099999999996
0.5735200000000003
0.5738600000000001
0.5745500000000001
0.5745500000000003
0.57493
0.5747699999999998
0.5738700000000001
0.5755699999999999
0.5768
0.5759299999999998
0.57696
0.5746899999999997
0.57539
0.5751000000000001
0.5737500000000002
0.5739800000000002
0.5732700000000001
0.5743899999999998
0.5742
0.57392
0.5751899999999999
0.5749799999999999
0.5757000000000001
0.5742499999999999
0.5737199999999999
0.5731300000000003
0.5733900000000002
0.5732
0.5719699999999999
0.5711600000000001
0.57086
0.5714200000000002
0.57285
0.5727599999999997
0.57398
0.5755300000000001
0.57518
0.5767199999999998
0.5772200000000002
0.5757000000000003
0.5753500000000003
0.5761
0.57686
0.5772500000000002
0.5770000000000001
0.57678
0.57503
0.5763500000000001
0.5768499999999999
0.57517
0.5739600000000001
0.5753
0.5763100000000001
0.5753799999999998
0.5750899999999999
0.5743100000000001
0.5744199999999999
0.5747400000000003
0.57428
0.5732700000000001
0.57461
0.5739199999999998
0.5737600000000002
0.5734400000000001
0.57612
0.57576
0.5771100000000002
0.57536
0.5756499999999999
0.57612
0.57645
0.57665
0.57544
0.57738
0.5767200000000005
0.5760900000000002
0.5755199999999999
0.5761699999999998
0.57697
0.5759900000000001
0.5753399999999999
0.5747400000000003
0.5739700000000001
0.5742200000000001
0.5726400000000003
0.5728800000000003
0.57277
0.5730800000000001
0.5751899999999999
0.5755699999999999
0.5740799999999998
0.5753
0.5737800000000002
0.5749700000000003
0.5764699999999998
0.57573
0.57722
0.57755
0.57676
0.5761100000000001
0.5779500000000004
0.57784
0.57931
0.57743
0.5773000000000001
0.57727
0.57704
0.5768299999999998
0.57553
0.5759399999999999
0.57597
0.5759199999999999
0.5747199999999999
0.5764200000000002
0.5758999999999999
0.57615
0.5773400000000001
0.5766600000000002
0.57652
0.57539
0.5746899999999999
0.57456
0.5732600000000001
0.5739500000000001
0.5744000000000004
0.57481
0.5733999999999999
0.5725899999999999
0.5712799999999999
0.5717800000000001
0.5725000000000001
0.57067
0.5704999999999998
0.5709000000000001
0.57001
0.5728400000000002
0.5735100000000002
0.5744999999999999
0.5739299999999998
0.57291
0.57286
0.5744100000000002
0.57586
0.5761000000000002
0.5771900000000001
0.5775299999999998
0.57584
0.57615
0.5747399999999999
0.5761899999999998
0.5735200000000004
0.5747300000000001
0.5743899999999998
0.5737300000000001
0.5740700000000002
0.5749700000000001
0.5744200000000002
0.5752499999999999
0.57403
0.5756600000000001
0.5767399999999998
0.5771200000000003
0.57709
0.5774699999999998
0.5756199999999998
0.5744699999999999
0.57541
0.5746100000000001
0.57368
0.5741499999999999
0.5744700000000001
0.57335
0.5709400000000001
0.5721499999999999
0.5707800000000003
0.57246
0.5733200000000002
0.5737299999999999
0.5733799999999999
0.57261
0.5735600000000001
0.57257
0.5742
0.5748199999999999
0.5752800000000001
0.57621
0.5753699999999999
0.5748799999999998
0.5757900000000002
0.5774400000000002
0.57679
0.5777599999999999
0.5764999999999998
0.57504
0.5763400000000004
0.57621
0.5769899999999998
0.57711
0.57571
0.5754100000000002
0.5768099999999999
0.5760000000000001
0.5741999999999998
0.57373
0.5753
0.5765999999999998
0.5773900000000003
0.57439
0.5742900000000001
0.5733199999999999
0.5737100000000004
0.57312
0.5732000000000003
0.5733700000000004
0.5735300000000002
0.5741999999999999
0.5727999999999999
0.5736100000000005
0.5744600000000005
0.5749399999999999
0.5759900000000001
0.5750500000000003
0.5758800000000001
0.57605
0.5765399999999999
0.5747
0.5735399999999999
0.5734900000000003
0.5745000000000001
0.5755500000000001
0.57482
0.57379
0.57254
0.5728400000000002
0.5717899999999997
0.5728600000000001
0.5724100000000002
0.5728500000000001
0.5714600000000001
0.5709099999999999
0.5727199999999999
0.57255
0.5734299999999998
0.57412
0.5743500000000001
0.5725700000000002
0.5726700000000003
0.5724400000000001
0.5740799999999999
0.5752100000000003
0.57473
0.57548
0.5747300000000002
0.57545
0.5754600000000001
0.57557
0.57543
0.5743700000000002
0.5741700000000001
0.5747099999999999
0.5760399999999999
0.57536
0.5761600000000001
0.5760700000000001
0.5764000000000001
0.5757300000000002
0.57454
0.5739099999999998
0.5742900000000002
0.5745800000000002
0.5735800000000001
0.5733699999999998
0.5735800000000001
0.57536
0.57464
0.57719
0.5772199999999998
0.5766
0.5746100000000002
0.5749499999999997
0.57291
0.5718800000000003
0.5722800000000003
0.5731900000000001
0.5730999999999997
0.5716000000000001
0.5721700000000002
0.5736499999999998
0.5729700000000002
0.57223
0.5718200000000001
0.5715
0.5708299999999998
0.5704800000000003
0.5726100000000001
0.5743200000000002
0.5741699999999998
0.5752100000000001
0.5765400000000003
0.5773200000000002
0.5766000000000002
0.5753800000000001
0.5743399999999997
0.5758000000000001
0.5749800000000002
0.5747699999999999
0.5759599999999999
0.5763199999999998
0.5749600000000001
0.5741299999999999
0.5730399999999998
0.5734299999999999
0.5744700000000003
0.5749299999999998
0.5747900000000001
0.5764400000000003
0.5770899999999997
0.5768300000000002
0.5767900000000001
0.57756
0.5777399999999999
0.5761500000000002
0.5763900000000003
0.5746700000000001
0.5757400000000003
0.57652
0.5756199999999999
0.5766100000000001
0.5750200000000002
0.5752200000000001
0.5749000000000001
0.5738300000000001
0.5756000000000001
0.5743499999999998
0.5746400000000002
0.5751
0.5741700000000001
0.57518
0.5754300000000004
0.57608
0.5761600000000001
0.5770300000000005
0.57726
0.5776900000000001
0.5782900000000001
0.5778700000000003
0.57593
0.57594
0.5759400000000001
0.5766200000000001
0.5768900000000001
0.5764500000000001
0.57636
0.57479
0.57565
0.5751599999999999
0.5743300000000002
0.5745800000000001
0.5755200000000001
0.57622
0.57452
0.57558
0.5758100000000003
0.5735399999999999
0.5726500000000001
0.5725000000000001
0.5721200000000002
0.5700599999999999
0.5690500000000001
0.56934
0.5714300000000001
0.5717000000000002
0.5720500000000002
0.5720399999999999
0.57359
0.57264
0.5746299999999998
0.5744199999999998
0.5726800000000004
0.5741900000000001
0.5751000000000002
0.5740999999999997
0.5757500000000001
0.5753500000000003
0.5751500000000003
0.5771200000000003
0.5779100000000001
0.5771799999999999
0.5778200000000001
0.57616
0.57424
0.5742799999999998
0.5744900000000003
0.5736099999999996
0.5742200000000001
0.5737000000000002
0.5744800000000003
0.5751900000000003
0.57543
0.5763000000000003
0.5770500000000002
0.5757500000000001
0.5766500000000001
0.5766600000000001
0.5781900000000001
0.57672
0.57539
0.5764399999999998
0.5747
0.57515
0.57607
0.5748899999999998
0.5766200000000001
0.5758500000000002
0.5751499999999999
0.57467
0.5757399999999999
0.5767800000000001
0.5770599999999999
0.5774199999999999
0.5771000000000001
0.5787499999999999
0.5763500000000001
0.57655
0.5768500000000002
0.5778300000000003
0.5765300000000003
0.5742000000000002
0.57464
0.57423
0.5741199999999999
0.5726100000000002
0.5747500000000002
0.5756899999999997
0.57527
0.5767700000000001
0.5760800000000001
0.57469
0.5757300000000001
0.5769200000000001
0.5768000000000001
0.5761100000000003
0.57658
0.5767899999999998
0.5775900000000002
0.5782599999999999
0.5781500000000003
0.5771900000000002
0.5772200000000001
0.5783200000000002
0.5761900000000002
0.5744400000000002
0.5742900000000002
0.5761800000000001
0.57518
0.5743700000000002
0.5720200000000002
0.5728999999999997
0.5746600000000002
0.5739400000000003
0.5754700000000001
0.5753300000000001
0.5765700000000001
0.5754100000000001
0.57563
0.5758199999999999
0.5776700000000003
0.5772400000000002
0.5784999999999998
0.57788
0.5780799999999996
0.5785200000000003
0.5789700000000001
0.57751
0.57734
0.5769500000000002
0.5786600000000001
0.5791200000000001
0.5781399999999999
0.5788900000000003
0.57908
0.57794
0.5758800000000002
0.5768200000000002
0.5783600000000001
0.57691
0.5756300000000001
0.5753699999999999
0.5745599999999998
0.57326
0.5739500000000001
0.5746400000000002
0.57665
0.5756300000000002
0.57423
0.5752499999999999
0.5757800000000003
0.57538
0.5737199999999999
0.5748100000000003
0.5761000000000001
0.5742999999999999
0.57519
0.5765399999999998
0.57564
0.5735199999999999
0.5726700000000001
0.5733799999999999
0.5733100000000002
0.5730799999999999
0.5715999999999998
0.5726200000000001
0.5720700000000002
0.5748200000000003
0.5757899999999999
0.57504
0.5759700000000001
0.57535
0.5764500000000001
0.57344
0.57453
0.57488
0.5732599999999999
0.5739100000000003
0.57255
0.57132
0.5715299999999999
0.57208
0.5738700000000003
0.5737199999999998
0.5733700000000003
0.5733900000000002
0.5737100000000003
0.5742400000000001
0.5755799999999998
0.5745199999999999
0.57348
0.57171
0.57101
0.5709600000000001
0.57137
0.5706800000000001
0.5706100000000002
0.5722800000000001
0.5738
0.5742200000000002
0.5743500000000001
0.5739400000000001
0.5740100000000001
0.57487
0.575
0.57499
0.57471
0.5741899999999999
0.5735300000000003
0.5721500000000002
0.5723400000000001
0.5732100000000002
0.5733799999999999
0.5734699999999999
0.573
0.5743399999999999
0.5745600000000001
0.57443
0.5729599999999999
0.5738800000000002
0.5738299999999998
0.5750600000000003
0.5744700000000001
0.5754100000000001
0.57374
0.57379
0.57564
0.57564
0.5759499999999999
0.5772800000000001
0.5761599999999999
0.5755800000000001
0.57482
0.57359
0.5738000000000002
0.5742500000000003
0.57477
0.5767200000000001
0.5780500000000002
0.5784600000000001
0.5776399999999999
0.5750900000000004
0.5730100000000004
0.57406
0.5727800000000002
0.5727800000000002
0.5721700000000001
0.57227
0.5733300000000005
0.5749500000000003
0.5760500000000003
0.57684
0.5751900000000001
0.5739000000000001
0.57227
0.57212
0.5726300000000001
0.5738500000000001
0.57225
0.57133
0.57101
0.5725799999999996
0.57367
0.5741199999999999
0.57457
0.5749500000000003
0.5763900000000001
0.5761900000000002
0.57548
0.5758299999999997
0.5747600000000002
0.57428
0.5735100000000002
0.5764500000000004
0.57599
0.57582
0.5735000000000001
0.5745299999999999
0.5772600000000001
0.5788300000000003
0.5767
0.5756799999999999
0.5748599999999999
0.57642
0.5748099999999999
0.5738600000000001
0.5743900000000002
0.5726900000000004
0.5738
0.5742400000000001
0.5749100000000003
0.57547
0.57194
0.5722100000000002
0.57364
0.5754499999999999
0.5760499999999998
0.5763000000000001
0.5772200000000002
0.5773799999999999
0.5773500000000001
0.5756699999999998
0.57557
0.5747600000000003
0.5751299999999998
0.5760200000000001
0.5768300000000001
0.5766900000000001
0.57707
0.5773400000000002
0.57855
0.5765400000000002
0.57533
0.5762700000000001
0.5762900000000001
0.57453
0.57444
0.5740799999999998
0.5741400000000002
0.5746300000000001
0.5744400000000001
0.5733400000000002
0.5736000000000001
0.5737099999999998
0.5729700000000001
0.5750000000000001
0.57526
0.5755299999999999
0.5747299999999997
0.5749099999999999
0.5749000000000003
0.5755399999999998
0.5762900000000003
0.5755799999999996
0.5762200000000002
0.5754199999999998
0.5764499999999998
0.5759900000000002
0.5767699999999999
0.57546
0.5768099999999999
0.5767099999999998
0.5767300000000004
0.57615
0.5762799999999999
