0.19999999999999962
0.19096000000000007
0.18170999999999998
0.1738999999999999
0.16613
0.15888999999999998
0.15295999999999996
0.14630999999999994
0.14098
0.13555000000000006
0.13107000000000002
0.12722000000000006
0.12375999999999995
0.11997000000000003
0.11711000000000002
0.11478000000000002
0.11212000000000004
0.10988000000000006
0.10711
0.10487
0.10203
0.09973000000000003
0.09766
0.09454000000000003
0.09246999999999998
0.09096
0.08993000000000002
0.08854999999999999
0.08760000000000001
0.08657000000000002
0.08527999999999998
0.08372
0.08256000000000002
0.08135000000000002
0.07976000000000001
0.07889999999999998
0.07765
0.07640000000000001
0.07512000000000002
0.07397000000000001
0.07288
0.07261000000000001
0.07166000000000002
0.07059
0.07036000000000002
0.06958
0.06886999999999999
0.06836999999999999
0.06820000000000002
0.06723
0.06686
0.06613000000000004
0.06540000000000001
0.06473
0.06452
0.06425000000000002
0.06353999999999999
0.06308999999999998
0.06250999999999998
0.06251
0.061720000000000025
0.06140999999999997
0.06132
0.060780000000000015
0.060429999999999984
0.05983999999999999
0.059379999999999995
0.05926999999999997
0.05892999999999999
0.05799000000000001
0.057779999999999984
0.05793
0.05795
0.05770000000000002
0.057580000000000006
0.057280000000000005
0.05661999999999999
0.05672999999999998
0.056670000000000005
0.056949999999999994
0.056499999999999995
0.05609999999999997
0.055949999999999986
0.05585999999999999
0.05602999999999999
0.055480000000000015
0.05544
0.0553
0.05522000000000001
0.05478999999999999
0.054669999999999996
0.05428
0.053729999999999986
0.05319999999999998
0.052360000000000004
0.05230000000000001
0.052600000000000015
0.05214999999999999
0.05214999999999998
0.05165000000000001
0.051680000000000004
0.05176
0.05105
0.0508
0.050570000000000004
0.05030000000000001
0.05034999999999999
0.049739999999999986
0.050139999999999976
0.050230000000000025
0.05011
0.0498
0.049689999999999984
0.04942000000000001
0.04916000000000001
0.049139999999999996
0.049189999999999984
0.048440000000000004
0.04890000000000001
0.048379999999999986
0.048569999999999974
0.04835999999999998
0.04782
0.04773000000000001
0.047819999999999974
0.04792
0.04809999999999999
0.047819999999999994
0.047939999999999976
0.04773999999999999
0.04734999999999998
0.047729999999999995
0.04736999999999998
0.04706999999999999
0.047089999999999986
0.047090000000000014
0.046610000000000006
0.04703
0.04706
0.04766999999999998
0.04778999999999999
0.04758999999999999
0.04691999999999998
0.04697000000000001
0.04694999999999999
0.04632000000000001
0.04646
0.04586999999999998
0.04514999999999998
0.044860000000000004
0.04482000000000001
0.04451000000000001
0.04460000000000001
0.04483000000000001
0.04472999999999997
0.04451999999999999
0.044919999999999974
0.04517999999999999
0.04522999999999997
0.04534999999999997
0.04504
0.04464999999999998
0.04449999999999999
0.04407999999999999
0.04384
0.04410999999999999
0.04382999999999997
0.04352999999999997
0.04344999999999999
0.04317999999999997
0.042369999999999984
0.04208999999999997
0.04232999999999998
0.04236999999999998
0.04249999999999998
0.04276
0.04243999999999999
0.04271000000000002
0.04278999999999997
0.042449999999999974
0.042669999999999986
0.04256999999999999
0.042339999999999975
0.04244
0.042319999999999976
0.042589999999999996
0.042429999999999975
0.04257
0.04266000000000001
0.04217
0.042349999999999985
0.04233
0.04215999999999998
0.04145999999999998
0.04139999999999997
0.04130999999999999
0.041179999999999974
0.04128999999999999
0.04162999999999997
0.04154999999999998
0.04111
0.040999999999999995
0.04082999999999999
0.040669999999999984
0.04045
0.04014999999999999
0.04047999999999998
0.04079999999999998
0.04091999999999998
0.04092
0.04084000000000001
0.04099999999999999
0.040999999999999995
0.04045999999999998
0.04057999999999997
0.04075999999999998
0.04119999999999999
0.04138999999999998
0.041609999999999966
0.041299999999999976
0.04162999999999999
0.04165999999999999
0.041529999999999984
0.04141999999999998
0.040889999999999975
0.04024999999999999
0.04033999999999999
0.04000999999999998
0.03986999999999998
0.03949999999999997
0.039279999999999975
0.039549999999999995
0.03987999999999999
0.03973
0.03976999999999999
0.03993999999999998
0.04019999999999998
0.04002999999999999
0.03987999999999998
0.040330000000000005
0.04014999999999999
0.04018999999999998
0.03985
0.039859999999999986
0.039779999999999996
0.03963
0.03948999999999999
0.03933
0.03902
0.03896
0.03912999999999999
0.038819999999999986
0.03843999999999998
0.03846999999999999
0.03825999999999998
0.03818999999999999
0.03858
0.03857999999999998
0.03866
0.038599999999999995
0.03874999999999999
0.038669999999999996
0.03887999999999999
0.03923999999999999
0.039299999999999995
0.03899
0.039089999999999986
0.03922999999999999
0.03883999999999999
0.038779999999999974
0.03855999999999999
0.03864999999999999
0.03835999999999998
0.038289999999999984
0.03856999999999999
0.038089999999999985
0.03812999999999999
0.03813999999999999
0.03839000000000001
0.0376
0.03747999999999999
0.037559999999999996
0.03714000000000001
0.03683999999999999
0.036939999999999994
0.03686
0.03661
0.03673
0.03717000000000001
0.037119999999999986
0.03727
0.036789999999999996
0.03684999999999999
0.03689999999999999
0.03723999999999998
0.037380000000000004
0.03731000000000001
0.03719999999999998
0.037099999999999994
0.03727999999999999
0.03736999999999997
0.03755
0.037399999999999996
0.037209999999999986
0.03713999999999998
0.0372
0.03664999999999999
0.03658999999999999
0.03683999999999998
0.036840000000000005
0.03669999999999998
0.03673000000000001
0.036449999999999996
0.03619999999999998
0.0365
0.03632999999999999
0.03600999999999998
0.03608999999999999
0.03580999999999999
0.0359
0.03585999999999998
0.035629999999999995
0.03530999999999998
0.03536999999999999
0.03581
0.035719999999999995
0.03564
0.03561999999999998
0.03560999999999999
0.03549999999999998
0.03562
0.035140000000000005
0.03557
0.03573
0.03548
0.035419999999999986
0.03538999999999999
0.03560000000000001
0.035199999999999995
0.0349
0.03451999999999999
0.03444999999999999
0.034959999999999984
0.03508999999999998
0.035179999999999996
0.03532
0.035209999999999984
0.035009999999999986
0.035209999999999984
0.03532000000000001
0.03567999999999999
0.03572999999999999
0.03573000000000001
0.03548
0.035859999999999996
0.035889999999999984
0.036349999999999986
0.03682999999999998
0.03673000000000001
0.036259999999999994
0.03674000000000001
0.03652999999999999
0.03664
0.03681
0.03733999999999999
0.03742999999999999
0.03747000000000001
0.037869999999999994
0.038119999999999994
0.03841999999999999
0.03882000000000001
0.03868999999999998
0.038889999999999994
0.03875000000000001
0.03886999999999998
0.03867999999999999
0.03900999999999998
0.038539999999999984
0.03842999999999999
0.03851000000000001
0.03809999999999999
0.037779999999999994
0.03712999999999998
0.03663000000000001
0.03633
0.03628
0.036430000000000004
0.035819999999999984
0.03565
0.03566
0.03531
0.035440000000000006
0.035259999999999986
0.03544000000000001
0.035089999999999996
0.03481
0.034739999999999986
0.034539999999999994
0.03467
0.034769999999999995
0.03502000000000001
0.03545
0.03593000000000001
0.035339999999999996
0.035309999999999994
0.03516999999999998
0.034550000000000004
0.03457
0.034859999999999995
0.03475999999999999
0.034409999999999996
0.034679999999999996
0.034419999999999985
0.034249999999999996
0.034159999999999996
0.03404999999999998
0.033909999999999996
0.03388999999999999
0.033909999999999996
0.03356999999999999
0.03333
0.03352
0.033409999999999995
0.03316
0.033079999999999984
0.03304999999999999
0.033049999999999996
0.032859999999999986
0.03275999999999999
0.03239
0.03257
0.03258
0.032629999999999985
0.032239999999999984
0.032079999999999984
0.03263999999999999
0.03272
0.032949999999999986
0.03295999999999998
0.032850000000000004
0.033109999999999994
0.03306999999999999
0.03337999999999999
0.033479999999999996
0.033569999999999996
0.033830000000000006
0.03345999999999998
0.033679999999999995
0.03359999999999999
0.03392
0.034549999999999984
0.03424999999999999
0.034699999999999995
0.03448
0.034440000000000005
0.03425
0.03377999999999999
0.03379
0.0336
0.03316
0.03322999999999999
0.0329
0.03246
0.031999999999999994
0.031799999999999995
0.03156
0.03137999999999999
0.03102999999999999
0.030719999999999997
0.030709999999999994
0.03097999999999999
0.030549999999999994
0.030639999999999997
0.030919999999999996
0.03088999999999999
0.03072999999999999
0.03082
0.030499999999999992
0.030390000000000007
0.030260000000000002
0.03044999999999999
0.030580000000000006
0.030500000000000003
0.030469999999999987
0.029919999999999992
0.029959999999999997
0.030019999999999988
0.02992
0.029699999999999994
0.02969999999999999
0.02952999999999998
0.029450000000000004
0.029629999999999983
0.030099999999999988
0.030409999999999982
0.03057999999999999
0.030629999999999994
0.030749999999999996
0.03097
0.031059999999999997
0.03091999999999999
0.030890000000000004
0.031030000000000002
0.030789999999999994
0.030809999999999976
0.030809999999999987
0.031199999999999978
0.03143999999999998
0.03167
0.031470000000000005
0.030979999999999987
0.0308
0.03061
0.03095
0.030910000000000003
0.030679999999999992
0.030769999999999992
0.030919999999999993
0.030719999999999997
0.030539999999999998
0.030810000000000004
0.030690000000000005
0.030239999999999996
0.030360000000000005
0.030319999999999996
0.030669999999999996
0.030469999999999994
0.030049999999999986
0.030269999999999988
0.03009
0.029869999999999987
0.03020999999999998
0.030479999999999997
0.03042999999999999
0.03037999999999999
0.030469999999999994
0.03037999999999999
0.030519999999999995
0.030580000000000003
0.030380000000000004
0.030599999999999978
0.030350000000000002
0.030079999999999985
0.029589999999999988
0.029689999999999998
0.02993
0.029689999999999994
0.02994000000000001
0.030029999999999998
0.029989999999999996
0.030119999999999994
0.029500000000000005
0.029379999999999993
0.029259999999999998
0.028749999999999994
0.02873
0.02889
0.028629999999999996
0.028349999999999997
0.02854
0.02830999999999999
0.027970000000000002
0.027539999999999995
0.027590000000000003
0.027449999999999992
0.027249999999999996
0.02722999999999999
0.027229999999999997
0.027380000000000005
0.027350000000000003
0.02676000000000001
0.026819999999999986
0.026600000000000002
0.026629999999999994
0.026529999999999995
0.0265
0.026260000000000002
0.02618
0.025950000000000008
0.025929999999999995
0.02626
0.026310000000000007
0.02627
0.025859999999999998
0.02543
0.025579999999999995
0.025470000000000003
0.02552
0.02565
0.02544
0.025510000000000005
0.025709999999999997
0.025789999999999997
0.02541
0.02565
0.02574
0.02599
0.02638999999999999
0.026540000000000008
0.026499999999999996
0.026659999999999996
0.026789999999999998
0.026789999999999984
0.026539999999999994
0.026380000000000004
0.026160000000000003
0.026309999999999997
0.02631999999999999
0.02627999999999999
0.025949999999999987
0.026329999999999996
0.026429999999999995
0.026399999999999993
0.02680999999999999
0.02696
0.026869999999999998
0.02679
0.02673999999999999
0.02665
0.02651
0.02682
0.026889999999999997
0.027039999999999998
0.027039999999999984
0.027389999999999998
0.027569999999999997
0.02754
0.02774999999999999
0.02789
0.027699999999999992
0.027869999999999995
0.028050000000000002
0.02798999999999998
0.027609999999999992
0.027739999999999997
0.027809999999999998
0.02725
0.026919999999999996
0.026479999999999997
0.026279999999999998
0.026389999999999993
0.026489999999999993
0.026070000000000003
0.02560999999999999
0.02529
0.02528999999999999
0.02488
0.024900000000000005
0.024879999999999996
0.024769999999999993
0.024609999999999993
0.024549999999999995
0.024419999999999997
0.02416
0.024429999999999997
0.024569999999999998
0.02471
0.02435000000000001
0.024099999999999996
0.02392
0.02374
0.02337999999999999
0.023409999999999993
0.023540000000000002
0.02347999999999999
0.023119999999999998
0.023289999999999998
0.02336999999999999
0.023339999999999996
0.02305
0.023109999999999985
0.022939999999999995
0.022659999999999993
0.02253999999999999
0.022739999999999993
0.022379999999999997
0.022039999999999994
0.022079999999999992
0.02175999999999999
0.02149
0.02146999999999999
0.021529999999999997
0.021659999999999995
0.021449999999999997
0.020989999999999998
0.021109999999999993
0.020819999999999995
0.020919999999999998
0.021109999999999993
0.02155
0.021439999999999997
0.021359999999999994
0.021129999999999986
0.020989999999999988
0.02076
0.020579999999999998
0.020009999999999993
0.020139999999999998
0.020279999999999992
0.02012999999999999
0.020049999999999995
0.020029999999999992
0.020009999999999993
0.020179999999999997
0.020439999999999993
0.020979999999999995
0.021369999999999997
0.021869999999999994
0.02232999999999999
0.022439999999999995
0.022579999999999996
0.02246999999999999
0.022519999999999995
0.022600000000000002
0.022709999999999994
0.022519999999999988
0.022459999999999994
0.022559999999999993
0.022449999999999987
0.02237
0.02221
0.022419999999999992
0.02234
0.022259999999999988
0.022039999999999994
0.021719999999999993
0.02156999999999999
0.02153999999999999
0.02132999999999999
0.021359999999999997
0.02115999999999999
0.021330000000000002
0.02105
0.020909999999999995
0.020589999999999997
0.02052999999999999
0.02036999999999999
0.020419999999999997
0.02041999999999999
0.02060999999999999
0.02060999999999999
0.020519999999999993
0.02084
0.020909999999999998
0.020459999999999992
0.02031999999999999
0.020489999999999994
0.020689999999999997
0.020439999999999993
0.020909999999999995
0.020489999999999994
0.020329999999999994
0.02057999999999999
0.020509999999999994
0.020589999999999994
0.020669999999999987
0.020269999999999993
0.02027
0.01991
0.01954
0.01958
0.019679999999999996
0.01974999999999999
0.019409999999999997
0.019199999999999995
0.018989999999999996
0.01909
0.018919999999999996
0.018939999999999995
0.018989999999999996
0.018839999999999996
0.018620000000000005
0.018300000000000004
0.018289999999999997
0.018149999999999996
0.018099999999999995
0.017949999999999994
0.018059999999999996
0.018059999999999996
0.018199999999999997
0.018169999999999995
0.0179
0.01809
0.017839999999999995
0.01813
0.018369999999999994
0.018719999999999994
0.018819999999999993
0.018979999999999993
0.019279999999999995
0.019139999999999997
0.018959999999999998
0.019019999999999995
0.018929999999999992
0.01897999999999999
0.019109999999999995
0.019149999999999997
0.019319999999999986
0.019179999999999996
0.01886
0.018999999999999996
0.018999999999999996
0.018789999999999994
0.018839999999999996
0.01886
0.01875
0.018769999999999995
0.018819999999999993
0.018909999999999993
0.019139999999999994
0.01908
0.018779999999999998
0.018650000000000003
0.0187
0.01848
0.018369999999999994
0.018500000000000003
0.018589999999999992
0.018849999999999995
0.018779999999999998
0.018909999999999996
0.019269999999999995
0.019339999999999996
0.01945
0.01906
0.01906
0.019119999999999998
0.01911999999999999
0.019399999999999997
0.01972
0.01974
0.019369999999999995
0.01916
0.01911999999999999
0.018949999999999998
0.019139999999999994
0.01919
0.018839999999999996
0.01848
0.018189999999999998
0.01839
0.018779999999999998
0.01892
0.018429999999999995
0.018099999999999998
0.018229999999999996
0.0183
0.01816
0.018069999999999996
0.01843
0.01851
0.01845
0.01859
0.018479999999999996
0.018540000000000004
0.01886
0.018959999999999998
0.018949999999999998
0.019059999999999997
0.01885
0.01909
0.01898
0.018989999999999996
0.018949999999999995
0.018679999999999995
0.018719999999999994
0.01867
0.018929999999999995
0.019089999999999996
0.01923
0.019069999999999997
0.018789999999999998
0.018879999999999994
0.018570000000000003
0.01862
0.01867
0.018399999999999996
0.018199999999999997
0.017810000000000003
0.01771
0.017699999999999997
0.017750000000000002
0.017539999999999997
0.017459999999999996
0.017570000000000002
0.01734
0.017460000000000003
0.01744
0.017580000000000002
0.01721
0.01752
0.01723
0.01727
0.017149999999999995
0.01747
0.017429999999999998
0.01745
0.017619999999999997
0.01792
0.018049999999999997
0.01827
0.01788
0.0178
0.017819999999999996
0.01774999999999999
0.017839999999999995
0.017839999999999995
0.018029999999999994
0.01782
0.01779
0.017809999999999996
0.01774
0.01773
0.0179
0.017759999999999998
0.01755
0.017739999999999995
0.017609999999999994
0.01758
0.017560000000000006
0.017699999999999997
0.017429999999999998
0.017329999999999998
0.01713
0.01732
0.017229999999999995
0.017109999999999997
0.01701
0.01662
0.016440000000000003
0.01652
0.016089999999999997
0.015930000000000003
0.015709999999999995
0.01574
0.015560000000000001
0.015510000000000001
0.015489999999999999
0.015620000000000005
0.015629999999999998
0.015750000000000004
0.01576
0.01605
0.01608
0.016159999999999997
0.016140000000000005
0.016170000000000004
0.016349999999999996
0.01635
0.016179999999999996
0.01638
0.01639
0.01636
0.01636
0.016320000000000005
0.016300000000000002
0.016779999999999996
0.016700000000000003
0.0165
0.01649
0.016620000000000003
0.01657
0.016630000000000002
0.01655
0.0167
0.016410000000000004
0.016450000000000006
0.016419999999999997
0.016259999999999997
0.01603
0.016179999999999996
0.016349999999999996
0.016429999999999997
0.01655
0.016579999999999994
0.016589999999999997
0.016809999999999995
0.01704
0.016949999999999993
0.0172
0.017079999999999998
0.01712
0.016949999999999996
0.016909999999999994
0.016859999999999997
0.017079999999999998
0.01698
0.017129999999999992
0.016849999999999997
0.01653
0.01622
0.016009999999999996
0.016159999999999997
0.01589
0.01586
0.015889999999999998
0.0159
0.015500000000000003
0.01575
0.015960000000000002
