0.19999999999999962
0.25022999999999995
0.31620000000000004
0.3849400000000002
0.4475
0.5035500000000002
0.5501800000000001
0.5863900000000002
0.6166100000000001
0.64019
0.6566400000000001
0.6719099999999999
0.6811400000000002
0.6888299999999999
0.6943200000000002
0.6977099999999998
0.7008699999999998
0.70244
0.70428
0.7042899999999997
0.7050099999999999
0.7058299999999998
0.7075700000000001
0.7078699999999998
0.7081799999999998
0.7073999999999995
0.7066500000000001
0.7063499999999998
0.7072099999999998
0.7088599999999998
0.7106999999999999
0.7081299999999997
0.7095199999999999
0.7095000000000001
0.7076499999999999
0.70587
0.70735
0.7076699999999999
0.7066299999999999
0.7054499999999999
0.7066399999999998
0.70725
0.70639
0.7079099999999999
0.7074099999999998
0.7073899999999999
0.7074799999999998
0.7088199999999997
0.7079799999999998
0.7068500000000002
0.7085299999999998
0.7082100000000001
0.7061800000000004
0.7071000000000001
0.7075200000000003
0.7072299999999997
0.70637
0.70696
0.7071200000000002
0.70748
0.7092199999999997
0.7090199999999998
0.71002
0.7091500000000001
0.7081299999999999
0.7066800000000003
0.70824
0.7082199999999998
0.7087599999999997
0.7112399999999995
0.7084199999999999
0.7083399999999999
0.7085099999999998
0.7078899999999999
0.7086399999999999
0.7114999999999999
0.7097299999999999
0.7082499999999997
0.7083700000000002
0.7080199999999996
0.7091600000000001
0.7073599999999998
0.7075800000000002
0.7083400000000001
0.7079499999999996
0.7079099999999999
0.7071599999999998
0.7080600000000002
0.7090700000000002
0.70794
0.7093199999999996
0.7084199999999999
0.7080299999999998
0.70906
0.7075699999999996
0.7077099999999998
0.7071799999999999
0.7073099999999996
0.7077300000000001
0.7090499999999998
0.7082399999999999
0.7083900000000001
0.7107199999999998
0.7084100000000001
0.7072199999999998
0.70827
0.7066100000000002
0.7090400000000001
0.7085500000000002
0.7083000000000002
0.7100699999999996
0.7099599999999999
0.7093299999999998
0.7107400000000001
0.7102900000000001
0.7100999999999997
0.7096899999999997
0.7100700000000002
0.7092800000000004
0.7091700000000002
0.7085000000000002
0.7104199999999996
0.7092800000000004
0.7078300000000002
0.7087399999999997
0.7081700000000002
0.7089999999999997
0.7088599999999999
0.7093200000000001
0.7092100000000001
0.7088000000000001
0.71003
0.7094399999999998
0.7080299999999998
0.7087400000000001
0.7087600000000001
0.7086799999999996
0.7082500000000002
0.7064400000000002
0.7082399999999999
0.7077999999999999
0.70876
0.7075699999999996
0.7079900000000001
0.7089200000000001
0.7091200000000001
0.7096699999999997
0.7102
0.7096899999999995
0.7097300000000003
0.7086199999999998
0.7085099999999995
0.7103400000000002
0.7099
0.7093199999999996
0.7094799999999998
0.70994
0.7095899999999996
0.7068900000000002
0.7054599999999998
0.7064299999999999
0.7082799999999999
0.7081999999999996
0.7088500000000001
0.7076399999999997
0.70845
0.70882
0.7075999999999998
0.7072999999999997
0.7082600000000003
0.70684
0.7090200000000002
0.7092099999999999
0.7107699999999998
0.7092100000000005
0.7077000000000001
0.7076399999999998
0.7072699999999998
0.7083900000000001
0.7076300000000001
0.70798
0.7073899999999997
0.7089099999999998
0.7071399999999997
0.7072899999999999
0.70697
0.7072299999999998
0.70772
0.7105799999999999
0.7137799999999997
0.7129599999999999
0.7106299999999999
0.7091099999999999
0.7088199999999999
0.70917
0.7088899999999998
0.7091500000000002
0.7102299999999998
0.7087699999999999
0.7120099999999999
0.7113100000000001
0.7107099999999997
0.71142
0.7103900000000002
0.70812
0.7098399999999999
0.70931
0.7085299999999998
0.70916
0.7094299999999996
0.7094999999999999
0.7099999999999997
0.7105499999999999
0.7091600000000001
0.7093000000000003
0.7093299999999998
0.7117100000000002
0.7101799999999996
0.7080399999999999
0.7090800000000005
0.7082800000000001
0.7082600000000001
0.7079400000000001
0.70773
0.7073900000000001
0.7099599999999999
0.70875
0.7097399999999997
0.71061
0.7104599999999999
0.7110699999999995
0.71092
0.7116599999999998
0.70916
0.7096399999999997
0.7091099999999997
0.7082199999999997
0.70768
0.7062899999999998
0.7089599999999997
0.7087799999999994
0.7090899999999998
0.7092000000000002
0.7098800000000002
0.7112300000000004
0.71138
0.7107900000000003
0.7104299999999998
0.71067
0.70865
0.7080700000000002
0.70903
0.7090299999999995
0.7087899999999998
0.7082099999999998
0.70753
0.7066999999999999
0.7084799999999997
0.7093399999999996
0.7085499999999999
0.7089299999999998
0.7111399999999999
0.7114099999999998
0.7089599999999997
0.7081400000000001
0.7080199999999998
0.7085599999999999
0.7098299999999997
0.7106599999999994
0.70926
0.7105499999999999
0.7121599999999999
0.7109099999999999
0.71052
0.71002
0.7089399999999999
0.7091099999999996
0.7090500000000002
0.7112099999999997
0.7119599999999998
0.7123999999999998
0.7110499999999997
0.7098899999999996
0.7103300000000001
0.7104399999999998
0.7097400000000001
0.70805
0.7083199999999996
0.7099499999999999
0.7063799999999998
0.7047899999999998
0.7078699999999997
0.7088499999999999
0.7083299999999998
0.7109799999999998
0.7106399999999999
0.7106599999999997
0.71064
0.7118499999999998
0.7118199999999999
0.7102899999999999
0.7127499999999998
0.7101399999999997
0.70988
0.7097300000000001
0.7100799999999997
0.7092499999999998
0.7088699999999997
0.7090599999999998
0.7080799999999999
0.7090399999999996
0.7105599999999999
0.7094699999999999
0.7103100000000001
0.7097300000000001
0.71028
0.7092700000000001
0.70732
0.70914
0.7084800000000001
0.7082399999999995
0.7081499999999997
0.7068699999999999
0.7080699999999999
0.7078899999999999
0.70731
0.7083499999999998
0.7081699999999996
0.7087099999999998
0.7087600000000001
0.7106300000000003
0.7105
0.7128199999999997
0.7108500000000001
0.7104699999999998
0.71123
0.7109600000000001
0.7102700000000002
0.7105099999999999
0.7107899999999998
0.7113799999999995
0.7100799999999995
0.7104999999999997
0.70933
0.7098100000000003
0.7080799999999999
0.70905
0.7091999999999997
0.7087400000000001
0.7086499999999997
0.7099999999999999
0.7097500000000003
0.70857
0.70878
0.7089200000000001
0.70949
0.7089599999999998
0.70729
0.7083099999999999
0.70939
0.70899
0.7083800000000001
0.7078199999999997
0.7074199999999997
0.7089700000000001
0.70896
0.70918
0.7094400000000002
0.70895
0.7055799999999999
0.70503
0.7064899999999998
0.7058999999999997
0.7056599999999998
0.7068399999999998
0.70765
0.7063599999999995
0.7073499999999998
0.7083400000000002
0.7072400000000001
0.7070100000000002
0.70733
0.7051100000000006
0.7070500000000003
0.7074999999999996
0.7055399999999997
0.706
0.7068199999999999
0.7059700000000002
0.70661
0.70777
0.7086200000000001
0.7073899999999997
0.70863
0.7074900000000003
0.7074400000000002
0.7066500000000001
0.7072399999999996
0.7080399999999999
0.7090399999999997
0.7071999999999998
0.7083199999999998
0.7095400000000001
0.7087999999999997
0.7111
0.7097900000000001
0.7103500000000003
0.7098200000000001
0.7097699999999998
0.7101700000000001
0.7094000000000001
0.7099900000000003
0.7094900000000002
0.7100500000000001
0.70929
0.7105199999999998
0.7099199999999999
0.7098399999999998
0.7083800000000002
0.7094199999999996
0.7100899999999999
0.7095899999999999
0.7103500000000001
0.7097899999999997
0.7097
0.7095499999999997
0.7087699999999997
0.7093400000000001
0.7092300000000002
0.7084600000000001
0.7064899999999997
0.7046399999999997
0.7052699999999998
0.7040000000000001
0.7060899999999997
0.7074099999999999
0.70883
0.70923
0.7095799999999999
0.70863
0.7077899999999999
0.7075800000000001
0.70784
0.7089500000000001
0.7106999999999998
0.7093199999999996
0.7098400000000002
0.7098400000000004
0.7090899999999999
0.7100499999999998
0.7105899999999998
0.7098000000000002
0.7097300000000001
0.7098399999999999
0.7094300000000001
0.7095999999999999
0.7096699999999998
0.7115499999999999
0.7110699999999999
0.7096599999999996
0.70827
0.70894
0.7088499999999999
0.7092699999999996
0.7096499999999999
0.7094
0.7082299999999997
0.7099999999999999
0.7095800000000001
0.7091900000000001
0.7100699999999999
0.7072399999999999
0.70703
0.7081200000000003
0.7072000000000002
0.7088000000000001
0.70888
0.7075599999999995
0.7069000000000001
0.7078800000000003
0.7065599999999997
0.7074600000000001
0.7065699999999998
0.7080399999999999
0.7079900000000001
0.7081300000000001
0.70792
0.7059100000000004
0.7069599999999997
0.7088699999999997
0.7073599999999997
0.7073399999999995
0.7058299999999998
0.7064
0.7078599999999998
0.70895
0.7087499999999998
0.70815
0.70735
0.7084700000000003
0.7081500000000002
0.7071
0.70738
0.7067800000000001
0.7085899999999998
0.70888
0.70907
0.7082899999999998
0.7108799999999998
0.7105499999999998
0.7107799999999997
0.7102300000000003
0.7068899999999998
0.7063399999999999
0.7068500000000002
0.70903
0.7064999999999995
0.7085199999999999
0.7085200000000004
0.7101099999999997
0.7108299999999995
0.70959
0.7099
0.7089000000000002
0.7095199999999998
0.7079900000000001
0.7097499999999998
0.7084199999999999
0.7094499999999999
0.7087699999999997
0.7098399999999999
0.7089600000000005
0.7087400000000001
0.7070799999999998
0.7084299999999999
0.7095699999999997
0.7087400000000003
0.70673
0.7068900000000002
0.7077000000000001
0.7080900000000001
0.7098099999999999
0.7091399999999998
0.7102
0.7101399999999997
0.7099300000000001
0.7112999999999997
0.7107399999999996
0.7101999999999997
0.71051
0.7098399999999999
0.7115399999999998
0.7098900000000001
0.7084599999999999
0.7086599999999998
0.7082500000000002
0.7079499999999997
0.70693
0.7073
0.7075599999999994
0.7067499999999997
0.7072299999999996
0.7076600000000001
0.70773
0.70778
0.7063499999999998
0.7079699999999997
0.70904
0.70747
0.70621
0.7071799999999996
0.7062999999999998
0.7073999999999999
0.7090500000000003
0.7086100000000001
0.7085299999999995
0.70776
0.7100099999999998
0.7086200000000001
0.7091299999999999
0.7095499999999997
0.7119299999999998
0.7107799999999999
0.7099699999999999
0.7092099999999997
0.7107099999999998
0.70938
0.7115799999999995
0.7115200000000002
0.7109699999999998
0.7103299999999999
0.7104799999999998
0.7108899999999996
0.70987
0.7077399999999996
0.7097899999999996
0.70675
0.70725
0.7062900000000003
0.7075499999999998
0.7092799999999998
0.7097399999999999
0.7107699999999998
0.7097599999999998
0.7098700000000001
0.7108599999999997
0.7100600000000001
0.7097099999999996
0.70864
0.7103899999999997
0.7121999999999999
0.71055
0.7102300000000001
0.7111099999999999
0.70915
0.7079899999999999
0.7078899999999997
0.70937
0.7090499999999997
0.7075600000000002
0.7076500000000003
0.70883
0.7072999999999999
0.7074999999999997
0.7088300000000003
0.7085000000000004
0.7092500000000002
0.7087099999999998
0.7085000000000001
0.7082499999999997
0.70937
0.7094299999999998
0.7087499999999999
0.7112899999999995
0.7114800000000002
0.7095199999999997
0.7101999999999998
0.7094799999999999
0.7098599999999999
0.7074299999999998
0.7078600000000002
0.70963
0.7088000000000001
0.7104199999999998
0.7115899999999996
0.7111899999999999
0.7118499999999999
0.7108299999999997
0.7114699999999996
0.7120599999999996
0.7109799999999997
0.7109399999999998
0.7111699999999999
0.7118899999999999
0.7096800000000001
0.7099
0.7095699999999999
0.7111699999999999
0.7094800000000001
0.7105200000000003
0.7105799999999999
0.7111099999999996
0.7096400000000002
0.70769
0.7079900000000003
0.7083699999999999
0.70619
0.70517
0.7064100000000001
0.7059199999999999
0.7069800000000002
0.70597
0.70796
0.7080199999999999
0.7069300000000002
0.7079400000000001
0.7076000000000002
0.7071199999999997
0.7090500000000002
0.7090500000000002
0.7095100000000002
0.7079399999999998
0.7093199999999998
0.70942
0.7087399999999997
0.7071099999999998
0.7085499999999999
0.7087199999999997
0.7069899999999998
0.7056299999999998
0.7062899999999996
0.7074600000000001
0.7073699999999999
0.7094899999999998
0.7098299999999998
0.7083300000000002
0.7070499999999995
0.7086900000000002
0.7088999999999998
0.7101300000000001
0.7106599999999997
0.70813
0.7083599999999995
0.7070400000000001
0.7071200000000001
0.7066899999999998
0.70813
0.7092399999999995
0.7096399999999998
0.7094200000000002
0.7084299999999998
0.7085700000000001
0.7076
0.7076
0.7080199999999998
0.70958
0.70855
0.7084400000000002
0.7071999999999998
0.70962
0.70904
0.7092099999999998
0.7101799999999996
0.7082199999999998
0.7081799999999998
0.7075099999999998
0.70902
0.7096199999999999
0.7098800000000002
0.7078199999999998
0.7075200000000003
0.7055899999999998
0.7061
0.70593
0.7074800000000003
0.7070699999999996
0.7071100000000002
0.7063100000000001
0.7071999999999996
0.70841
0.7082400000000001
0.70806
0.71107
0.7105999999999998
0.7121299999999999
0.71052
0.7114999999999998
0.71021
0.7119099999999999
0.71014
0.7090600000000002
0.7088399999999999
0.7083699999999999
0.7083899999999999
0.70719
0.7061200000000002
0.7059099999999999
0.7058700000000002
0.7068799999999998
0.7100599999999999
0.70918
0.70853
0.7096299999999996
0.7094000000000001
0.70825
0.7082600000000001
0.70736
0.7090599999999999
0.7080899999999997
0.7085500000000003
0.7073899999999997
0.70585
0.7080400000000003
0.70717
0.7060199999999998
0.7064300000000003
0.7061700000000002
0.70636
0.7076599999999997
0.7092600000000001
0.7088099999999997
0.7082599999999999
0.7077899999999999
0.7084199999999998
0.7090599999999999
0.70821
0.70634
0.7078499999999999
0.7087099999999998
0.7101000000000001
0.7105599999999999
0.7104599999999999
0.7107899999999999
0.7108499999999995
0.7087
0.7084900000000002
0.70702
0.7067100000000001
0.7080199999999999
0.7081099999999998
0.7093300000000002
0.7081600000000001
0.7106599999999997
0.7105099999999996
0.7102599999999998
0.7084600000000001
0.7092300000000001
0.7091799999999999
0.7101499999999997
0.7097200000000002
0.7091900000000001
0.7109300000000002
0.7103500000000003
0.7110099999999998
0.7101699999999999
0.7096699999999998
0.7087400000000001
0.7098999999999996
0.7101899999999999
0.7110599999999997
0.7101899999999999
0.7103
0.7102799999999998
0.7104300000000001
0.7099100000000002
0.7101999999999998
0.7104099999999999
0.7104299999999998
0.7078600000000002
0.70761
0.7074399999999997
0.7081899999999999
0.7087100000000004
0.71028
0.7108999999999999
0.7091999999999997
0.70706
0.7081899999999999
0.7081900000000002
0.7086599999999997
0.7097599999999997
0.7092099999999997
0.71092
0.7095199999999999
0.70928
0.70833
0.7077999999999995
0.7097600000000002
0.7096799999999998
0.7101900000000001
0.7103900000000002
0.7098
0.7100099999999999
0.7073399999999999
0.70845
0.7069599999999998
0.7083300000000001
0.7076100000000001
0.7073999999999999
0.7085000000000001
0.70756
0.7068799999999997
0.7098599999999997
0.70816
0.7086100000000003
0.7093499999999999
0.7081399999999998
0.7085999999999996
0.7078799999999995
0.7108099999999996
0.7103000000000002
0.7107499999999999
0.7083999999999997
0.7074799999999998
0.70922
0.7080700000000002
0.7102799999999998
0.7095600000000001
0.7086
0.7083899999999999
0.7074599999999995
0.7065499999999999
0.70891
0.7102399999999994
0.70867
0.71107
0.71005
0.70882
0.7090500000000002
0.7074299999999997
0.7083799999999999
0.7075199999999999
0.7077
0.70689
0.7061799999999998
0.70608
0.7065299999999998
0.70663
0.7083499999999998
0.7095299999999998
0.7099499999999995
0.7087
0.70765
0.7086199999999999
0.7092299999999999
0.7106100000000001
0.7115799999999999
0.7090200000000002
0.70717
0.70703
0.7042800000000001
0.70446
0.7057499999999998
0.70482
0.70749
0.7056500000000001
0.70639
0.7087800000000003
0.7098299999999998
0.7094000000000003
0.70945
0.7088899999999997
0.7098899999999996
0.7088399999999999
0.7076999999999997
0.7095700000000004
0.7087199999999996
0.7098299999999997
0.7109299999999997
0.7098599999999997
0.7087199999999999
0.7086399999999999
0.7083499999999997
0.70912
0.7080399999999999
0.70795
0.7097699999999996
0.7084499999999995
0.70837
0.7082800000000001
0.7077499999999997
0.7103700000000001
0.7117199999999998
0.70911
0.7091299999999998
0.70744
0.70785
0.7078700000000001
0.7092100000000001
0.7095799999999997
0.7098300000000003
0.7112200000000002
0.7131899999999998
0.7119200000000002
0.7108599999999998
0.71022
0.7076399999999997
0.7082799999999996
0.7077400000000001
0.7069599999999998
0.7080500000000001
0.70777
0.7091099999999999
0.7107599999999998
0.70937
0.7066
0.7050899999999999
0.70588
0.70735
0.7078
0.7072299999999996
0.7062299999999998
0.7081599999999999
0.70683
0.7068099999999999
0.70642
0.70703
0.7076599999999997
0.7101999999999997
0.7094899999999997
0.7074299999999998
0.7083299999999998
0.7096200000000001
0.7099699999999999
0.7093099999999997
0.7079099999999999
0.7073100000000002
0.7085899999999996
0.7071999999999999
0.7059000000000002
0.7062899999999999
0.7082199999999997
0.7104200000000002
0.7091199999999996
0.7102899999999996
0.7094800000000002
0.7097800000000001
0.7097799999999996
0.7098099999999999
0.70993
