0.19999999999999962
0.4442400000000001
0.6536600000000001
0.6177399999999998
0.6263999999999998
0.6232000000000002
0.6200200000000001
0.6251200000000001
0.6186000000000001
0.6225
0.6234400000000001
0.6244599999999999
0.6196199999999997
0.62164
0.6210600000000001
0.6210799999999999
0.62182
0.6245799999999998
0.6194599999999999
0.6197
0.62312
0.6203799999999999
0.6198
0.6263600000000001
0.6212199999999997
0.62586
0.6207999999999998
0.6213399999999999
0.6224400000000001
0.6208600000000001
0.6198199999999998
0.6248000000000001
0.6213600000000001
0.62366
0.6223999999999997
0.6180400000000001
0.62284
0.6228
0.62182
0.6203799999999999
0.6220999999999999
0.62066
0.6237000000000001
0.6225600000000001
0.6247200000000002
0.61952
0.6200999999999999
0.6243599999999999
0.6197
0.6226399999999999
0.6197400000000001
0.6205600000000003
0.6264600000000001
0.6202399999999999
0.6233
0.6229399999999999
0.6251800000000003
0.6230399999999997
0.6227599999999999
0.6200799999999999
0.6249600000000002
0.624
0.6232199999999998
0.6195599999999998
0.6224399999999999
0.6190000000000001
0.6218
0.6212399999999999
0.6203600000000001
0.6252199999999998
0.6189199999999997
0.6242
0.6199399999999998
0.62044
0.62366
0.6194
0.62692
0.6198400000000001
0.6218199999999997
0.6237799999999998
0.62484
0.6179000000000001
0.6255199999999997
0.6220599999999998
0.6238800000000003
0.6186600000000002
0.6224600000000001
0.62304
0.6244000000000001
0.6202000000000001
0.6262599999999999
0.6202399999999999
0.6204000000000003
0.62332
0.6188199999999999
0.6232200000000003
0.6210600000000001
0.62068
0.6236600000000003
0.62144
0.6218999999999997
0.6232199999999998
0.6242000000000001
0.6173400000000001
0.6228800000000001
0.62162
0.6248600000000001
0.6225400000000001
0.6231800000000001
0.6213799999999999
0.6213799999999999
0.6211399999999998
0.62192
0.6215999999999999
0.6218999999999999
0.6196600000000001
0.6220200000000001
0.6211800000000002
0.6259399999999999
0.6237800000000001
0.6230399999999999
0.6223999999999998
0.6217199999999998
0.6242
0.6234800000000001
0.6244799999999998
0.6259199999999998
0.6196999999999999
0.62284
0.6243599999999999
0.6209599999999998
0.62488
0.6206999999999998
0.6239399999999999
0.62214
0.6238799999999998
0.62562
0.62062
0.6220600000000003
0.6216800000000001
0.6242999999999997
0.62286
0.6233600000000002
0.62252
0.6225199999999999
0.6209399999999999
0.6240799999999999
0.6197
0.6250199999999996
0.6226400000000001
0.62212
0.6211600000000002
0.6233599999999999
0.6192400000000002
0.6238800000000002
0.6221800000000002
0.6245000000000002
0.6212599999999999
0.62424
0.6206800000000001
0.6215599999999999
0.6247200000000002
0.6243799999999999
0.6232400000000002
0.6213999999999998
0.6204000000000002
0.6247399999999999
0.6206600000000002
0.6189199999999999
0.6231
0.6209600000000001
0.62276
0.6215599999999999
0.6246600000000001
0.6206999999999999
0.6230400000000003
0.62562
0.6213399999999999
0.6225999999999998
0.6231399999999999
0.62398
0.6219400000000002
0.61916
0.6247399999999999
0.6251199999999997
0.6246400000000002
0.6209000000000001
0.6207600000000002
0.6261999999999999
0.6211200000000002
0.6204599999999999
0.6211
0.6215400000000002
0.62048
0.62174
0.62466
0.6237999999999998
0.6216200000000002
0.6181599999999999
0.62074
0.6252000000000002
0.62128
0.62396
0.6191000000000001
0.6234800000000001
0.6202599999999999
0.6227199999999999
0.6195599999999998
0.6238800000000001
0.6222400000000001
0.6223999999999998
0.6224599999999999
0.6255600000000002
0.6249399999999998
0.61936
0.6253599999999999
0.6228399999999998
0.6210399999999999
0.6211
0.62148
0.6154
0.6236599999999999
0.6212799999999998
0.6264200000000001
0.6240199999999998
0.62228
0.6213599999999999
0.61968
0.6225599999999997
0.6208000000000001
0.6218400000000003
0.6245799999999999
0.6180599999999999
0.6194000000000002
0.6224400000000001
0.61798
0.62444
0.6239799999999999
0.6202799999999999
0.6199399999999996
0.6273
0.62072
0.6230399999999999
0.6224199999999999
0.6256200000000001
0.62354
0.6241000000000002
0.6247600000000001
0.6210200000000003
0.62064
0.6200999999999999
0.6191999999999996
0.6237999999999999
0.6203799999999998
0.6241599999999999
0.6239999999999997
0.6234199999999996
0.62126
0.62476
0.6230399999999997
0.6240800000000002
0.6242199999999998
0.6244
0.6231600000000002
0.6239799999999999
0.6213999999999996
0.6197200000000003
0.6271399999999998
0.62432
0.6213599999999998
0.6222999999999999
0.6239600000000003
0.6198400000000001
0.6235599999999998
0.6215
0.61954
0.6231399999999998
0.6177199999999999
0.6215400000000001
0.62428
0.6228200000000002
0.6244199999999998
0.6232000000000002
0.6224999999999998
0.6208
0.6259999999999999
0.6186400000000001
0.6278599999999999
0.6224600000000001
0.6177199999999999
0.62016
0.62128
0.62336
0.6221800000000001
0.6205
0.6233
0.6219199999999999
0.6227200000000002
0.6231400000000002
0.62182
0.6215200000000001
0.6237799999999997
0.621
0.6222
0.6191200000000001
0.62132
0.6206199999999998
0.6261400000000001
0.6204
0.6242800000000002
0.6229
0.6231200000000001
0.6209800000000001
0.6228199999999998
0.61944
0.6266999999999999
0.62382
0.62442
0.6228400000000002
0.6216000000000002
0.62162
0.6208199999999999
0.6216999999999999
0.6204199999999996
0.62214
0.6229
0.61982
0.6179400000000003
0.6213
0.6256999999999999
0.6207
0.6237399999999997
0.6208799999999998
0.6222199999999996
0.62028
0.6232800000000003
0.6232599999999999
0.62232
0.6201399999999999
0.6242800000000001
0.6232000000000001
0.6230600000000001
0.62544
0.6231199999999999
0.62282
0.6221800000000001
0.619
0.6232000000000002
0.6226
0.6238199999999999
0.6201399999999999
0.6211
0.61846
0.6229799999999998
0.6230799999999997
0.6245999999999998
0.62408
0.6208800000000001
0.6245600000000001
0.6225599999999999
0.6192399999999999
0.6218400000000001
0.6234000000000001
0.6195999999999999
0.62412
0.6218400000000002
0.6206800000000002
0.6241999999999999
0.6217199999999998
0.6254599999999999
0.6225400000000001
0.6208800000000001
0.6199200000000002
0.6189799999999999
0.6224199999999998
0.6224599999999998
0.6205000000000002
0.6244800000000001
0.6254000000000002
0.62556
0.62286
0.62358
0.62072
0.6215799999999997
0.6227199999999999
0.62004
0.62722
0.6182999999999998
0.6224600000000001
0.6224400000000003
0.6229600000000001
0.6213000000000001
0.6203599999999997
0.6253799999999999
0.6222399999999998
0.6233399999999998
0.6199600000000003
0.6225799999999999
0.6260400000000002
0.6201800000000002
0.6252800000000001
0.6218200000000002
0.62284
0.62268
0.6203200000000001
0.6254199999999998
0.6214399999999999
0.61982
0.6261599999999999
0.6187799999999997
0.6248199999999998
0.6240599999999997
0.6226799999999999
0.62094
0.6222799999999999
0.6200399999999998
0.62094
0.6204800000000001
0.6220600000000001
0.6210200000000001
0.6228200000000002
0.6241599999999999
0.6224999999999997
0.6217999999999998
0.62356
0.6215800000000001
0.6204399999999998
0.6234200000000001
0.6229199999999998
0.6230000000000002
0.6231200000000001
0.62498
0.6239000000000001
0.6249400000000002
0.62444
0.6252200000000001
0.6221200000000001
0.6220600000000003
0.6214999999999997
0.6211999999999999
0.6201199999999996
0.6260800000000001
0.6216999999999999
0.62362
0.6204800000000001
0.6194400000000002
0.6195600000000001
0.6209600000000001
0.6217600000000002
0.62464
0.6210600000000001
0.6213
0.62218
0.6218
0.6247600000000003
0.6231999999999998
0.62286
0.6260600000000001
0.61948
0.6221999999999999
0.62268
0.6219399999999999
0.6215999999999997
0.6203599999999999
0.6239999999999999
0.6208799999999999
0.62084
0.6205199999999997
0.6227399999999998
0.6193000000000001
0.6252800000000001
0.6224000000000001
0.6239399999999999
0.6218199999999999
0.6243399999999999
0.6192599999999999
0.6226999999999999
0.6194000000000001
0.62372
0.6209600000000001
0.6219199999999999
0.6212400000000001
0.6239999999999999
0.62054
0.6248
0.6245200000000001
0.6251599999999998
0.6241399999999997
0.6236200000000001
0.6231
0.6252599999999998
0.6205999999999997
0.6214799999999999
0.6228800000000002
0.6184400000000001
0.6208599999999999
0.6230399999999998
0.6224200000000001
0.6257600000000001
0.6217399999999996
0.6210999999999999
0.6188800000000001
0.62062
0.62348
0.6235000000000003
0.6267199999999999
0.6219199999999998
0.62488
0.62132
0.62186
0.623
0.62286
0.6210000000000001
0.6219
0.6200399999999999
0.6236400000000001
0.6220800000000001
0.6228799999999999
0.6200399999999998
0.6221799999999998
0.62308
0.6203000000000002
0.62464
0.6224599999999999
0.62384
0.6232599999999999
0.62162
0.6215599999999999
0.62092
0.6220800000000001
0.6192400000000001
0.6207600000000001
0.6223199999999998
0.6189200000000001
0.6193200000000002
0.6219599999999997
0.6240600000000003
0.6220999999999999
0.6193800000000003
0.6213600000000001
0.6240799999999999
0.6211000000000001
0.6255999999999997
0.6193600000000001
0.6218
0.62068
0.62058
0.62182
0.6208200000000001
0.62194
0.6196200000000002
0.62762
0.6227400000000003
0.6211999999999999
0.6215200000000001
0.6241
0.62304
0.62208
0.62476
0.6214999999999999
0.6249999999999999
0.6218400000000002
0.6203600000000001
0.6252800000000002
0.6194599999999998
0.6228400000000002
0.6205599999999999
0.6188800000000001
0.6273600000000001
0.6217000000000001
0.6228999999999998
0.6222
0.6222000000000001
0.6195799999999998
0.6238999999999998
0.6196999999999999
0.62284
0.6227400000000002
0.6228600000000001
0.6218200000000002
0.6224599999999999
0.6234799999999999
0.6202000000000001
0.6192599999999997
0.62224
0.62454
0.6180800000000002
0.6219800000000002
0.6159399999999999
0.6226600000000002
0.6244599999999999
0.62212
0.6248600000000001
0.6224000000000002
0.6198199999999998
0.6215800000000002
0.62228
0.6212200000000001
0.6276599999999999
0.62456
0.6211999999999999
0.6205600000000002
0.62238
0.6216200000000001
0.6212800000000004
0.6195
0.6198599999999997
0.6239399999999999
0.6220000000000002
0.6218
0.6207999999999998
0.6225999999999998
0.6205199999999997
0.62148
0.6236999999999999
0.6229200000000001
0.62652
0.6193799999999999
0.6259000000000003
0.62348
0.6247599999999998
0.6268999999999999
0.6213200000000001
0.62208
0.6259800000000001
0.6245799999999999
0.6205999999999999
0.6228200000000002
0.61828
0.6225400000000001
0.6179400000000004
0.6263200000000001
0.6227599999999999
0.618
0.6276200000000002
0.6219199999999999
0.6254199999999999
0.6206799999999999
0.6234599999999998
0.6207600000000002
0.6223
0.6217799999999999
0.6204999999999999
0.6217800000000002
0.6223399999999999
0.6204399999999999
0.6217199999999999
0.6204999999999999
0.6225999999999998
0.62248
0.62326
0.62676
0.62514
0.6197000000000001
0.6209999999999999
0.6202799999999997
0.6204600000000002
0.62332
0.6223000000000001
0.62074
0.6224799999999998
0.6218400000000002
0.6201000000000001
0.6237199999999999
0.6234400000000001
0.6250999999999999
0.61912
0.6214599999999999
0.6175800000000001
0.6243599999999999
0.62026
0.6231599999999999
0.6243
0.6174999999999998
0.6238800000000001
0.6215200000000001
0.6176599999999994
0.6251399999999999
0.6205799999999999
0.62246
0.6201800000000002
0.6202000000000001
0.6195200000000001
0.62082
0.6245200000000001
0.6220399999999999
0.6212799999999998
0.6221199999999998
0.6234799999999999
0.6231
0.6220000000000001
0.6242799999999997
0.62056
0.6202599999999997
0.6193799999999997
0.6212200000000001
0.6244
0.6257999999999998
0.6172399999999998
0.62126
0.62466
0.6208599999999997
0.6212
0.6240600000000002
0.62074
0.62318
0.6251000000000002
0.61922
0.6212200000000003
0.62728
0.6205200000000002
0.6257800000000002
0.6201000000000001
0.6188999999999997
0.6146799999999999
0.62556
0.6207799999999999
0.62262
0.6243399999999998
0.6223399999999999
0.6266000000000003
0.6196399999999997
0.6216199999999997
0.6208799999999999
0.62152
0.6207200000000002
0.6237999999999999
0.6236000000000003
0.6258000000000002
0.6224599999999998
0.6203200000000002
0.6262200000000001
0.6222799999999999
0.6242000000000001
0.6202000000000001
0.6211200000000001
0.6226599999999999
0.6214999999999998
0.6201399999999998
0.6190799999999996
0.6243200000000002
0.6206400000000001
0.6248000000000002
0.6248
0.6167800000000002
0.62402
0.62466
0.6246399999999998
0.6216399999999997
0.62254
0.6237599999999999
0.6187599999999999
0.62346
0.6216400000000001
0.6222799999999999
0.6213200000000001
0.6232800000000001
0.6220600000000001
0.6214199999999998
0.6207800000000002
0.6192000000000001
0.6234200000000003
0.6273199999999999
0.61948
0.6211399999999999
0.62374
0.62488
0.62198
0.6222399999999998
0.6228399999999997
0.6214600000000001
0.6244600000000001
0.61768
0.6204
0.6190999999999999
0.6268
0.6212199999999999
0.62318
0.6227600000000001
0.6237599999999998
0.6205599999999998
0.6260200000000001
0.6251599999999999
0.6207199999999998
0.6249600000000001
0.6230399999999999
0.62368
0.61982
0.6218799999999998
0.6229199999999999
0.6224599999999998
0.62034
0.6231199999999998
0.61868
0.6213799999999999
0.62436
0.6216399999999997
0.6222600000000003
0.62062
0.61998
0.6208800000000001
0.62804
0.6213200000000001
0.6227999999999997
0.62122
0.61602
0.6283000000000001
0.6207599999999998
0.6206
0.6251800000000002
0.6173399999999998
0.6245999999999997
0.6236199999999997
0.6213999999999998
0.6266999999999997
0.6223
0.6251199999999999
0.6280999999999998
0.6179200000000001
0.6193600000000001
0.62234
0.62286
0.6204599999999999
0.6250200000000002
0.61948
0.62534
0.6186800000000001
0.6234400000000001
0.6248999999999999
0.6241799999999998
0.62224
0.6221799999999998
0.6211800000000001
0.62306
0.6215599999999997
0.62432
0.6253
0.6226799999999997
0.62436
0.6233399999999999
0.62072
0.6283200000000001
0.6212599999999999
0.62238
0.62502
0.6213399999999999
0.6198400000000001
0.6246399999999998
0.6230000000000001
0.6231600000000002
0.62184
0.62258
0.62248
0.62066
0.6246
0.61814
0.61922
0.62088
0.6244799999999998
0.62266
0.6205999999999999
0.6237200000000002
0.62222
0.6237399999999999
0.62208
0.6246200000000001
0.62162
0.6194399999999999
0.62168
0.6204199999999997
0.62434
0.6206799999999998
0.6250799999999999
0.6218599999999997
0.6214599999999998
0.6223199999999998
0.6214599999999999
0.6239400000000002
0.6221400000000001
0.6199600000000001
0.6204999999999999
0.6230600000000002
0.6245800000000004
0.6237999999999999
0.6232399999999997
0.6249199999999999
0.61944
0.6223399999999999
0.6247400000000001
0.6213999999999998
0.6211399999999998
0.6223000000000001
0.6248
0.6218999999999998
0.6245999999999999
0.6203
0.62226
0.6232000000000001
0.6240399999999999
0.62046
0.6191
0.6244999999999999
0.62204
0.6262800000000002
0.6213200000000001
0.6237399999999999
0.6203400000000001
0.6224599999999998
0.6175199999999998
0.6233799999999999
0.6235000000000004
0.6226000000000002
0.62428
0.6246400000000001
0.6206000000000003
0.62594
0.6182799999999998
0.6267400000000002
0.6192599999999999
0.6233200000000001
0.61842
0.6222999999999999
0.62076
0.6202400000000001
0.6232799999999998
0.6223400000000002
0.6224600000000001
0.6275600000000001
0.6188199999999998
0.6226999999999999
0.6256799999999999
0.6229399999999997
0.6205599999999999
0.6242599999999998
0.6201400000000001
0.6263400000000002
0.6212399999999996
0.6213000000000002
0.623
0.6217200000000002
0.6235200000000001
0.6181600000000002
0.62738
0.6202600000000001
0.6207000000000001
0.6240599999999997
0.6187600000000001
0.6200600000000001
0.62284
0.62304
0.6226600000000002
0.6231799999999998
0.6231399999999998
0.6209199999999999
0.62334
0.6211799999999998
0.6220200000000001
0.6220799999999997
0.6228800000000001
0.62398
0.6226999999999999
0.6200799999999999
0.6251399999999999
0.62582
0.6256800000000003
0.6219399999999998
0.62508
0.6262800000000001
0.6178
0.62174
0.62078
0.62436
0.6179399999999999
0.6227999999999999
0.61786
0.6192599999999995
0.6216600000000002
0.6217400000000002
0.6176600000000001
0.62272
0.6191199999999997
0.61934
0.6217000000000001
0.6195800000000002
0.62262
0.6227600000000002
0.6210999999999999
0.62192
0.62202
0.62068
0.62474
0.6204399999999999
0.6236200000000001
0.6230399999999997
0.62508
0.6244599999999998
0.6249000000000001
0.6219400000000003
0.6254200000000001
0.6241799999999997
