0.19999999999999962
0.6668800000000004
0.6671199999999999
0.6607600000000001
0.66554
0.6632800000000002
0.66822
0.6614200000000001
0.6687599999999999
0.6617799999999999
0.6650000000000001
0.6615400000000001
0.6649599999999998
0.6688199999999999
0.6610599999999998
0.6678999999999999
0.6647399999999999
0.6639600000000001
0.6664600000000002
0.6629999999999998
0.6644800000000001
0.6670200000000002
0.66392
0.66746
0.6639400000000003
0.6674799999999999
0.6652600000000001
0.6637000000000003
0.6650800000000002
0.6642600000000001
0.6638199999999996
0.6644200000000002
0.6708399999999998
0.6628599999999999
0.6684800000000002
0.6644200000000002
0.66634
0.66468
0.6649600000000001
0.6648599999999999
0.66526
0.6619200000000001
0.6658
0.6655600000000003
0.66604
0.6618799999999999
0.6646000000000001
0.6677
0.6656800000000002
0.6667399999999999
0.6643000000000001
0.6678799999999998
0.6630799999999999
0.6685
0.66644
0.6649200000000002
0.6680200000000001
0.6608600000000002
0.6667000000000001
0.66834
0.6644599999999999
0.6659800000000001
0.6633199999999999
0.66364
0.6652200000000001
0.6661799999999997
0.6659600000000002
0.6631599999999999
0.6648000000000002
0.6640600000000001
0.66476
0.6656000000000002
0.6631200000000002
0.6696599999999998
0.6641400000000001
0.66636
0.6665199999999998
0.66136
0.6663600000000003
0.6662199999999998
0.6639399999999999
0.6651000000000004
0.6657200000000003
0.6668600000000002
0.66486
0.67048
0.6616000000000003
0.6675999999999999
0.6645399999999999
0.6623400000000003
0.6652399999999997
0.6644599999999999
0.6664000000000001
0.6647800000000004
0.66736
0.66254
0.66572
0.6632600000000002
0.6677600000000001
0.66282
0.6665199999999998
0.6642600000000002
0.6653399999999999
0.6627400000000001
0.6678000000000001
0.6634
0.6630800000000003
0.6698200000000001
0.6645600000000002
0.6678400000000001
0.66538
0.6639999999999999
0.66832
0.66184
0.6680000000000003
0.6661799999999998
0.66508
0.6670799999999997
0.6637400000000001
0.6647599999999996
0.6646199999999997
0.6671799999999999
0.6620200000000003
0.6660600000000001
0.6653
0.6617400000000001
0.6665800000000002
0.6671799999999999
0.6644200000000001
0.6658399999999999
0.6644400000000004
0.6651200000000002
0.66346
0.6675399999999998
0.66276
0.66736
0.6661199999999998
0.6653600000000001
0.66762
0.6637399999999998
0.6655400000000001
0.6655
0.665
0.6639400000000001
0.6640200000000002
0.6640800000000001
0.6660800000000002
0.6618600000000001
0.6674599999999998
0.6643799999999999
0.6650400000000003
0.6630999999999999
0.6657799999999999
0.6640200000000003
0.6659800000000001
0.6644200000000001
0.6648000000000001
0.66712
0.6639800000000001
0.6679400000000001
0.6653800000000001
0.66872
0.6651199999999998
0.6664
0.66226
0.6674199999999999
0.6612
0.6679800000000001
0.6635800000000001
0.6675000000000001
0.6662999999999998
0.66318
0.66594
0.6638200000000002
0.6641999999999997
0.6657999999999998
0.66688
0.6632400000000003
0.6637599999999996
0.6669200000000001
0.6680800000000002
0.6658599999999995
0.6664999999999996
0.6658000000000002
0.6608400000000002
0.6671600000000002
0.66724
0.6637000000000001
0.6643199999999997
0.6639399999999999
0.6663
0.6655800000000001
0.66818
0.6625599999999998
0.66876
0.6622999999999999
0.6638400000000003
0.6650400000000001
0.6637199999999999
0.6643200000000001
0.66606
0.6644999999999999
0.6650199999999998
0.6619799999999999
0.6660000000000003
0.6654400000000001
0.66624
0.66604
0.6611400000000001
0.6673
0.66278
0.6690200000000001
0.6628600000000003
0.6653200000000004
0.6614400000000002
0.6693000000000002
0.6636400000000002
0.6662000000000002
0.6662199999999997
0.6619000000000002
0.66314
0.66682
0.66316
0.6636200000000002
0.6652600000000004
0.66982
0.6604800000000004
0.6652400000000002
0.6654999999999999
0.6650399999999999
0.66476
0.6646200000000002
0.66818
0.66388
0.6687600000000004
0.66524
0.6637999999999997
0.66466
0.6611399999999997
0.6643400000000002
0.6694400000000001
0.6625400000000002
0.6666399999999999
0.66838
0.6614399999999999
0.6656999999999997
0.6662999999999998
0.6643800000000002
0.6661400000000001
0.6642200000000001
0.6665599999999998
0.6644000000000001
0.66464
0.66482
0.6666200000000001
0.6669999999999999
0.6662199999999997
0.6646799999999999
0.6679000000000004
0.6624399999999998
0.6656200000000004
0.66628
0.6637000000000002
0.6649400000000003
0.6651199999999997
0.6686399999999999
0.6631400000000002
0.6646599999999999
0.6660600000000002
0.6607199999999999
0.6658800000000004
0.66266
0.6654399999999999
0.6627200000000002
0.6662000000000003
0.66334
0.6635399999999998
0.6652799999999999
0.6645800000000002
0.6653199999999998
0.6630799999999999
0.6671800000000003
0.6614
0.6673799999999999
0.6651000000000002
0.6664400000000004
0.6645600000000002
0.66142
0.6635800000000001
0.6629000000000004
0.66274
0.6717600000000001
0.6646600000000003
0.6669000000000004
0.6645599999999997
0.6622600000000002
0.6666400000000001
0.6660600000000001
0.6652199999999996
0.6654200000000001
0.6652800000000002
0.6672000000000001
0.6613799999999999
0.6654399999999998
0.6662399999999999
0.6668600000000001
0.6630200000000002
0.66204
0.6672600000000002
0.6666399999999999
0.6674800000000001
0.66246
0.66896
0.66344
0.6653600000000002
0.6625800000000001
0.66594
0.6649
0.6665599999999999
0.6644799999999997
0.66436
0.6655599999999999
0.66132
0.6645
0.6663199999999998
0.6626000000000001
0.6651800000000003
0.6666799999999999
0.6626399999999998
0.6655000000000002
0.6656599999999999
0.6656200000000002
0.6618200000000002
0.6668999999999999
0.66468
0.6642399999999998
0.6644399999999999
0.6651600000000002
0.6645199999999999
0.66618
0.6667799999999997
0.6659199999999998
0.6655400000000001
0.6622399999999996
0.6638199999999997
0.6664200000000002
0.6622599999999998
0.6686600000000003
0.6643000000000001
0.6666799999999999
0.6639600000000001
0.6646399999999999
0.6669399999999999
0.6679999999999997
0.6658600000000002
0.6640600000000001
0.6654400000000004
0.6648799999999998
0.6639400000000001
0.6658399999999997
0.66508
0.6641400000000002
0.6638199999999999
0.6667799999999999
0.6655
0.6679799999999997
0.6634200000000001
0.6658
0.6646600000000003
0.6629599999999999
0.6658600000000001
0.66636
0.66294
0.6691399999999998
0.6613800000000001
0.6682999999999999
0.6633200000000002
0.6680999999999999
0.6614599999999998
0.66598
0.6629600000000001
0.6656599999999999
0.6653200000000001
0.6629000000000002
0.6664
0.6656000000000004
0.6645800000000002
0.6657000000000004
0.6681600000000002
0.6630200000000002
0.6662399999999995
0.6603999999999999
0.6709199999999997
0.66086
0.6702600000000003
0.6617400000000002
0.6668399999999999
0.6610200000000002
0.6661400000000001
0.6660199999999997
0.6643199999999997
0.6645
0.6663199999999999
0.6677599999999998
0.6659399999999998
0.66524
0.6678400000000002
0.6653599999999997
0.6659999999999997
0.66142
0.6645
0.6653000000000004
0.6656799999999999
0.6618999999999996
0.6688399999999999
0.6646200000000003
0.6635199999999999
0.6639399999999998
0.6624000000000001
0.6654999999999999
0.6685800000000001
0.6618400000000002
0.6703600000000001
0.66364
0.6657799999999999
0.6646799999999996
0.66466
0.6631799999999999
0.6649800000000005
0.6628400000000002
0.6644200000000002
0.6683000000000001
0.6608599999999999
0.6676399999999997
0.6636200000000002
0.6664999999999999
0.66344
0.6644199999999999
0.6643800000000002
0.6672599999999997
0.6656400000000001
0.6665800000000002
0.6618199999999999
0.6665399999999998
0.6608800000000001
0.6645199999999997
0.6663199999999999
0.6663599999999998
0.66192
0.66616
0.6657599999999998
0.6639199999999998
0.6677199999999999
0.6635000000000001
0.6658200000000001
0.6665200000000001
0.6682000000000001
0.6596399999999997
0.66884
0.65996
0.66494
0.6624000000000001
0.6644199999999998
0.6679199999999998
0.66216
0.6686400000000003
0.6626599999999999
0.6641999999999999
0.6664999999999998
0.66188
0.6653400000000005
0.6639200000000003
0.6636400000000002
0.66924
0.66112
0.6681
0.66306
0.6663800000000003
0.66368
0.6663199999999998
0.6641600000000001
0.6651200000000002
0.6660599999999995
0.6647
0.66732
0.66546
0.6661800000000001
0.66194
0.6668000000000005
0.66336
0.6672000000000002
0.6626800000000002
0.6681999999999999
0.6619799999999998
0.6663
0.66734
0.6700000000000002
0.66148
0.66726
0.66566
0.6636400000000002
0.6636000000000003
0.6645800000000002
0.6642
0.6649799999999998
0.6670799999999999
0.6619999999999999
0.6633800000000001
0.6635800000000002
0.6667800000000002
0.662
0.6663599999999998
0.6638799999999998
0.6635000000000001
0.6659999999999999
0.66608
0.6663600000000001
0.6628000000000003
0.6630600000000004
0.6675000000000001
0.6624000000000001
0.6668000000000001
0.6635200000000002
0.6658599999999999
0.6634399999999999
0.6655400000000001
0.66338
0.6670800000000001
0.6654599999999999
0.66642
0.6659600000000003
0.6668600000000002
0.66668
0.6640800000000001
0.66618
0.6629399999999999
0.6647399999999998
0.6659799999999998
0.65888
0.6639999999999999
0.6627399999999999
0.6682199999999999
0.6631999999999998
0.6670199999999998
0.6668399999999997
0.6602400000000002
0.6647600000000001
0.6632000000000002
0.6672199999999999
0.66354
0.6671600000000001
0.6664800000000003
0.6628399999999999
0.6674000000000001
0.6628400000000005
0.66712
0.6645200000000001
0.66704
0.6657400000000002
0.6666000000000003
0.6643600000000001
0.6650800000000001
0.66598
0.666
0.6662200000000003
0.6648999999999999
0.6670199999999998
0.6684000000000003
0.6638600000000002
0.6682800000000002
0.6616399999999999
0.6674800000000001
0.6652800000000002
0.6642800000000001
0.6642000000000001
0.6644799999999996
0.6650000000000001
0.6664800000000001
0.6627400000000001
0.6671000000000002
0.6625000000000001
0.6654800000000001
0.66502
0.6665800000000002
0.6656600000000001
0.6671200000000002
0.6645399999999999
0.6667400000000001
0.66608
0.6638600000000002
0.6649400000000004
0.6624400000000003
0.6668600000000002
0.6658999999999999
0.6635799999999997
0.6649000000000004
0.6666
0.6652
0.6647000000000002
0.66836
0.6645399999999998
0.6648800000000001
0.66494
0.6637599999999999
0.6663
0.6653600000000003
0.6684800000000004
0.6634400000000003
0.6658600000000001
0.6672399999999997
0.6649599999999998
0.6667200000000001
0.6651599999999998
0.6648400000000001
0.6657000000000001
0.6633600000000002
0.6681600000000002
0.6618200000000002
0.6640800000000001
0.6628799999999999
0.6662400000000003
0.6665200000000003
0.6654399999999998
0.6619599999999999
0.6680199999999998
0.6643800000000002
0.6625600000000001
0.6675600000000003
0.66228
0.6667399999999999
0.6646800000000002
0.6601799999999999
0.66606
0.6637400000000001
0.6654399999999999
0.6643400000000002
0.6627400000000001
0.6642000000000003
0.6663199999999998
0.66468
0.6620799999999999
0.6702799999999999
0.6625800000000001
0.6658000000000002
0.6653799999999999
0.6651400000000003
0.6646000000000002
0.6656200000000002
0.6637599999999999
0.667
0.6650599999999998
0.6670800000000001
0.6613000000000002
0.6664200000000001
0.6662399999999999
0.6658200000000002
0.6661
0.6601999999999998
0.66706
0.6644800000000002
0.66488
0.6640999999999999
0.6675400000000004
0.6638
0.6659000000000002
0.66542
0.6613999999999999
0.6673800000000001
0.6703199999999998
0.6630600000000001
0.6672800000000001
0.6632400000000002
0.66386
0.6665000000000005
0.6679200000000002
0.6647799999999999
0.6675599999999997
0.66436
0.6624800000000002
0.6700399999999997
0.6615400000000002
0.66488
0.6625599999999998
0.6681199999999999
0.6620800000000002
0.66604
0.6625800000000001
0.6680399999999997
0.6621200000000003
0.66472
0.6651200000000003
0.6658399999999998
0.66582
0.6642
0.6653600000000002
0.6639799999999998
0.6675999999999999
0.6638199999999999
0.6656199999999999
0.6658799999999999
0.66816
0.66356
0.66644
0.6631800000000002
0.6685800000000001
0.66488
0.6647800000000003
0.6640199999999997
0.6635800000000001
0.6681200000000003
0.6648400000000001
0.6694199999999998
0.6620399999999997
0.66656
0.6643399999999999
0.6669999999999997
0.66804
0.6642999999999999
0.6636000000000003
0.6689400000000002
0.6630799999999998
0.662
0.6692200000000001
0.66282
0.6661199999999999
0.66252
0.6667999999999998
0.66482
0.6630800000000003
0.6636600000000001
0.66558
0.6644199999999998
0.6670599999999999
0.6665600000000004
0.6613199999999998
0.6657000000000001
0.66344
0.6646599999999998
0.6651400000000003
0.6642200000000003
0.6639000000000003
0.6682000000000001
0.6602
0.6668200000000002
0.6668
0.6617399999999999
0.6684000000000002
0.66432
0.6654399999999998
0.66266
0.6670600000000002
0.6654999999999999
0.6658199999999997
0.6647
0.6629199999999998
0.6658399999999999
0.6675800000000001
0.6649399999999999
0.6659799999999998
0.6635199999999999
0.6665000000000001
0.66338
0.6613800000000003
0.6653400000000002
0.6657000000000001
0.6661799999999998
0.6644200000000001
0.6667200000000002
0.66254
0.6659800000000001
0.6635599999999995
0.6648399999999998
0.6664600000000003
0.6635800000000001
0.6648599999999999
0.6680999999999997
0.66386
0.6660799999999999
0.66398
0.6661000000000002
0.6657399999999999
0.6639600000000001
0.6657199999999998
0.66238
0.66664
0.66496
0.6666200000000001
0.6636599999999998
0.6657999999999998
0.6648799999999997
0.6623399999999998
0.66468
0.6658999999999997
0.6635000000000001
0.6657200000000003
0.6636600000000002
0.6648000000000002
0.6636799999999999
0.6658999999999996
0.66482
0.6658400000000003
0.6674600000000004
0.6606599999999997
0.6683
0.6614200000000002
0.66672
0.66592
0.6706399999999999
0.6629600000000001
0.66596
0.6657199999999998
0.6649600000000001
0.6651599999999998
0.6647200000000001
0.6631
0.6668600000000002
0.66546
0.6625199999999997
0.6641799999999999
0.6652
0.6662399999999999
0.6655200000000001
0.6618800000000005
0.6668000000000002
0.6680799999999999
0.6635000000000001
0.66692
0.6654000000000002
0.6631399999999998
0.6669800000000002
0.6672399999999999
0.66478
0.66474
0.6655799999999998
0.6664200000000001
0.6673800000000001
0.6628999999999999
0.6647400000000002
0.6648800000000002
0.6661799999999997
0.6634800000000003
0.6655399999999999
0.6663799999999999
0.66246
0.6680200000000002
0.6628800000000001
0.6656800000000003
0.6637799999999998
0.66354
0.6658799999999999
0.6640600000000001
0.6664599999999998
0.66542
0.6655599999999999
0.66574
0.66782
0.6628399999999999
0.6657600000000001
0.6682199999999997
0.6626200000000003
0.6633600000000002
0.66864
0.6639200000000001
0.66814
0.6628400000000002
0.66702
0.6626200000000003
0.66842
0.6634
0.6660600000000002
0.6670200000000003
0.6661999999999999
0.6666599999999997
0.6597400000000002
0.6662200000000001
0.6655399999999999
0.6647
0.6655599999999999
0.661
0.6611800000000001
0.66804
0.6601600000000001
0.6660400000000003
0.66646
0.6661199999999999
0.6655200000000002
0.6651800000000001
0.6639600000000001
0.66484
0.6653800000000001
0.66514
0.66286
0.6675400000000004
0.6626000000000002
0.6642200000000001
0.6647200000000001
0.6618600000000001
0.6639000000000002
0.6652600000000001
0.6634599999999999
0.66688
0.6631800000000001
0.6657
0.6630400000000001
0.6675600000000002
0.66496
0.66736
0.66474
0.6670399999999997
0.6672800000000002
0.6617199999999999
0.66592
0.66542
0.6625200000000001
0.6684
0.6643399999999997
0.6637400000000002
0.6668800000000001
0.6594600000000002
0.6670800000000001
0.6654000000000001
0.6638600000000001
0.66706
0.6645199999999999
0.6636799999999999
0.6633400000000003
0.6637
0.6680200000000001
0.6625000000000001
0.6650400000000002
0.6633999999999998
0.66388
0.6620600000000004
0.6672599999999999
0.6663
0.66408
0.6658400000000002
0.6620799999999996
0.6663599999999998
0.6636
0.6669800000000002
0.6639599999999999
0.6635599999999999
0.6651999999999997
0.66646
0.6649200000000002
0.66294
0.6651
0.6675599999999998
0.6643000000000002
0.6674400000000001
0.66142
0.6637
0.6655800000000002
0.6660200000000001
0.6627800000000001
0.6680800000000001
0.6621600000000001
0.66478
0.6609200000000002
0.6655400000000004
0.6639399999999998
0.6639999999999999
0.66326
0.6683800000000001
0.66476
0.66704
0.6690400000000001
0.6632199999999999
0.6683000000000001
0.6625800000000001
0.6629999999999999
0.66828
0.6625200000000001
0.6668000000000002
0.6635199999999999
0.6670799999999999
0.6653599999999996
0.6630799999999999
0.6626800000000002
0.66366
0.6683
0.6615600000000001
0.66958
0.6604599999999998
0.66448
0.6679800000000001
0.6671600000000002
0.6635599999999999
0.6650399999999999
0.6624999999999999
0.6661000000000001
0.6669200000000001
0.6641400000000002
0.6666000000000001
0.6645400000000001
0.6616
0.6638200000000002
0.6655200000000002
0.6661800000000002
