0.19999999999999962
0.45940000000000003
0.7798600000000007
0.8776999999999995
0.8944600000000003
0.8952200000000005
0.8977600000000001
0.8966200000000005
0.8956599999999999
0.8959600000000008
0.8976200000000004
0.8977400000000004
0.8964200000000001
0.8972600000000006
0.8956800000000003
0.8966600000000006
0.8984800000000003
0.8983200000000003
0.8971200000000005
0.8960000000000008
0.8956000000000007
0.8964200000000001
0.8996000000000005
0.8966799999999996
0.89888
0.8964000000000003
0.8953800000000003
0.8988600000000007
0.8969800000000006
0.8954200000000001
0.8990200000000007
0.8945800000000002
0.8957400000000003
0.8973200000000005
0.8969600000000006
0.8973800000000007
0.8957
0.8966200000000005
0.8969000000000001
0.89712
0.9007600000000004
0.8975800000000007
0.8962800000000005
0.8991800000000005
0.8972200000000005
0.8994000000000004
0.89634
0.8983200000000008
0.8957400000000006
0.8974000000000006
0.8962000000000004
0.8955800000000008
0.8967000000000003
0.8947000000000003
0.8951600000000003
0.8962000000000003
0.8990600000000005
0.8985800000000002
0.8995800000000006
0.8958400000000002
0.8976200000000004
0.8997000000000003
0.8985200000000002
0.8992999999999999
0.8978800000000006
0.8977199999999997
0.89566
0.8998000000000004
0.8952800000000003
0.89754
0.8969800000000002
0.9002399999999998
0.8950000000000005
0.8977
0.8956000000000004
0.8988400000000005
0.8978000000000003
0.8995799999999998
0.8968600000000009
0.8967000000000002
0.8978200000000005
0.8971000000000003
0.8974000000000002
0.89778
0.8990800000000003
0.8937400000000005
0.8930800000000005
0.8979000000000006
0.8982000000000002
0.8971799999999999
0.8967400000000003
0.8980000000000007
0.8968400000000003
0.8972000000000002
0.8977200000000002
0.8974000000000002
0.8937400000000005
0.8969200000000004
0.8987600000000003
0.8977000000000003
0.8979200000000002
0.8959400000000005
0.8968400000000005
0.8980800000000008
0.8968400000000005
0.898620000000001
0.8973800000000007
0.8991800000000005
0.8991000000000001
0.8985400000000001
0.8973400000000005
0.8969400000000008
0.8961200000000004
0.8978000000000005
0.8963200000000002
0.8978000000000003
0.89802
0.8959400000000006
0.8999400000000003
0.8977800000000002
0.8958600000000007
0.8987400000000001
0.8964400000000002
0.8957400000000005
0.8971000000000007
0.8981000000000005
0.8991400000000006
0.8988
0.8960600000000002
0.8958999999999997
0.8972400000000006
0.8954800000000005
0.8972800000000006
0.8976800000000001
0.9003200000000003
0.8980400000000003
0.8980800000000005
0.8975000000000003
0.8965800000000006
0.8954800000000003
0.8993200000000005
0.8957400000000004
0.8939400000000003
0.8958200000000004
0.8962600000000002
0.8983600000000007
0.8965799999999997
0.8991600000000003
0.8962400000000005
0.8976600000000008
0.8983400000000005
0.8944999999999999
0.8992000000000003
0.8946200000000003
0.8966600000000003
0.8963800000000007
0.8970400000000006
0.8970200000000003
0.8955400000000004
0.8978600000000005
0.8974200000000003
0.8969200000000005
0.8975600000000001
0.8988800000000005
0.8967400000000002
0.9000600000000004
0.8961800000000005
0.8983800000000005
0.8972000000000009
0.8956400000000002
0.8956600000000003
0.8983400000000005
0.8981800000000001
0.8969600000000003
0.8977000000000005
0.8963400000000006
0.8977400000000004
0.8968400000000004
0.8957800000000006
0.8978200000000004
0.8978200000000004
0.8980800000000005
0.8967000000000005
0.89758
0.8963
0.8975600000000002
0.8962400000000008
0.8978800000000001
0.8974000000000001
0.8980400000000004
0.8996000000000001
0.8982800000000001
0.8965400000000002
0.8973200000000006
0.8980199999999999
0.8961400000000005
0.8955200000000002
0.8984400000000003
0.8975600000000005
0.8956400000000003
0.8963
0.8955200000000005
0.8936800000000001
0.8969000000000001
0.8969599999999999
0.8949400000000002
0.8955800000000004
0.8987800000000001
0.8959200000000003
0.8967800000000006
0.8971200000000006
0.8971600000000004
0.8970000000000004
0.89452
0.8961399999999999
0.8985800000000006
0.8973800000000002
0.8953800000000004
0.8973
0.8978400000000002
0.8972600000000007
0.8975799999999998
0.8981600000000006
0.8976999999999997
0.8968800000000001
0.9006000000000007
0.8976000000000003
0.8948600000000004
0.8947800000000002
0.8989200000000008
0.8996400000000006
0.8978
0.8959800000000006
0.8978999999999999
0.8961400000000006
0.8974600000000001
0.8963200000000003
0.8969999999999999
0.8953600000000002
0.8968199999999998
0.8972200000000004
0.8964200000000004
0.8977200000000002
0.8973599999999999
0.89634
0.8969600000000004
0.8980400000000001
0.8953000000000003
0.897
0.8958000000000008
0.8989400000000002
0.8962000000000007
0.8976200000000003
0.8980800000000003
0.8954200000000008
0.8975200000000002
0.8955200000000008
0.8986200000000001
0.8966599999999998
0.8978000000000005
0.8961600000000002
0.8962200000000002
0.8958600000000003
0.8963800000000005
0.8973800000000002
0.8969000000000006
0.8971800000000003
0.8984200000000004
0.8977200000000003
0.8955200000000003
0.8942800000000004
0.8953200000000001
0.8968000000000004
0.8967400000000005
0.8969400000000006
0.8958800000000002
0.8972200000000004
0.8974600000000001
0.8968200000000003
0.8962000000000007
0.8978000000000005
0.8971400000000004
0.8971600000000006
0.8949800000000003
0.8966000000000004
0.8981200000000003
0.8965800000000003
0.89492
0.8978399999999997
0.8960400000000003
0.8955400000000004
0.8982600000000006
0.8961600000000005
0.8975600000000002
0.8986400000000007
0.8969200000000004
0.8989200000000003
0.8954600000000003
0.8983600000000004
0.8978400000000006
0.8975800000000003
0.8972800000000004
0.8950000000000001
0.8963800000000002
0.8979600000000008
0.8967400000000002
0.8944199999999997
0.8964800000000003
0.8952200000000008
0.8955200000000003
0.8991200000000008
0.8958200000000005
0.8991200000000005
0.8990600000000001
0.8981400000000006
0.8958400000000006
0.8957600000000003
0.8969400000000007
0.8965200000000002
0.8969400000000004
0.8983800000000002
0.8966000000000001
0.8969600000000004
0.8962400000000007
0.8969600000000001
0.8949600000000002
0.8978000000000008
0.8971200000000005
0.8995800000000004
0.89794
0.8986400000000002
0.8960400000000007
0.8986400000000004
0.8958400000000002
0.8965800000000003
0.8955000000000003
0.8963000000000002
0.8979600000000005
0.8991000000000003
0.8977600000000002
0.8980399999999997
0.8955600000000002
0.8969800000000003
0.8966000000000003
0.89646
0.89738
0.8979400000000003
0.9000800000000005
0.8992800000000003
0.8958800000000003
0.8968800000000001
0.8973800000000003
0.8957600000000008
0.8977800000000006
0.8965400000000001
0.8960400000000004
0.8950000000000006
0.8972200000000005
0.8985600000000002
0.9000200000000009
0.8980000000000007
0.8972200000000009
0.8988200000000006
0.89586
0.8961800000000005
0.8949400000000002
0.89778
0.8974600000000001
0.8962800000000003
0.89878
0.8968600000000002
0.8962600000000002
0.8951000000000003
0.8984000000000004
0.8971400000000002
0.8964799999999999
0.8984000000000008
0.8989200000000004
0.8973800000000005
0.8976600000000006
0.8971400000000007
0.8985200000000003
0.8972400000000005
0.8961600000000005
0.8941600000000008
0.8955000000000011
0.8970000000000004
0.8983400000000006
0.8985200000000002
0.8979400000000005
0.8983
0.8967200000000005
0.8963400000000005
0.8978000000000007
0.8976200000000002
0.8966800000000006
0.8987800000000002
0.8975000000000004
0.8983000000000003
0.8968000000000004
0.8977000000000008
0.8956800000000003
0.8951000000000007
0.8987800000000002
0.8970000000000005
0.8957400000000001
0.8941400000000005
0.8972
0.8968200000000007
0.8970400000000004
0.8973200000000001
0.8983200000000003
0.8974
0.8980200000000003
0.8980400000000003
0.8997000000000004
0.8978000000000005
0.8987600000000003
0.89638
0.8988799999999999
0.8975200000000004
0.8991600000000004
0.8967600000000003
0.8938800000000005
0.8959200000000006
0.8984200000000004
0.8950200000000005
0.8962800000000002
0.8961200000000001
0.8990400000000008
0.8995400000000005
0.8974000000000005
0.8970800000000003
0.8964600000000007
0.8956600000000005
0.8982200000000005
0.8981800000000003
0.8987800000000002
0.8985000000000004
0.8976600000000006
0.8947400000000004
0.8970800000000009
0.8982399999999998
0.9009400000000005
0.8963400000000005
0.8959800000000002
0.8945800000000006
0.8974400000000001
0.8959
0.8957199999999997
0.8991800000000008
0.8987
0.8976400000000002
0.8954200000000005
0.8952400000000005
0.8980400000000006
0.8963000000000004
0.8982200000000006
0.8959800000000002
0.8952200000000005
0.8992600000000004
0.8966800000000003
0.8974400000000005
0.8967600000000001
0.8987800000000002
0.89636
0.89768
0.89852
0.9004000000000003
0.8992400000000004
0.8958200000000001
0.8963400000000007
0.8944400000000005
0.89666
0.8983400000000001
0.8971200000000001
0.8984200000000002
0.8973600000000002
0.8984399999999999
0.8983600000000004
0.8958800000000002
0.8956200000000003
0.8951600000000005
0.89732
0.8950600000000002
0.8984600000000005
0.8985600000000005
0.8967800000000006
0.8978400000000009
0.8961800000000005
0.8959400000000005
0.8965400000000006
0.89738
0.8985000000000007
0.8970399999999996
0.89582
0.8986200000000004
0.8999600000000006
0.8961000000000005
0.898
0.8944
0.8988200000000005
0.9005200000000008
0.8936400000000002
0.8986800000000001
0.8969800000000003
0.8959400000000005
0.8963600000000004
0.8961400000000006
0.8968600000000001
0.8973200000000006
0.8973200000000005
0.8971400000000006
0.89412
0.8962600000000007
0.8947800000000008
0.8969400000000003
0.8959400000000001
0.8935200000000008
0.8979800000000004
0.8988400000000009
0.8958000000000004
0.8986400000000003
0.8982800000000009
0.8964400000000005
0.8978999999999999
0.8990800000000004
0.8993200000000006
0.8958800000000001
0.8983800000000004
0.8982800000000002
0.8963200000000002
0.89742
0.89568
0.8953200000000002
0.8975200000000005
0.8975799999999999
0.8990600000000001
0.8976200000000003
0.8956600000000006
0.8973600000000007
0.8975200000000004
0.8963400000000002
0.8971600000000002
0.8953399999999999
0.8974200000000002
0.8954200000000008
0.8995200000000003
0.90002
0.8978800000000001
0.8967200000000001
0.8960600000000001
0.8960000000000001
0.8975000000000007
0.8950400000000003
0.8933600000000006
0.8991400000000003
0.8973200000000002
0.8975200000000004
0.9001600000000003
0.89704
0.8963400000000007
0.8990200000000003
0.8966800000000006
0.8992400000000006
0.8963800000000003
0.8992600000000006
0.8975600000000011
0.8989200000000004
0.8970800000000001
0.8968000000000005
0.8966200000000006
0.8965200000000008
0.8981200000000006
0.8971800000000003
0.8948999999999999
0.8963800000000003
0.8959200000000007
0.8982800000000007
0.8963000000000005
0.8964000000000003
0.8959000000000001
0.8973400000000001
0.8951800000000004
0.8933000000000004
0.8973800000000004
0.8951200000000006
0.8974599999999999
0.8963000000000004
0.8958000000000006
0.8963800000000002
0.89602
0.8969600000000001
0.8980399999999998
0.8973400000000004
0.8977000000000004
0.8950600000000002
0.9001400000000007
0.8966600000000002
0.8954400000000001
0.8953800000000004
0.8972199999999999
0.8966600000000003
0.8944800000000004
0.8976600000000003
0.8979200000000003
0.8968400000000003
0.8946200000000003
0.8950800000000002
0.8980000000000006
0.8940200000000003
0.8959800000000004
0.89648
0.8959800000000001
0.8968800000000005
0.8977400000000004
0.8973400000000005
0.8971400000000003
0.8969800000000006
0.8998400000000004
0.8963400000000002
0.8971800000000003
0.8957000000000008
0.8977799999999999
0.8963400000000002
0.8957200000000002
0.8988400000000003
0.8967000000000006
0.8950000000000006
0.89426
0.896500000000001
0.8968799999999999
0.8974600000000003
0.8961000000000002
0.8959200000000006
0.8953200000000001
0.8969400000000003
0.89852
0.8950600000000003
0.8978000000000006
0.89538
0.8961000000000005
0.8979200000000005
0.8978400000000001
0.8944800000000005
0.89676
0.8971600000000002
0.8964200000000007
0.8946400000000001
0.89668
0.8961400000000002
0.8955600000000001
0.8998000000000004
0.8947400000000003
0.8961000000000001
0.8952800000000002
0.8968800000000005
0.8956400000000003
0.8985999999999998
0.8958600000000003
0.8948200000000006
0.8963800000000001
0.8955000000000006
0.8992400000000008
0.8953200000000003
0.8978400000000005
0.8981800000000003
0.8990000000000004
0.8960200000000004
0.8995000000000006
0.8966800000000003
0.8997200000000007
0.89708
0.8976000000000002
0.8936800000000004
0.8938600000000002
0.8955000000000005
0.8964400000000002
0.89726
0.8971799999999999
0.8948000000000002
0.8972200000000007
0.8961400000000012
0.8981600000000004
0.8984400000000007
0.8967400000000002
0.8976000000000003
0.8975400000000004
0.8980200000000009
0.8962200000000002
0.8947600000000002
0.89744
0.8982400000000001
0.8986600000000005
0.8960000000000007
0.8957000000000004
0.8974000000000001
0.8972000000000009
0.8954200000000003
0.8948000000000004
0.8987600000000009
0.8956200000000006
0.8954000000000001
0.8964200000000005
0.8967400000000008
0.8962400000000004
0.8954000000000006
0.8962800000000005
0.8954200000000003
0.8979200000000006
0.8968000000000006
0.8990400000000004
0.8967400000000005
0.8975200000000007
0.8983
0.8969800000000003
0.8983400000000009
0.8991600000000001
0.8983000000000004
0.8985800000000005
0.8964600000000007
0.896680000000001
0.89948
0.8981400000000002
0.9002800000000001
0.8989600000000004
0.8975200000000005
0.8954600000000005
0.8972800000000005
0.8970200000000002
0.8971600000000002
0.8982600000000008
0.89626
0.8958600000000001
0.8986600000000005
0.8977200000000005
0.8968400000000003
0.8989800000000003
0.8969999999999999
0.89512
0.8972800000000007
0.8976600000000003
0.8966400000000003
0.8966200000000006
0.8956800000000004
0.8938000000000005
0.8962600000000006
0.89638
0.8958200000000002
0.8955600000000004
0.8996600000000008
0.8973800000000005
0.8966200000000003
0.8970200000000004
0.8957400000000001
0.8954000000000006
0.8981399999999998
0.8952400000000008
0.8961400000000002
0.8952000000000002
0.8976200000000009
0.8980800000000005
0.8993200000000005
0.8968400000000004
0.8970600000000004
0.8978800000000006
0.8994200000000003
0.8975400000000004
0.8972000000000002
0.8971400000000003
0.8956400000000005
0.8947400000000003
0.8984400000000002
0.8992
0.8986600000000005
0.8966600000000003
0.8991800000000005
0.8962600000000002
0.89692
0.8966400000000004
0.8966600000000001
0.8969200000000004
0.8963000000000002
0.8959200000000003
0.89634
0.8977600000000008
0.8954800000000003
0.8983800000000004
0.8967800000000007
0.8992600000000007
0.8965399999999998
0.8974400000000002
0.8987600000000003
0.8955000000000004
0.8976600000000002
0.8957000000000005
0.8960000000000001
0.8970200000000004
0.8982200000000005
0.8964000000000003
0.8972000000000001
0.8992200000000002
0.89728
0.8968400000000003
0.8976200000000008
0.8989200000000004
0.8961400000000002
0.8984600000000006
0.8986600000000006
0.89658
0.8956799999999997
0.8961000000000006
0.8953600000000005
0.8985800000000002
0.8979200000000002
0.8970600000000004
0.8983800000000004
0.8962200000000005
0.89834
0.8969000000000006
0.8969799999999999
0.8959800000000002
0.8981000000000005
0.8979600000000006
0.8976600000000005
0.8980000000000004
0.8969199999999999
0.8968800000000006
0.8958200000000005
0.8968799999999999
0.8964200000000002
0.8971800000000008
0.8981800000000004
0.8955399999999998
0.8944600000000003
0.8985600000000004
0.8956000000000003
0.8961200000000004
0.8967400000000003
0.8972000000000006
0.8981000000000006
0.9007400000000005
0.8967800000000007
0.8967800000000002
0.8966200000000002
0.8985200000000008
0.8981200000000007
0.8967600000000001
0.8969000000000003
0.8974400000000001
0.8980400000000002
0.8978600000000004
0.8980800000000007
0.8991600000000004
0.8999800000000003
0.8977600000000001
0.8963200000000004
0.8963600000000007
0.8961400000000002
0.8988000000000004
0.8977999999999998
0.8957400000000004
0.8997199999999999
0.8949800000000002
0.8977000000000005
0.8963600000000005
0.8992400000000008
0.8989400000000003
0.8969800000000006
0.90008
0.8960600000000005
0.8947200000000004
0.8977799999999999
0.8991600000000003
0.8952800000000006
0.8952600000000004
0.8975400000000007
0.8983599999999998
0.8979800000000004
0.8968400000000006
0.8974800000000002
0.8991000000000002
0.8977400000000004
0.8967800000000004
0.8969800000000003
0.8954800000000007
0.89772
0.8973200000000006
0.8990400000000007
0.8992399999999999
0.8965
0.8967200000000003
0.8980400000000003
0.8965600000000006
0.8961800000000001
0.8966800000000003
0.8974600000000004
0.8964799999999994
0.8942000000000001
0.8999000000000009
0.8980000000000001
0.8976000000000001
0.8946000000000005
0.8961400000000002
0.8963200000000003
0.8960000000000002
0.8956400000000003
0.8991400000000006
0.8983400000000001
0.8973800000000003
0.8975000000000004
0.8959600000000003
0.8967200000000003
0.8981800000000001
0.8983400000000004
0.8971400000000002
0.89806
0.8967800000000004
0.8975200000000002
0.8961400000000002
0.8960600000000002
0.89618
0.89748
0.8987400000000002
0.8976200000000005
0.8966200000000005
0.8974400000000005
0.8958000000000002
0.8952400000000001
0.8964200000000004
0.8964800000000008
0.8974000000000006
0.8990600000000003
0.89864
0.8976200000000004
0.8988800000000005
0.8993199999999998
0.8943000000000002
0.8971400000000006
0.8963999999999995
0.8992600000000002
0.8984000000000008
0.8969000000000006
0.8962600000000002
0.8986
0.8958400000000004
0.8969800000000002
0.8959000000000005
0.8973200000000005
0.8968600000000007
0.8987800000000005
0.8969400000000004
0.8961000000000006
0.8981
0.8979200000000002
0.8982400000000004
0.8970000000000001
0.8976800000000003
0.8979000000000004
0.8957200000000004
0.8956200000000001
0.8973200000000005
0.8960400000000003
0.8969400000000006
0.8954200000000008
0.8936799999999999
0.8979600000000005
0.8978400000000003
0.8997800000000002
0.8968200000000001
0.8982800000000002
0.8952400000000007
0.8950600000000004
0.8992000000000003
0.8992000000000004
0.8967800000000002
0.8968600000000008
0.8982199999999999
0.8975200000000005
0.8953800000000004
0.8958200000000004
0.8985400000000006
0.8968400000000004
0.8987400000000001
0.8984000000000008
0.9000800000000002
0.8972800000000004
0.89794
0.8970200000000002
0.8981000000000001
0.8978800000000006
0.8958800000000003
0.8992200000000004
0.8971600000000004
0.8961000000000005
0.8963600000000004
0.8974400000000006
0.8981000000000006
0.8991000000000002
0.8956600000000005
