0.19999999999999962
0.18394000000000002
0.16813999999999996
0.15460000000000002
0.1429
0.13085999999999998
0.12083999999999996
0.11181999999999999
0.10321999999999995
0.09485999999999999
0.08829999999999995
0.08171999999999999
0.07573999999999997
0.07093999999999998
0.06659999999999996
0.06245999999999997
0.058879999999999974
0.055499999999999966
0.05193999999999997
0.049259999999999964
0.04641999999999997
0.044259999999999966
0.04115999999999998
0.03853999999999998
0.03677999999999999
0.03399999999999998
0.03222
0.030139999999999986
0.02851999999999999
0.026759999999999985
0.02564
0.024099999999999993
0.022680000000000006
0.021000000000000008
0.019700000000000013
0.018760000000000013
0.01764000000000001
0.01648000000000001
0.01574000000000001
0.01498000000000001
0.01426000000000001
0.01362000000000001
0.01300000000000001
0.01250000000000001
0.011900000000000008
0.011180000000000008
0.010680000000000007
0.010100000000000007
0.009700000000000007
0.009480000000000008
0.009040000000000006
0.008560000000000005
0.007920000000000005
0.007400000000000005
0.007240000000000004
0.006740000000000004
0.0066400000000000035
0.006100000000000005
0.005520000000000004
0.005620000000000003
0.005200000000000003
0.004880000000000003
0.004640000000000003
0.004600000000000003
0.004380000000000003
0.004140000000000002
0.004100000000000002
0.0038800000000000024
0.003620000000000002
0.003620000000000002
0.003420000000000002
0.0032600000000000016
0.003200000000000002
0.0030400000000000015
0.0029400000000000008
0.00268
0.002620000000000001
0.002540000000000001
0.002660000000000001
0.0024600000000000004
0.0022400000000000002
0.0021600000000000005
0.0021000000000000003
0.0020200000000000005
0.0019400000000000005
0.0018800000000000006
0.0018000000000000004
0.0017400000000000004
0.0017400000000000007
0.0017600000000000005
0.0016600000000000007
0.0016400000000000006
0.0015200000000000005
0.0014800000000000004
0.0014000000000000004
0.0012800000000000003
0.0011200000000000003
0.0010400000000000001
0.0010800000000000002
0.0010600000000000002
0.0010800000000000002
0.0010800000000000002
0.0010400000000000001
0.0010200000000000003
8.600000000000002E-4
8.000000000000001E-4
8.600000000000002E-4
9.400000000000003E-4
8.600000000000002E-4
8.000000000000001E-4
7.800000000000003E-4
7.800000000000001E-4
8.4E-4
7.2E-4
6.000000000000002E-4
5.600000000000001E-4
5.400000000000001E-4
5.0E-4
4.8E-4
3.9999999999999996E-4
3.4E-4
3.2E-4
3.000000000000001E-4
3.2E-4
3.4E-4
3.4E-4
2.8000000000000003E-4
3.0E-4
3.0E-4
3.2E-4
3.2E-4
2.8000000000000003E-4
1.8E-4
1.6E-4
1.6E-4
1.6E-4
1.6E-4
1.2E-4
1.2E-4
1.2E-4
1.2E-4
1.2E-4
1.0E-4
1.0E-4
1.0E-4
1.0E-4
1.0E-4
1.0E-4
1.2E-4
1.2E-4
1.2E-4
1.4000000000000001E-4
1.4000000000000001E-4
1.4000000000000001E-4
8.0E-5
8.0E-5
8.0E-5
1.0E-4
1.0E-4
1.0E-4
1.2E-4
1.0E-4
8.0E-5
8.0E-5
6.0E-5
8.0E-5
1.0E-4
8.0E-5
6.0E-5
6.0E-5
4.0E-5
4.0E-5
4.0E-5
2.0E-5
0.0
0.0
0.0
0.0
0.0
0.0
0.0
0.0
0.0
0.0
0.0
0.0
0.0
0.0
0.0
0.0
0.0
0.0
0.0
0.0
0.0
0.0
0.0
0.0
0.0
0.0
0.0
0.0
0.0
0.0
0.0
0.0
0.0
0.0
0.0
0.0
0.0
0.0
0.0
0.0
0.0
0.0
0.0
0.0
0.0
0.0
0.0
0.0
0.0
0.0
0.0
0.0
0.0
0.0
0.0
0.0
0.0
0.0
0.0
0.0
0.0
0.0
0.0
0.0
0.0
0.0
0.0
0.0
0.0
0.0
0.0
0.0
0.0
0.0
0.0
0.0
0.0
0.0
0.0
0.0
0.0
0.0
0.0
0.0
0.0
0.0
0.0
0.0
0.0
0.0
0.0
0.0
0.0
0.0
0.0
0.0
0.0
0.0
0.0
0.0
0.0
0.0
0.0
0.0
0.0
0.0
0.0
0.0
0.0
0.0
0.0
0.0
0.0
0.0
0.0
0.0
0.0
0.0
0.0
0.0
0.0
0.0
0.0
0.0
0.0
0.0
0.0
0.0
0.0
0.0
0.0
0.0
0.0
0.0
0.0
0.0
0.0
0.0
0.0
0.0
0.0
0.0
0.0
0.0
0.0
0.0
0.0
0.0
0.0
0.0
0.0
0.0
0.0
0.0
0.0
0.0
0.0
0.0
0.0
0.0
0.0
0.0
0.0
0.0
0.0
0.0
0.0
0.0
0.0
0.0
0.0
0.0
0.0
0.0
0.0
0.0
0.0
0.0
0.0
0.0
0.0
0.0
0.0
0.0
0.0
0.0
0.0
0.0
0.0
0.0
0.0
0.0
0.0
0.0
0.0
0.0
0.0
0.0
0.0
0.0
0.0
0.0
0.0
0.0
0.0
0.0
0.0
0.0
0.0
0.0
0.0
0.0
0.0
0.0
0.0
0.0
0.0
0.0
0.0
0.0
0.0
0.0
0.0
0.0
0.0
0.0
0.0
0.0
0.0
0.0
0.0
0.0
0.0
0.0
0.0
0.0
0.0
0.0
0.0
0.0
0.0
0.0
0.0
0.0
0.0
0.0
0.0
0.0
0.0
0.0
0.0
0.0
0.0
0.0
0.0
0.0
0.0
0.0
0.0
0.0
0.0
0.0
0.0
0.0
0.0
0.0
0.0
0.0
0.0
0.0
0.0
0.0
0.0
0.0
0.0
0.0
0.0
0.0
0.0
0.0
0.0
0.0
0.0
0.0
0.0
0.0
0.0
0.0
0.0
0.0
0.0
0.0
0.0
0.0
0.0
0.0
0.0
0.0
0.0
0.0
0.0
0.0
0.0
0.0
0.0
0.0
0.0
0.0
0.0
0.0
0.0
0.0
0.0
0.0
0.0
0.0
0.0
0.0
0.0
0.0
0.0
0.0
0.0
0.0
0.0
0.0
0.0
0.0
0.0
0.0
0.0
0.0
0.0
0.0
0.0
0.0
0.0
0.0
0.0
0.0
0.0
0.0
0.0
0.0
0.0
0.0
0.0
0.0
0.0
0.0
0.0
0.0
0.0
0.0
0.0
0.0
0.0
0.0
0.0
0.0
0.0
0.0
0.0
0.0
0.0
0.0
0.0
0.0
0.0
0.0
0.0
0.0
0.0
0.0
0.0
0.0
0.0
0.0
0.0
0.0
0.0
0.0
0.0
0.0
0.0
0.0
0.0
0.0
0.0
0.0
0.0
0.0
0.0
0.0
0.0
0.0
0.0
0.0
0.0
0.0
0.0
0.0
0.0
0.0
0.0
0.0
0.0
0.0
0.0
0.0
0.0
0.0
0.0
0.0
0.0
0.0
0.0
0.0
0.0
0.0
0.0
0.0
0.0
0.0
0.0
0.0
0.0
0.0
0.0
0.0
0.0
0.0
0.0
0.0
0.0
0.0
0.0
0.0
0.0
0.0
0.0
0.0
0.0
0.0
0.0
0.0
0.0
0.0
0.0
0.0
0.0
0.0
0.0
0.0
0.0
0.0
0.0
0.0
0.0
0.0
0.0
0.0
0.0
0.0
0.0
0.0
0.0
0.0
0.0
0.0
0.0
0.0
0.0
0.0
0.0
0.0
0.0
0.0
0.0
0.0
0.0
0.0
0.0
0.0
0.0
0.0
0.0
0.0
0.0
0.0
0.0
0.0
0.0
0.0
0.0
0.0
0.0
0.0
0.0
0.0
0.0
0.0
0.0
0.0
0.0
0.0
0.0
0.0
0.0
0.0
0.0
0.0
0.0
0.0
0.0
0.0
0.0
0.0
0.0
0.0
0.0
0.0
0.0
0.0
0.0
0.0
0.0
0.0
0.0
0.0
0.0
0.0
0.0
0.0
0.0
0.0
0.0
0.0
0.0
0.0
0.0
0.0
0.0
0.0
0.0
0.0
0.0
0.0
0.0
0.0
0.0
0.0
0.0
0.0
0.0
0.0
0.0
0.0
0.0
0.0
0.0
0.0
0.0
0.0
0.0
0.0
0.0
0.0
0.0
0.0
0.0
0.0
0.0
0.0
0.0
0.0
0.0
0.0
0.0
0.0
0.0
0.0
0.0
0.0
0.0
0.0
0.0
0.0
0.0
0.0
0.0
0.0
0.0
0.0
0.0
0.0
0.0
0.0
0.0
0.0
0.0
0.0
0.0
0.0
0.0
0.0
0.0
0.0
0.0
0.0
0.0
0.0
0.0
0.0
0.0
0.0
0.0
0.0
0.0
0.0
0.0
0.0
0.0
0.0
0.0
0.0
0.0
0.0
0.0
0.0
0.0
0.0
0.0
0.0
0.0
0.0
0.0
0.0
0.0
0.0
0.0
0.0
0.0
0.0
0.0
0.0
0.0
0.0
0.0
0.0
0.0
0.0
0.0
0.0
0.0
0.0
0.0
0.0
0.0
0.0
0.0
0.0
0.0
0.0
0.0
0.0
0.0
0.0
0.0
0.0
0.0
0.0
0.0
0.0
0.0
0.0
0.0
0.0
0.0
0.0
0.0
0.0
0.0
0.0
0.0
0.0
0.0
0.0
0.0
0.0
0.0
0.0
0.0
0.0
0.0
0.0
0.0
0.0
0.0
0.0
0.0
0.0
0.0
0.0
0.0
0.0
0.0
0.0
0.0
0.0
0.0
0.0
0.0
0.0
0.0
0.0
0.0
0.0
0.0
0.0
0.0
0.0
0.0
0.0
0.0
0.0
0.0
0.0
0.0
0.0
0.0
0.0
0.0
0.0
0.0
0.0
0.0
0.0
0.0
0.0
0.0
0.0
0.0
0.0
0.0
0.0
0.0
0.0
0.0
0.0
0.0
0.0
0.0
0.0
0.0
0.0
0.0
0.0
0.0
0.0
0.0
0.0
0.0
0.0
0.0
0.0
0.0
0.0
0.0
0.0
0.0
0.0
0.0
0.0
0.0
0.0
0.0
0.0
0.0
0.0
0.0
0.0
0.0
0.0
0.0
0.0
0.0
0.0
0.0
0.0
0.0
0.0
0.0
0.0
0.0
0.0
0.0
0.0
0.0
0.0
0.0
0.0
0.0
0.0
0.0
0.0
0.0
0.0
0.0
0.0
0.0
0.0
0.0
0.0
0.0
0.0
0.0
0.0
0.0
0.0
0.0
0.0
0.0
0.0
0.0
0.0
