0.19999999999999962
0.30263999999999996
0.4451400000000001
0.55854
0.6440600000000001
0.69452
0.72986
0.75554
0.7644400000000003
0.7733400000000006
0.7810600000000001
0.7870200000000005
0.78852
0.7920800000000006
0.7975000000000001
0.79754
0.7967400000000001
0.79692
0.7952200000000004
0.7971800000000003
0.7956200000000002
0.7975600000000003
0.7942200000000001
0.79712
0.7975000000000001
0.7984000000000003
0.79994
0.7983400000000003
0.8002200000000005
0.7993600000000004
0.7964400000000001
0.7982000000000004
0.7998999999999998
0.7966800000000002
0.7948000000000001
0.7943400000000003
0.7961600000000001
0.7965200000000004
0.7988600000000001
0.7949199999999998
0.7970800000000005
0.8000400000000002
0.7974800000000003
0.7981000000000001
0.7978200000000001
0.7966600000000003
0.79596
0.7945200000000001
0.7959599999999999
0.7978200000000001
0.7962200000000001
0.7981800000000001
0.79698
0.79756
0.7999200000000002
0.8004199999999999
0.7984200000000001
0.80086
0.8000400000000002
0.79828
0.7986800000000003
0.7996999999999999
0.7986199999999998
0.79942
0.796
0.7980599999999995
0.7981999999999999
0.79958
0.79804
0.8009000000000003
0.8008800000000003
0.80088
0.79852
0.7962000000000004
0.7958600000000002
0.7951000000000005
0.7952799999999998
0.7981399999999997
0.7962999999999997
0.7970200000000004
0.7990000000000002
0.79774
0.7977799999999999
0.8007800000000002
0.8002000000000002
0.7986800000000001
0.8000799999999998
0.79966
0.79946
0.8004000000000001
0.7979000000000005
0.7978800000000004
0.7987999999999998
0.7966599999999997
0.7968800000000001
0.79356
0.79538
0.7983200000000003
0.7968400000000002
0.7979599999999999
0.7982600000000001
0.7978200000000002
0.7985799999999998
0.7981000000000003
0.8001400000000003
0.7965600000000004
0.7989199999999995
0.7975999999999999
0.7988800000000005
0.7986600000000003
0.7978599999999999
0.7981600000000004
0.7970599999999998
0.7970599999999999
0.7979600000000003
0.7986200000000003
0.79694
0.7967199999999997
0.79824
0.7961999999999999
0.7993799999999999
0.7967000000000002
0.7951000000000004
0.7956800000000002
0.7969000000000002
0.7973000000000002
0.7944800000000004
0.7941400000000003
0.7954600000000002
0.7967800000000003
0.7960399999999999
0.7951400000000001
0.7946800000000003
0.7958200000000002
0.7964800000000005
0.7955200000000002
0.7987399999999998
0.8004800000000002
0.7949000000000004
0.7959800000000001
0.7979400000000004
0.7969200000000002
0.7958800000000005
0.79592
0.7964799999999999
0.79734
0.7963999999999998
0.7980000000000003
0.7971200000000005
0.7964600000000004
0.8001800000000003
0.8019600000000001
0.8007000000000001
0.79716
0.7985999999999999
0.79938
0.7977200000000003
0.7967800000000002
0.7976999999999994
0.7973800000000001
0.7983400000000002
0.7989400000000003
0.7970600000000002
0.79864
0.8002400000000002
0.7988800000000005
0.7991799999999999
0.7980600000000001
0.7978400000000001
0.7948
0.7973800000000003
0.7953399999999998
0.7979400000000004
0.7978000000000002
0.7976799999999998
0.7968799999999999
0.7980000000000002
0.7981000000000001
0.7979799999999995
0.8001000000000004
0.7989400000000002
0.7999599999999998
0.7965400000000001
0.7947000000000002
0.7974
0.7972000000000006
0.797
0.79874
0.8027000000000002
0.8002600000000001
0.7974200000000005
0.7982600000000004
0.7988599999999999
0.7973999999999996
0.7982800000000003
0.7971199999999999
0.7988400000000004
0.7992600000000002
0.7983600000000004
0.7970800000000007
0.79512
0.7950400000000003
0.7971000000000004
0.7984399999999999
0.7956400000000001
0.7957399999999999
0.79634
0.7981199999999998
0.8001799999999997
0.8011800000000002
0.7985200000000005
0.7965399999999996
0.7999000000000003
0.7990400000000002
0.7993399999999995
0.7981400000000001
0.7998000000000003
0.8008000000000002
0.7992
0.7998199999999998
0.7990600000000002
0.7989599999999999
0.7984600000000003
0.7956199999999999
0.7956399999999999
0.7943999999999999
0.7955400000000004
0.7996000000000002
0.7959999999999999
0.7970799999999997
0.7984200000000002
0.7985599999999999
0.8009799999999997
0.7995200000000005
0.7991999999999997
0.7997800000000003
0.7982000000000005
0.7986600000000003
0.7961400000000003
0.7979
0.79582
0.7962600000000002
0.7960599999999997
0.7971800000000004
0.7954200000000003
0.7970200000000005
0.7960400000000003
0.7991200000000005
0.7956400000000007
0.79756
0.7973600000000002
0.7976599999999999
0.79856
0.7995200000000002
0.7960600000000003
0.79478
0.7962400000000003
0.7995000000000002
0.79834
0.7959200000000003
0.79904
0.79464
0.7953600000000002
0.7956000000000002
0.7960600000000002
0.79628
0.7956599999999999
0.7954399999999999
0.7945799999999997
0.7953800000000004
0.79634
0.7946
0.7952199999999999
0.7943200000000004
0.7969600000000001
0.7991000000000003
0.7984400000000003
0.7977600000000002
0.7977799999999998
0.7962800000000003
0.7957399999999999
0.7944000000000001
0.7965200000000003
0.79752
0.7973199999999997
0.7973199999999998
0.7979199999999999
0.7995999999999995
0.7995400000000005
0.7985400000000001
0.7993599999999996
0.7987400000000006
0.7993200000000003
0.79708
0.7962200000000003
0.7969400000000002
0.7987800000000004
0.7957600000000002
0.7941799999999998
0.7934800000000005
0.7937400000000002
0.7935600000000004
0.7950800000000001
0.7943600000000001
0.7964
0.7975800000000003
0.7989000000000006
0.7979199999999997
0.7954600000000001
0.7960600000000003
0.7969600000000001
0.7958
0.79928
0.8014200000000001
0.8003400000000005
0.79608
0.7974400000000001
0.7969200000000002
0.7966599999999999
0.7964399999999999
0.7967799999999999
0.7982600000000002
0.7973
0.7949999999999998
0.7961000000000003
0.79926
0.7981400000000005
0.80196
0.8005000000000001
0.8018400000000002
0.7998600000000003
0.7994800000000001
0.80002
0.7975800000000003
0.7979000000000002
0.7980999999999999
0.7982399999999998
0.7985000000000001
0.7964600000000004
0.79798
0.79574
0.7967599999999999
0.7947000000000005
0.7984199999999997
0.7942200000000006
0.7972400000000003
0.7985200000000002
0.7976799999999997
0.7963200000000005
0.7973200000000001
0.7990999999999998
0.7983999999999996
0.7983599999999998
0.7976000000000003
0.8008599999999997
0.79692
0.7965800000000003
0.7962599999999999
0.7968800000000003
0.7964000000000001
0.7954600000000004
0.7974200000000004
0.7961200000000003
0.7946799999999999
0.7954200000000006
0.7962200000000003
0.7971399999999998
0.7973600000000002
0.7976000000000002
0.7952799999999998
0.7971199999999997
0.7955800000000005
0.79484
0.7955800000000002
0.7974800000000003
0.7994800000000002
0.7994800000000002
0.7961600000000001
0.7950600000000001
0.79908
0.7973399999999999
0.7948400000000002
0.7977999999999998
0.7976600000000005
0.7984399999999999
0.7991200000000004
0.7988199999999999
0.7983000000000005
0.7970400000000002
0.7978799999999999
0.7983000000000001
0.7970000000000002
0.8001399999999996
0.7985800000000003
0.7963600000000004
0.7978000000000001
0.7983600000000002
0.7994800000000001
0.7985000000000001
0.79734
0.7984800000000003
0.7987999999999998
0.7980999999999997
0.7983800000000001
0.7977799999999998
0.7954399999999999
0.7957599999999999
0.7996199999999999
0.7981000000000001
0.7977199999999999
0.7977399999999999
0.79712
0.7970000000000002
0.79558
0.7974600000000003
0.7947399999999999
0.7957400000000001
0.7961600000000001
0.7934000000000003
0.7944200000000003
0.7955399999999997
0.7979200000000002
0.7966199999999997
0.7965600000000002
0.7961399999999998
0.7991400000000007
0.8000400000000003
0.7988799999999999
0.7986
0.7980800000000002
0.7970199999999998
0.7976000000000002
0.7949600000000002
0.7937999999999998
0.7946200000000003
0.7962200000000001
0.7970400000000002
0.7964399999999999
0.7952200000000001
0.7959
0.7990800000000003
0.7982600000000001
0.7983999999999999
0.7968400000000001
0.7980999999999999
0.7978600000000001
0.7998800000000004
0.7961399999999998
0.79738
0.7952200000000001
0.7935599999999998
0.79392
0.7972199999999999
0.7970199999999997
0.7984200000000002
0.7963200000000001
0.7974599999999998
0.7965599999999999
0.79734
0.7980000000000003
0.7986599999999998
0.7975000000000004
0.7989200000000003
0.7979999999999998
0.7967200000000001
0.79592
0.7987399999999998
0.7988400000000001
0.8005400000000001
0.8006799999999997
0.8000400000000003
0.8030600000000002
0.8003200000000004
0.8012600000000002
0.7986200000000002
0.7975799999999998
0.7961000000000001
0.7966999999999999
0.79512
0.7966799999999999
0.7965400000000006
0.7985800000000002
0.7959200000000004
0.7978600000000003
0.7966999999999999
0.7970599999999998
0.7974600000000001
0.7979
0.7978200000000001
0.7963800000000003
0.7975600000000002
0.7997999999999997
0.7989600000000001
0.7994400000000002
0.7982199999999999
0.8020000000000002
0.7992
0.80068
0.8016000000000001
0.7987200000000003
0.7944800000000006
0.7956200000000001
0.7949400000000003
0.7964000000000003
0.7948999999999998
0.7954000000000003
0.7964400000000001
0.7960200000000002
0.7946600000000007
0.79664
0.7965000000000002
0.7957599999999999
0.7947200000000003
0.7952199999999999
0.7966800000000005
0.7950399999999999
0.7961400000000001
0.7955800000000002
0.7959200000000004
0.7950800000000002
0.7949399999999999
0.7970400000000002
0.7967
0.7950400000000002
0.7941000000000001
0.7970800000000002
0.7943400000000002
0.7942
0.7938400000000001
0.7943000000000002
0.7948000000000002
0.7964199999999999
0.7993399999999999
0.8002199999999999
0.7972600000000001
0.7992799999999999
0.7947599999999998
0.7950400000000006
0.7977200000000003
0.7987000000000002
0.7973599999999998
0.7960600000000005
0.7960200000000001
0.7959799999999997
0.79262
0.7934800000000002
0.7926200000000004
0.7955199999999999
0.7970200000000002
0.79834
0.7982600000000002
0.7970000000000006
0.7975600000000003
0.79616
0.7975999999999998
0.7976800000000003
0.7969400000000003
0.8000400000000002
0.7974800000000003
0.7975800000000005
0.79592
0.7977199999999998
0.7989600000000003
0.8005800000000002
0.7978000000000001
0.7982000000000002
0.7994199999999999
0.79754
0.7981799999999999
0.79512
0.7964600000000003
0.7957799999999997
0.7968
0.7952199999999999
0.7976999999999996
0.7974600000000003
0.7989600000000004
0.7996000000000001
0.7978200000000001
0.7963400000000002
0.7964800000000001
0.7972600000000001
0.7968999999999999
0.7991600000000001
0.8007999999999997
0.7980200000000002
0.7992000000000001
0.7978600000000006
0.7971000000000004
0.7980200000000002
0.7962200000000004
0.7963200000000001
0.7981200000000004
0.7981400000000001
0.79734
0.79978
0.7997599999999998
0.7985200000000002
0.7972600000000001
0.7961599999999998
0.8004000000000001
0.7980999999999996
0.79628
0.7965200000000001
0.7972399999999997
0.79756
0.7985400000000002
0.7973399999999999
0.7976599999999999
0.7991600000000002
0.8010600000000001
0.7985400000000001
0.7999999999999998
0.8001400000000001
0.7961800000000006
0.79726
0.7977799999999996
0.7976000000000001
0.79648
0.7964400000000001
0.7998000000000001
0.79998
0.7985800000000002
0.7969800000000005
0.7940000000000004
0.7963600000000005
0.7940600000000001
0.79498
0.7969799999999998
0.7989599999999997
0.7981600000000003
0.7983399999999999
0.7956400000000002
0.7951200000000002
0.7967799999999999
0.79694
0.79892
0.7992800000000007
0.8002799999999999
0.8013200000000004
0.7980600000000001
0.7976000000000002
0.7973400000000003
0.7965200000000001
0.7955200000000001
0.7971200000000002
0.79782
0.7960600000000001
0.79766
0.7973399999999999
0.79588
0.7986800000000001
0.7999199999999996
0.7990199999999997
0.7972799999999998
0.7974000000000003
0.7979400000000002
0.8004200000000001
0.7972200000000003
0.7977199999999999
0.7954199999999999
0.7984800000000001
0.7963800000000001
0.7984600000000003
0.7979800000000004
0.7988200000000005
0.7994800000000004
0.7999399999999999
0.8011600000000003
0.7999400000000001
0.7974800000000001
0.7996000000000003
0.7987000000000002
0.8013799999999993
0.7994800000000002
0.7985200000000003
0.7998999999999996
0.7989000000000002
0.80136
0.7988599999999999
0.7980799999999999
0.7998200000000001
0.8001599999999995
0.7999799999999999
0.7960200000000001
0.7988600000000002
0.7985199999999999
0.7982999999999995
0.79584
0.7978599999999999
0.79698
0.7977
0.7965200000000003
0.7984200000000001
0.7969399999999999
0.7977800000000002
0.7981800000000002
0.7947600000000001
0.7971200000000005
0.7954399999999998
0.7952800000000007
0.7964800000000001
0.7947
0.7975799999999996
0.7959399999999998
0.7977600000000002
0.7988200000000002
0.7971400000000003
0.7974400000000003
0.7984400000000004
0.7984400000000003
0.79844
0.8010000000000005
0.7997000000000003
0.7984400000000003
0.7981600000000006
0.7991600000000005
0.7972200000000005
0.7966400000000003
0.79924
0.7969800000000002
0.8002200000000004
0.7977399999999996
0.7990599999999998
0.79848
0.7949400000000001
0.7954199999999999
0.7988599999999999
0.7987200000000004
0.7984000000000003
0.8007200000000002
0.7993400000000003
0.8006400000000004
0.8009999999999998
0.8005
0.7968800000000006
0.7969200000000002
0.7973000000000005
0.7980200000000001
0.7957
0.7968399999999999
0.7974600000000005
0.7968000000000005
0.7989400000000003
0.7993200000000006
0.7992000000000001
0.7984200000000006
0.7992399999999997
0.7980400000000002
0.7979
0.7927200000000002
0.7974600000000004
0.7998800000000003
0.7951200000000004
0.7928200000000001
0.7947800000000005
0.7976200000000001
0.7969599999999999
0.7988800000000005
0.7957199999999999
0.7971600000000002
0.7981200000000003
0.7965200000000003
0.7958600000000001
0.7983199999999998
0.7970200000000002
0.7970999999999998
0.79844
0.7994
0.7968599999999999
0.7977400000000001
0.7968399999999995
0.7944400000000005
0.7949199999999998
0.7953800000000009
0.7956800000000002
0.7974800000000005
0.7967400000000003
0.7978999999999999
0.8013800000000001
0.7998200000000001
0.7967400000000003
0.7967199999999999
0.7973399999999999
0.7983199999999998
0.79762
0.8002600000000001
0.7984399999999997
0.7976800000000003
0.8010200000000003
0.7991000000000007
0.7991800000000001
0.79652
0.7972000000000002
0.79892
0.7978399999999998
0.79456
0.7956200000000001
0.7978400000000003
0.79908
0.7950799999999998
0.7976600000000005
0.7961800000000006
0.7967400000000002
0.7956800000000002
0.7958800000000003
0.7967800000000003
0.7958800000000004
0.7989400000000001
0.7991399999999999
0.7975
0.7993400000000007
0.7969400000000003
0.7969600000000002
0.7987000000000003
0.7995000000000003
0.7978400000000001
0.7990999999999998
0.7982199999999999
0.8005400000000001
0.7994800000000001
0.8008200000000003
0.8008799999999998
0.7984400000000003
0.7967800000000002
0.7970600000000002
0.7954600000000001
0.7975799999999998
0.7980400000000006
0.7966600000000007
0.7980000000000003
0.7970400000000004
0.7962800000000004
0.7964200000000002
0.7980199999999997
0.7997
0.7999200000000002
0.8010199999999998
0.7995000000000002
0.7955800000000004
0.7977399999999999
0.7985800000000001
0.79866
0.79842
0.8002000000000004
0.79734
0.7938
0.7962399999999996
0.7967599999999997
0.7976600000000001
0.7980600000000007
0.7964199999999998
0.7972199999999999
0.79916
0.7958200000000001
0.7984600000000003
0.7996000000000002
0.7989800000000004
0.8009999999999998
0.79854
0.7977199999999998
0.7987200000000004
0.79792
0.7967200000000002
0.8005399999999999
0.7999400000000001
0.80172
0.8000999999999999
0.7995800000000005
0.7970200000000002
0.7969200000000001
0.7940000000000004
0.7982799999999997
0.7972800000000003
0.79782
0.7990999999999997
0.8000000000000004
0.79696
0.79508
0.7995000000000004
0.7993600000000001
0.7966200000000002
0.79584
0.797
0.7954400000000003
0.7965800000000004
0.7977599999999999
0.7974799999999996
0.7999600000000003
0.7956000000000002
0.7969600000000004
0.79738
0.7990999999999999
0.7964800000000001
0.7965000000000002
0.8011400000000002
0.80148
0.7994800000000004
0.7999000000000004
0.7969200000000004
0.7969800000000005
0.7969599999999999
0.7964000000000001
0.79794
0.7982200000000002
0.7989399999999999
0.8004200000000001
0.7999200000000001
0.7997000000000003
0.7992399999999996
0.8000000000000003
0.7990600000000002
0.7987200000000001
0.7991200000000005
0.7989000000000002
0.7954200000000003
0.7934200000000005
0.7970999999999999
0.7962399999999995
0.79822
0.8004000000000004
0.7989400000000002
0.7990000000000004
0.7978600000000001
0.7998799999999998
0.7997000000000001
0.79774
0.7980599999999999
0.7984200000000006
0.7972400000000003
0.79856
0.7982600000000002
0.7996800000000005
0.7975200000000002
0.7967000000000006
0.7967599999999999
0.7964199999999999
0.7980399999999999
0.79742
0.7981
0.7995200000000002
0.7979599999999999
0.7984000000000002
0.7984199999999998
0.7972000000000001
0.7966600000000001
0.7977600000000001
0.7975399999999995
0.7971600000000002
0.7959399999999996
0.7972199999999998
0.7955599999999996
0.7987000000000002
0.7964999999999999
0.7980799999999999
0.7996199999999998
0.7982799999999999
0.7979600000000002
0.7984999999999998
0.7963199999999998
0.7956200000000001
0.7962800000000001
0.7948600000000002
0.7951600000000003
0.79602
0.7959400000000002
0.7931400000000004
0.7951599999999999
0.7965599999999996
0.7978400000000001
0.7963600000000003
0.7945600000000006
0.7963199999999994
0.7978800000000001
0.7982000000000004
0.7985200000000005
0.7970400000000005
0.7948999999999999
0.7958999999999999
0.79346
0.7959400000000002
0.7977600000000001
0.7985
0.7990200000000003
0.7961200000000004
0.7967800000000002
0.7978799999999999
0.7959400000000005
0.7978200000000004
0.79912
0.7977199999999993
0.7945599999999999
0.794
0.7989800000000002
0.7983000000000001
0.79708
0.7984600000000001
0.7992599999999999
0.7988400000000003
0.7980399999999996
