0.19999999999999962
0.41639999999999994
0.6990000000000001
0.8208199999999998
0.86218
0.8770599999999998
0.8824600000000001
0.8829400000000003
0.8828800000000002
0.8817600000000003
0.8810200000000004
0.8800200000000004
0.8818600000000003
0.88414
0.8826400000000004
0.8829
0.8832600000000003
0.8825999999999999
0.8800400000000002
0.8833600000000004
0.8851199999999997
0.8849400000000003
0.8835400000000001
0.8815400000000002
0.8811
0.88418
0.8838000000000004
0.8822600000000003
0.8834800000000006
0.8824999999999997
0.88154
0.88006
0.8843600000000003
0.8835200000000003
0.8839000000000006
0.8833000000000004
0.8833799999999995
0.8818599999999998
0.8817599999999999
0.8849000000000004
0.8848400000000004
0.8805000000000001
0.8822999999999999
0.8810000000000002
0.8819200000000003
0.8847000000000004
0.8834400000000007
0.8844000000000004
0.8821800000000002
0.8835400000000001
0.8808599999999999
0.87988
0.8829000000000002
0.8828000000000001
0.8813799999999999
0.8823399999999998
0.8846199999999997
0.8834200000000001
0.8807399999999999
0.8847200000000002
0.8852800000000003
0.88262
0.8829400000000004
0.8830199999999999
0.8820800000000001
0.8836199999999999
0.8842200000000002
0.8828000000000001
0.8833599999999998
0.88334
0.8818199999999997
0.8820399999999999
0.8835000000000004
0.8825399999999999
0.8818000000000004
0.8819800000000002
0.8827000000000004
0.88192
0.8813599999999999
0.8832000000000001
0.8837999999999998
0.8855600000000002
0.8832200000000003
0.8839400000000001
0.8821400000000003
0.8832800000000001
0.8810400000000004
0.8848600000000003
0.8836400000000003
0.8821000000000003
0.88324
0.8815599999999998
0.88312
0.8830200000000002
0.8826800000000005
0.88322
0.8831800000000007
0.8826200000000003
0.8813200000000004
0.8825200000000005
0.8816200000000003
0.8828400000000001
0.8834599999999999
0.8842199999999998
0.8849800000000002
0.8828800000000002
0.8835
0.8842000000000003
0.8852999999999999
0.8828000000000001
0.8848600000000004
0.8839200000000004
0.8834000000000003
0.8823800000000003
0.8817600000000002
0.8844000000000003
0.88448
0.8819400000000001
0.8822199999999997
0.8839200000000002
0.88366
0.8849400000000002
0.8834200000000003
0.8844200000000002
0.8828200000000003
0.8848000000000001
0.8825800000000004
0.8834000000000003
0.8825800000000003
0.8842399999999998
0.8834800000000002
0.88266
0.8824800000000002
0.88414
0.8830800000000001
0.8822000000000001
0.8847199999999998
0.8824200000000003
0.88314
0.8848800000000003
0.8842800000000005
0.8833200000000002
0.8810199999999999
0.8857400000000004
0.8832600000000004
0.8821200000000001
0.8830799999999998
0.88294
0.8823200000000005
0.8843000000000003
0.8857999999999998
0.8831199999999997
0.8816800000000002
0.88372
0.8843800000000003
0.8842000000000003
0.8825400000000001
0.8831200000000001
0.8838199999999999
0.8839400000000004
0.8787400000000002
0.8847399999999997
0.8840400000000002
0.8838000000000005
0.88382
0.8819999999999999
0.88156
0.8832600000000003
0.88374
0.88334
0.8820800000000005
0.8827000000000004
0.88366
0.8847800000000003
0.8820200000000004
0.8838000000000003
0.87882
0.8820800000000004
0.88372
0.8832400000000002
0.8837599999999999
0.88334
0.8817800000000006
0.8810200000000004
0.8817999999999998
0.8822400000000005
0.8848800000000004
0.8814200000000004
0.8805000000000004
0.8815799999999999
0.8824400000000003
0.8848600000000001
0.8831999999999993
0.8817600000000002
0.8806599999999999
0.8828199999999998
0.8824799999999997
0.8841199999999999
0.8843000000000005
0.88558
0.8849799999999999
0.88396
0.8836400000000003
0.8805200000000006
0.88342
0.8839999999999999
0.8845400000000005
0.8807200000000001
0.8836200000000001
0.8830600000000001
0.8814199999999999
0.8825600000000005
0.88184
0.8811400000000001
0.8819400000000001
0.8823600000000005
0.8854800000000003
0.8838400000000002
0.8839400000000005
0.8842800000000001
0.8832399999999997
0.8813800000000004
0.8820399999999996
0.8813000000000002
0.8833000000000001
0.8834400000000001
0.8837800000000001
0.88256
0.8837400000000001
0.8856200000000004
0.88312
0.8833200000000002
0.8839000000000002
0.8877400000000009
0.8831400000000003
0.8822000000000005
0.88208
0.88362
0.8833000000000004
0.8809000000000001
0.8828200000000002
0.88522
0.8841800000000002
0.8847000000000006
0.8806800000000001
0.8815600000000003
0.8817800000000001
0.8836799999999997
0.8834800000000006
0.8841800000000007
0.8834000000000001
0.8863800000000004
0.8855000000000004
0.8842000000000002
0.88438
0.8817200000000004
0.8847400000000001
0.8854199999999999
0.8847400000000001
0.8832400000000002
0.8835800000000006
0.8824199999999999
0.8846400000000001
0.8845400000000005
0.8840399999999999
0.88264
0.8815400000000005
0.8831200000000003
0.8835999999999999
0.8828200000000007
0.8816200000000002
0.8851000000000002
0.8847600000000003
0.88592
0.8805400000000002
0.8839200000000005
0.8833600000000003
0.8836000000000003
0.8853200000000004
0.8832800000000002
0.8825800000000003
0.8802200000000004
0.8814799999999998
0.8813800000000002
0.8845000000000003
0.8825999999999999
0.8841000000000007
0.8843200000000002
0.8842400000000002
0.88426
0.8846400000000003
0.8833600000000004
0.8830800000000002
0.8859000000000004
0.8863000000000001
0.8839999999999999
0.8824200000000002
0.8822999999999999
0.8830199999999998
0.8812000000000002
0.8816000000000003
0.8822200000000003
0.8817000000000002
0.8832800000000001
0.88418
0.8850200000000004
0.8836199999999996
0.8820800000000003
0.88208
0.8824400000000004
0.8841800000000002
0.8823600000000004
0.8807
0.8819000000000004
0.8825800000000003
0.8829000000000002
0.8819000000000002
0.88436
0.8844600000000002
0.8832800000000006
0.8808800000000003
0.8815800000000001
0.8831600000000003
0.8832799999999997
0.8826800000000005
0.8831800000000001
0.8827600000000004
0.8822599999999997
0.8835200000000001
0.8838999999999999
0.8816600000000001
0.8833600000000003
0.8845000000000002
0.8830199999999999
0.8827399999999999
0.88558
0.88556
0.8829800000000003
0.8818000000000003
0.88412
0.8819999999999999
0.88296
0.8834799999999998
0.8837200000000002
0.88138
0.8826000000000002
0.8835400000000003
0.8811600000000003
0.8830200000000006
0.8845400000000002
0.8832600000000003
0.8813200000000002
0.8832000000000002
0.8820600000000001
0.8842200000000005
0.8832600000000003
0.8832399999999998
0.8831800000000004
0.8817800000000001
0.8815000000000001
0.8832200000000006
0.8820799999999999
0.8828799999999998
0.8835400000000005
0.8853
0.8836599999999997
0.8828800000000001
0.8822799999999996
0.8827200000000002
0.8825800000000005
0.88228
0.8801400000000001
0.88292
0.8817800000000002
0.8803400000000002
0.8822
0.8828000000000003
0.8852600000000004
0.8866600000000004
0.8849400000000003
0.8852400000000002
0.8836200000000001
0.8824000000000002
0.8851600000000001
0.8859000000000005
0.8854400000000001
0.8840600000000006
0.8847999999999999
0.8832800000000005
0.8855200000000001
0.8843000000000003
0.88256
0.8852199999999999
0.8852199999999997
0.88342
0.8843200000000002
0.8842799999999998
0.88484
0.8849600000000002
0.8830800000000002
0.8848400000000001
0.8837799999999999
0.8833400000000003
0.8819199999999999
0.8825600000000002
0.8836000000000003
0.8838799999999999
0.8832800000000002
0.8828200000000004
0.8805400000000002
0.8829200000000006
0.8816000000000005
0.8816600000000002
0.8799599999999999
0.88138
0.8845799999999997
0.8824000000000005
0.8807600000000003
0.8817600000000004
0.8829399999999998
0.8821199999999998
0.8839800000000001
0.88232
0.8827399999999999
0.88168
0.8821199999999998
0.8843200000000003
0.8813800000000004
0.8821400000000003
0.8822800000000001
0.8815599999999998
0.8828799999999998
0.8840200000000005
0.88456
0.8840800000000005
0.8832399999999997
0.8839600000000003
0.8831799999999999
0.8829400000000003
0.8833800000000004
0.8839
0.8826399999999999
0.8836799999999998
0.8847800000000006
0.8840000000000002
0.88312
0.8853400000000002
0.8844200000000003
0.8830799999999998
0.8830999999999999
0.8846000000000003
0.8835199999999999
0.8810599999999998
0.8830200000000002
0.8844000000000001
0.8835000000000002
0.8826200000000003
0.8842800000000001
0.8831200000000006
0.8822999999999999
0.8836400000000001
0.8820200000000001
0.8813600000000003
0.8825199999999996
0.8847600000000001
0.88196
0.8817600000000003
0.8830799999999996
0.8825000000000003
0.8827800000000005
0.8830400000000002
0.8850999999999999
0.8827600000000002
0.88452
0.8872599999999998
0.8859799999999999
0.88346
0.8842600000000007
0.8835800000000001
0.8823000000000004
0.8846800000000004
0.8824599999999996
0.8816000000000003
0.88394
0.8851200000000002
0.8831399999999996
0.8817200000000003
0.8836599999999999
0.8826200000000004
0.8820600000000002
0.8850200000000004
0.8863400000000002
0.8851400000000003
0.8825200000000004
0.8842399999999999
0.88322
0.88204
0.8835200000000002
0.8861200000000001
0.8821800000000004
0.8822000000000004
0.8832600000000004
0.8807599999999998
0.8810800000000001
0.88138
0.8830599999999997
0.8832799999999998
0.8807400000000004
0.8828400000000002
0.8816999999999997
0.8849200000000004
0.8809200000000004
0.88434
0.8833000000000004
0.8843000000000002
0.8816599999999998
0.8858400000000003
0.8821400000000003
0.8839000000000001
0.8818800000000006
0.8807800000000001
0.8827600000000002
0.8806400000000001
0.8830400000000002
0.8829
0.8825999999999999
0.8826400000000001
0.8856600000000001
0.8820400000000004
0.88428
0.88256
0.8846200000000002
0.88338
0.8839600000000004
0.8851400000000003
0.88284
0.8832600000000003
0.8794600000000001
0.8838600000000008
0.8860000000000001
0.8832199999999998
0.8832800000000001
0.8846199999999997
0.8826800000000002
0.8817000000000005
0.8825400000000001
0.8829000000000002
0.8816400000000003
0.8843599999999999
0.8848600000000003
0.88416
0.8840600000000007
0.8819399999999998
0.8825200000000001
0.8831600000000002
0.8830000000000001
0.8839200000000002
0.88272
0.88432
0.8827200000000004
0.8842200000000005
0.8832000000000007
0.8841600000000001
0.8851999999999995
0.88414
0.8826999999999998
0.8836799999999998
0.8806200000000001
0.88382
0.88294
0.8822000000000003
0.8824200000000004
0.8830600000000003
0.8836200000000001
0.8813200000000001
0.8839200000000003
0.88446
0.8853200000000007
0.8808399999999998
0.8818800000000004
0.8833000000000005
0.8842200000000002
0.8845199999999998
0.8847000000000004
0.8829199999999999
0.8842800000000005
0.8852400000000002
0.8846200000000004
0.8838200000000004
0.8811800000000001
0.8823200000000004
0.88362
0.8841600000000001
0.8841400000000003
0.8837200000000002
0.8840800000000002
0.8848600000000002
0.88166
0.88266
0.8839200000000003
0.8851400000000003
0.8832800000000005
0.8835599999999999
0.8827200000000004
0.8826400000000004
0.8830600000000003
0.8844400000000004
0.8836800000000001
0.8820600000000002
0.8816000000000003
0.8842000000000005
0.88362
0.8834800000000002
0.8826600000000002
0.8809200000000006
0.8836799999999997
0.8805599999999998
0.882
0.8809199999999997
0.8834399999999997
0.8816400000000002
0.8845200000000004
0.8831599999999996
0.8819799999999997
0.8823000000000001
0.8812999999999996
0.8828800000000001
0.8824600000000004
0.88382
0.8852000000000001
0.88488
0.8822199999999997
0.8821399999999998
0.8817800000000001
0.8833200000000003
0.8817600000000005
0.8811600000000002
0.8812400000000002
0.8830600000000001
0.8822800000000002
0.8819
0.88312
0.8863600000000001
0.8824200000000004
0.8815999999999999
0.8805400000000003
0.8828400000000002
0.8826400000000001
0.88314
0.88122
0.8816800000000002
0.8813199999999999
0.8830599999999998
0.8835999999999998
0.8816600000000006
0.8846000000000004
0.88264
0.8812399999999999
0.8839800000000002
0.8840799999999998
0.8832399999999996
0.88468
0.8848200000000003
0.8831600000000005
0.8829199999999999
0.88422
0.8842800000000005
0.8850800000000001
0.8855
0.88682
0.8849200000000002
0.88276
0.8846200000000002
0.8788000000000005
0.8840399999999998
0.8853000000000004
0.8839000000000002
0.8854999999999998
0.8852999999999999
0.8855799999999999
0.8816200000000001
0.8827600000000002
0.88426
0.8842399999999998
0.8817800000000002
0.8845800000000004
0.8824600000000002
0.8837800000000001
0.8839599999999997
0.8803200000000002
0.8839000000000001
0.8809000000000001
0.8829199999999995
0.8849600000000001
0.8852200000000003
0.8812800000000003
0.8836400000000002
0.8818800000000003
0.8821800000000002
0.8817000000000002
0.8817000000000005
0.8803
0.8824200000000002
0.8805600000000001
0.8826200000000003
0.8835200000000003
0.8843400000000002
0.8828600000000004
0.8831600000000005
0.8826
0.8855200000000003
0.8843799999999998
0.8843800000000002
0.8836400000000002
0.8836800000000005
0.8846600000000001
0.8836200000000002
0.8846599999999998
0.88268
0.8843000000000008
0.8842000000000003
0.8829200000000003
0.8842200000000006
0.8835799999999998
0.88492
0.8813200000000001
0.8823600000000005
0.8807400000000005
0.8833200000000001
0.8851000000000003
0.8823000000000003
0.8821399999999997
0.8827600000000001
0.8828600000000003
0.8834400000000002
0.8821200000000001
0.8837599999999999
0.8793800000000002
0.8810599999999998
0.8846400000000001
0.8832199999999999
0.8837400000000004
0.8837199999999998
0.8844400000000003
0.88414
0.88372
0.8849800000000004
0.8831800000000005
0.8822599999999997
0.8803000000000007
0.8831
0.88542
0.8809600000000002
0.8845800000000003
0.8832599999999998
0.8818600000000003
0.8824400000000001
0.8793400000000001
0.8854600000000004
0.8843200000000004
0.8824000000000001
0.8851799999999999
0.88426
0.8811199999999999
0.8840999999999998
0.8857200000000002
0.8854000000000002
0.8856999999999998
0.88204
0.88294
0.8832199999999999
0.8817800000000001
0.88418
0.8840000000000005
0.8831800000000004
0.88346
0.8835000000000004
0.8837800000000002
0.8839600000000004
0.8826600000000003
0.8836200000000002
0.88434
0.8850799999999999
0.8848400000000004
0.8811400000000005
0.88224
0.8844600000000008
0.8831200000000001
0.8821600000000003
0.88126
0.88278
0.8843399999999998
0.8845000000000002
0.8817800000000002
0.88122
0.8850200000000001
0.8838800000000002
0.8829199999999999
0.8843599999999999
0.8825999999999995
0.8816200000000003
0.8841000000000004
0.8826399999999999
0.8839200000000003
0.88166
0.88372
0.8849800000000003
0.8847600000000001
0.8858800000000003
0.8812600000000005
0.8803600000000001
0.8846200000000001
0.8836400000000002
0.8860200000000001
0.8834800000000004
0.8838799999999999
0.8825800000000001
0.8826200000000002
0.8848799999999999
0.8828000000000003
0.8840800000000004
0.8849000000000001
0.8815399999999997
0.8832000000000002
0.8829800000000003
0.8829400000000003
0.8833400000000008
0.8831599999999998
0.8828800000000002
0.8833200000000002
0.8829200000000003
0.88292
0.88354
0.8811599999999999
0.8828800000000006
0.8838600000000001
0.8822800000000004
0.8813599999999999
0.8826000000000002
0.8801599999999997
0.8829600000000002
0.8829400000000003
0.8847399999999997
0.8842200000000002
0.8830600000000001
0.88408
0.8824599999999998
0.8807600000000003
0.8852200000000009
0.8846999999999998
0.8847800000000001
0.88314
0.8833800000000006
0.8847200000000004
0.8832000000000002
0.8823800000000002
0.8801600000000005
0.8819600000000003
0.88138
0.8821199999999999
0.8831400000000004
0.8852600000000004
0.8834600000000004
0.8837400000000001
0.8843
0.8861200000000001
0.8831
0.8849800000000002
0.8841999999999999
0.88358
0.8821599999999998
0.8861200000000004
0.8849400000000002
0.8828999999999999
0.88114
0.88012
0.8827200000000001
0.8853199999999998
0.8845400000000002
0.8821000000000001
0.8829000000000004
0.8806800000000001
0.8816199999999997
0.8833599999999997
0.88062
0.8815599999999999
0.8813400000000001
0.88334
0.8831600000000002
0.8833200000000003
0.8838600000000002
0.8834600000000001
0.8856000000000006
0.8832800000000002
0.8793800000000002
0.8823599999999996
0.8805400000000002
0.8837400000000006
0.8810799999999999
0.8825600000000006
0.88052
0.8868400000000005
0.8840200000000007
0.8835800000000004
0.8842400000000002
0.88054
0.8834400000000003
0.8804199999999999
0.8842000000000003
0.8833
0.8838400000000003
0.8851800000000005
0.8826800000000001
0.88192
0.8849800000000003
0.8829000000000005
0.8841
0.8831
0.8837999999999999
0.8813600000000003
0.8839600000000003
0.8841800000000005
0.8860600000000001
0.8840800000000002
0.8844999999999997
0.8824200000000001
0.8830800000000002
0.882
0.8848800000000003
0.8805
0.8833600000000004
0.8840399999999999
0.8809200000000003
0.88196
0.8838799999999998
0.8813600000000005
0.8826799999999999
0.8849999999999997
0.8848199999999999
0.8811199999999999
0.88424
0.8820399999999998
0.88236
0.8846600000000001
0.8841400000000001
0.8838000000000003
0.8830200000000002
0.8843
0.8820199999999998
0.8805800000000004
0.8817400000000001
0.8826200000000003
0.8834800000000007
0.8833000000000003
0.8870200000000003
0.8845999999999999
0.8835200000000002
0.8833200000000005
0.8807799999999998
0.8834799999999997
0.88244
0.8836600000000001
0.8834799999999998
0.8818200000000003
0.8837600000000002
0.8830600000000003
0.8831400000000005
0.8807600000000003
0.8837400000000002
0.8848800000000004
0.8840999999999998
0.8837200000000003
0.8823999999999999
0.88228
0.8830399999999998
0.88182
0.8832400000000007
0.8826400000000006
0.88372
0.8836400000000003
0.8801199999999999
0.8826
0.8802599999999999
0.8822600000000003
0.8835000000000001
0.8835199999999999
0.8804400000000001
0.8844199999999998
0.8854600000000006
0.8829600000000002
0.8841600000000005
0.8819600000000001
0.8802800000000001
0.8845200000000003
0.8875600000000002
0.8856200000000007
0.8842400000000005
0.8836400000000003
0.8842200000000002
0.8844000000000003
