0.19999999999999962
0.19860000000000014
0.19794000000000003
0.19781999999999997
0.19968
0.20043999999999998
0.20101999999999998
0.20296000000000003
0.20468000000000003
0.20614000000000002
0.2083000000000001
0.20910000000000012
0.21075999999999998
0.21344000000000002
0.21502000000000013
0.21660000000000007
0.21800000000000014
0.21946000000000002
0.22062000000000004
0.22148000000000004
0.22099999999999997
0.22172000000000008
0.22250000000000014
0.2229800000000001
0.22504000000000005
0.22404000000000007
0.22368000000000002
0.22321999999999995
0.22386000000000006
0.22510000000000013
0.22480000000000008
0.22659999999999997
0.22722
0.22804000000000005
0.22706000000000004
0.2277200000000001
0.22726000000000002
0.2287
0.22878000000000018
0.22986000000000006
0.23066000000000003
0.23106000000000015
0.23162000000000005
0.23331999999999997
0.23438000000000017
0.23453999999999997
0.23524000000000023
0.2348800000000001
0.23662000000000005
0.2370600000000001
0.23716
0.23762
0.23886000000000002
0.23808000000000007
0.23924000000000015
0.23879999999999996
0.23782000000000003
0.23910000000000015
0.2384
0.2370400000000001
0.23704000000000022
0.23676000000000003
0.23618000000000003
0.23608000000000012
0.23631999999999995
0.23554000000000003
0.2356200000000001
0.23574000000000006
0.23521999999999998
0.23518000000000006
0.2339600000000001
0.23488000000000006
0.23705999999999997
0.23777999999999988
0.23854000000000009
0.23797999999999994
0.23807999999999993
0.23714000000000013
0.23623999999999998
0.23506
0.2346399999999999
0.23676000000000003
0.23590000000000014
0.23755999999999997
0.23706
0.2373200000000001
0.23677999999999996
0.23504000000000008
0.23530000000000004
0.23504000000000008
0.23584000000000024
0.23524
0.2370800000000001
0.23745999999999995
0.23823999999999998
0.2370400000000001
0.23521999999999996
0.23538000000000003
0.23460000000000014
0.23418000000000017
0.2335400000000002
0.23404000000000003
0.2333800000000001
0.23396000000000008
0.23470000000000016
0.23598000000000005
0.23501999999999998
0.23456
0.23500000000000004
0.23605999999999994
0.23628000000000007
0.2365199999999999
0.23600000000000015
0.23408
0.2350600000000001
0.23420000000000005
0.23436
0.23426000000000008
0.2348
0.23486000000000012
0.23484000000000008
0.23430000000000015
0.2365600000000001
0.23710000000000003
0.23549999999999988
0.23556000000000002
0.23558
0.23578
0.2353
0.2355600000000001
0.23604
0.23444000000000012
0.23466
0.23446
0.23314000000000001
0.2335
0.23385999999999996
0.23315999999999998
0.23401999999999998
0.2343000000000001
0.2342
0.23386000000000012
0.23427999999999996
0.23210000000000014
0.23330000000000012
0.23234000000000002
0.23292000000000002
0.23296000000000006
0.23300000000000015
0.23440000000000008
0.23478000000000002
0.2335400000000001
0.23432000000000003
0.23556000000000002
0.2357200000000001
0.23374000000000003
0.23361999999999994
0.23307999999999993
0.2333800000000001
0.23334000000000002
0.23228
0.23286000000000015
0.23190000000000002
0.23190000000000008
0.23362000000000002
0.23276000000000008
0.2325000000000001
0.23360000000000003
0.23558
0.23606000000000013
0.23612000000000002
0.23796000000000003
0.23680000000000018
0.23672000000000007
0.23610000000000003
0.23550000000000007
0.23528000000000002
0.23572000000000004
0.23504000000000005
0.23506000000000016
0.23486000000000012
0.23497999999999997
0.23589999999999997
0.23687999999999998
0.23630000000000007
0.23639999999999997
0.23618000000000008
0.23719999999999997
0.23602000000000015
0.23664000000000016
0.23434000000000008
0.23475999999999989
0.23602000000000006
0.2369800000000002
0.2349
0.23512000000000008
0.23621999999999993
0.23468
0.2351600000000001
0.23700000000000013
0.23595999999999998
0.23598000000000002
0.2355800000000001
0.23490000000000014
0.23644
0.23680000000000004
0.23621999999999996
0.23621999999999999
0.23650000000000004
0.2373800000000001
0.23699999999999993
0.23663999999999988
0.23767999999999997
0.23793999999999996
0.23714000000000002
0.23904
0.23973999999999995
0.23764000000000013
0.23728000000000002
0.23686000000000007
0.23744000000000004
0.23736000000000004
0.23796
0.24029999999999999
0.24105999999999997
0.24156
0.24276000000000006
0.24247999999999997
0.24136000000000007
0.2424199999999999
0.24314000000000008
0.24142000000000008
0.24104000000000003
0.2414400000000001
0.24028000000000005
0.23832000000000003
0.23746000000000023
0.23730000000000015
0.2357000000000001
0.23631999999999986
0.2387800000000001
0.2395400000000001
0.24094000000000007
0.24146000000000004
0.24000000000000005
0.2388200000000001
0.2378000000000001
0.2364600000000001
0.23433999999999994
0.23466000000000004
0.2334600000000001
0.2345000000000001
0.2352400000000001
0.23682000000000003
0.23501999999999992
0.23452000000000006
0.23538000000000006
0.23366000000000006
0.23265999999999992
0.23166000000000003
0.23234000000000005
0.2340400000000001
0.23418000000000003
0.23507999999999996
0.23564000000000007
0.23475999999999997
0.23230000000000012
0.23248000000000013
0.23192000000000002
0.23208
0.23348000000000005
0.23398000000000008
0.23399999999999996
0.23286000000000012
0.23415999999999998
0.23275999999999988
0.23324
0.23178000000000012
0.2331200000000001
0.2316800000000001
0.23174000000000003
0.23028000000000007
0.22994000000000003
0.23108000000000006
0.22909999999999997
0.22992000000000004
0.23002
0.23052000000000014
0.23009999999999997
0.22928000000000004
0.22988000000000003
0.23042000000000012
0.22959999999999992
0.22956000000000018
0.23085999999999998
0.23011999999999996
0.22923999999999997
0.22932000000000016
0.23004000000000008
0.23044000000000012
0.23114000000000007
0.23230000000000012
0.23240000000000016
0.23142000000000004
0.22996000000000008
0.23037999999999997
0.22952000000000028
0.23010000000000005
0.23034000000000002
0.2309200000000001
0.2319200000000001
0.23262000000000016
0.2338200000000001
0.23416000000000003
0.23310000000000003
0.23420000000000007
0.23428000000000018
0.23417999999999994
0.23334000000000002
0.23350000000000004
0.23496000000000014
0.2341
0.23379999999999998
0.2346
0.23565999999999995
0.23622000000000018
0.23574000000000012
0.2364
0.23638000000000006
0.2352200000000001
0.23438000000000006
0.23443999999999998
0.23509999999999995
0.23364000000000001
0.23356000000000005
0.23331999999999997
0.23364000000000007
0.23216000000000003
0.2328
0.23248000000000005
0.23244000000000015
0.23346000000000014
0.23400000000000012
0.23172000000000018
0.23114000000000004
0.23004000000000005
0.22924000000000003
0.2302400000000001
0.23244000000000004
0.2337600000000001
0.23364000000000013
0.23363999999999996
0.23288000000000003
0.23439999999999997
0.23536
0.23458
0.23454000000000014
0.23488000000000003
0.23374000000000003
0.23442000000000005
0.23317999999999994
0.23412000000000013
0.23416000000000012
0.23314000000000007
0.23183999999999996
0.23218
0.2327200000000001
0.23128000000000015
0.23218000000000022
0.23034000000000007
0.2311200000000001
0.2309000000000001
0.23394000000000006
0.2334000000000001
0.23312000000000008
0.23242000000000004
0.23178000000000007
0.23048000000000005
0.23199999999999998
0.23346000000000014
0.23362000000000013
0.23458
0.23540000000000003
0.23643999999999998
0.23687999999999992
0.23564
0.23321999999999993
0.23360000000000014
0.23190000000000005
0.23216000000000014
0.23118000000000002
0.2319800000000001
0.23269999999999996
0.23352000000000014
0.23420000000000016
0.2333400000000001
0.23156000000000002
0.23136000000000007
0.23085999999999995
0.23120000000000002
0.23205999999999993
0.23251999999999995
0.23254000000000002
0.23230000000000003
0.23384000000000008
0.23450000000000007
0.23443999999999998
0.23480000000000004
0.2340600000000001
0.23550000000000013
0.23638000000000023
0.23560000000000003
0.23533999999999997
0.2361600000000001
0.23660000000000006
0.23788000000000012
0.23880000000000007
0.23915999999999996
0.2391800000000001
0.23697999999999997
0.23796
0.23792
0.23670000000000005
0.23640000000000005
0.2369800000000001
0.2364800000000001
0.23780000000000004
0.23686000000000007
0.23614000000000002
0.23567999999999995
0.23598000000000002
0.23534000000000005
0.23602000000000012
0.23610000000000003
0.23594000000000012
0.2345800000000001
0.23360000000000006
0.23372
0.23412000000000005
0.23378000000000004
0.23552
0.2359000000000001
0.23648000000000002
0.23521999999999996
0.23495999999999997
0.23520000000000008
0.23498000000000008
0.23690000000000008
0.23566000000000006
0.23544000000000012
0.2352400000000001
0.23582000000000003
0.23411999999999997
0.23447999999999997
0.23422
0.23418000000000005
0.2349799999999999
0.23492000000000018
0.23496000000000014
0.23474000000000006
0.23540000000000016
0.23379999999999995
0.23349999999999993
0.23296000000000014
0.23295999999999994
0.23257999999999995
0.23209999999999997
0.23210000000000008
0.23279999999999995
0.23408000000000015
0.2357200000000001
0.23584000000000002
0.23453999999999997
0.23298000000000008
0.23336
0.23296000000000003
0.2313599999999999
0.23428000000000004
0.23334000000000008
0.23497999999999997
0.2356000000000001
0.2360400000000001
0.23654
0.23792000000000008
0.2370200000000001
0.23662
0.23628000000000005
0.23584000000000008
0.23470000000000005
0.23452000000000006
0.2352400000000001
0.23476000000000002
0.23478000000000004
0.23548000000000008
0.2357
0.2356199999999999
0.23252000000000003
0.23335999999999987
0.23404000000000008
0.23412000000000013
0.2336600000000002
0.23336000000000015
0.23337999999999998
0.23376000000000008
0.23330000000000012
0.23514000000000013
0.23636000000000007
0.23457999999999996
0.2353000000000001
0.23705999999999994
0.23826
0.23805999999999997
0.23875999999999994
0.23868000000000006
0.23817999999999998
0.23652000000000012
0.23682000000000009
0.23542000000000013
0.23374000000000003
0.23453999999999997
0.23293999999999998
0.23458000000000007
0.23326000000000005
0.2331600000000001
0.2328
0.23252000000000003
0.23173999999999995
0.23232000000000014
0.2333800000000001
0.23148000000000007
0.2324
0.22962
0.22960000000000005
0.23006000000000018
0.22962000000000007
0.22872000000000006
0.22870000000000001
0.2302000000000001
0.22954000000000008
0.2306600000000001
0.23106000000000004
0.2316000000000001
0.2324400000000001
0.23293999999999992
0.23377999999999993
0.23484000000000016
0.23441999999999993
0.23373999999999995
0.2337799999999999
0.2331200000000001
0.23436000000000015
0.23423999999999995
0.23404000000000008
0.23523999999999998
0.23428000000000004
0.23484000000000008
0.23496000000000006
0.23476000000000016
0.23569999999999997
0.23612000000000008
0.23656000000000002
0.23604000000000014
0.23535999999999999
0.23578000000000018
0.23448
0.23612000000000002
0.2355600000000001
0.23480000000000006
0.2346400000000001
0.23480000000000006
0.2340400000000001
0.23394000000000006
0.23414000000000001
0.2359800000000002
0.23544000000000007
0.23524000000000003
0.23648000000000008
0.23712
0.23616000000000004
0.23626000000000008
0.237
0.23522000000000012
0.23442000000000007
0.2337600000000002
0.23322000000000012
0.2332000000000001
0.23271999999999995
0.23214000000000007
0.23334000000000013
0.23470000000000002
0.23550000000000001
0.23552000000000015
0.23438000000000003
0.23372000000000004
0.23344
0.23478
0.23538000000000003
0.23493999999999984
0.23505999999999996
0.23468000000000003
0.23568000000000008
0.23592000000000005
0.2348399999999999
0.23410000000000009
0.23334000000000002
0.23302000000000003
0.23296000000000006
0.23436000000000015
0.23448000000000005
0.2345600000000001
0.23610000000000003
0.23682000000000006
0.23684000000000002
0.23562000000000005
0.23442000000000005
0.23450000000000004
0.23554000000000005
0.2355800000000001
0.23629999999999993
0.2384599999999999
0.23659999999999992
0.23674000000000006
0.2369400000000001
0.23803999999999997
0.2365600000000001
0.2364000000000001
0.2366800000000001
0.23717999999999992
0.23876
0.23849999999999993
0.23708
0.23922000000000002
0.24102
0.24024000000000004
0.2406400000000002
0.23904000000000006
0.23878
0.23884000000000008
0.23794000000000012
0.23762
0.23765999999999998
0.23616000000000006
0.2338000000000001
0.23409999999999997
0.23190000000000002
0.23252000000000014
0.2323200000000001
0.23191999999999996
0.23180000000000014
0.23116000000000014
0.23006000000000018
0.22934000000000007
0.23144000000000006
0.23168
0.23286000000000004
0.23259999999999997
0.23322000000000012
0.23164000000000004
0.2303999999999999
0.23118000000000002
0.23266
0.23258000000000004
0.23258000000000012
0.23210000000000008
0.23268000000000008
0.23294000000000004
0.23312000000000002
0.23624000000000006
0.23576000000000005
0.23652000000000004
0.23664000000000004
0.23806000000000005
0.2378400000000001
0.2369
0.2362200000000001
0.23443999999999987
0.2356800000000002
0.23594000000000015
0.23495999999999997
0.2354799999999999
0.23600000000000002
0.23646
0.23594
0.23556000000000007
0.23495999999999997
0.23596000000000003
0.23780000000000004
0.23578
0.23680000000000007
0.23664000000000013
0.23610000000000003
0.23612000000000022
0.23740000000000003
0.23766000000000007
0.23854000000000014
0.23826000000000003
0.23720000000000002
0.23678000000000002
0.23422000000000004
0.23442000000000005
0.23470000000000005
0.23454
0.23552000000000006
0.23519999999999996
0.23442000000000005
0.23426
0.23288
0.2323200000000001
0.2322600000000001
0.23296
0.23437999999999995
0.2347800000000001
0.23426
0.23501999999999995
0.23513999999999996
0.23480000000000006
0.23554000000000005
0.23504000000000003
0.23449999999999996
0.23326000000000005
0.23260000000000006
0.23348000000000005
0.23422
0.23424000000000003
0.23421999999999993
0.23408
0.2335799999999999
0.23459999999999998
0.23544000000000004
0.23484
0.23283999999999996
0.23514000000000013
0.23470000000000005
0.23518000000000008
0.23526000000000008
0.2339800000000001
0.23318000000000008
0.23340000000000008
0.23382000000000003
0.2332
0.2326000000000001
0.23321999999999993
0.23284
0.2326400000000001
0.2341
0.23502000000000003
0.23710000000000003
0.23743999999999998
0.23638
0.2368600000000001
0.23698
0.2374000000000002
0.23722000000000013
0.23786
0.23758000000000007
0.23634000000000005
0.23562000000000008
0.23627999999999993
0.23424000000000006
0.2338800000000001
0.23422000000000015
0.23426000000000005
0.23550000000000001
0.23656000000000005
0.23580000000000007
0.2361999999999999
0.23511999999999997
0.23486000000000007
0.23537999999999998
0.23434000000000005
0.23384000000000005
0.23484000000000005
0.23584000000000008
0.23539999999999994
0.23640000000000005
0.23622000000000015
0.2361000000000001
0.2360000000000001
0.2364400000000001
0.23522000000000007
0.23561999999999997
0.23542000000000007
0.23639999999999994
0.23652000000000012
0.2352400000000001
0.23567999999999997
0.23638
0.23703999999999995
0.23718000000000006
0.23921999999999996
0.23924
0.24042000000000005
0.24012
0.23928000000000016
0.23936000000000004
0.23964000000000005
0.24094000000000004
0.23934
0.23728000000000007
0.23788
0.23739999999999997
0.23693999999999998
0.23798000000000014
0.23808000000000004
0.23618000000000006
0.23641999999999994
0.2365400000000001
0.23614000000000007
0.23546000000000003
0.23578000000000002
0.23488
0.23434000000000002
0.23642
0.23730000000000007
0.23678000000000016
0.2373
0.23937999999999995
0.23962000000000003
0.24108000000000002
0.2421400000000001
0.2431199999999999
0.24166000000000015
0.2426200000000001
0.24201999999999999
0.24098000000000003
0.24053999999999995
0.23932000000000003
0.23906000000000027
0.23846000000000003
0.23854000000000009
0.23848000000000003
0.23862000000000003
0.23843999999999985
0.23812
0.23726000000000025
0.23792000000000005
0.23790000000000014
0.23786000000000002
0.23760000000000006
0.23708
0.23618000000000008
0.2358800000000001
0.23610000000000006
0.23624000000000017
0.23617999999999997
0.23766
0.23656
0.23530000000000004
0.23492000000000005
0.23658000000000004
0.23458000000000007
0.235
0.23426000000000005
0.23458
0.23470000000000002
0.23382000000000003
0.23312000000000002
0.23332000000000014
0.23271999999999998
0.23152000000000014
0.23182000000000016
0.23214
0.2326600000000001
0.23124000000000006
0.23238
0.23278000000000007
0.23372000000000007
0.23562000000000002
0.23457999999999996
0.23538000000000003
0.23378000000000015
0.23576000000000008
0.23538
0.23434000000000005
0.23302000000000006
0.23172000000000004
0.23134000000000007
0.2327800000000001
0.23220000000000007
0.23332000000000006
0.23212000000000008
0.23110000000000017
0.23015999999999998
0.22994000000000006
0.2290200000000001
0.2304800000000001
0.23186000000000004
0.2316400000000001
0.2298000000000001
0.23066000000000006
0.23332000000000006
0.23206000000000004
0.23210000000000008
0.23362000000000008
0.23370000000000016
0.2340199999999999
0.2357
0.23678000000000002
0.23674000000000014
0.23745999999999995
0.23769999999999997
0.23764
0.23758000000000007
0.2383399999999999
0.23798000000000005
0.23574000000000006
0.23693999999999998
0.23756000000000005
0.23757999999999996
0.2365200000000001
0.2379
0.2377
0.23706
0.23618000000000017
0.23686000000000007
0.23570000000000013
0.23618000000000014
0.23536
0.23500000000000015
0.23402000000000003
0.23670000000000002
0.23722000000000004
0.23689999999999997
0.23574000000000012
0.23674000000000006
0.23735999999999996
0.23644
0.23483999999999988
0.23392000000000007
0.23628000000000007
0.2359400000000001
0.23420000000000005
0.23581999999999997
0.23582000000000009
0.23502000000000003
0.23402
0.23406000000000002
0.2339
0.23312000000000008
0.23312000000000005
0.23315999999999998
0.23238000000000003
0.23345999999999997
0.2332200000000001
0.23270000000000007
0.2346000000000001
0.23448000000000005
0.23418000000000014
0.2347800000000001
0.23440000000000016
0.23482
0.2352200000000001
0.23494000000000004
0.23609999999999995
0.23426000000000008
0.23498000000000016
0.23485999999999993
0.23548000000000013
0.23539999999999991
0.23623999999999998
0.23654000000000003
0.23795999999999995
0.23825999999999997
0.23683999999999997
0.23582000000000009
0.23571999999999999
0.23550000000000001
0.23687999999999992
0.23773999999999998
0.2369400000000001
0.23608000000000007
0.23564000000000007
0.2357800000000001
0.23639999999999997
0.23586000000000013
0.23769999999999988
0.23670000000000008
0.23718000000000003
0.23652
0.23606000000000005
0.23517999999999997
0.2347800000000001
0.2353000000000001
0.23472000000000004
0.23666000000000015
0.23546000000000003
0.23589999999999997
0.23480000000000004
0.23612000000000002
0.23422000000000007
0.23538000000000006
0.23439999999999994
0.23348000000000005
0.2327200000000001
0.23368000000000003
0.2343
0.2332000000000001
0.23387999999999998
0.2338200000000001
0.23334000000000008
