0.19999999999999962
0.2083600000000001
0.2193799999999999
0.23232999999999998
0.24701
0.2610700000000001
0.27504
0.28774
0.3002
0.31114
0.32122000000000006
0.3299999999999998
0.33795000000000003
0.34606000000000003
0.35115
0.3585800000000001
0.36169000000000007
0.36578000000000005
0.3694400000000001
0.3733800000000001
0.37554999999999983
0.37875
0.3813500000000001
0.38599000000000006
0.38797
0.39084
0.3935100000000001
0.39437
0.3968500000000001
0.39791999999999994
0.3995800000000001
0.4021100000000001
0.40149
0.4033200000000001
0.4030299999999999
0.40407000000000004
0.4044299999999999
0.40612999999999994
0.4068800000000001
0.40764000000000017
0.40695
0.40574999999999994
0.40639000000000003
0.4052500000000002
0.40540000000000015
0.4043499999999999
0.40571000000000007
0.40486999999999995
0.4061500000000002
0.40702999999999995
0.4061199999999999
0.40611000000000014
0.4078299999999999
0.4084799999999998
0.40808999999999995
0.40826000000000007
0.4077799999999999
0.40693999999999997
0.4066299999999999
0.4074000000000001
0.40617000000000003
0.40647000000000005
0.40617000000000014
0.40562999999999994
0.40674000000000016
0.40686000000000017
0.40828000000000003
0.4097899999999999
0.41004999999999975
0.4100800000000001
0.40912
0.4089400000000001
0.4088799999999999
0.40962000000000004
0.4085299999999999
0.40906
0.41
0.41038000000000013
0.41032000000000013
0.4096600000000001
0.40801000000000015
0.4086199999999999
0.40690999999999994
0.40775
0.40696
0.40676999999999985
0.40648999999999985
0.40606999999999993
0.40490000000000015
0.4044700000000001
0.40485
0.40489999999999987
0.40464999999999995
0.4047800000000001
0.4059199999999999
0.40617999999999993
0.4058299999999999
0.40470000000000006
0.40446
0.40462999999999993
0.40525
0.40591000000000016
0.4057299999999999
0.40561000000000014
0.40764999999999996
0.4070900000000002
0.4070099999999999
0.4079100000000001
0.40744999999999976
0.40715999999999986
0.4073700000000002
0.4072399999999999
0.40609000000000006
0.4065699999999999
0.4068700000000001
0.40764999999999996
0.40831999999999985
0.40913999999999995
0.41029
0.40839000000000014
0.4092900000000001
0.40751
0.40741000000000016
0.40666
0.4077400000000001
0.40834000000000004
0.4073600000000001
0.4062600000000001
0.40761000000000003
0.40783999999999976
0.4073599999999999
0.40854
0.4079499999999999
0.40802999999999995
0.40794
0.4084199999999999
0.40903999999999996
0.40987
0.41064999999999996
0.41099
0.41162999999999994
0.41115999999999997
0.40940000000000004
0.41058999999999984
0.4102499999999999
0.4097400000000001
0.40834999999999977
0.40819999999999984
0.40887
0.4087200000000002
0.40814000000000017
0.4075599999999998
0.40915
0.4089799999999999
0.41033000000000003
0.41013
0.41053999999999996
0.41018999999999983
0.4108599999999999
0.4117299999999999
0.41143000000000013
0.4118799999999998
0.4112599999999999
0.4113800000000001
0.41074999999999984
0.41176999999999997
0.4125199999999999
0.4120700000000001
0.41286
0.41230999999999995
0.41219000000000006
0.41062
0.4126700000000001
0.4128199999999999
0.41261999999999993
0.41208999999999996
0.41108999999999996
0.4113499999999999
0.41128999999999993
0.41145
0.4115500000000001
0.4105099999999999
0.41107999999999983
0.41113
0.40932
0.4095799999999998
0.40924999999999995
0.4106799999999998
0.41041000000000005
0.41185999999999995
0.4106200000000003
0.4103399999999999
0.41030999999999984
0.41019000000000005
0.41101999999999994
0.41007999999999983
0.4100999999999999
0.41161000000000014
0.41221
0.41203
0.41206000000000004
0.41154999999999986
0.4118799999999998
0.4115399999999999
0.41156
0.41251999999999994
0.41421999999999976
0.4139399999999999
0.41347999999999985
0.4121
0.4136000000000001
0.41369000000000006
0.41257000000000005
0.4114699999999998
0.4104199999999999
0.41064
0.4107800000000001
0.4103299999999999
0.4120199999999999
0.41197
0.41221999999999986
0.41196999999999984
0.40961000000000003
0.4100300000000002
0.41036
0.40988000000000013
0.4088600000000002
0.40967
0.40928000000000003
0.4100600000000001
0.40861999999999987
0.40778000000000014
0.40778000000000003
0.4071900000000002
0.40848999999999996
0.4063800000000001
0.40593999999999986
0.4064000000000001
0.4063200000000001
0.40734999999999993
0.4083200000000001
0.4098299999999999
0.40918000000000004
0.40928000000000003
0.41086999999999996
0.41035999999999995
0.41007000000000005
0.40947000000000033
0.40987
0.4092700000000001
0.4090200000000001
0.40901
0.4089399999999999
0.4100600000000001
0.4086199999999999
0.4095700000000001
0.4089399999999999
0.40790000000000026
0.40781999999999985
0.4082100000000002
0.4105
0.41183999999999976
0.41137
0.41068000000000005
0.41134
0.41018
0.4109399999999999
0.4093199999999999
0.41019
0.41104000000000007
0.4107999999999999
0.41139000000000003
0.41049000000000013
0.40968000000000004
0.40928
0.40999999999999986
0.4092
0.40897999999999995
0.4091700000000001
0.4083999999999999
0.40912
0.40908
0.40840999999999994
0.40738999999999975
0.4088300000000001
0.40903000000000006
0.40845000000000004
0.40842999999999996
0.40808000000000016
0.40820000000000023
0.4090400000000002
0.4092
0.4080599999999999
0.4091799999999999
0.40912
0.4103899999999998
0.4102100000000001
0.4091000000000002
0.4089499999999998
0.4076199999999999
0.4069100000000001
0.40687999999999996
0.40732
0.40749
0.4086199999999999
0.41022000000000003
0.40973
0.4085600000000001
0.40747000000000005
0.40843
0.4095899999999999
0.4090999999999998
0.4097399999999998
0.40980999999999973
0.40962000000000004
0.40925000000000006
0.4111499999999998
0.40985000000000005
0.40974
0.41165
0.4115200000000001
0.4098200000000001
0.41036000000000006
0.4108699999999999
0.4091499999999999
0.40834000000000004
0.40783999999999987
0.4071399999999998
0.40669
0.40693999999999997
0.40852
0.4096
0.4094600000000001
0.40901
0.41011000000000003
0.4113800000000001
0.4101900000000001
0.41089
0.41044999999999976
0.41066
0.40863999999999984
0.40923000000000015
0.40953999999999985
0.4085499999999998
0.40862999999999994
0.40969
0.40958999999999995
0.4095799999999999
0.4103200000000002
0.4109899999999998
0.4106699999999998
0.4110999999999998
0.41145000000000004
0.41369
0.41230999999999995
0.4110299999999999
0.41128999999999993
0.40977
0.40963000000000027
0.40996000000000005
0.4083700000000001
0.40698000000000006
0.40773000000000004
0.40817999999999993
0.40744
0.40739
0.4080399999999999
0.4078699999999999
0.4084700000000001
0.4084199999999999
0.40948
0.40973000000000026
0.4108699999999999
0.4114099999999998
0.4110999999999997
0.41040000000000004
0.4105499999999999
0.4117099999999999
0.41150000000000014
0.41095000000000004
0.4098799999999999
0.40962999999999994
0.4091099999999999
0.40911000000000025
0.4092900000000001
0.41028000000000014
0.40863999999999995
0.4092599999999998
0.40893999999999997
0.40903999999999985
0.40931000000000006
0.40901000000000004
0.4086499999999999
0.4093099999999997
0.41068000000000005
0.4104899999999999
0.40950000000000003
0.41058999999999996
0.41021000000000013
0.41029999999999994
0.40998000000000007
0.41066999999999987
0.4104400000000002
0.4097500000000004
0.4092700000000001
0.4083100000000001
0.40785
0.40777000000000013
0.40765
0.40932999999999997
0.40954999999999997
0.41068000000000005
0.4104899999999999
0.41035
0.4104299999999998
0.40968
0.40878
0.40826000000000007
0.40782
0.40749
0.4071100000000001
0.40793999999999997
0.4078300000000001
0.40887000000000007
0.4103799999999998
0.40959000000000034
0.4091000000000002
0.41046
0.41105
0.4098399999999999
0.40954999999999997
0.41061999999999976
0.41020999999999985
0.41059000000000007
0.41016999999999987
0.4093200000000001
0.4098700000000002
0.40844000000000014
0.40836999999999996
0.4075400000000001
0.40757
0.4070899999999999
0.40726000000000007
0.40731999999999985
0.4078
0.40667999999999993
0.40692999999999996
0.40590999999999994
0.40576000000000023
0.40658999999999984
0.40613000000000005
0.4094099999999999
0.41021
0.40976999999999997
0.4099800000000001
0.40964999999999985
0.41045000000000004
0.4095900000000002
0.4090899999999999
0.40864000000000017
0.4092700000000001
0.40908
0.4095000000000001
0.4095099999999999
0.4094400000000001
0.4081199999999998
0.4087099999999999
0.4093499999999998
0.4087100000000001
0.40926000000000007
0.4089
0.40841999999999984
0.40828
0.4071299999999999
0.40631000000000006
0.4059400000000001
0.4055899999999999
0.40482999999999975
0.4058599999999999
0.40622
0.40737999999999985
0.4070899999999999
0.40753
0.40859000000000006
0.4089700000000001
0.40924999999999995
0.4074299999999998
0.40717000000000014
0.40512
0.4050500000000001
0.4061
0.4075400000000001
0.40731000000000006
0.40725
0.40739
0.40831999999999985
0.40783
0.40747999999999995
0.40826
0.40754000000000007
0.4081799999999998
0.40802000000000005
0.40803999999999996
0.4082900000000001
0.4092899999999998
0.4090099999999999
0.40714
0.40879000000000004
0.41022999999999965
0.41021000000000013
0.40979
0.41098999999999997
0.41119000000000017
0.41136
0.41135999999999995
0.4104699999999999
0.4096999999999999
0.40786
0.40846
0.4091999999999998
0.40866
0.40848000000000007
0.40849
0.40876999999999997
0.4076599999999999
0.4083499999999999
0.40986999999999996
0.41002000000000016
0.40844000000000014
0.4089900000000001
0.40813000000000005
0.40879999999999994
0.4084200000000002
0.40923000000000004
0.40943999999999986
0.4103000000000001
0.41019000000000005
0.40958000000000006
0.40960000000000013
0.4093400000000002
0.40891
0.40961
0.4106099999999999
0.4100100000000002
0.4080299999999998
0.40852000000000016
0.41065000000000007
0.4099500000000001
0.41041000000000005
0.41179000000000004
0.4105599999999999
0.4101399999999999
0.4091799999999999
0.40930999999999984
0.4084999999999999
0.40757999999999994
0.4079100000000001
0.40772000000000014
0.4093399999999999
0.4105300000000002
0.4100500000000001
0.40985999999999984
0.40845000000000004
0.40754999999999997
0.4058500000000002
0.4062799999999999
0.40815999999999997
0.4084100000000001
0.40803999999999974
0.4078300000000001
0.4063000000000001
0.40684000000000003
0.40763
0.40726999999999997
0.40758000000000005
0.4082999999999999
0.4087100000000002
0.4095900000000001
0.40826999999999997
0.40743000000000024
0.40808000000000016
0.40934000000000004
0.40895000000000004
0.40963
0.40892000000000017
0.40873000000000004
0.4101299999999998
0.41035999999999995
0.4110699999999998
0.4101299999999999
0.4108100000000001
0.41052999999999995
0.40944
0.41089000000000003
0.41138999999999987
0.41205999999999987
0.41163000000000005
0.41100000000000003
0.41022000000000014
0.41042999999999985
0.4104299999999999
0.40956000000000004
0.4089500000000001
0.4095500000000002
0.4088800000000001
0.4090699999999998
0.40857999999999983
0.4088300000000002
0.4088600000000001
0.4098199999999998
0.4090200000000002
0.40959999999999985
0.41099999999999987
0.41008999999999984
0.40949999999999986
0.40946
0.40972000000000014
0.40885
0.40981000000000023
0.4113700000000001
0.41103
0.4109399999999999
0.41101000000000004
0.4113499999999998
0.4105400000000002
0.40877
0.41013999999999995
0.40858999999999995
0.40837
0.4087099999999999
0.4075300000000002
0.4071399999999999
0.4070100000000001
0.40605
0.40614999999999996
0.40602999999999995
0.4080500000000001
0.4070900000000001
0.40761999999999987
0.40817999999999993
0.40801999999999994
0.40853
0.4089099999999998
0.40736999999999995
0.4077400000000002
0.40774999999999983
0.4089200000000001
0.40871999999999997
0.4092800000000001
0.40985999999999995
0.40922999999999987
0.4079199999999998
0.40904999999999986
0.4099399999999999
0.4099599999999998
0.40915000000000007
0.40911999999999976
0.4090200000000001
0.4084499999999999
0.40869
0.40965
0.41047999999999973
0.4105299999999999
0.41003999999999985
0.4094400000000001
0.40796999999999994
0.4087999999999997
0.40988
0.4097799999999999
0.40984999999999994
0.4099199999999999
0.41064999999999985
0.4098999999999997
0.41059999999999997
0.4103
0.41052999999999995
0.4102699999999999
0.4099299999999999
0.40939999999999976
0.4087299999999999
0.40867
0.40932999999999986
0.4102
0.4092299999999999
0.40840999999999994
0.40823999999999994
0.40820000000000006
0.40811
0.40837999999999997
0.40859000000000006
0.4084999999999999
0.4089400000000001
0.40879999999999994
0.4093899999999999
0.4094499999999998
0.40996000000000005
0.40993999999999986
0.40841000000000016
0.4065999999999999
0.4080100000000001
0.4083400000000001
0.40960000000000024
0.4105299999999998
0.4104300000000001
0.40869
0.4086999999999999
0.4079399999999999
0.40869000000000016
0.40799000000000013
0.40800000000000003
0.4075999999999999
0.40741000000000027
0.40592999999999996
0.40727999999999986
0.4071900000000001
0.40678000000000014
0.40744999999999976
0.40983999999999987
0.4096899999999999
0.40953
0.4096500000000002
0.40867
0.4087000000000001
0.4078099999999999
0.40910999999999964
0.40898
0.4084800000000001
0.40795000000000003
0.4094899999999999
0.40911000000000003
0.4078
0.40719
0.4088899999999998
0.4100700000000001
0.4106
0.41058000000000017
0.4096899999999999
0.40928
0.40940000000000004
0.40898999999999996
0.40861000000000003
0.4075800000000001
0.4087000000000001
0.4077200000000001
0.40813000000000005
0.40886999999999996
0.40925999999999996
0.40968000000000004
0.40863999999999984
0.4095100000000001
0.41037
0.4100600000000001
0.4078099999999998
0.4063500000000001
0.4073599999999999
0.40769000000000005
0.40712000000000004
0.4075700000000001
0.40898999999999996
0.40948999999999997
0.40954999999999997
0.40909000000000006
0.4076399999999999
0.40662
0.40673000000000015
0.40682999999999986
0.4062900000000002
0.40539999999999976
0.40504000000000007
0.4052499999999999
0.40575999999999995
0.40769000000000005
0.40678
0.4083
0.4084299999999999
0.4085699999999999
0.40728999999999976
0.40791
0.40795000000000003
0.40848000000000007
0.40918
0.40964
0.4093700000000001
0.4093399999999998
0.4090900000000002
0.4079699999999999
0.40823
0.40834
0.4093800000000002
0.4092100000000001
0.4106500000000001
0.41011000000000025
0.41108999999999996
0.41205
0.4110799999999999
0.4126100000000001
0.41173999999999994
0.4132900000000001
0.41317000000000015
0.4136000000000002
0.41380999999999996
0.41391000000000006
0.41278000000000015
0.41203999999999985
0.4126299999999999
0.4119699999999997
0.41132999999999953
0.41318000000000005
0.41327999999999987
0.4136700000000001
0.4129099999999999
0.41277999999999976
0.4117899999999999
0.41096000000000016
0.40994000000000014
0.41023
0.4108100000000001
0.4103999999999999
0.40973000000000004
0.41027
0.41013
0.41038
0.40922999999999976
0.40800999999999993
0.40854
0.40771
0.40700999999999987
0.40641999999999995
0.4069499999999999
0.40727999999999986
0.40724000000000027
0.4093899999999999
0.40886
0.4086000000000001
0.4096399999999998
0.40951999999999983
0.4074899999999999
0.40771999999999997
0.4083300000000001
0.4081099999999999
0.40669
0.4067500000000001
0.4061199999999999
0.40557000000000015
0.40596
0.40548000000000006
0.40631
0.4069299999999999
0.40801999999999994
0.40874000000000005
0.40940000000000004
0.40933000000000014
0.4095099999999998
0.40728999999999993
0.40803000000000006
0.40901
0.40947999999999984
0.41078000000000026
0.4099399999999999
0.40801000000000015
0.40773000000000026
0.4081
0.4093299999999999
0.4087999999999999
0.40743999999999986
0.40716999999999987
0.40613999999999983
0.4084200000000001
0.40894999999999987
0.4086200000000001
0.40938999999999987
0.4092199999999998
0.40990999999999983
0.4084999999999999
0.4092199999999997
0.40931999999999996
0.4081499999999999
0.40930000000000005
0.40961000000000025
0.40802000000000016
0.40796000000000016
0.4090600000000002
0.40998999999999997
0.4103699999999999
0.40962999999999994
0.409
0.4098000000000001
0.4115799999999999
0.41157999999999995
0.4112499999999998
0.4107899999999999
0.4104899999999999
0.4101699999999997
0.41019999999999995
0.41118000000000005
0.4113199999999997
0.41225
0.4121599999999998
0.4120999999999998
0.4125199999999999
0.4126099999999998
0.4125400000000001
0.4120799999999997
0.41312999999999994
0.41305000000000014
0.41256000000000015
0.41258
0.41304999999999986
0.41244999999999993
0.4114099999999999
0.41042000000000006
0.41013000000000005
0.4114300000000001
0.41063000000000005
0.4102700000000001
0.41022
0.41021999999999986
0.41039000000000025
0.41115000000000007
0.40980999999999995
0.4098199999999999
0.41042
0.40915
0.4093900000000001
0.40863999999999995
0.4071200000000001
0.40589999999999987
0.4076400000000001
0.40930999999999995
0.4083600000000001
0.40900000000000003
0.40813999999999984
0.40983999999999987
0.4114599999999999
0.41247999999999996
0.41127
0.41136
0.41091999999999984
0.41015999999999997
0.41081999999999996
0.41119999999999995
0.41102999999999995
0.41135
0.41128
0.41026
0.4099199999999999
0.41004999999999986
0.4104899999999999
0.41034000000000004
0.40952999999999995
0.4109399999999999
0.41218999999999995
0.41105000000000014
0.41000999999999993
0.4095900000000002
0.4090899999999998
0.40978000000000026
0.40998000000000007
0.40979999999999994
0.4095100000000001
0.40967000000000003
0.40947
0.41007000000000005
0.40895000000000004
0.40869
0.40929000000000015
0.40889999999999993
0.41006999999999993
0.40964
0.4106900000000001
0.4098600000000003
0.4105300000000001
0.40984000000000015
0.4089100000000003
0.41032000000000013
0.41094000000000025
0.4096600000000001
0.40783000000000014
0.40779
0.40815999999999986
0.40892
0.40934000000000004
0.4104000000000002
0.41062999999999983
0.40981999999999985
0.40935999999999995
0.40927000000000013
0.40998999999999985
0.4105499999999999
0.4103699999999999
0.4097600000000001
0.40942999999999996
0.40999
0.40946
0.4094200000000001
0.40909999999999996
0.40840999999999994
0.4097999999999999
0.4110299999999998
0.41040000000000004
