0.19999999999999962
0.32454
0.48645999999999995
0.4125
0.47650000000000037
0.41928000000000004
0.4684400000000001
0.42876000000000003
0.4612200000000003
0.4310600000000001
0.46152
0.4361999999999999
0.45699999999999996
0.4348399999999999
0.45820000000000005
0.4341800000000001
0.4575399999999999
0.43620000000000003
0.4541000000000001
0.4395000000000001
0.45019999999999993
0.44474000000000025
0.44921999999999995
0.44326000000000026
0.44903999999999994
0.4395800000000002
0.44530000000000003
0.44274
0.44506000000000023
0.44306000000000023
0.44737999999999994
0.44276000000000026
0.4482
0.44337999999999994
0.44994
0.4440600000000001
0.4481
0.4454000000000001
0.44650000000000034
0.44408000000000025
0.4496999999999998
0.4431400000000002
0.4473600000000002
0.4448399999999999
0.44776000000000005
0.4412200000000003
0.4486200000000001
0.44644
0.44526
0.44904000000000016
0.44468000000000024
0.4455400000000001
0.44878000000000007
0.4406800000000002
0.45164000000000004
0.44108000000000014
0.44999999999999996
0.44332
0.4471200000000002
0.44350000000000017
0.4438800000000001
0.4474000000000001
0.44658000000000014
0.44482000000000005
0.4441400000000001
0.44664000000000004
0.44573999999999997
0.44720000000000015
0.4477800000000002
0.4468800000000001
0.44378000000000006
0.4499800000000002
0.44205999999999984
0.44872
0.4441599999999999
0.44688
0.4438800000000003
0.44952000000000003
0.4419199999999999
0.4479000000000002
0.4467799999999999
0.45166000000000006
0.44045999999999985
0.44682
0.44520000000000015
0.45240000000000025
0.44145999999999985
0.44916000000000017
0.43862000000000023
0.45100000000000007
0.4430000000000001
0.44818000000000013
0.43962
0.4521800000000002
0.4425200000000001
0.44952000000000014
0.44034
0.45150000000000007
0.44110000000000044
0.4490800000000003
0.44526
0.4460000000000003
0.4411200000000002
0.4482999999999999
0.4430000000000001
0.45314000000000015
0.44228
0.4482800000000002
0.4432999999999997
0.4480000000000001
0.44359999999999994
0.4462200000000001
0.44481999999999994
0.4486800000000001
0.4428799999999999
0.44988
0.44494
0.4510400000000001
0.44372000000000006
0.4465200000000001
0.44220000000000004
0.44853999999999994
0.44562000000000007
0.44640000000000013
0.44784000000000007
0.44382
0.4443200000000001
0.44476
0.4463000000000001
0.4461000000000002
0.44401999999999986
0.4488600000000001
0.4454600000000001
0.44497999999999993
0.4466600000000001
0.4432000000000001
0.44708000000000014
0.44400000000000006
0.44553999999999994
0.44886000000000015
0.44691999999999993
0.4479600000000001
0.44294000000000006
0.44874000000000014
0.44268000000000013
0.4470800000000002
0.44374
0.44831999999999994
0.4396399999999999
0.45160000000000017
0.44198000000000015
0.44963999999999993
0.44216
0.44925999999999994
0.4419400000000002
0.4492599999999999
0.44244000000000017
0.44802
0.4427800000000003
0.4491999999999999
0.44570000000000015
0.4466200000000003
0.4443600000000001
0.45074000000000014
0.44214000000000026
0.44846
0.44347999999999993
0.44844
0.4462600000000001
0.44708000000000014
0.44418000000000013
0.4468800000000001
0.4440799999999998
0.44811999999999996
0.4439200000000001
0.4451600000000001
0.44622
0.44755999999999996
0.44582
0.44634
0.44646
0.44622000000000006
0.4464600000000001
0.4486
0.44442
0.44818000000000013
0.44648
0.4494400000000002
0.44157999999999986
0.44796000000000014
0.44202000000000025
0.44766000000000006
0.4431599999999999
0.44534
0.4453400000000001
0.4506200000000004
0.44422000000000017
0.4458199999999999
0.4429800000000001
0.4480200000000001
0.4449600000000002
0.4464000000000001
0.44270000000000015
0.4476800000000001
0.44389999999999996
0.4489399999999999
0.4475200000000001
0.44908000000000015
0.44297999999999993
0.4471199999999999
0.44488000000000016
0.44690000000000013
0.4451600000000002
0.44667999999999985
0.4480999999999999
0.44667999999999985
0.4467799999999999
0.4484
0.44426000000000004
0.44848000000000005
0.4455200000000001
0.4461800000000001
0.44358000000000003
0.44816
0.4429400000000001
0.4468799999999997
0.44488
0.4463200000000001
0.44756000000000007
0.44433999999999996
0.4451800000000001
0.4468799999999999
0.4456399999999998
0.44496000000000024
0.4443600000000001
0.4452599999999999
0.44648000000000015
0.44751999999999986
0.4413
0.44732000000000005
0.4446000000000002
0.44946
0.44228000000000023
0.45063999999999993
0.4446000000000001
0.44786000000000004
0.44526000000000016
0.4480200000000002
0.44378
0.4503400000000002
0.4429000000000001
0.4435199999999999
0.4461200000000002
0.44608
0.44551999999999986
0.44714000000000026
0.44578
0.4479600000000004
0.44534000000000007
0.44328
0.4452800000000002
0.4446
0.4475399999999998
0.44376000000000004
0.44364
0.44290000000000007
0.4459200000000002
0.44428000000000006
0.44416000000000033
0.44916000000000017
0.44598
0.44499999999999995
0.4467200000000001
0.44654000000000027
0.4448800000000002
0.4463200000000002
0.44654000000000005
0.4449400000000001
0.44454
0.4432000000000002
0.44957999999999987
0.44536000000000003
0.44880000000000003
0.4430799999999998
0.44766000000000017
0.4439599999999998
0.44694000000000017
0.44486
0.4435199999999998
0.44476000000000027
0.44392000000000004
0.44456000000000023
0.4486400000000001
0.4458600000000002
0.4443000000000002
0.4448000000000002
0.44305999999999995
0.44640000000000013
0.44298000000000015
0.44740000000000024
0.44162
0.45007999999999976
0.4408400000000002
0.4482800000000002
0.4436
0.4473799999999998
0.44088
0.4454
0.4421200000000001
0.4504600000000003
0.44436000000000037
0.4488800000000001
0.4432600000000004
0.4481400000000002
0.44206000000000023
0.4510400000000001
0.4419199999999997
0.4455800000000002
0.44376000000000004
0.44648
0.4452600000000001
0.44774
0.44454
0.44636
0.44550000000000006
0.4490200000000001
0.4425999999999998
0.44861999999999996
0.44834
0.44708000000000014
0.44703999999999994
0.44804000000000016
0.44464000000000004
0.44404000000000005
0.44596000000000025
0.44508000000000003
0.44550000000000023
0.4499400000000001
0.44471999999999995
0.44626
0.4504800000000002
0.4427799999999999
0.45044000000000034
0.4439799999999999
0.4449800000000001
0.4448600000000001
0.44554000000000005
0.44511999999999996
0.44365999999999994
0.44253999999999993
0.4482999999999999
0.4449200000000001
0.44665999999999995
0.44081999999999993
0.4481600000000001
0.44110000000000005
0.4481800000000002
0.44439999999999985
0.4494800000000001
0.4441999999999999
0.44725999999999994
0.4436400000000002
0.44620000000000026
0.4454399999999999
0.44794000000000006
0.4480199999999999
0.44648000000000004
0.44594
0.44428000000000006
0.44688000000000017
0.44550000000000006
0.4418600000000001
0.44778000000000007
0.4458999999999998
0.44620000000000004
0.4465400000000001
0.44478000000000006
0.44666000000000006
0.4445999999999999
0.44590000000000013
0.44386000000000014
0.4437400000000001
0.44531999999999994
0.4466800000000001
0.44362
0.4460999999999997
0.44660000000000005
0.44452
0.44675999999999993
0.44354000000000016
0.44373999999999997
0.44408000000000003
0.44908000000000015
0.44386000000000025
0.4434
0.44808000000000014
0.4445399999999997
0.4442400000000001
0.4432599999999999
0.44354000000000005
0.4459199999999999
0.44690000000000013
0.4467800000000002
0.44511999999999985
0.44634000000000007
0.44390000000000013
0.4502800000000002
0.4454200000000001
0.4455199999999999
0.4453200000000001
0.4477600000000003
0.4388600000000002
0.45268
0.44069999999999987
0.4512800000000003
0.43888000000000005
0.45088
0.44230000000000014
0.4483
0.44511999999999996
0.4448600000000002
0.4465800000000003
0.44580000000000025
0.4431199999999999
0.44718000000000013
0.44293999999999983
0.44826000000000016
0.4456599999999999
0.44832
0.4426400000000001
0.44848
0.4446
0.44454000000000016
0.4472800000000002
0.44376000000000004
0.4468400000000001
0.44688000000000017
0.445
0.4482800000000001
0.44492
0.44694000000000017
0.4440800000000001
0.4458
0.44626000000000005
0.44775999999999994
0.44524
0.44331999999999994
0.44370000000000026
0.44639999999999985
0.4443
0.44360000000000005
0.4466400000000002
0.44833999999999996
0.44462
0.44664000000000015
0.4441600000000001
0.4467000000000001
0.44712
0.4462200000000002
0.4468200000000002
0.44608000000000025
0.44251999999999986
0.44548000000000004
0.44615999999999983
0.44532000000000005
0.4498599999999999
0.44226000000000004
0.4471600000000002
0.4444400000000001
0.44731999999999983
0.44346
0.44484000000000007
0.4465200000000001
0.4468600000000001
0.4445
0.44637999999999983
0.4451800000000001
0.4459
0.4443
0.45147999999999977
0.4469800000000002
0.44575999999999993
0.44524
0.44514000000000015
0.44638000000000005
0.4445000000000001
0.44388
0.44712000000000013
0.44514000000000015
0.44400000000000034
0.4449200000000001
0.44584
0.44731999999999994
0.4501600000000001
0.4456800000000002
0.44592000000000004
0.44670000000000015
0.44486000000000026
0.4466800000000001
0.44571999999999995
0.4481000000000001
0.4468200000000001
0.4477000000000001
0.4457
0.44610000000000016
0.4457999999999999
0.44366
0.4477200000000001
0.4440000000000002
0.44622
0.4424
0.4494200000000001
0.44612000000000024
0.4474
0.44602
0.4479600000000002
0.4437200000000001
0.44756000000000007
0.44524000000000025
0.4440199999999999
0.44582000000000016
0.4442800000000002
0.44664000000000015
0.44636000000000003
0.4466800000000001
0.44522
0.44686
0.4422600000000002
0.44855999999999996
0.44392000000000015
0.4467800000000002
0.4441000000000001
0.45074000000000003
0.4431599999999999
0.4506000000000001
0.44093999999999967
0.44696000000000013
0.4413200000000001
0.4478200000000001
0.44457999999999986
0.4477199999999999
0.4427200000000001
0.44722000000000006
0.44752
0.44780000000000003
0.4429000000000002
0.44361999999999996
0.4451600000000001
0.4460800000000002
0.4452800000000003
0.44316
0.44764
0.44458000000000014
0.44660000000000016
0.4474000000000001
0.44592000000000015
0.44634000000000007
0.44425999999999993
0.44780000000000003
0.44478000000000006
0.4516199999999998
0.4434
0.44947999999999994
0.43732
0.44776000000000005
0.44118000000000007
0.4504000000000002
0.4448
0.4455600000000001
0.445
0.4483400000000001
0.4435200000000004
0.45116000000000006
0.4400400000000002
0.44708
0.44506
0.44805999999999996
0.44682000000000016
0.44328
0.44690000000000035
0.44626
0.44471999999999995
0.4464400000000003
0.4443600000000001
0.44610000000000016
0.44717999999999997
0.44896000000000014
0.44544000000000017
0.4480800000000001
0.44290000000000007
0.4485800000000001
0.4438600000000001
0.4460800000000002
0.4455999999999999
0.4455599999999999
0.4464400000000001
0.4420600000000002
0.4458
0.44538000000000016
0.44800000000000006
0.4450600000000001
0.44606
0.44433999999999996
0.4460600000000003
0.4464600000000001
0.44474
0.44843999999999995
0.44534000000000007
0.4468799999999999
0.44322
0.44687999999999994
0.44914000000000004
0.44311999999999996
0.442
0.44499999999999984
0.4451800000000001
0.44495999999999997
0.44322
0.44708000000000003
0.4460600000000002
0.4446800000000002
0.44718000000000013
0.44555999999999996
0.4414399999999999
0.44842000000000026
0.4448199999999998
0.44375999999999993
0.44682000000000044
0.44284000000000007
0.44599999999999995
0.4457400000000002
0.44448000000000015
0.44542000000000037
0.4465599999999999
0.4467400000000003
0.4466200000000002
0.44824000000000036
0.4394800000000002
0.44808000000000014
0.44291999999999987
0.44908000000000015
0.44387999999999983
0.44768000000000024
0.4416600000000001
0.44676000000000005
0.4438400000000001
0.4491600000000001
0.44376000000000004
0.44898000000000016
0.4437199999999998
0.4481
0.4433399999999999
0.44691999999999993
0.44242
0.4505600000000001
0.44254000000000004
0.44898000000000027
0.44154
0.4499200000000001
0.4441400000000002
0.45050000000000007
0.44100000000000017
0.44858000000000026
0.44122000000000017
0.45046000000000014
0.4450399999999999
0.45094000000000006
0.4409
0.44694
0.44836000000000015
0.44774
0.44484
0.44650000000000006
0.44372000000000006
0.44741999999999993
0.4454000000000003
0.4469400000000001
0.4456400000000001
0.44538000000000005
0.4455600000000001
0.44638
0.44567999999999997
0.44546000000000013
0.4476600000000001
0.4444199999999999
0.44561999999999996
0.44826000000000027
0.4428600000000001
0.4482000000000001
0.44548000000000015
0.4473600000000002
0.44864000000000004
0.44408000000000025
0.4478800000000003
0.44201999999999997
0.4469800000000001
0.44568000000000024
0.44614
0.44390000000000024
0.4479800000000001
0.44462
0.44610000000000005
0.44526
0.4464200000000001
0.4444399999999999
0.44890000000000013
0.4436200000000002
0.4428000000000001
0.44588
0.44633999999999996
0.4477399999999999
0.4469999999999999
0.44715999999999995
0.44561999999999996
0.44850000000000023
0.44360000000000005
0.44788000000000017
0.4448200000000002
0.44553999999999994
0.44555999999999996
0.44524
0.4464600000000001
0.44655999999999985
0.44592000000000015
0.44170000000000015
0.4468800000000001
0.4422199999999998
0.4478200000000001
0.44448000000000015
0.44636000000000015
0.4454000000000001
0.4428
0.44915999999999984
0.44331999999999994
0.4473600000000001
0.44498
0.44516000000000006
0.4452399999999999
0.44534
0.4442600000000001
0.4455400000000003
0.4456000000000001
0.4443400000000001
0.4471199999999999
0.44414000000000003
0.4455199999999999
0.44911999999999996
0.44144
0.44590000000000013
0.44638
0.44880000000000025
0.4453399999999999
0.4451400000000005
0.44634000000000024
0.44228
0.44791999999999993
0.4421400000000002
0.45121999999999995
0.4403400000000002
0.44774000000000025
0.44358
0.44581999999999994
0.44523999999999986
0.44720000000000015
0.4403599999999999
0.44796000000000014
0.44199999999999984
0.44588
0.4438800000000001
0.44894
0.44286000000000003
0.4466600000000001
0.44567999999999974
0.45038000000000017
0.4459199999999999
0.44612000000000007
0.44564000000000015
0.44567999999999985
0.44872000000000023
0.4453800000000003
0.44833999999999996
0.44226000000000004
0.4505800000000002
0.4420000000000001
0.44750000000000023
0.44642000000000026
0.44564
0.4464000000000001
0.44434000000000007
0.44170000000000004
0.44915999999999995
0.44666000000000017
0.4461400000000001
0.4464800000000001
0.44526000000000004
0.44678000000000023
0.44552000000000014
0.4466000000000003
0.4432800000000001
0.44664000000000015
0.4438400000000001
0.44834
0.44376000000000027
0.44824
0.43889999999999996
0.4468
0.44884
0.4463600000000001
0.4431200000000002
0.44348000000000004
0.4453600000000001
0.44718000000000013
0.44362000000000007
0.44927999999999996
0.4443200000000001
0.4500400000000003
0.44361999999999996
0.44669999999999993
0.44587999999999994
0.44600000000000006
0.44368
0.45052
0.4425200000000002
0.4480200000000001
0.4435199999999999
0.4504800000000002
0.4466200000000002
0.4460000000000004
0.4457000000000001
0.44545999999999997
0.44678000000000007
0.4463800000000002
0.4462400000000002
0.4460800000000002
0.45026000000000016
0.44478000000000023
0.44622
0.44658000000000014
0.4483200000000003
0.4396799999999999
0.4484400000000003
0.44516
0.4473400000000003
0.4457400000000002
0.44784000000000007
0.44602
0.43964000000000003
0.44964
0.44472000000000017
0.4455800000000002
0.44476
0.44792000000000015
0.4432200000000001
0.44821999999999995
0.44896000000000025
0.4475
0.4427800000000001
0.44686
0.4442000000000002
0.44780000000000003
0.44688
0.44268000000000013
0.4515399999999999
0.4410400000000002
0.45184000000000013
0.44073999999999985
0.44696000000000013
0.44802
0.44744000000000006
0.44402
0.4454400000000001
0.44384000000000007
0.4486399999999999
0.4431999999999999
0.4465600000000001
0.4452800000000002
0.4482800000000002
0.4453000000000001
0.44436000000000014
0.4464200000000001
0.44392000000000015
0.44604000000000016
0.44652000000000014
0.44689999999999985
0.4432600000000001
0.44616000000000006
0.4459600000000002
0.4444000000000001
0.44412
0.44700000000000023
0.44790000000000013
0.4465800000000001
0.44568000000000024
0.44656
0.44428000000000023
0.44567999999999997
0.4447000000000002
0.4474800000000002
0.4456200000000002
0.44598
0.44174000000000013
0.44946000000000014
0.44284
0.4474600000000002
0.44502
0.4461600000000001
0.44576000000000016
0.44348000000000004
0.44494000000000006
0.44532000000000005
0.4480600000000001
0.4428599999999999
0.4486400000000002
0.44284
0.44755999999999996
0.44378000000000006
0.44656000000000007
0.44237999999999994
0.44710000000000016
0.44728
0.44548000000000015
0.4474400000000001
0.44776000000000027
0.44632
0.44750000000000006
0.44320000000000015
0.4476599999999999
0.44742000000000004
0.4445
0.44926
0.4436600000000003
0.4507999999999999
0.44230000000000014
0.44748
0.44248
0.44448000000000015
0.4438800000000001
0.44600000000000006
0.44648000000000027
0.4497400000000002
0.4443799999999999
0.4464999999999999
0.4457600000000002
0.4439
0.44406
0.4437400000000002
0.4495399999999999
0.4430800000000001
0.44843999999999995
0.44670000000000004
0.4468000000000001
0.44476
0.44900000000000007
0.4428600000000001
0.4468200000000001
0.4475200000000001
0.4439400000000003
0.44188000000000016
0.4505000000000001
0.4411399999999999
0.44966
0.44289999999999985
0.44766000000000006
0.44332000000000016
0.44794000000000006
0.44306000000000006
0.44754000000000005
0.44356
0.4463
0.44524
0.44711999999999996
0.44569999999999993
0.4476199999999999
0.4418000000000003
0.4457200000000002
0.44660000000000016
0.4445599999999999
0.44364000000000003
0.44566
0.44252
0.44787999999999994
0.4441200000000001
0.44877999999999996
0.4462400000000001
0.44845999999999997
0.44348
0.44694
0.44756
0.4432200000000001
0.4490999999999999
0.4431600000000002
0.4458000000000002
0.4454399999999999
0.44704000000000016
0.44782000000000016
0.44540000000000013
0.44331999999999994
0.4465200000000003
0.44371999999999995
0.44852000000000025
