0.19999999999999962
0.46518000000000015
0.5556599999999999
0.47182
0.5498800000000001
0.4724200000000001
0.54852
0.47522000000000014
0.5470000000000003
0.4777000000000002
0.5415600000000002
0.4788800000000002
0.5389399999999999
0.48590000000000033
0.53602
0.49035999999999996
0.52874
0.4921600000000003
0.5277999999999997
0.49616
0.5207999999999999
0.5033200000000001
0.5182199999999997
0.50332
0.51756
0.5039400000000002
0.51704
0.5031600000000002
0.51918
0.5025000000000001
0.5171400000000002
0.5037999999999998
0.5184999999999997
0.5037400000000001
0.5173999999999999
0.5045200000000001
0.5148600000000001
0.5061599999999999
0.5134599999999998
0.50798
0.5126999999999997
0.5092400000000001
0.51102
0.50766
0.51158
0.5095200000000002
0.5110399999999999
0.51098
0.50888
0.51254
0.5087800000000001
0.5107999999999998
0.5104600000000001
0.5083
0.5125199999999999
0.5084799999999998
0.51394
0.5080200000000002
0.5135600000000001
0.5058400000000001
0.5154
0.5069599999999999
0.5130400000000003
0.5076600000000001
0.5116800000000002
0.50838
0.512
0.5091000000000002
0.51132
0.5099
0.5124600000000001
0.5084600000000001
0.51352
0.5055799999999999
0.5151999999999999
0.5048599999999999
0.51526
0.50658
0.5142599999999998
0.5063200000000001
0.5138599999999999
0.5083199999999998
0.5134200000000001
0.50794
0.5122799999999998
0.50944
0.5120600000000002
0.5082999999999998
0.5134000000000001
0.5096200000000004
0.5125600000000001
0.5086799999999998
0.5122600000000004
0.5103600000000003
0.5133800000000001
0.5101200000000001
0.51148
0.5092200000000001
0.5116
0.51052
0.5111000000000001
0.5099199999999999
0.5108000000000004
0.5103800000000002
0.5100600000000001
0.51388
0.5076200000000001
0.51214
0.51
0.5110200000000001
0.51218
0.5096800000000001
0.5144799999999998
0.5096200000000001
0.5105799999999999
0.5118400000000001
0.51148
0.5122200000000001
0.5093999999999999
0.51158
0.5091600000000001
0.5126800000000001
0.51042
0.5113599999999999
0.5078800000000001
0.5135600000000001
0.5059600000000002
0.5141800000000001
0.5100000000000001
0.5108600000000004
0.5107000000000002
0.5103800000000003
0.5107800000000001
0.5107999999999998
0.50984
0.5116599999999998
0.5110199999999999
0.51182
0.5072400000000001
0.5126400000000001
0.5106400000000001
0.5098800000000001
0.5126400000000001
0.5087799999999999
0.5118999999999999
0.50922
0.5136000000000001
0.5097400000000002
0.51018
0.5115400000000001
0.50932
0.5118600000000001
0.5089400000000002
0.5114599999999999
0.51116
0.5108199999999998
0.5105799999999999
0.51298
0.509
0.5136200000000003
0.5074
0.513
0.5074599999999998
0.5144799999999998
0.50864
0.5097999999999999
0.5120999999999999
0.5107000000000002
0.5101400000000001
0.5112000000000001
0.5093
0.5116999999999999
0.5068400000000001
0.5147400000000001
0.5080800000000001
0.5123200000000001
0.50872
0.5114599999999999
0.5083799999999998
0.5123200000000002
0.5085000000000001
0.51126
0.50714
0.51562
0.5060600000000001
0.5158799999999999
0.5052800000000001
0.5143599999999999
0.50634
0.5155
0.5070600000000001
0.51426
0.5076399999999999
0.51242
0.5064600000000001
0.5152000000000002
0.50788
0.5117999999999998
0.5099
0.5122600000000002
0.5076999999999999
0.5120199999999999
0.5103199999999998
0.5105600000000002
0.5117200000000001
0.50984
0.51046
0.5094399999999998
0.5124400000000001
0.5076599999999999
0.51164
0.51118
0.5114800000000002
0.5066399999999999
0.5149599999999999
0.5092999999999998
0.5129399999999998
0.50944
0.5119800000000001
0.5069
0.5151600000000002
0.5055999999999998
0.5143
0.50542
0.5136799999999999
0.5105600000000002
0.5106400000000003
0.50954
0.5119400000000001
0.5099600000000001
0.5117600000000001
0.5119800000000002
0.5078000000000003
0.5127200000000001
0.51008
0.5110600000000001
0.5101
0.50902
0.5120000000000001
0.5114799999999999
0.50948
0.511
0.5086399999999999
0.5117
0.5131800000000002
0.5077600000000001
0.51078
0.50788
0.513
0.50872
0.5117600000000001
0.5089199999999998
0.50922
0.5109000000000001
0.5098799999999999
0.5121200000000002
0.51048
0.5097999999999999
0.5135000000000001
0.5099400000000001
0.51006
0.5125
0.50838
0.5143
0.5101399999999999
0.5114400000000002
0.5107599999999999
0.50948
0.51098
0.5114399999999999
0.5096000000000002
0.5108
0.50908
0.5137800000000002
0.50806
0.5119800000000001
0.5107200000000001
0.5098199999999999
0.5115999999999997
0.50956
0.5119599999999999
0.51322
0.5062000000000001
0.5138200000000002
0.5072800000000001
0.51336
0.51096
0.5079599999999997
0.5131
0.51078
0.5108800000000001
0.5106
0.5098600000000001
0.5127600000000001
0.5090399999999999
0.5134
0.5072199999999998
0.5113800000000002
0.5126400000000001
0.5086999999999999
0.5136200000000001
0.5070600000000001
0.5151
0.5073999999999997
0.51358
0.50864
0.5099199999999999
0.51032
0.5113800000000002
0.50836
0.5118800000000001
0.5091800000000002
0.5116600000000001
0.5106000000000003
0.5122599999999998
0.51034
0.5122
0.50634
0.5150199999999998
0.5062000000000001
0.51398
0.50836
0.5130199999999999
0.5091999999999999
0.51324
0.5089399999999998
0.51268
0.5097600000000001
0.5106999999999999
0.5108
0.5117799999999999
0.5094600000000002
0.5103
0.5096
0.5119400000000002
0.5087000000000003
0.5150799999999999
0.5066200000000001
0.5128600000000003
0.5102
0.5125000000000002
0.51004
0.5115000000000002
0.51022
0.5126800000000001
0.5076199999999997
0.5114599999999999
0.5094799999999999
0.5115200000000002
0.50948
0.5138000000000001
0.50786
0.51212
0.51074
0.5094199999999999
0.51278
0.5108600000000001
0.51136
0.5100999999999999
0.5113599999999999
0.5123799999999998
0.51008
0.5097400000000001
0.5137400000000004
0.5085599999999999
0.51236
0.5093200000000001
0.5114999999999997
0.5101199999999999
0.5089000000000001
0.5122199999999997
0.5085999999999998
0.5092000000000002
0.5097
0.5127199999999998
0.50758
0.51494
0.50804
0.51294
0.5101200000000002
0.5127000000000002
0.5084399999999999
0.51146
0.5100000000000001
0.5104200000000003
0.51044
0.5089600000000001
0.51254
0.5077400000000001
0.5125999999999998
0.5109000000000002
0.5097400000000001
0.5105
0.5124400000000002
0.5070800000000001
0.51454
0.5081800000000003
0.5126
0.5084800000000002
0.5134599999999999
0.5086800000000001
0.5115200000000002
0.5118999999999998
0.50964
0.5122600000000002
0.5084999999999998
0.5134199999999999
0.5084199999999998
0.5138400000000002
0.5098600000000002
0.5120199999999999
0.51124
0.50766
0.5146200000000001
0.5071600000000002
0.5122000000000001
0.5103200000000001
0.5115000000000001
0.5095999999999998
0.5108999999999999
0.50954
0.5109600000000001
0.5090399999999998
0.5136199999999999
0.5084799999999999
0.5134799999999999
0.5098000000000001
0.51242
0.5090999999999998
0.51348
0.5095800000000001
0.50932
0.51264
0.5095000000000001
0.5124000000000001
0.5072599999999999
0.5134399999999999
0.5062599999999999
0.5148000000000001
0.50948
0.5112
0.5097400000000001
0.5098399999999998
0.5092400000000002
0.5104000000000001
0.5119400000000001
0.5101
0.5109800000000001
0.5114000000000001
0.5103800000000003
0.5098199999999999
0.5088
0.5121599999999998
0.5080399999999999
0.5140000000000001
0.5087599999999998
0.5109400000000001
0.5099199999999998
0.50936
0.5115799999999999
0.5111599999999998
0.5119600000000003
0.5107400000000001
0.5097999999999999
0.5109800000000001
0.5111400000000001
0.5102599999999999
0.5105
0.5086200000000002
0.5128
0.5097600000000001
0.5097200000000002
0.5106200000000003
0.51104
0.5091
0.5108600000000003
0.50812
0.5134599999999999
0.5094200000000002
0.5107799999999999
0.5116200000000002
0.5093400000000002
0.5074800000000002
0.5110000000000003
0.5123000000000002
0.5098400000000001
0.5110399999999999
0.5104799999999999
0.5126
0.5094400000000001
0.5104800000000002
0.5112200000000002
0.5089600000000001
0.5103400000000002
0.51308
0.5082000000000001
0.5116200000000003
0.5126999999999999
0.5103
0.50956
0.51166
0.5124000000000001
0.5089200000000002
0.5147800000000001
0.5074599999999999
0.5124399999999999
0.51078
0.5109599999999999
0.5104000000000001
0.51028
0.5122599999999998
0.5089000000000004
0.51308
0.50792
0.5151399999999999
0.5070999999999999
0.5124400000000001
0.5099400000000002
0.5127400000000002
0.5082800000000002
0.5122800000000002
0.51062
0.5117
0.5107000000000003
0.5090400000000002
0.5105600000000001
0.5094000000000003
0.51168
0.51282
0.50682
0.5142000000000003
0.5114800000000003
0.5095199999999999
0.51118
0.50908
0.5105400000000001
0.5113199999999999
0.51114
0.5103000000000001
0.5123000000000001
0.5107799999999999
0.5100800000000001
0.5104000000000001
0.5108
0.51084
0.5110200000000003
0.5108200000000002
0.51248
0.5086200000000001
0.5135200000000002
0.5051999999999999
0.5154
0.5066600000000001
0.5142800000000001
0.5076600000000001
0.51328
0.5080400000000002
0.5129999999999998
0.50982
0.51024
0.50944
0.5121199999999999
0.5106
0.5126999999999999
0.5093000000000002
0.5124200000000001
0.5093200000000001
0.5110200000000001
0.5092400000000002
0.51202
0.5118000000000003
0.5091600000000002
0.50902
0.5137
0.50876
0.5155000000000001
0.5072000000000001
0.5137600000000002
0.5074200000000002
0.5145600000000001
0.5059
0.5154
0.5066000000000003
0.5141999999999999
0.50754
0.5122600000000002
0.5081000000000001
0.5136599999999999
0.5107000000000002
0.5106800000000001
0.5119400000000001
0.5119600000000001
0.5099800000000001
0.50902
0.5131400000000002
0.5090999999999998
0.5124600000000001
0.50862
0.51144
0.5092000000000002
0.51276
0.5098000000000003
0.5111399999999999
0.5105600000000001
0.5108400000000002
0.51322
0.5068000000000001
0.5127200000000001
0.50884
0.5118999999999998
0.5096
0.51226
0.5098800000000002
0.5102199999999999
0.51144
0.51012
0.5094800000000003
0.5108000000000003
0.51068
0.5135000000000001
0.5094000000000001
0.5101399999999997
0.5124
0.50876
0.5123600000000004
0.5088400000000002
0.5107200000000001
0.5117
0.5082200000000001
0.5133600000000001
0.5076600000000001
0.51412
0.50796
0.5125999999999998
0.5083
0.5106400000000001
0.5105000000000001
0.5127
0.5082400000000002
0.5139800000000002
0.50754
0.51278
0.50804
0.5138400000000002
0.5072000000000002
0.5138600000000002
0.5077600000000002
0.5161
0.5073000000000002
0.5139
0.5094000000000003
0.5095999999999998
0.5086200000000001
0.5129599999999999
0.5091399999999999
0.5130600000000001
0.5108800000000001
0.5124000000000001
0.5090200000000001
0.5131999999999999
0.5108799999999998
0.51458
0.5067999999999998
0.51334
0.5082399999999999
0.5128999999999999
0.50858
0.5131800000000001
0.50696
0.51278
0.5069800000000001
0.5136800000000001
0.5064799999999999
0.5165200000000002
0.50602
0.5145400000000001
0.5045800000000003
0.5158200000000002
0.5068000000000005
0.5119400000000001
0.5099000000000004
0.5098400000000001
0.5106200000000001
0.5093
0.51298
0.5086599999999999
0.5120000000000001
0.5112400000000002
0.5138400000000001
0.50956
0.5117199999999997
0.5090399999999998
0.5120600000000002
0.50968
0.51236
0.50812
0.51116
0.5107600000000001
0.51132
0.5104200000000002
0.5096999999999999
0.5095000000000001
0.5122199999999998
0.5083
0.51188
0.51034
0.51244
0.5097000000000002
0.5115000000000001
0.5093200000000001
0.5127200000000002
0.50996
0.50956
0.5104
0.5122599999999999
0.5082599999999997
0.5122600000000002
0.50944
0.5114999999999997
0.5086200000000001
0.5120400000000002
0.5091200000000002
0.51268
0.5081200000000001
0.51252
0.5115399999999999
0.5097600000000002
0.51194
0.5128199999999999
0.5097600000000001
0.5104400000000002
0.5133200000000001
0.5092200000000002
0.5081200000000001
0.5124
0.5112200000000001
0.5098199999999997
0.5102999999999999
0.51078
0.5099399999999998
0.5123399999999999
0.5081599999999998
0.5120400000000002
0.5094400000000001
0.5118800000000003
0.5102000000000001
0.5128200000000003
0.5101600000000003
0.5112
0.5103400000000001
0.51132
0.50998
0.51272
0.5089400000000004
0.51436
0.5056599999999997
0.5136400000000001
0.5092000000000002
0.5123800000000002
0.5099600000000004
0.5119200000000003
0.5097799999999999
0.5125200000000001
0.50932
0.5089799999999998
0.5125799999999999
0.5115600000000001
0.5111599999999998
0.5107600000000003
0.5103000000000004
0.50898
0.5125400000000001
0.5096800000000001
0.5114799999999999
0.5078800000000002
0.5130400000000003
0.5082
0.51524
0.5091199999999999
0.51272
0.5078399999999997
0.5124799999999999
0.5085
0.5122000000000001
0.5104599999999998
0.5108599999999998
0.5100000000000001
0.5124400000000001
0.5084399999999999
0.5104600000000002
0.5110399999999999
0.5104400000000002
0.5108600000000002
0.5095600000000001
0.5112000000000001
0.5112599999999999
0.5096400000000001
0.5124200000000002
0.5102800000000001
0.5116400000000001
0.50812
0.5115999999999999
0.50778
0.5140399999999999
0.5077200000000002
0.5156200000000002
0.5076600000000001
0.5136000000000002
0.5056399999999999
0.5162399999999999
0.50408
0.5172400000000004
0.5039200000000003
0.5169599999999999
0.5049399999999999
0.5134000000000001
0.5083200000000001
0.5124999999999998
0.5066999999999999
0.5150800000000002
0.50808
0.5125200000000001
0.50792
0.5135600000000001
0.50788
0.5141600000000001
0.50686
0.51556
0.5057200000000001
0.5163000000000001
0.5072000000000002
0.5139599999999998
0.5078200000000002
0.5140800000000003
0.50808
0.5107999999999999
0.51104
0.51004
0.5113200000000002
0.5113
0.5093400000000001
0.5107000000000003
0.5102200000000002
0.5122800000000002
0.5080399999999999
0.5107200000000003
0.5101400000000003
0.51242
0.50834
0.5128600000000003
0.5096999999999998
0.5088000000000001
0.5124599999999999
0.5073799999999999
0.5121600000000002
0.5107200000000001
0.5095400000000001
0.5115200000000001
0.5098799999999999
0.5128400000000002
0.5096800000000001
0.5131600000000003
0.5090800000000002
0.5101999999999998
0.5132400000000001
0.5082199999999999
0.5141200000000001
0.50644
0.5147800000000001
0.50546
0.5158600000000001
0.5088199999999999
0.5143999999999999
0.50764
0.5124400000000001
0.5082999999999999
0.5139199999999997
0.5059400000000003
0.51456
0.5093
0.5118599999999998
0.5096799999999999
0.5099999999999999
0.5115000000000003
0.5100000000000001
0.5106800000000004
0.51016
0.5110600000000002
0.51144
0.5129000000000001
0.50816
0.5126000000000001
0.5091200000000002
0.5122600000000004
0.5073000000000002
0.51448
0.5064
0.5136799999999999
0.50688
0.5148000000000004
0.5082000000000001
0.51272
0.5088999999999998
0.51216
0.5105799999999998
0.511
0.5085199999999999
0.51304
0.5088000000000001
0.5118200000000002
0.50896
0.5140400000000002
0.5075600000000002
0.51302
0.5092
0.5122599999999998
0.5090399999999998
0.5101
0.5096599999999999
0.5099000000000002
0.5144199999999998
0.5075399999999999
0.5142399999999998
0.5075200000000004
0.5145200000000001
0.50648
0.5129999999999998
0.5096
0.51118
0.5129800000000002
0.5088399999999998
0.5129400000000002
0.5086199999999999
0.5113400000000001
0.51024
0.5101400000000001
0.5088399999999998
0.5131
0.50914
0.51406
0.5071
0.51264
0.5083799999999999
0.5146000000000001
0.50754
0.5139000000000001
0.5062000000000003
0.5161200000000001
0.5052999999999999
0.5144799999999999
0.5076200000000001
0.5121000000000001
0.5074200000000002
0.5133200000000001
0.5079600000000003
0.5112799999999997
0.51192
0.5086799999999998
0.51234
0.5086200000000002
0.5097799999999997
0.5109400000000001
0.5108800000000001
0.5098
0.5125799999999999
0.5084400000000003
0.5104
0.5129799999999999
0.5082
0.5130600000000004
0.5082199999999999
0.51274
0.51066
0.5089199999999999
0.5135000000000001
0.5062999999999999
0.51492
0.5052800000000003
0.5155200000000003
0.5087
0.51282
0.50772
0.5135600000000001
0.5080600000000001
0.5147800000000001
0.5087000000000002
0.5119199999999999
0.51218
0.5092000000000002
0.5099
0.5113199999999999
0.5094399999999998
0.5107400000000003
0.5112599999999998
0.5104200000000001
0.5102599999999998
0.50978
0.50922
0.5119800000000001
0.51066
