0.19999999999999962
0.11931999999999995
0.11530000000000003
0.09878
0.09973999999999998
0.09231999999999992
0.0904
0.08807999999999999
0.08749999999999995
0.08703999999999999
0.08725999999999998
0.08582
0.08651999999999996
0.08769999999999996
0.08669999999999996
0.08548
0.08813999999999993
0.08473999999999998
0.08345999999999996
0.08477999999999998
0.08452
0.08312000000000003
0.08277999999999996
0.08577999999999998
0.08410000000000001
0.08446
0.08701999999999999
0.08569999999999998
0.08544000000000004
0.08557999999999995
0.08581999999999997
0.08674
0.08618
0.08529999999999997
0.08591999999999998
0.08511999999999995
0.08503999999999999
0.08653999999999996
0.08689999999999999
0.08743999999999998
0.08404000000000002
0.08753999999999999
0.08361999999999999
0.086
0.08333999999999998
0.08593999999999999
0.08449999999999998
0.08583999999999994
0.08807999999999996
0.08661999999999997
0.08448
0.08477999999999997
0.08591999999999998
0.08524
0.085
0.08452000000000001
0.0866
0.08588
0.08543999999999999
0.08634
0.08415999999999997
0.08171999999999999
0.08291999999999998
0.08527999999999998
0.08668
0.09027999999999999
0.08829999999999996
0.08768
0.08741999999999997
0.08489999999999996
0.08717999999999995
0.08386
0.08505999999999997
0.08374000000000001
0.08323999999999997
0.08435999999999996
0.08323999999999998
0.08377999999999998
0.08603999999999999
0.08904
0.08567999999999998
0.08337999999999995
0.08135999999999999
0.08277999999999996
0.08511999999999999
0.08488
0.08571999999999998
0.08141999999999999
0.08625999999999998
0.08697999999999999
0.08792000000000001
0.08764
0.08657999999999998
0.08685999999999995
0.08619999999999994
0.08849999999999998
0.08909999999999997
0.08753999999999998
0.08841999999999998
0.0873
0.08617999999999998
0.08668
0.08719999999999997
0.08682000000000001
0.08675999999999996
0.08526
0.08501999999999998
0.08526
0.08635999999999998
0.08675999999999996
0.08434
0.08547999999999993
0.08643999999999996
0.08789999999999995
0.08737999999999997
0.08524
0.08489999999999999
0.08551999999999996
0.08794
0.0872
0.08366000000000001
0.08283999999999998
0.08427999999999995
0.08639999999999998
0.08325999999999997
0.08621999999999998
0.08567999999999999
0.08676000000000002
0.08773999999999998
0.08899999999999998
0.08523999999999995
0.08637999999999994
0.08523999999999997
0.08879999999999995
0.08669999999999999
0.08967999999999998
0.08909999999999998
0.08734
0.08611999999999993
0.08687999999999999
0.08589999999999995
0.08445999999999998
0.08696000000000004
0.08295999999999999
0.08583999999999996
0.08073999999999998
0.0834
0.08561999999999999
0.08514
0.08741999999999994
0.08711999999999998
0.08632
0.08718
0.08802000000000003
0.08489999999999996
0.08826000000000005
0.08641999999999998
0.08906
0.08357999999999999
0.08588000000000001
0.08531999999999998
0.08447999999999997
0.08111999999999998
0.08444000000000002
0.08049999999999997
0.08407999999999999
0.08391999999999994
0.08675999999999999
0.08549999999999992
0.08659999999999998
0.08634
0.08393999999999996
0.08521999999999999
0.08462
0.08573999999999998
0.08687999999999999
0.08679999999999997
0.08597999999999997
0.08558
0.08802
0.08646
0.08501999999999997
0.0825
0.08201999999999998
0.08350000000000002
0.08622000000000002
0.08571999999999996
0.08381999999999996
0.08493999999999997
0.08498000000000001
0.08289999999999999
0.08585999999999996
0.08305999999999997
0.08503999999999998
0.08561999999999995
0.08687999999999997
0.08507999999999999
0.08745999999999998
0.08675999999999995
0.08405999999999995
0.08340000000000002
0.08594000000000002
0.08686000000000003
0.08569999999999997
0.08385999999999998
0.08627999999999991
0.08171999999999999
0.0831
0.08285999999999998
0.0868
0.08564
0.08481999999999998
0.08743999999999996
0.08849999999999998
0.08670000000000001
0.08651999999999997
0.08564
0.08499999999999995
0.08531999999999997
0.08507999999999998
0.08239999999999997
0.0843
0.08441999999999998
0.08575999999999998
0.08591999999999997
0.08703999999999999
0.08697999999999999
0.08821999999999999
0.08801999999999993
0.08772
0.08567999999999999
0.0848
0.0859
0.08553999999999995
0.08393999999999999
0.08471999999999998
0.086
0.08901999999999996
0.08617999999999996
0.0842
0.08533999999999996
0.08423999999999998
0.08644
0.08325999999999999
0.08077999999999996
0.08109999999999999
0.08449999999999996
0.08179999999999998
0.08287999999999997
0.07951999999999998
0.08157999999999997
0.08271999999999999
0.0862
0.08531999999999992
0.08443999999999999
0.08341999999999997
0.08189999999999996
0.0837
0.0828
0.08179999999999998
0.08159999999999998
0.08372
0.08417999999999999
0.08347999999999997
0.08278
0.08643999999999999
0.08595999999999998
0.08459999999999994
0.08613999999999997
0.08375999999999996
0.08314
0.0832
0.08229999999999998
0.08353999999999998
0.08392000000000001
0.08153999999999999
0.08599999999999998
0.08639999999999994
0.08441999999999995
0.0854
0.08561999999999997
0.08558
0.08603999999999998
0.08695999999999998
0.08509999999999998
0.08539999999999998
0.08219999999999997
0.08480000000000003
0.08417999999999994
0.08479999999999997
0.08319999999999993
0.08481999999999998
0.08461999999999996
0.08627999999999998
0.08487999999999996
0.08473999999999998
0.08410000000000001
0.08183999999999997
0.08456000000000001
0.08364000000000002
0.08606
0.08624000000000001
0.08629999999999999
0.08569999999999997
0.08364
0.08297999999999993
0.08602000000000003
0.08655999999999997
0.08524
0.08437999999999998
0.08755999999999997
0.08392000000000001
0.08329999999999999
0.08249999999999998
0.08215999999999997
0.08276
0.08085999999999999
0.08399999999999995
0.08585999999999996
0.08545999999999998
0.08762000000000002
0.08442000000000002
0.08467999999999996
0.08321999999999996
0.08307999999999999
0.08219999999999995
0.08281999999999998
0.08227999999999999
0.08413999999999999
0.08481999999999998
0.08427999999999997
0.08770000000000003
0.08526
0.08261999999999999
0.08369999999999997
0.08398
0.08573999999999997
0.08423999999999998
0.08153999999999996
0.08191999999999998
0.08199999999999998
0.08491999999999995
0.08627999999999998
0.08445999999999998
0.08431999999999999
0.08209999999999999
0.08206000000000001
0.08163999999999996
0.08357999999999997
0.08374000000000001
0.08460000000000001
0.08271999999999999
0.07969999999999997
0.08076000000000003
0.07933999999999998
0.08067999999999996
0.08271999999999996
0.08335999999999995
0.08463999999999995
0.08253999999999997
0.08315999999999998
0.08306
0.08163999999999998
0.08625999999999999
0.08495999999999994
0.08746000000000001
0.08495999999999994
0.08593999999999999
0.08601999999999999
0.08659999999999998
0.08365999999999994
0.08594000000000002
0.08094
0.08507999999999996
0.08165999999999995
0.08253999999999997
0.08529999999999997
0.08204000000000003
0.08226000000000001
0.08432000000000002
0.08431999999999995
0.08413999999999998
0.08472000000000002
0.08442
0.08618
0.08621999999999995
0.08687999999999999
0.08693999999999998
0.08763999999999994
0.08661999999999999
0.08657999999999996
0.08563999999999998
0.08712
0.08592000000000001
0.08616
0.08682000000000001
0.08601999999999999
0.08330000000000001
0.08402000000000001
0.08511999999999999
0.08413999999999998
0.08569999999999997
0.08823999999999999
0.08685999999999998
0.08901999999999999
0.08678
0.09132
0.08977999999999998
0.08951999999999996
0.08674
0.08825999999999996
0.08667999999999998
0.08573999999999998
0.08615999999999996
0.08291999999999998
0.08537999999999996
0.08471999999999999
0.08431999999999999
0.08313999999999998
0.08283999999999998
0.08478
0.08481999999999999
0.08447999999999999
0.08674000000000001
0.08545999999999994
0.08595999999999998
0.084
0.08611999999999996
0.08383999999999997
0.08121999999999996
0.08045999999999999
0.08299999999999998
0.08483999999999993
0.08514
0.08625999999999998
0.08641999999999996
0.08789999999999995
0.08425999999999995
0.08411999999999997
0.08695999999999998
0.08610000000000001
0.08555999999999997
0.08597999999999999
0.08521999999999995
0.08574000000000004
0.08805999999999997
0.08420000000000001
0.087
0.08729999999999999
0.08589999999999996
0.08387999999999998
0.08165999999999995
0.08103999999999997
0.08479999999999993
0.08043999999999996
0.08280000000000001
0.08153999999999999
0.08289999999999997
0.08161999999999997
0.08308000000000003
0.08355999999999998
0.08353999999999993
0.08429999999999996
0.08183999999999997
0.08186
0.08175999999999994
0.08086
0.08286000000000002
0.08311999999999994
0.08741999999999996
0.08481999999999999
0.08295999999999999
0.08403999999999998
0.08229999999999998
0.08489999999999999
0.08700000000000001
0.08557999999999998
0.08523999999999995
0.08693999999999999
0.08761999999999998
0.08679999999999997
0.08687999999999999
0.08615999999999997
0.08583999999999996
0.08059999999999999
0.08135999999999999
0.08283999999999996
0.08359999999999995
0.08475999999999999
0.08516
0.08609999999999995
0.08659999999999995
0.08430000000000001
0.08471999999999998
0.08393999999999999
0.08251999999999998
0.08525999999999997
0.08611999999999999
0.08513999999999995
0.08737999999999997
0.08678000000000001
0.08521999999999999
0.08407999999999997
0.08387999999999997
0.08095999999999996
0.08344
0.08533999999999999
0.08421999999999999
0.08486
0.08447999999999994
0.08405999999999997
0.08423999999999995
0.08139999999999997
0.08200000000000003
0.08277999999999999
0.08578
0.08306000000000001
0.08469999999999997
0.08317999999999998
0.08483999999999998
0.08511999999999997
0.08279999999999996
0.08381999999999995
0.08316000000000001
0.08265999999999994
0.08589999999999998
0.08599999999999997
0.08569999999999998
0.08485999999999999
0.08456
0.08494
0.08397999999999996
0.08651999999999999
0.08571999999999998
0.08657999999999998
0.08646
0.08549999999999999
0.08608000000000002
0.08609999999999994
0.08505999999999998
0.08458
0.08385999999999999
0.08145999999999998
0.08235999999999999
0.0823
0.08383999999999997
0.08273999999999995
0.08334
0.08132000000000002
0.08141999999999998
0.08279999999999996
0.08449999999999996
0.08828000000000001
0.08436000000000002
0.08455999999999998
0.08135999999999997
0.08305999999999995
0.08232000000000003
0.08259999999999999
0.08114
0.08342
0.08599999999999998
0.08494000000000002
0.08564
0.08544000000000002
0.08543999999999995
0.08425999999999996
0.08548
0.08451999999999994
0.08499999999999996
0.0864
0.08661999999999999
0.08306
0.08283999999999994
0.08526000000000002
0.08541999999999998
0.08501999999999998
0.08397999999999994
0.08803999999999998
0.08659999999999998
0.08879999999999999
0.08507999999999998
0.08339999999999995
0.08351999999999998
0.08652000000000001
0.08525999999999997
0.08491999999999995
0.08319999999999997
0.08641999999999996
0.08469999999999997
0.08539999999999999
0.08481999999999994
0.08361999999999999
0.08474
0.08397999999999994
0.08165999999999997
0.08389999999999997
0.08539999999999999
0.08395999999999998
0.083
0.08183999999999997
0.07993999999999994
0.08373999999999997
0.08531999999999997
0.08573999999999998
0.08364000000000002
0.08629999999999997
0.08357999999999995
0.08458
0.08230000000000003
0.08327999999999998
0.08442
0.08327999999999994
0.08346
0.0824
0.08441999999999995
0.08241999999999998
0.08445999999999998
0.08123999999999999
0.08235999999999995
0.08253999999999996
0.08149999999999996
0.08321999999999997
0.08447999999999999
0.08291999999999998
0.08155999999999997
0.08035999999999996
0.08167999999999993
0.08321999999999997
0.08261999999999997
0.08045999999999998
0.08261999999999997
0.08323999999999998
0.08277999999999995
0.0822
0.08573999999999994
0.08501999999999998
0.08442
0.08486
0.08302
0.08237999999999998
0.08324000000000002
0.08452
0.08415999999999997
0.08494000000000002
0.08541999999999997
0.08477999999999994
0.08376000000000003
0.08371999999999997
0.08376
0.08095999999999996
0.08393999999999996
0.08092
0.08410000000000001
0.08689999999999994
0.08684000000000001
0.08509999999999997
0.08397999999999996
0.08463999999999999
0.08460000000000001
0.08437999999999997
0.08165999999999998
0.08489999999999999
0.08331999999999998
0.08571999999999998
0.08341999999999997
0.08425999999999999
0.08361999999999997
0.08385999999999999
0.08278
0.07995999999999998
0.08191999999999998
0.08079999999999998
0.08251999999999995
0.08243999999999999
0.08464000000000002
0.08491999999999995
0.08081999999999995
0.08639999999999999
0.08283999999999996
0.08466
0.08254
0.08345999999999998
0.08171999999999996
0.08283999999999997
0.08153999999999999
0.08434
0.08265999999999997
0.08358
0.08363999999999995
0.08619999999999994
0.08344
0.08517999999999999
0.08689999999999996
0.08812000000000002
0.08753999999999998
0.08664000000000001
0.08515999999999996
0.08439999999999999
0.08484000000000004
0.08359999999999995
0.08333999999999996
0.08245999999999996
0.08277999999999995
0.08334000000000001
0.08425999999999999
0.08737999999999994
0.08541999999999997
0.08634000000000003
0.08560000000000001
0.08444000000000002
0.08478
0.0839
0.08373999999999998
0.08425999999999996
0.08359999999999995
0.08535999999999998
0.08724
0.08394
0.08549999999999996
0.08245999999999996
0.08529999999999999
0.08191999999999998
0.08535999999999999
0.08188000000000001
0.08349999999999998
0.08610000000000001
0.08554
0.08285999999999996
0.08584000000000001
0.08139999999999999
0.08742000000000001
0.08556000000000002
0.08591999999999997
0.08473999999999998
0.08653999999999998
0.08689999999999998
0.08507999999999996
0.08294
0.08650000000000004
0.08666
0.08761999999999998
0.08486
0.08527999999999998
0.08798
0.08659999999999998
0.08723999999999998
0.08727999999999998
0.08756
0.08669999999999996
0.08586
0.08415999999999998
0.08589999999999995
0.08525999999999996
0.08437999999999997
0.08478
0.08577999999999995
0.08471999999999999
0.08231999999999999
0.08259999999999997
0.08233999999999994
0.08441999999999995
0.0846
0.08380000000000001
0.08632000000000001
0.08768000000000001
0.08789999999999999
0.08736000000000002
0.0874
0.08432000000000002
0.08339999999999995
0.08718
0.08553999999999999
0.08539999999999998
0.08525999999999995
0.08519999999999996
0.08561999999999999
0.08561999999999999
0.08431999999999999
0.08707999999999999
0.08505999999999998
0.08531999999999998
0.08497999999999997
0.08548
0.08768000000000001
0.08427999999999997
0.08499999999999998
0.08295999999999994
0.08331999999999998
0.08136000000000002
0.0802
0.08155999999999995
0.08106
0.08439999999999998
0.08319999999999997
0.08564000000000002
0.08225999999999997
0.08275999999999999
0.08139999999999993
0.08271999999999999
0.08511999999999999
0.08134000000000001
0.0843
0.08246000000000002
0.07927999999999998
0.08073999999999996
0.08321999999999999
0.0816
0.08271999999999996
0.08293999999999999
0.08312000000000001
0.08376
0.08353999999999993
0.08567999999999999
0.08318000000000002
0.08502000000000003
0.08564000000000004
0.08457999999999996
0.08287999999999998
0.08397999999999999
0.08486
0.08327999999999997
0.08257999999999997
0.08461999999999997
0.08055999999999998
0.08343999999999996
0.08485999999999994
0.08243999999999996
0.08239999999999995
0.08154
0.08365999999999996
0.08425999999999996
0.08477999999999997
0.08446
0.08634
0.08502000000000004
0.0831
0.08494000000000003
0.08425999999999999
0.08382000000000002
0.08266
0.08298000000000001
0.08601999999999999
0.08693999999999999
0.08865999999999997
0.08603999999999999
0.08703999999999999
0.0877
0.08522
0.08647999999999995
0.08532000000000001
0.08713999999999995
0.08515999999999999
0.08503999999999998
0.08405999999999998
0.08349999999999996
0.08527999999999998
0.08418000000000003
0.08665999999999997
0.08338
0.08483999999999994
0.08566000000000001
0.08596
0.08586
0.08526
0.08606
0.08837999999999997
0.08927999999999996
0.08981999999999996
0.08715999999999996
0.08535999999999999
0.08481999999999999
0.08368000000000002
0.08443999999999997
0.08559999999999994
0.08349999999999999
0.08443999999999997
0.08365999999999998
0.0837
0.08402
0.08486000000000002
0.08551999999999994
0.08567999999999999
0.08509999999999997
0.08548000000000001
0.08529999999999997
0.08397999999999999
0.08397999999999999
0.08209999999999998
0.08155999999999997
0.08095999999999996
0.08269999999999998
0.08595999999999998
0.08453999999999998
0.08374000000000001
0.08489999999999996
0.08336
0.08551999999999994
0.08521999999999996
0.08638000000000001
0.08512
0.08449999999999998
0.07991999999999999
0.08241999999999998
0.0812
0.07855999999999998
0.08091999999999996
0.08415999999999996
0.08295999999999998
0.08399999999999996
0.08295999999999998
0.08437999999999998
0.08451999999999998
0.08354000000000003
0.08281999999999996
0.08127999999999995
0.08465999999999997
0.08622000000000002
0.08620000000000001
0.08700000000000001
0.08445999999999998
0.08697999999999993
0.08721999999999998
0.08661999999999997
0.0839
0.08437999999999997
0.08547999999999999
0.08491999999999997
0.08253999999999996
0.0823
0.08274
0.08422
0.08615999999999996
0.08617999999999996
0.08495999999999995
0.08122
0.08085999999999995
0.08159999999999998
0.08349999999999992
0.0859
0.08755999999999993
0.08721999999999999
0.08439999999999999
0.08493999999999996
0.08253999999999995
0.08535999999999998
0.08266
0.08349999999999999
0.08582000000000001
0.08567999999999999
0.08295999999999998
0.08593999999999999
0.08616000000000001
0.08537999999999996
0.08502000000000001
0.08431999999999995
0.08118000000000002
0.08437999999999998
0.08321999999999999
0.0859
0.08599999999999997
0.08304000000000002
0.08528000000000001
0.08189999999999997
0.08668
0.08184
0.08457999999999999
0.08263999999999999
0.08638
0.08499999999999996
0.08601999999999997
0.08663999999999998
0.08776000000000002
0.08661999999999997
0.08385999999999996
0.08183999999999997
0.08448000000000003
0.08565999999999996
0.08763999999999998
0.08900000000000001
0.08413999999999996
0.08331999999999999
0.08185999999999996
0.08071999999999999
0.08199999999999992
0.08236
0.08227999999999996
0.08546000000000001
0.07957999999999997
0.0849
0.08435999999999995
0.08420000000000001
0.08679999999999997
0.08553999999999999
0.08529999999999996
0.08531999999999998
0.08579999999999995
0.08493999999999995
0.08692
0.08493999999999993
