0.19999999999999962
0.55032
0.4825800000000002
0.5300000000000001
0.49590000000000034
0.52188
0.5036600000000003
0.51798
0.5087000000000002
0.5128400000000003
0.50986
0.51264
0.5125399999999999
0.5092399999999999
0.5118600000000001
0.5109800000000001
0.5109400000000001
0.5108999999999998
0.5095199999999999
0.5132200000000001
0.5085399999999999
0.51172
0.5128399999999999
0.5113000000000003
0.5114200000000002
0.5126800000000004
0.5105400000000001
0.5146600000000001
0.5091800000000002
0.5153600000000002
0.5085800000000003
0.5127799999999999
0.51126
0.5132400000000001
0.51066
0.51192
0.5092800000000001
0.5124000000000003
0.5094000000000002
0.5155400000000001
0.5072599999999999
0.5125199999999998
0.5107799999999998
0.5117800000000002
0.5093200000000001
0.51142
0.5115600000000002
0.5126600000000001
0.5115600000000002
0.5098600000000001
0.51282
0.5099600000000002
0.5105599999999999
0.5098600000000001
0.51198
0.50964
0.5139000000000002
0.5093800000000002
0.51368
0.5111800000000002
0.51072
0.5103
0.5119000000000001
0.5096999999999999
0.5119800000000001
0.5100999999999999
0.51138
0.5136600000000002
0.51024
0.5118200000000003
0.5105399999999998
0.5117000000000003
0.51012
0.5115
0.5125600000000003
0.5103800000000001
0.5126199999999999
0.50996
0.5132800000000001
0.5092799999999998
0.5118600000000001
0.51154
0.5117800000000001
0.5101400000000001
0.5144599999999998
0.5083399999999998
0.5132800000000003
0.5085199999999999
0.5116
0.5113400000000001
0.5095400000000001
0.5115199999999999
0.5095200000000002
0.5138200000000004
0.5098600000000002
0.5130600000000001
0.5100599999999998
0.5111999999999999
0.51162
0.51208
0.5102600000000002
0.5125799999999999
0.5101000000000002
0.5109800000000001
0.5121399999999999
0.5081200000000001
0.5145200000000001
0.5084599999999999
0.5129
0.5106800000000001
0.5127
0.5127600000000002
0.5102000000000003
0.5113600000000001
0.5124400000000002
0.5100600000000001
0.5123200000000001
0.5109999999999999
0.51308
0.5114800000000002
0.5120000000000001
0.51182
0.5108199999999999
0.51022
0.5108
0.5119400000000003
0.5115000000000003
0.5100600000000003
0.51082
0.5115800000000001
0.5115400000000002
0.5129600000000001
0.5094200000000001
0.5123200000000001
0.512
0.5120000000000001
0.5118
0.5091
0.5142400000000001
0.5074399999999999
0.5153000000000002
0.5102000000000002
0.51448
0.5081600000000001
0.5132800000000001
0.51088
0.5132
0.5097200000000001
0.5125600000000002
0.5116199999999999
0.5113400000000002
0.5108800000000001
0.5095600000000001
0.5110800000000001
0.5111400000000001
0.50894
0.5139399999999997
0.5117200000000001
0.5121199999999999
0.5097000000000002
0.5126
0.5111200000000002
0.5110600000000001
0.51168
0.51128
0.5112000000000001
0.5111200000000002
0.51118
0.51034
0.5124800000000003
0.5107000000000002
0.5126999999999999
0.5099
0.5117
0.51086
0.51264
0.5104200000000001
0.51318
0.5098600000000001
0.5133200000000001
0.50854
0.51318
0.5096600000000001
0.51064
0.5112000000000003
0.5126599999999999
0.5102000000000001
0.5132800000000003
0.5094400000000001
0.5144200000000001
0.5095200000000001
0.51588
0.5090800000000004
0.51268
0.5108
0.5129600000000003
0.5098800000000003
0.51166
0.5101000000000002
0.5152
0.5062200000000003
0.5157400000000001
0.50776
0.5140600000000001
0.5096800000000001
0.5136600000000001
0.5104199999999999
0.5120600000000002
0.5120400000000003
0.51146
0.51036
0.5109200000000002
0.5120600000000001
0.5115000000000002
0.51292
0.5107200000000002
0.5137400000000002
0.5085399999999997
0.5139199999999998
0.5085199999999999
0.5127800000000003
0.5101000000000001
0.5127200000000002
0.51164
0.511
0.5097000000000002
0.5131799999999999
0.5092600000000003
0.5118400000000002
0.5115999999999999
0.5125400000000001
0.51006
0.5134
0.5101400000000003
0.5107600000000002
0.5109199999999998
0.51266
0.5092800000000001
0.5151
0.5075799999999999
0.5125000000000004
0.5086800000000004
0.5151999999999999
0.5091999999999999
0.5133800000000002
0.5111200000000004
0.5133999999999999
0.5095000000000001
0.5137800000000001
0.50806
0.5136800000000001
0.50902
0.5139599999999998
0.5064
0.51604
0.50796
0.513
0.50748
0.5140199999999999
0.5110200000000001
0.5122200000000002
0.5095
0.5118800000000002
0.5121200000000004
0.5133200000000001
0.5098600000000002
0.5134200000000004
0.5079400000000001
0.5140000000000002
0.5089000000000002
0.5147399999999999
0.5078
0.5140600000000001
0.5095800000000001
0.5128000000000001
0.5102400000000001
0.5097000000000003
0.5113599999999999
0.5117599999999999
0.5105800000000003
0.5134200000000002
0.5095800000000001
0.5122400000000001
0.51076
0.5130600000000001
0.50906
0.51342
0.5113800000000002
0.5097999999999999
0.5124600000000001
0.5123000000000003
0.5118400000000001
0.5094000000000001
0.5102000000000002
0.5105599999999999
0.51244
0.50958
0.5137
0.5109199999999998
0.5114800000000003
0.51224
0.5103000000000001
0.5123399999999998
0.5123399999999999
0.50992
0.5123200000000001
0.5084000000000001
0.5146999999999999
0.51042
0.5135000000000001
0.5082400000000001
0.51228
0.5109800000000001
0.5136600000000001
0.5086600000000002
0.51366
0.5097600000000001
0.5115200000000002
0.5126800000000001
0.5110400000000004
0.5122800000000002
0.5100800000000001
0.5119600000000002
0.5102
0.5129199999999999
0.5085400000000001
0.5137999999999997
0.5103399999999998
0.5115800000000001
0.5095800000000001
0.5130600000000001
0.5105000000000003
0.51042
0.5107800000000001
0.5123
0.5124599999999999
0.51124
0.5111400000000003
0.5132600000000002
0.51174
0.5117799999999998
0.5111400000000004
0.5114799999999999
0.5124400000000001
0.5112400000000002
0.5124999999999998
0.5092600000000002
0.51302
0.5101199999999999
0.51068
0.5115200000000001
0.5098
0.5124599999999999
0.5123200000000003
0.5095400000000001
0.5135400000000001
0.5083999999999999
0.5151400000000003
0.51126
0.51212
0.5107799999999999
0.51116
0.5112800000000002
0.5101400000000001
0.5109000000000001
0.5107200000000001
0.51254
0.5101600000000001
0.5116
0.51202
0.51244
0.51018
0.5131999999999999
0.50936
0.5125400000000004
0.5123600000000003
0.5107200000000003
0.51296
0.51132
0.5109800000000001
0.5119400000000001
0.512
0.5131400000000003
0.5111600000000002
0.5122400000000001
0.5123999999999999
0.50688
0.5128399999999997
0.5098400000000001
0.5117200000000001
0.5131799999999997
0.51202
0.5120800000000001
0.5095999999999998
0.51296
0.5097400000000002
0.5129600000000002
0.50936
0.5147000000000002
0.5102399999999999
0.5106599999999999
0.51204
0.5120800000000001
0.5112400000000001
0.5111999999999999
0.51068
0.51356
0.5106000000000003
0.51124
0.5119000000000001
0.51202
0.5119199999999998
0.5108200000000002
0.51034
0.5124
0.5115400000000002
0.5099800000000001
0.5132199999999999
0.5094400000000003
0.5160400000000003
0.5086400000000001
0.5145
0.5078000000000001
0.5147200000000002
0.50854
0.5147999999999999
0.5091000000000001
0.5126000000000002
0.5112200000000005
0.51072
0.5139999999999999
0.5106800000000002
0.5105
0.51026
0.5106599999999999
0.5121799999999999
0.5106
0.5117000000000002
0.5104199999999999
0.5119600000000003
0.5092800000000001
0.5090800000000002
0.51482
0.50938
0.5134000000000002
0.50916
0.5131600000000001
0.5103400000000002
0.51148
0.5099000000000002
0.5115400000000001
0.5098
0.5126000000000002
0.50928
0.51082
0.5115400000000002
0.5125400000000002
0.5106000000000003
0.5102800000000002
0.51042
0.5135800000000001
0.5104400000000001
0.5131000000000001
0.5101400000000003
0.5113399999999997
0.5125000000000004
0.5095
0.5156600000000001
0.50734
0.5134999999999998
0.5102400000000002
0.51388
0.50826
0.5122000000000001
0.5084200000000001
0.5142399999999999
0.50874
0.5132800000000001
0.5116600000000002
0.5096200000000001
0.5122400000000003
0.5096400000000001
0.51276
0.51028
0.5114799999999999
0.5102
0.5126200000000002
0.5077600000000001
0.5146799999999999
0.5082600000000002
0.5114400000000001
0.5098199999999999
0.5127800000000002
0.5102600000000002
0.5119799999999999
0.5118400000000001
0.5099000000000001
0.5111000000000001
0.5098200000000002
0.5105200000000002
0.5110000000000001
0.5105999999999998
0.5120200000000003
0.5091199999999999
0.51326
0.50848
0.5122200000000001
0.5110800000000001
0.5103200000000001
0.5138200000000002
0.50948
0.5136000000000002
0.5102400000000002
0.51452
0.5096999999999998
0.5138400000000002
0.5077400000000002
0.5129400000000002
0.51082
0.51028
0.5121600000000001
0.5110800000000001
0.51194
0.5115400000000001
0.5123400000000001
0.5110999999999999
0.5096599999999999
0.5119200000000004
0.51254
0.51046
0.5104000000000001
0.5107599999999999
0.5116800000000001
0.5115000000000001
0.5105999999999999
0.5140600000000002
0.5098400000000001
0.5136799999999999
0.5080000000000002
0.51512
0.5075400000000001
0.5141600000000001
0.5074400000000001
0.5139199999999999
0.5090599999999998
0.51276
0.5109400000000002
0.5119200000000002
0.5126
0.5102
0.5120200000000003
0.5108800000000001
0.5118
0.5120400000000002
0.5108
0.5104200000000001
0.51082
0.5127800000000001
0.50824
0.5134400000000003
0.5105400000000001
0.5118200000000003
0.51034
0.5110800000000002
0.51214
0.5108800000000002
0.50926
0.5162199999999999
0.509
0.5143000000000001
0.5100200000000004
0.512
0.51022
0.5126200000000002
0.5119799999999999
0.5108800000000001
0.5125600000000001
0.5123599999999999
0.5095199999999999
0.5126200000000004
0.5109800000000003
0.5117
0.5106400000000001
0.5106200000000001
0.5105400000000003
0.5124599999999999
0.5099
0.51092
0.5127199999999998
0.5104200000000001
0.5133000000000001
0.50902
0.5113599999999999
0.5120600000000003
0.5108999999999999
0.5091399999999998
0.5110400000000003
0.5116800000000002
0.5106200000000001
0.5100800000000001
0.51286
0.5098000000000001
0.5126000000000001
0.5094200000000002
0.5136
0.5096399999999999
0.5125000000000001
0.5091
0.5112000000000001
0.5129600000000002
0.5107999999999999
0.5121200000000001
0.5118400000000001
0.51082
0.5118400000000003
0.50912
0.5145399999999999
0.5091599999999998
0.5141000000000002
0.5093599999999999
0.5118199999999998
0.5118799999999998
0.5124600000000001
0.5089199999999999
0.5118
0.5100399999999999
0.51362
0.5098000000000001
0.51292
0.5103599999999998
0.5116999999999999
0.5110200000000001
0.5118000000000003
0.5133399999999999
0.5081800000000001
0.5127999999999999
0.5109199999999999
0.5120600000000003
0.5108800000000001
0.5114799999999998
0.5121800000000001
0.5098800000000001
0.51448
0.5083600000000001
0.5114000000000003
0.5093600000000003
0.5138400000000002
0.511
0.51284
0.5111600000000001
0.51402
0.51128
0.5107600000000001
0.5143000000000001
0.50828
0.5148999999999997
0.5095400000000001
0.5136600000000002
0.5093200000000001
0.5120399999999999
0.5121400000000002
0.51202
0.5109199999999998
0.51082
0.5124800000000002
0.5097
0.5125799999999999
0.5103000000000002
0.5100199999999999
0.5112000000000002
0.5109600000000002
0.5135800000000001
0.5093200000000001
0.5109800000000002
0.5126800000000002
0.5114999999999997
0.51092
0.5105600000000002
0.5109600000000002
0.5107
0.5123800000000002
0.51016
0.5116800000000001
0.5119400000000001
0.5110599999999998
0.51024
0.51196
0.5082600000000003
0.5133200000000001
0.5118800000000002
0.5108400000000001
0.5099199999999998
0.51202
0.5113000000000003
0.5089000000000001
0.5121600000000002
0.5113
0.5091999999999998
0.5134599999999998
0.5094599999999999
0.5138600000000002
0.5094000000000001
0.5126999999999999
0.5094799999999999
0.51082
0.5111
0.5115000000000002
0.51168
0.51152
0.5102000000000002
0.5140400000000002
0.5085200000000001
0.51192
0.51146
0.5101400000000004
0.5121600000000002
0.5107600000000003
0.5117200000000001
0.5092200000000001
0.5121800000000002
0.5106000000000003
0.5109400000000003
0.5096
0.51504
0.50804
0.5129800000000001
0.5099400000000003
0.5126799999999999
0.5095799999999999
0.51064
0.5126000000000002
0.5113599999999999
0.5102
0.5123199999999999
0.51146
0.5106400000000003
0.5103600000000004
0.5105999999999999
0.5126200000000002
0.5101
0.5126600000000004
0.5086800000000001
0.5122800000000001
0.5085600000000001
0.5129800000000002
0.5103600000000001
0.5132000000000003
0.5112800000000004
0.5121399999999999
0.5113199999999999
0.5109000000000002
0.5109200000000002
0.51128
0.5113799999999998
0.5091200000000001
0.51564
0.50802
0.5139200000000002
0.50874
0.5126800000000002
0.5096000000000002
0.5114000000000004
0.5126200000000002
0.5118800000000002
0.5100199999999999
0.5117600000000003
0.5086200000000001
0.5133000000000002
0.51048
0.5117000000000003
0.51128
0.5114400000000001
0.5109000000000004
0.51058
0.5106400000000001
0.51236
0.5120200000000001
0.5110800000000002
0.5111000000000001
0.5116
0.512
0.5112800000000001
0.5095800000000003
0.5130600000000001
0.5097800000000001
0.5112800000000001
0.5103000000000001
0.5116799999999999
0.5115
0.5098400000000001
0.5140800000000001
0.5101800000000003
0.5121000000000003
0.5098599999999999
0.5121200000000002
0.5121800000000001
0.5116200000000002
0.5098000000000001
0.51298
0.5118200000000003
0.5113599999999998
0.5116400000000002
0.5098199999999999
0.51358
0.5098199999999999
0.5144799999999999
0.5085599999999998
0.51286
0.5103400000000001
0.5113399999999999
0.50912
0.5143999999999999
0.5088000000000001
0.51356
0.5107600000000001
0.5124000000000002
0.5116
0.50916
0.5138200000000002
0.5095200000000003
0.5130600000000001
0.5097200000000001
0.5118199999999998
0.5110800000000001
0.5119400000000003
0.51014
0.5131200000000002
0.5106600000000002
0.50926
0.5133800000000002
0.5099399999999997
0.51326
0.50772
0.5138600000000002
0.5090800000000002
0.5127
0.51196
0.5106400000000001
0.5124200000000001
0.5107000000000003
0.5128199999999997
0.51036
0.51178
0.5106800000000002
0.5102600000000002
0.51448
0.5082999999999999
0.51282
0.5084
0.5142000000000002
0.5091199999999998
0.5129
0.5120600000000003
0.51396
0.5097
0.5112800000000001
0.5103000000000002
0.5120599999999997
0.5126799999999998
0.50838
0.51552
0.5061599999999999
0.51434
0.5091799999999997
0.5108199999999998
0.5119000000000002
0.51166
0.5128199999999999
0.51104
0.5107400000000003
0.5121200000000001
0.5119400000000003
0.5115000000000002
0.5103400000000001
0.51524
0.5082200000000001
0.5138200000000004
0.5110799999999999
0.5129000000000001
0.5112800000000002
0.51164
0.5103600000000001
0.5144799999999998
0.5085800000000001
0.5122800000000001
0.5114000000000002
0.51
0.5104000000000002
0.5131999999999998
0.5090800000000002
0.51282
0.5105400000000001
0.5103000000000003
0.5136399999999999
0.5086799999999997
0.5110000000000001
0.51204
0.5118200000000003
0.5124400000000002
0.5074600000000001
0.5136999999999999
0.5107800000000002
0.5118800000000001
0.5090399999999999
0.51378
0.5105599999999999
0.5128800000000003
0.5112400000000001
0.5121399999999998
0.5124200000000002
0.5106200000000001
0.5118199999999998
0.51274
0.51266
0.5102599999999998
0.5119999999999998
0.5107200000000001
0.51386
0.5092999999999999
0.51384
0.5078400000000001
0.5167200000000001
0.5079
0.51442
0.50922
0.5112399999999999
0.5089600000000001
0.51292
0.5109800000000001
0.5116799999999999
0.51164
0.5113000000000002
0.51188
0.512
0.5092000000000002
0.5119200000000002
0.51048
0.5130800000000001
0.5111000000000003
0.51022
0.5117200000000001
0.5093399999999999
0.5136600000000002
0.50966
0.5123999999999999
0.5117400000000002
0.50744
0.51266
0.50936
0.5148800000000002
0.51
0.5114800000000002
0.5123200000000003
0.51094
0.5130399999999998
0.5095199999999999
0.5149800000000001
0.5093599999999998
0.5126600000000002
0.5121600000000001
0.5083200000000003
0.5127200000000002
0.5096400000000001
0.5151400000000002
0.5074800000000002
0.51458
0.50822
0.5126600000000002
0.5107600000000001
0.5125800000000001
0.5090600000000002
0.5126400000000002
0.5087599999999999
0.5122599999999999
0.5123200000000001
0.5120800000000001
0.51122
0.5106999999999996
0.5123200000000001
0.5095800000000001
0.51154
0.51226
0.5094799999999999
0.5125800000000005
0.5104600000000001
0.51046
0.5108800000000001
0.5115
0.5091999999999999
0.5119400000000001
0.5108200000000003
0.5100000000000001
0.5124800000000002
0.5123600000000001
0.5124600000000001
0.51172
0.5117400000000001
0.51078
0.51056
0.5110000000000001
