0.19999999999999962
0.7764000000000002
0.30190000000000006
0.7206199999999999
0.35401999999999995
0.6785000000000001
0.39012
0.6469800000000001
0.4167800000000002
0.6237999999999998
0.4380200000000001
0.60466
0.4555000000000002
0.5895400000000003
0.47003999999999996
0.5771400000000001
0.4784399999999998
0.5693799999999997
0.4876000000000004
0.5609800000000001
0.4971999999999997
0.55132
0.5034199999999999
0.5465399999999999
0.5088800000000002
0.5414999999999999
0.5114200000000001
0.5375999999999999
0.51592
0.5342000000000001
0.5186999999999999
0.53228
0.52156
0.53046
0.5206399999999998
0.5309599999999999
0.5209599999999999
0.5304800000000001
0.5214200000000001
0.5300199999999998
0.5221999999999998
0.5305
0.52412
0.52744
0.52666
0.5261
0.5250600000000001
0.52726
0.52502
0.5260999999999997
0.5267400000000003
0.5249200000000003
0.52874
0.5231999999999999
0.5292600000000001
0.5226200000000001
0.5284600000000002
0.5238399999999999
0.5306399999999999
0.52118
0.5304
0.52262
0.5293
0.5220600000000003
0.5303199999999998
0.52266
0.5292800000000001
0.52284
0.5296599999999998
0.5241599999999998
0.52724
0.5252199999999998
0.52738
0.5255999999999998
0.5278200000000002
0.5261399999999999
0.5279400000000002
0.5246000000000002
0.5276200000000002
0.5264400000000001
0.5256
0.52578
0.52584
0.5278800000000001
0.5232800000000001
0.52718
0.5257600000000001
0.5276400000000001
0.5258400000000002
0.5257799999999999
0.5279000000000001
0.5267000000000001
0.52378
0.5276800000000005
0.5249599999999999
0.52922
0.5234399999999999
0.5268800000000003
0.52524
0.52568
0.5259
0.5281400000000002
0.5245399999999999
0.5296599999999999
0.52334
0.53
0.5234800000000003
0.5282000000000001
0.5253000000000001
0.5260000000000002
0.52754
0.5244599999999998
0.5281
0.5243200000000002
0.5265799999999998
0.5254399999999999
0.5277000000000002
0.5246200000000003
0.5276
0.5252200000000002
0.5285599999999998
0.52326
0.5289800000000001
0.5224400000000002
0.5289600000000001
0.52468
0.5280000000000001
0.5255199999999998
0.5256599999999999
0.5279400000000001
0.5255200000000001
0.5268400000000002
0.5256600000000001
0.5264400000000001
0.52668
0.5258800000000001
0.5260800000000002
0.5244
0.5280999999999999
0.5245200000000003
0.5276200000000002
0.5247199999999999
0.5273399999999999
0.52498
0.5289999999999997
0.52518
0.5251000000000005
0.5277600000000002
0.5252600000000001
0.52654
0.52548
0.5281000000000001
0.5237200000000002
0.5279400000000001
0.5251599999999998
0.52638
0.52578
0.5269400000000001
0.52738
0.5257000000000001
0.5267399999999999
0.5259800000000001
0.5261200000000001
0.5258399999999999
0.52706
0.5257399999999999
0.5264
0.5261800000000002
0.52828
0.5237999999999998
0.52956
0.5234599999999997
0.53012
0.5216000000000003
0.5307000000000002
0.5206199999999997
0.5316599999999999
0.52148
0.5283399999999999
0.5256600000000002
0.5271000000000001
0.5258400000000002
0.52724
0.5259199999999999
0.5258799999999999
0.5261800000000002
0.52516
0.5257800000000001
0.5271199999999999
0.5271200000000001
0.52496
0.52804
0.5224599999999999
0.5309599999999998
0.5210199999999999
0.5290599999999999
0.5232599999999998
0.5303200000000002
0.5233800000000001
0.5299200000000002
0.52176
0.5303800000000003
0.5224200000000004
0.5278
0.5254999999999999
0.52636
0.52618
0.5255399999999999
0.5261199999999999
0.5257400000000001
0.5277000000000003
0.5249999999999999
0.5279600000000002
0.5238800000000002
0.5285000000000001
0.5239999999999999
0.5274000000000002
0.5255399999999999
0.5275
0.5233800000000003
0.5278799999999998
0.5226000000000002
0.5292000000000002
0.5229200000000002
0.5283400000000003
0.52352
0.5292199999999998
0.52212
0.53002
0.5212800000000001
0.5312399999999999
0.5210999999999997
0.5316199999999999
0.52054
0.5302600000000003
0.5228599999999999
0.5274599999999999
0.52626
0.5258399999999999
0.5265000000000001
0.52606
0.5262600000000001
0.5256799999999998
0.5271000000000001
0.5252000000000003
0.5271399999999999
0.5245000000000002
0.5275
0.52482
0.5263400000000003
0.5272600000000002
0.5252600000000002
0.52622
0.5261000000000002
0.5262000000000002
0.5268599999999999
0.52634
0.5238600000000001
0.5289200000000001
0.5242599999999997
0.52912
0.5237799999999998
0.5279400000000001
0.5241599999999998
0.5286200000000001
0.5250600000000002
0.52626
0.5258800000000001
0.5263000000000001
0.5252800000000002
0.5268600000000001
0.5246800000000004
0.5259400000000001
0.5261599999999999
0.5268400000000003
0.52546
0.52654
0.52642
0.5256400000000001
0.5265400000000001
0.5245800000000002
0.5270599999999999
0.5242200000000001
0.5279600000000002
0.52654
0.52534
0.5252800000000002
0.52572
0.5272000000000002
0.5261
0.5277400000000003
0.52434
0.5291399999999999
0.5227400000000002
0.5292399999999999
0.5230599999999999
0.5292599999999998
0.5236200000000002
0.5297800000000001
0.5231999999999999
0.5281800000000001
0.5246199999999999
0.52752
0.5250400000000001
0.52808
0.5247200000000002
0.5280799999999999
0.52528
0.5285399999999999
0.52338
0.52816
0.5232200000000001
0.5294199999999999
0.5226
0.53066
0.5221000000000001
0.52928
0.5248999999999998
0.5261
0.5245599999999999
0.5280199999999999
0.52396
0.5282199999999999
0.5262199999999999
0.52638
0.5269400000000001
0.5255600000000001
0.52588
0.5261799999999999
0.5272200000000002
0.5241399999999999
0.5285
0.5258000000000002
0.52622
0.5278800000000003
0.5224400000000001
0.5302200000000004
0.5240199999999999
0.529
0.5243799999999998
0.5287199999999997
0.5228600000000002
0.52948
0.5238200000000003
0.5281200000000001
0.5254200000000003
0.52754
0.52602
0.5268
0.5247
0.5272199999999997
0.5256000000000001
0.5258400000000001
0.5268600000000001
0.5258800000000001
0.5268399999999999
0.52494
0.5274
0.5227800000000002
0.5312
0.5243000000000001
0.529
0.5223999999999999
0.52876
0.5251399999999998
0.5266999999999998
0.52658
0.5275599999999998
0.5253800000000002
0.5247399999999995
0.52644
0.5258999999999999
0.5264000000000003
0.5256800000000001
0.5268
0.52424
0.5271599999999999
0.5260399999999997
0.5265400000000002
0.5257000000000001
0.5271000000000001
0.5277800000000004
0.5238200000000001
0.5271800000000001
0.5248799999999999
0.5267800000000001
0.5266200000000001
0.5257000000000001
0.5279
0.5253399999999998
0.52774
0.5256000000000001
0.52732
0.5230400000000002
0.5265200000000001
0.52628
0.5266000000000003
0.5257599999999999
0.5261800000000001
0.5252
0.52702
0.5251800000000002
0.5283800000000002
0.5230400000000001
0.5308400000000001
0.5206000000000001
0.52996
0.5219999999999999
0.53
0.5229400000000003
0.5305599999999999
0.5217
0.53106
0.5214800000000002
0.53216
0.5206400000000001
0.5327999999999999
0.5211800000000001
0.5305
0.5221600000000001
0.5303599999999998
0.5238800000000001
0.5295000000000002
0.52394
0.5277200000000001
0.5249
0.5275400000000002
0.5245000000000001
0.5276199999999999
0.52388
0.52846
0.5235600000000005
0.52824
0.5234800000000002
0.5279
0.5234799999999997
0.5282800000000001
0.5237199999999999
0.5278399999999999
0.5240600000000002
0.5278599999999998
0.5241799999999999
0.5290399999999997
0.5236600000000002
0.52902
0.5238000000000003
0.5263399999999999
0.52544
0.5267399999999998
0.5253600000000002
0.52628
0.52606
0.52764
0.5245600000000001
0.5281800000000001
0.52522
0.5265200000000001
0.52624
0.5275399999999998
0.52386
0.5286200000000001
0.5236999999999998
0.5289999999999999
0.52386
0.52766
0.5259600000000002
0.5252799999999996
0.5276200000000001
0.5249199999999999
0.5276799999999998
0.5239800000000001
0.52928
0.5243199999999999
0.5288
0.52364
0.5279600000000001
0.5241
0.5278400000000001
0.5243199999999997
0.5277400000000001
0.5247000000000002
0.5261199999999999
0.5259400000000002
0.52714
0.5283599999999998
0.5240400000000003
0.5302799999999999
0.5227200000000003
0.5301600000000001
0.5246200000000001
0.52618
0.52646
0.5251599999999998
0.52566
0.5265000000000001
0.5277200000000001
0.526
0.5241599999999998
0.52624
0.52518
0.52548
0.5267599999999999
0.5249799999999999
0.5270199999999999
0.5256599999999999
0.5269800000000001
0.5252
0.5285599999999998
0.52286
0.5293799999999999
0.5223400000000001
0.5291600000000001
0.5229599999999998
0.5274800000000002
0.5246400000000001
0.5266799999999997
0.5258200000000003
0.5273200000000001
0.52736
0.5262400000000003
0.52544
0.5272600000000001
0.5252
0.5267200000000003
0.5269199999999999
0.52472
0.52774
0.5250999999999999
0.5283400000000001
0.5236200000000002
0.5289600000000001
0.5238799999999999
0.5279599999999999
0.5253000000000002
0.5272
0.5245000000000002
0.5273399999999997
0.5261600000000002
0.5258000000000002
0.5253000000000004
0.52552
0.52792
0.5233199999999999
0.5287
0.52474
0.5275799999999999
0.52492
0.52804
0.5246399999999999
0.5276599999999999
0.52338
0.5286800000000003
0.52252
0.5294
0.5248000000000002
0.52676
0.525
0.5293000000000001
0.5232800000000002
0.52792
0.52592
0.5268200000000001
0.5249799999999998
0.52998
0.5224799999999999
0.5281800000000001
0.52544
0.5255000000000001
0.5273600000000002
0.52452
0.52786
0.5253999999999999
0.5261800000000002
0.5256199999999998
0.52758
0.5245399999999996
0.5281600000000002
0.5238600000000001
0.52886
0.5239200000000002
0.5280799999999999
0.5248600000000002
0.52616
0.52558
0.5279
0.5259200000000002
0.5263799999999996
0.5276799999999998
0.5249800000000002
0.5291800000000001
0.5239999999999999
0.52844
0.5245799999999999
0.52686
0.5248999999999999
0.5263600000000002
0.5249999999999999
0.5282399999999996
0.5225000000000001
0.5288
0.5243799999999998
0.5265
0.5262399999999998
0.5270400000000002
0.5246999999999999
0.5261400000000002
0.5263
0.52772
0.5242600000000003
0.5281199999999998
0.5240400000000001
0.5273399999999999
0.5236999999999999
0.5275599999999998
0.5261600000000001
0.5243999999999998
0.5271799999999999
0.52668
0.5264200000000002
0.52642
0.5274200000000002
0.5247
0.527
0.52716
0.5251399999999999
0.5270600000000001
0.5248399999999999
0.5271399999999998
0.52488
0.5271800000000002
0.526
0.5246600000000001
0.52852
0.5246999999999999
0.5274199999999999
0.52594
0.5250599999999996
0.52594
0.5263600000000003
0.52564
0.5274199999999999
0.5254199999999998
0.5290200000000002
0.5249999999999999
0.5260800000000003
0.52562
0.52622
0.5258399999999999
0.5269400000000003
0.5254399999999998
0.5285800000000002
0.5230199999999999
0.52962
0.5214200000000002
0.52912
0.5230400000000002
0.5302
0.5210400000000004
0.53066
0.5214599999999998
0.5289999999999998
0.5245599999999999
0.5279200000000001
0.5253800000000001
0.5276399999999999
0.5248200000000004
0.5266600000000001
0.5254600000000003
0.5261000000000001
0.5271400000000003
0.5237600000000002
0.5291200000000003
0.5245800000000002
0.5267599999999999
0.5271000000000001
0.5259400000000001
0.5253799999999998
0.52758
0.5263399999999999
0.5263200000000001
0.5268999999999999
0.5254399999999998
0.52872
0.52394
0.5290800000000001
0.5216800000000004
0.5310199999999999
0.5231600000000001
0.5291000000000003
0.52396
0.5274399999999999
0.5244600000000003
0.5288999999999998
0.5247000000000002
0.5250400000000001
0.5262999999999999
0.5249400000000001
0.5282200000000001
0.5257000000000001
0.5266200000000002
0.5263399999999998
0.5252999999999999
0.5271200000000001
0.5256199999999999
0.5258000000000004
0.52766
0.52614
0.5255
0.5274800000000002
0.5244200000000001
0.5284800000000001
0.5240599999999999
0.52874
0.5236200000000002
0.5283400000000003
0.5251199999999998
0.5283400000000001
0.5240199999999999
0.5279000000000001
0.5236599999999997
0.5294000000000001
0.52266
0.5291200000000001
0.5231000000000002
0.5272000000000001
0.52466
0.5275400000000001
0.5246599999999999
0.5278800000000001
0.52672
0.52618
0.5251199999999999
0.5272
0.5244799999999996
0.5293799999999999
0.52462
0.5270400000000001
0.5262200000000004
0.52632
0.5272200000000001
0.5241400000000003
0.52642
0.5269200000000002
0.5244400000000004
0.5271400000000002
0.52424
0.5272600000000001
0.5256200000000004
0.5282199999999999
0.5235600000000001
0.5283199999999997
0.5252800000000004
0.5274999999999999
0.5246200000000001
0.53024
0.5221000000000002
0.53146
0.5209800000000002
0.5296799999999999
0.5217600000000003
0.5313599999999998
0.5228800000000001
0.5269
0.52734
0.5251999999999999
0.5262000000000002
0.5267999999999998
0.5238799999999998
0.5278800000000001
0.52482
0.5268399999999999
0.5246400000000002
0.5281600000000001
0.52406
0.5282399999999998
0.5252800000000002
0.5266
0.5249
0.5283
0.5252399999999998
0.5268999999999998
0.5265199999999999
0.5266000000000001
0.5259799999999997
0.5259
0.5276000000000003
0.52556
0.52626
0.5271000000000003
0.5257600000000001
0.52534
0.5267599999999999
0.5269400000000001
0.52582
0.52606
0.5271800000000002
0.52608
0.5264399999999998
0.52632
0.5256400000000001
0.5263800000000002
0.5265200000000001
0.5250800000000002
0.52714
0.52688
0.5248200000000003
0.5287999999999999
0.5224000000000001
0.5293799999999997
0.5240000000000002
0.5276200000000002
0.5233399999999999
0.5278
0.5226800000000003
0.5304399999999999
0.5230999999999999
0.5302399999999998
0.52278
0.5305
0.52134
0.5319400000000002
0.52238
0.5286599999999998
0.5247800000000002
0.5274599999999999
0.5250600000000002
0.52596
0.5255000000000002
0.5279200000000001
0.5251600000000001
0.5277199999999999
0.52584
0.52586
0.5271
0.52574
0.5250800000000001
0.5259200000000002
0.5261600000000002
0.5261000000000002
0.52694
0.5264199999999999
0.52556
0.5279999999999998
0.5235800000000004
0.5286399999999998
0.52464
0.5265600000000003
0.5272200000000001
0.5247999999999999
0.5254200000000001
0.5262600000000002
0.5247600000000001
0.5260000000000001
0.5253000000000001
0.5270600000000001
0.5247
0.5272599999999997
0.5256600000000001
0.5267
0.5282800000000002
0.5229000000000001
0.53036
0.5219799999999999
0.5316399999999999
0.5223399999999999
0.5290400000000002
0.5236400000000001
0.52902
0.5231
0.5278599999999999
0.52548
0.5267399999999999
0.5261399999999999
0.5264999999999997
0.5247400000000001
0.52788
0.5239400000000001
0.52714
0.5264600000000003
0.5261800000000002
0.52626
0.5269
0.5263800000000001
0.5259400000000002
0.5235799999999999
0.5293799999999999
0.5212800000000001
0.5305
0.5219400000000001
0.5311
0.5218999999999999
0.5292000000000002
0.5248399999999999
0.5282400000000002
0.5232800000000001
0.52962
0.5230199999999996
0.5292799999999999
0.52398
0.52894
0.5238800000000001
0.5298
0.5221800000000002
0.53024
0.5222199999999999
0.5297599999999999
0.5237400000000003
0.5272400000000003
0.5239800000000002
0.5286000000000003
0.5232600000000001
0.52768
0.5237200000000002
0.5276400000000001
0.52618
0.52512
0.5281999999999998
0.525
0.5266400000000002
0.5265000000000002
0.5262800000000002
0.5266000000000001
0.5279199999999998
0.5233999999999999
0.5287399999999999
0.5240800000000001
0.5276999999999997
0.5248200000000002
0.5269399999999999
0.5263000000000001
0.5269200000000002
0.5260200000000002
0.52524
0.5282799999999996
0.5233599999999999
0.5293400000000001
0.5234
0.5286799999999999
0.5242600000000001
0.52702
0.5249600000000002
0.52774
0.5248599999999999
0.5269000000000001
0.5250400000000002
0.5271399999999999
0.52472
0.5265400000000002
0.5257200000000001
0.5260800000000002
0.5260799999999999
0.5271400000000004
0.5253800000000001
0.5268200000000001
0.5240800000000002
0.5278200000000004
0.5249999999999999
0.5271400000000002
0.5264000000000001
0.5273200000000001
0.52536
0.5256400000000001
0.5277200000000002
0.5264600000000003
0.5244999999999999
0.5282400000000002
0.52402
0.5297200000000003
0.52366
0.5279200000000001
0.525
0.5278999999999998
0.5222799999999999
0.5309
0.52158
0.5308800000000001
0.5218800000000001
0.5316200000000001
0.5210400000000003
0.53126
0.5216799999999997
0.53046
0.5219
0.53038
0.5228
0.5299600000000001
0.5217200000000003
0.5290199999999999
0.5243000000000002
0.5288999999999999
0.5219400000000001
0.52998
0.5221000000000001
0.5298
0.5250400000000002
0.5266000000000003
0.5255000000000001
0.5277800000000002
0.5242600000000003
0.52644
