0.19999999999999962
0.8148399999999999
0.2683000000000001
0.7568399999999998
0.3173199999999999
0.7141400000000003
0.35824000000000006
0.6765000000000002
0.39083999999999997
0.6472
0.4176400000000002
0.62464
0.4372400000000002
0.6065200000000001
0.45314000000000015
0.5921199999999999
0.46796000000000004
0.5790999999999998
0.4783400000000001
0.5693400000000001
0.48665999999999987
0.5618399999999998
0.49498
0.5550000000000003
0.5007599999999999
0.5485399999999996
0.5061199999999999
0.54584
0.5093600000000001
0.5410000000000001
0.51434
0.5377600000000002
0.5157200000000003
0.5365
0.51626
0.5355200000000003
0.51826
0.5305
0.5236000000000003
0.53002
0.5231600000000003
0.52888
0.5220400000000004
0.5282199999999999
0.5248800000000003
0.5272400000000004
0.5249800000000002
0.5267200000000001
0.5259799999999999
0.5256
0.5274199999999999
0.5238000000000003
0.5271200000000001
0.5268200000000001
0.5256800000000001
0.5266400000000001
0.52542
0.5287600000000001
0.52406
0.5286199999999999
0.5246400000000001
0.5273400000000003
0.5239400000000003
0.5286799999999998
0.52488
0.52868
0.5251400000000003
0.5285200000000001
0.5252000000000001
0.5281000000000001
0.5251399999999999
0.5260800000000002
0.52578
0.5256000000000002
0.5279200000000003
0.5247999999999999
0.5281199999999998
0.5248200000000003
0.5289000000000003
0.5261600000000001
0.5265800000000002
0.5257000000000002
0.52802
0.5261999999999999
0.5264800000000001
0.5263800000000001
0.5267200000000001
0.5261199999999999
0.5272400000000002
0.5264799999999998
0.5251600000000002
0.5276400000000002
0.5258600000000002
0.5273799999999998
0.52582
0.5265999999999998
0.52664
0.5256199999999999
0.5270999999999998
0.5249400000000002
0.5261800000000001
0.5265800000000002
0.5267000000000001
0.5262199999999999
0.5257399999999997
0.5257
0.52528
0.5290600000000002
0.5240600000000003
0.5293200000000001
0.5234800000000004
0.5289200000000001
0.5239
0.5284400000000001
0.52506
0.52768
0.5246
0.52716
0.5253399999999998
0.5281599999999999
0.52464
0.52718
0.5252599999999998
0.5275800000000002
0.52588
0.5269599999999999
0.5247600000000002
0.5281800000000002
0.5241800000000001
0.5271199999999999
0.5256599999999999
0.5298400000000002
0.5248599999999999
0.52902
0.52506
0.5270600000000002
0.52484
0.5273399999999998
0.52554
0.5272399999999998
0.5270799999999999
0.52452
0.5279799999999998
0.5247400000000001
0.5286200000000001
0.5251200000000005
0.52802
0.5233599999999998
0.5290800000000003
0.5235199999999999
0.5267200000000001
0.5256000000000002
0.5266199999999999
0.5243800000000001
0.52762
0.52436
0.5289799999999999
0.52424
0.5270599999999996
0.5260199999999999
0.5253399999999999
0.5284199999999997
0.5249199999999999
0.52764
0.5265000000000002
0.52742
0.52622
0.5266200000000003
0.5258799999999999
0.5261599999999997
0.52632
0.5250800000000001
0.5271399999999997
0.5248200000000004
0.5273400000000001
0.5249400000000001
0.5261399999999997
0.5265600000000001
0.52638
0.5269999999999998
0.5245599999999999
0.5296400000000001
0.52426
0.5275
0.5234800000000001
0.5303199999999998
0.5223399999999997
0.5296799999999997
0.52344
0.5296000000000001
0.5229800000000002
0.5300599999999998
0.52184
0.5298599999999999
0.5232200000000001
0.52946
0.5240999999999999
0.52774
0.52498
0.5268599999999999
0.5247
0.5270600000000001
0.5249599999999999
0.52824
0.5238200000000002
0.5291600000000001
0.5237999999999999
0.52988
0.52402
0.5277400000000001
0.5234000000000001
0.52986
0.52396
0.52918
0.5220000000000001
0.5307
0.5210599999999999
0.5315800000000003
0.5222399999999999
0.52946
0.5231600000000001
0.5310400000000002
0.5227400000000002
0.5302600000000001
0.5216400000000002
0.5319999999999999
0.52128
0.5301400000000003
0.52342
0.5292199999999998
0.52148
0.5303000000000002
0.52382
0.5305000000000002
0.52316
0.53058
0.5227399999999996
0.5286400000000002
0.5251
0.52764
0.5240000000000001
0.5280600000000003
0.5248000000000003
0.52752
0.5235000000000001
0.5289600000000002
0.5238600000000002
0.5270600000000001
0.5243
0.5291800000000001
0.5235
0.5294200000000001
0.5243000000000002
0.5272399999999999
0.5251800000000001
0.52728
0.52596
0.5248199999999998
0.5268800000000001
0.52518
0.5266799999999998
0.5267999999999999
0.5260400000000002
0.52768
0.5252400000000002
0.5260800000000002
0.5252
0.5269199999999999
0.52604
0.5264800000000002
0.5265000000000001
0.52488
0.5257999999999999
0.5267200000000003
0.52536
0.528
0.52622
0.52572
0.5281799999999999
0.5238600000000001
0.52846
0.5230999999999999
0.5289200000000001
0.5245
0.5281200000000001
0.5261200000000001
0.5271999999999999
0.52802
0.5251399999999997
0.5288400000000003
0.5235599999999999
0.5288200000000003
0.5233600000000004
0.5285599999999998
0.5259800000000001
0.52748
0.5244200000000003
0.5267
0.5250999999999999
0.5274799999999997
0.5250199999999999
0.5284000000000001
0.5246199999999999
0.5281800000000001
0.5257399999999999
0.52766
0.52354
0.5289999999999998
0.5240400000000001
0.53014
0.5235799999999999
0.5281999999999999
0.5264800000000002
0.5262000000000003
0.5278799999999998
0.5251399999999999
0.52918
0.5227199999999996
0.5288
0.52498
0.5282400000000002
0.5249400000000001
0.5277999999999998
0.5253800000000003
0.52726
0.5264
0.5281800000000003
0.5234399999999999
0.5295000000000001
0.5237800000000001
0.5293000000000003
0.5225600000000001
0.5290600000000001
0.5236800000000001
0.5267799999999997
0.5267599999999999
0.5256200000000001
0.5269199999999998
0.5243600000000002
0.5280199999999998
0.5250399999999997
0.52666
0.5270000000000001
0.5245199999999999
0.5298000000000002
0.5225200000000001
0.53016
0.5228200000000001
0.5304799999999998
0.5230800000000001
0.52922
0.5239199999999999
0.52768
0.5245599999999999
0.52886
0.52422
0.5292400000000002
0.52468
0.52752
0.5261199999999999
0.5244599999999999
0.5276200000000002
0.52554
0.5267600000000002
0.5256800000000001
0.5252399999999998
0.5277800000000001
0.5244200000000001
0.52766
0.5250400000000003
0.5284000000000001
0.5246200000000002
0.5277600000000002
0.52482
0.5277399999999999
0.5250600000000002
0.5281800000000001
0.52372
0.5287400000000001
0.5239200000000002
0.5290199999999998
0.5246600000000002
0.5278600000000001
0.5244200000000001
0.5289799999999998
0.5230400000000002
0.52878
0.52278
0.5276600000000002
0.52372
0.52866
0.5228599999999998
0.52828
0.5239999999999999
0.53034
0.52244
0.5288599999999998
0.5243
0.5289600000000001
0.5256000000000003
0.5269000000000003
0.5263799999999997
0.5267799999999998
0.52472
0.52748
0.5268999999999999
0.5242400000000003
0.5293599999999999
0.5240799999999998
0.5297400000000004
0.5230999999999999
0.5304999999999999
0.5247799999999999
0.5282399999999999
0.52592
0.5248000000000004
0.5270600000000002
0.5246800000000001
0.5264000000000001
0.5266000000000001
0.5255400000000003
0.5263
0.5259600000000001
0.5269800000000001
0.5234999999999999
0.5295599999999998
0.5230600000000001
0.5272200000000001
0.5260399999999996
0.52662
0.5268999999999999
0.5266000000000002
0.5251199999999998
0.5269999999999999
0.5243400000000001
0.52866
0.5238600000000002
0.5281600000000002
0.5251199999999999
0.5266400000000001
0.52776
0.5243800000000001
0.5287599999999998
0.5239199999999999
0.5290599999999999
0.5216800000000001
0.5307600000000001
0.52244
0.5296400000000001
0.5229999999999998
0.5293599999999998
0.5237800000000001
0.5279200000000001
0.52378
0.52876
0.5236599999999997
0.5276200000000001
0.52472
0.5273799999999998
0.5246200000000001
0.5272800000000002
0.5241399999999997
0.5268000000000002
0.5254400000000001
0.5273400000000001
0.5255000000000002
0.5267400000000003
0.5247399999999999
0.52578
0.52634
0.5265199999999998
0.5274200000000001
0.5254000000000001
0.5274400000000002
0.5269799999999999
0.5277999999999998
0.5248200000000001
0.5274600000000002
0.52638
0.5263
0.52456
0.5296199999999998
0.5236400000000002
0.5285000000000002
0.5243000000000001
0.5277999999999998
0.5237799999999999
0.5304000000000001
0.52216
0.5292600000000002
0.5236599999999999
0.53076
0.5210999999999999
0.53074
0.52268
0.5296599999999999
0.52306
0.5288400000000003
0.5253399999999999
0.5270600000000001
0.5242800000000001
0.5289799999999998
0.5240799999999999
0.5267200000000001
0.52532
0.5268800000000003
0.52424
0.52844
0.52402
0.52682
0.5255
0.5270000000000001
0.5262400000000002
0.5271799999999999
0.5253800000000001
0.5310000000000001
0.5211200000000001
0.5292800000000002
0.5233599999999997
0.5274999999999997
0.5257600000000001
0.5278400000000003
0.5258400000000001
0.52674
0.5242600000000004
0.52706
0.5255800000000004
0.5266799999999998
0.5254200000000001
0.5272600000000001
0.5256599999999998
0.5269000000000001
0.5268799999999999
0.5252600000000001
0.5280400000000001
0.5246400000000004
0.5283799999999997
0.5255600000000001
0.5246200000000001
0.5278599999999999
0.5244399999999999
0.5275999999999996
0.52636
0.52628
0.5274600000000002
0.52564
0.52638
0.52562
0.5278400000000001
0.5264600000000002
0.5266600000000002
0.52636
0.5257400000000002
0.5263800000000001
0.5273600000000002
0.5246400000000002
0.5273400000000003
0.5274
0.5263199999999998
0.52582
0.5281800000000001
0.52504
0.5266
0.5258799999999999
0.5239799999999999
0.5272799999999999
0.5254399999999998
0.5280999999999999
0.5245599999999999
0.52638
0.5263600000000003
0.5251199999999999
0.5278600000000001
0.5242399999999998
0.52948
0.5236400000000001
0.5285200000000001
0.5252800000000001
0.52754
0.5237400000000001
0.52876
0.5262800000000001
0.5266400000000001
0.5256000000000001
0.5268200000000003
0.5261599999999997
0.5257799999999998
0.5290800000000002
0.5221800000000002
0.5314000000000001
0.5224400000000001
0.5310800000000002
0.5230399999999998
0.5306600000000001
0.5215000000000001
0.5305200000000001
0.5228000000000002
0.5288
0.5242000000000001
0.5291600000000002
0.5236800000000003
0.5280199999999998
0.5245200000000002
0.5283999999999999
0.52338
0.52826
0.5255199999999999
0.52696
0.5252599999999998
0.5283399999999999
0.5245600000000002
0.5280400000000001
0.5245000000000001
0.5274000000000002
0.52488
0.5294800000000002
0.5217999999999998
0.5278800000000001
0.5249600000000001
0.52706
0.5255400000000001
0.5261199999999998
0.5276400000000001
0.5243599999999998
0.5292000000000002
0.5234599999999998
0.5302999999999999
0.5226600000000001
0.52824
0.5243800000000002
0.5289199999999998
0.52302
0.5288999999999999
0.5242000000000001
0.5289600000000001
0.52324
0.5290599999999999
0.5229600000000001
0.5279600000000001
0.5278600000000001
0.5256000000000001
0.5269400000000001
0.5245000000000001
0.5283999999999999
0.5259600000000002
0.5266600000000001
0.5255800000000002
0.5270600000000001
0.5265000000000001
0.52876
0.5242600000000001
0.5271200000000001
0.5250600000000002
0.5272199999999999
0.52518
0.5279799999999999
0.5245000000000001
0.5277600000000001
0.52506
0.5262
0.52768
0.5241400000000005
0.52994
0.5238400000000002
0.5289800000000001
0.5239
0.529
0.5247000000000002
0.5283600000000002
0.5231199999999998
0.5294000000000001
0.5221600000000001
0.5307000000000002
0.5216999999999998
0.5295399999999999
0.5244999999999999
0.5287200000000001
0.5236200000000001
0.5288800000000001
0.5241800000000003
0.5282199999999997
0.5237000000000003
0.5286799999999998
0.5248800000000001
0.52732
0.52494
0.5272199999999998
0.52532
0.52716
0.5250199999999999
0.5272600000000002
0.5255200000000002
0.5281399999999999
0.5248200000000002
0.5272599999999998
0.5253199999999999
0.5271000000000001
0.52662
0.5252999999999999
0.5281800000000001
0.5246400000000001
0.5284400000000002
0.5237600000000001
0.5285399999999999
0.5252600000000001
0.5279
0.52436
0.528
0.5251399999999999
0.5278400000000003
0.52528
0.5282399999999998
0.52598
0.52606
0.52628
0.5269800000000001
0.52608
0.5269199999999998
0.5243800000000001
0.5272000000000001
0.5259400000000003
0.5266200000000001
0.5261199999999999
0.5279399999999997
0.5257600000000001
0.5261000000000002
0.5256400000000002
0.52618
0.5254000000000003
0.5257400000000001
0.5270200000000002
0.52528
0.5263800000000002
0.5260400000000001
0.5273599999999999
0.5241000000000001
0.5281800000000001
0.5262999999999999
0.5268999999999996
0.5271200000000001
0.52544
0.5291400000000002
0.5222400000000004
0.5287200000000002
0.5241000000000001
0.5300199999999999
0.5237799999999997
0.52708
0.52558
0.5254800000000002
0.5271000000000001
0.5256599999999999
0.52768
0.5238399999999999
0.5291200000000001
0.5246200000000002
0.5271399999999999
0.52598
0.5278400000000001
0.5250000000000001
0.52858
0.5244800000000004
0.52736
0.52496
0.52826
0.5247799999999998
0.5286399999999999
0.52368
0.5291200000000001
0.5229000000000003
0.52908
0.5237
0.5281800000000001
0.5256199999999999
0.5267600000000002
0.5256999999999998
0.5269400000000001
0.5282200000000001
0.5247600000000002
0.5284200000000001
0.52484
0.5280600000000002
0.5269999999999999
0.5270800000000001
0.5263200000000001
0.52648
0.5275999999999997
0.5253399999999998
0.52666
0.5248200000000001
0.5275000000000002
0.5250800000000002
0.5264000000000001
0.5258
0.5284600000000002
0.52396
0.5292
0.5246000000000002
0.5276
0.5238400000000002
0.5287400000000002
0.5244600000000001
0.52824
0.5249199999999999
0.5257999999999999
0.5272399999999999
0.5260199999999999
0.5266000000000001
0.5262800000000002
0.5258199999999998
0.52554
0.5263399999999999
0.5260000000000001
0.5287999999999999
0.5242
0.5271400000000002
0.52596
0.5262
0.5269199999999998
0.5270400000000005
0.5259199999999999
0.5278600000000003
0.5250600000000002
0.52742
0.5252399999999998
0.5265000000000001
0.5246000000000002
0.5272200000000002
0.5266000000000003
0.5257799999999997
0.5259199999999999
0.5265600000000003
0.5276799999999999
0.52642
0.52542
0.5278
0.52642
0.5269400000000001
0.5256000000000001
0.52624
0.5256799999999999
0.5265199999999998
0.5279
0.5257000000000002
0.5260199999999999
0.5273400000000003
0.5230199999999999
0.5285599999999999
0.5239599999999996
0.5297799999999997
0.52224
0.5290600000000003
0.5267399999999999
0.5266000000000001
0.5246799999999998
0.5284999999999997
0.5254800000000003
0.5266600000000001
0.5260600000000002
0.5260000000000002
0.52626
0.5250800000000002
0.5305999999999998
0.5216400000000003
0.5308200000000001
0.5217399999999998
0.5297999999999998
0.5236399999999999
0.5296599999999998
0.52466
0.5275600000000003
0.5251600000000001
0.5268199999999998
0.52504
0.5273999999999999
0.5256799999999998
0.5252399999999999
0.5273400000000003
0.5265600000000003
0.52632
0.5265400000000002
0.5240000000000001
0.52908
0.5243600000000002
0.5290999999999999
0.52472
0.5287
0.5249800000000002
0.5275600000000001
0.52518
0.5281800000000001
0.5240800000000001
0.52838
0.52366
0.5299999999999999
0.5244800000000001
0.5259199999999996
0.5274599999999999
0.52458
0.5280999999999999
0.5246399999999997
0.5292400000000002
0.5233199999999999
0.5288400000000002
0.5229600000000001
0.5294800000000003
0.5247200000000002
0.5279200000000004
0.5235400000000001
0.5283000000000002
0.5254999999999999
0.5255000000000003
0.5259000000000001
0.5270199999999999
0.5264
0.5257200000000002
0.5295999999999998
0.52344
0.5274800000000001
0.52468
0.5275800000000003
0.5258600000000001
0.52872
0.5263000000000001
0.52548
0.52808
0.5246
0.5286600000000002
0.5250199999999999
0.5273599999999998
0.5252800000000001
0.5277999999999999
0.5248400000000003
0.52788
0.5241800000000003
0.5280000000000001
0.5247999999999998
0.5288600000000001
0.5254600000000001
0.52758
0.52458
0.52912
0.52318
0.52718
0.5254400000000001
0.52668
0.5257000000000004
0.5289800000000002
0.5239000000000001
0.5264399999999998
0.5261600000000002
0.5270600000000002
0.5254999999999999
0.5278600000000001
0.5234199999999999
0.5296600000000001
0.5211600000000002
0.5311400000000002
0.52188
0.5309000000000001
0.5219600000000001
0.5308000000000002
0.5206599999999999
0.5304800000000003
0.52164
0.5311
0.5207400000000001
0.5312
0.52196
0.5309599999999999
0.5223
0.5291800000000001
0.52386
0.52784
0.5244599999999999
0.5272399999999999
0.5258000000000003
0.5284800000000001
0.5239799999999998
0.5279
0.5247999999999999
0.5265799999999996
0.5250000000000001
0.5274000000000001
0.5258399999999999
0.5282800000000001
0.5249199999999997
0.5252400000000002
0.52562
0.5267399999999999
0.5257200000000001
0.52646
0.5258199999999998
0.5272199999999999
0.5257
0.52532
0.52582
0.5251400000000003
0.5269400000000001
0.5255400000000001
