0.19999999999999962
0.7219199999999999
0.3483999999999999
0.6716199999999999
0.39566000000000023
0.6350400000000002
0.42802000000000007
0.6089
0.4518200000000001
0.59024
0.4695000000000001
0.57442
0.4823800000000001
0.5621999999999999
0.49379999999999996
0.55204
0.5032799999999997
0.5467400000000001
0.50772
0.5403799999999999
0.51222
0.5354800000000002
0.5163799999999998
0.5342000000000001
0.5184399999999999
0.5312
0.5208600000000003
0.5306599999999999
0.52048
0.52996
0.5235600000000001
0.52726
0.5243199999999999
0.5274399999999998
0.5244600000000001
0.52534
0.5267000000000001
0.5250800000000001
0.52456
0.52634
0.5259800000000001
0.5255200000000001
0.52504
0.52412
0.5274600000000002
0.5235399999999997
0.5285799999999999
0.5224799999999999
0.5293600000000002
0.5191400000000004
0.5307000000000002
0.5200400000000002
0.52984
0.5225600000000001
0.52746
0.5221199999999999
0.5284799999999997
0.5226400000000004
0.5278600000000001
0.5256000000000003
0.52632
0.5231400000000004
0.5290200000000002
0.5236000000000002
0.5262200000000001
0.52522
0.52622
0.5237800000000001
0.52698
0.52356
0.5268200000000003
0.5254399999999999
0.5244399999999999
0.5265800000000002
0.5237799999999999
0.5253800000000001
0.52474
0.5241400000000003
0.5240400000000001
0.5283199999999999
0.5231600000000001
0.5276999999999998
0.52362
0.5292600000000001
0.5217800000000004
0.5261
0.5245400000000002
0.52678
0.5232
0.5274799999999997
0.522
0.5283599999999999
0.52302
0.5264200000000001
0.5231599999999998
0.5267600000000001
0.5231200000000001
0.5287399999999998
0.52258
0.5281000000000001
0.52082
0.5281
0.5228200000000001
0.5282399999999999
0.5228399999999999
0.5282200000000001
0.5226800000000001
0.5261200000000001
0.52428
0.5267199999999999
0.52402
0.5276
0.5240199999999999
0.52526
0.5260199999999999
0.5242000000000001
0.5240800000000001
0.5279000000000003
0.52516
0.5253199999999999
0.5250199999999999
0.5257400000000003
0.52652
0.52444
0.5267000000000001
0.5246200000000002
0.5255400000000001
0.5252200000000001
0.5243200000000002
0.5276000000000001
0.52422
0.5271200000000004
0.5220800000000001
0.5287999999999999
0.5205800000000002
0.5294000000000001
0.5214
0.5281199999999999
0.5226199999999999
0.5285000000000001
0.5223400000000001
0.52642
0.5247600000000001
0.5278
0.5231199999999999
0.5267400000000001
0.5245000000000002
0.5260399999999998
0.5279999999999998
0.52302
0.5269400000000001
0.52408
0.5257200000000001
0.5251800000000002
0.5251400000000002
0.5256200000000001
0.5261000000000001
0.5245799999999999
0.5263
0.5239999999999998
0.5255400000000003
0.5259000000000001
0.5243000000000001
0.5257000000000004
0.5248600000000002
0.52636
0.5247200000000002
0.5266600000000002
0.52442
0.5274199999999998
0.5246600000000002
0.5264600000000003
0.52362
0.5267400000000001
0.5251200000000001
0.5264000000000001
0.5215799999999999
0.5288200000000003
0.52402
0.5276400000000003
0.5239799999999999
0.5269200000000002
0.5240000000000002
0.5260000000000001
0.52522
0.5250200000000002
0.5279
0.5228200000000001
0.5262200000000001
0.5254400000000001
0.5248600000000001
0.5245799999999998
0.52496
0.5261800000000002
0.5257400000000001
0.5232000000000001
0.5269400000000002
0.5237
0.5249600000000004
0.52438
0.52408
0.5269199999999998
0.5233400000000001
0.5262199999999998
0.5246200000000001
0.5246400000000001
0.5260399999999998
0.5257399999999999
0.52554
0.52384
0.52686
0.5242399999999996
0.5272199999999999
0.5248200000000002
0.5263399999999999
0.5235399999999999
0.5263400000000003
0.5256000000000001
0.5259200000000004
0.5240199999999999
0.5271000000000002
0.5220999999999999
0.5270400000000001
0.5224200000000002
0.52642
0.5236399999999999
0.5280600000000002
0.5225
0.5288000000000003
0.5221399999999998
0.528
0.5226000000000001
0.5279599999999999
0.5219400000000001
0.5299400000000002
0.52446
0.5247200000000001
0.52672
0.5232000000000001
0.5258400000000001
0.5245000000000002
0.52702
0.52502
0.5242000000000001
0.52634
0.5254600000000003
0.5267000000000001
0.52496
0.52658
0.5226000000000001
0.5278000000000002
0.5230799999999998
0.5256000000000001
0.5236800000000003
0.5257400000000003
0.5247400000000003
0.52546
0.52486
0.5261199999999999
0.5253
0.5257999999999999
0.5257800000000001
0.5253400000000003
0.5262000000000001
0.5235400000000003
0.5255200000000003
0.52518
0.52518
0.5259400000000002
0.5238
0.5273799999999997
0.5249200000000002
0.52518
0.5271200000000003
0.5233800000000001
0.5268400000000003
0.5247600000000001
0.52638
0.5262400000000003
0.5247800000000002
0.52642
0.524
0.5292000000000001
0.5219400000000002
0.5285999999999998
0.5230400000000001
0.5282800000000001
0.52362
0.5274800000000002
0.5237200000000002
0.5273400000000001
0.5249000000000001
0.5260399999999998
0.52362
0.52658
0.52544
0.5247000000000002
0.52658
0.5257400000000001
0.5253400000000003
0.5269400000000002
0.5238
0.5262600000000003
0.5242800000000001
0.5256800000000003
0.5259600000000001
0.5250600000000001
0.5282199999999997
0.5225399999999998
0.52798
0.5243600000000002
0.52806
0.5234200000000001
0.52668
0.52346
0.5281800000000001
0.5242600000000002
0.5245199999999999
0.5279199999999997
0.52278
0.5272600000000001
0.5236200000000002
0.52742
0.5228400000000002
0.5292999999999997
0.52192
0.5280400000000002
0.52494
0.5247999999999998
0.5252999999999999
0.5276599999999998
0.5242600000000001
0.52764
0.5224200000000001
0.5265599999999999
0.5246800000000001
0.5261600000000002
0.5246799999999999
0.5271399999999999
0.5246999999999998
0.5243999999999999
0.52588
0.5242
0.5261400000000003
0.5237200000000002
0.5270799999999998
0.52502
0.5268799999999999
0.52302
0.5268599999999999
0.52504
0.5267599999999998
0.52566
0.5260000000000001
0.5246400000000001
0.5269999999999999
0.5255200000000003
0.52436
0.5250400000000001
0.5264200000000003
0.5233600000000002
0.52694
0.5235600000000002
0.5268399999999999
0.52236
0.5280600000000004
0.5238000000000002
0.52748
0.5247200000000002
0.5282199999999999
0.5251399999999999
0.5252800000000001
0.5271600000000002
0.5214200000000002
0.5296199999999999
0.5205800000000002
0.5291000000000001
0.5209400000000002
0.52998
0.5204
0.5292200000000001
0.5212400000000003
0.52804
0.5227999999999998
0.5282999999999999
0.52122
0.5298000000000002
0.5219199999999999
0.52882
0.52356
0.52894
0.52382
0.52578
0.52564
0.5256399999999999
0.5235600000000001
0.5257600000000001
0.5238400000000001
0.52734
0.5237400000000001
0.5258400000000001
0.5245200000000003
0.5248799999999999
0.5249000000000001
0.5254600000000003
0.5243200000000001
0.5262399999999999
0.5258600000000001
0.5261399999999999
0.5238200000000001
0.5269799999999999
0.5240199999999999
0.52634
0.5235200000000002
0.5272600000000002
0.5240800000000001
0.52748
0.5230399999999998
0.5270399999999998
0.5242200000000001
0.5264400000000001
0.5253
0.5246600000000002
0.5281199999999999
0.52094
0.52816
0.5229800000000001
0.5264
0.5235800000000002
0.5264799999999998
0.5243800000000001
0.52534
0.5242000000000002
0.5273399999999999
0.5241
0.5280200000000004
0.5227799999999999
0.5280800000000002
0.52612
0.5239000000000003
0.5261399999999999
0.5228400000000001
0.5278
0.52312
0.5281600000000001
0.5220999999999999
0.5287400000000004
0.5229599999999999
0.5283800000000003
0.5243800000000001
0.5279200000000001
0.5251800000000001
0.5255800000000002
0.5251400000000002
0.5264200000000001
0.5234999999999999
0.5270199999999999
0.5246399999999999
0.5260599999999998
0.52402
0.52732
0.5245000000000001
0.5268800000000001
0.52294
0.5271600000000002
0.52386
0.5268799999999999
0.5227200000000001
0.5288600000000002
0.52286
0.5271200000000005
0.5238200000000002
0.5262199999999999
0.5255600000000001
0.5270400000000001
0.5230600000000001
0.52758
0.5232000000000003
0.5252000000000002
0.5245200000000001
0.5248000000000002
0.5270799999999999
0.52244
0.52706
0.5230000000000001
0.5292000000000001
0.5215000000000002
0.5289800000000002
0.52146
0.52758
0.524
0.52728
0.5243800000000001
0.5256800000000001
0.5246800000000001
0.5247800000000001
0.5257400000000003
0.5255199999999999
0.52516
0.5247999999999999
0.52472
0.52708
0.5234400000000001
0.5267199999999997
0.5230600000000002
0.5276199999999999
0.5222199999999999
0.5290600000000001
0.5216
0.5263600000000003
0.5242600000000001
0.52702
0.5233599999999999
0.5260800000000002
0.52346
0.5273000000000001
0.5231200000000001
0.52792
0.52416
0.52678
0.5242600000000001
0.5269199999999998
0.5255600000000002
0.5250400000000002
0.5255400000000001
0.5255999999999998
0.52292
0.52482
0.5271400000000002
0.52518
0.5259800000000002
0.5270600000000001
0.5234399999999997
0.5263000000000003
0.5245799999999999
0.52466
0.5273
0.52384
0.52582
0.5244200000000003
0.5257600000000001
0.52424
0.5274600000000002
0.5238200000000002
0.5269599999999999
0.5244800000000002
0.52798
0.5227400000000002
0.5269600000000003
0.52382
0.5276400000000001
0.5235
0.5284600000000002
0.5233599999999999
0.5280999999999999
0.52298
0.5272600000000002
0.5243
0.5279200000000001
0.5233400000000001
0.5295000000000001
0.5210600000000002
0.5292000000000003
0.52138
0.52996
0.5220400000000002
0.5291800000000001
0.5232800000000001
0.5286600000000002
0.5249599999999999
0.5267200000000001
0.5250200000000002
0.5279199999999997
0.5246999999999999
0.5272000000000001
0.5252600000000001
0.5259599999999998
0.5261400000000003
0.5258599999999999
0.5255799999999999
0.5239800000000001
0.5254400000000001
0.5254800000000001
0.5255400000000001
0.5250800000000001
0.5235600000000001
0.5274399999999999
0.5226
0.5299200000000003
0.52144
0.52764
0.5233199999999999
0.5271600000000001
0.5232600000000001
0.52742
0.52254
0.5265200000000001
0.52394
0.5261399999999999
0.5235799999999999
0.52672
0.5234599999999999
0.5264600000000002
0.5242600000000001
0.5270999999999999
0.5233600000000002
0.52508
0.5276200000000002
0.5253400000000003
0.5281999999999999
0.5232400000000001
0.5267
0.5240800000000003
0.52538
0.5261400000000003
0.5253199999999997
0.5267200000000001
0.5234599999999999
0.52738
0.5227600000000001
0.5293200000000001
0.52294
0.5291199999999998
0.5230599999999997
0.5282400000000002
0.5225600000000001
0.5275199999999999
0.52418
0.5259400000000002
0.52432
0.52608
0.52344
0.52664
0.5246800000000001
0.52516
0.5254599999999998
0.5241600000000001
0.5270199999999999
0.5225599999999999
0.5292799999999996
0.5212800000000001
0.5284599999999999
0.5228000000000002
0.5268599999999997
0.5254000000000001
0.5242800000000001
0.5271200000000001
0.5224000000000001
0.5284800000000001
0.5211399999999999
0.5286200000000002
0.5215999999999998
0.52712
0.52192
0.5295000000000001
0.5214799999999999
0.5298200000000003
0.5198000000000002
0.5299400000000001
0.5225800000000003
0.5275599999999997
0.52212
0.5280399999999998
0.5235000000000003
0.52772
0.5246999999999999
0.5263
0.5253200000000002
0.5252
0.5244799999999998
0.5248200000000002
0.5271800000000001
0.52522
0.5259599999999999
0.5228800000000001
0.5289
0.5224600000000001
0.52804
0.52294
0.52746
0.52298
0.52688
0.5246200000000001
0.52778
0.52162
0.52966
0.5244399999999998
0.5261800000000001
0.5255399999999999
0.5254800000000001
0.5246600000000001
0.5260200000000004
0.5257600000000001
0.5243
0.5277799999999998
0.52398
0.5266600000000001
0.52338
0.5263399999999999
0.5247600000000001
0.52504
0.5249200000000002
0.5251200000000001
0.5259599999999999
0.52622
0.5251
0.5257400000000001
0.52666
0.5246400000000001
0.52458
0.5246000000000002
0.5264000000000001
0.5242400000000003
0.5269
0.5234800000000001
0.5269199999999999
0.52268
0.5274599999999999
0.5245800000000002
0.5269400000000001
0.5227400000000002
0.5282
0.5223
0.52714
0.5238200000000002
0.5294200000000001
0.5202399999999999
0.5288400000000002
0.5215399999999998
0.5282400000000002
0.5230200000000002
0.5268
0.5233200000000001
0.5261999999999999
0.5243200000000001
0.5273200000000002
0.5241399999999997
0.5269600000000001
0.5259800000000001
0.526
0.5254599999999998
0.5246800000000004
0.5257199999999999
0.5233599999999999
0.5279800000000001
0.52486
0.5243599999999999
0.52628
0.5235599999999999
0.52686
0.5235600000000001
0.5259800000000002
0.5255599999999999
0.5246400000000001
0.52386
0.52634
0.5246199999999998
0.5266200000000002
0.5254599999999999
0.5261000000000001
0.5246200000000002
0.5259200000000002
0.5236000000000001
0.5247600000000002
0.52624
0.52492
0.5264
0.5241000000000002
0.5271799999999999
0.5239400000000001
0.5281600000000001
0.52374
0.5264600000000003
0.52564
0.5261400000000002
0.5245000000000001
0.5265800000000002
0.5234600000000001
0.5266200000000001
0.5233599999999999
0.5268599999999999
0.5242800000000003
0.5257600000000001
0.52398
0.5279200000000002
0.5235
0.5290400000000001
0.52164
0.5295200000000001
0.5222600000000001
0.5272400000000004
0.5245400000000001
0.5248200000000004
0.5263
0.5251800000000002
0.52502
0.5264200000000002
0.5238200000000002
0.52732
0.5221600000000002
0.5267000000000001
0.5242600000000001
0.5261800000000002
0.5246200000000001
0.5235000000000001
0.5285800000000003
0.52412
0.5265400000000001
0.5231200000000001
0.5278600000000003
0.5221800000000001
0.52612
0.5250599999999999
0.5269200000000003
0.5223000000000001
0.5283399999999999
0.5235799999999999
0.5268200000000001
0.5251200000000003
0.52494
0.5252200000000001
0.5246
0.5283600000000002
0.5227600000000002
0.52924
0.52272
0.5283600000000002
0.52334
0.52564
0.52392
0.5285
0.5225799999999999
0.53072
0.5206399999999999
0.5299999999999998
0.52032
0.53102
0.5208600000000002
0.5292
0.5211000000000001
0.5280000000000001
0.5220599999999997
0.5277999999999998
0.5235799999999999
0.52752
0.5238600000000001
0.5253200000000002
0.5271799999999999
0.5232799999999999
0.5264999999999997
0.5256
0.5260400000000002
0.52536
0.52388
0.5258599999999999
0.52542
0.5237000000000002
0.52646
0.52556
0.52488
0.5246199999999999
0.5262600000000001
0.5262800000000001
0.5244600000000004
0.52802
0.5227399999999998
0.5297400000000001
0.5209999999999999
0.53092
0.5206200000000001
0.52972
0.5211000000000001
0.5280200000000002
0.5247
0.5253200000000001
0.5244600000000003
0.5250800000000002
0.52496
0.52528
0.5246
0.5244600000000003
0.5255999999999998
0.5244800000000002
0.52704
0.5233599999999999
0.52654
0.5258999999999999
0.5242599999999998
0.52592
0.5254400000000001
0.5243800000000001
0.5266600000000001
0.5250600000000001
0.5263000000000001
0.5257999999999998
0.5255199999999999
0.52492
0.5248
0.5245400000000001
0.52718
0.5231999999999999
0.52652
0.52348
0.5273600000000002
0.52386
0.5273599999999999
0.5237200000000004
0.5262999999999998
0.5238600000000003
0.5266799999999999
0.52488
0.5264000000000002
0.5242199999999999
0.5256799999999999
0.5246999999999999
0.5240199999999999
0.52708
0.5248600000000002
0.52768
0.5225799999999999
0.5279800000000001
0.5239599999999999
0.5237400000000001
0.5281400000000002
0.5212800000000003
0.52834
0.5221599999999998
0.5284200000000001
0.5211000000000001
0.5294999999999999
0.52216
0.5288799999999999
0.52026
0.5289200000000001
0.52376
0.5279600000000002
0.52328
0.5258400000000002
0.5266999999999998
0.52408
0.5262800000000002
0.5235200000000001
0.52632
0.5246399999999998
0.5262
0.5246600000000001
0.5261800000000001
0.52484
0.5265800000000003
0.5232400000000001
0.5263400000000003
0.5256400000000001
0.5258600000000002
0.5237400000000003
0.5243599999999998
0.5259600000000002
0.5248400000000003
0.5262000000000002
0.5244000000000001
0.5258400000000002
0.5241600000000001
0.5262400000000002
0.5233200000000001
0.52738
0.5240600000000002
0.5258000000000002
0.5257199999999999
0.52514
0.5264000000000002
0.5232600000000001
0.5283599999999998
0.5233200000000001
0.5286200000000001
0.5227600000000001
0.5278999999999999
0.5243600000000002
0.5270400000000001
0.5239400000000002
0.5264000000000002
0.5251600000000001
0.5239400000000001
0.5252600000000001
0.5252200000000002
0.5252800000000001
0.52476
0.5274399999999999
0.5230800000000001
0.52752
0.5237400000000001
0.5277000000000002
0.52362
0.5275600000000003
0.5240400000000001
0.5263599999999998
0.5251200000000003
0.5247599999999999
0.5270999999999999
0.5237800000000001
0.5277600000000001
0.5234
