0.19999999999999962
0.5813199999999998
0.46606000000000025
0.5546599999999998
0.48746
0.5405999999999997
0.49725999999999976
0.5308999999999999
0.5056200000000003
0.5242800000000001
0.50886
0.52098
0.51404
0.5191400000000003
0.5136000000000002
0.5198199999999997
0.51406
0.5178400000000002
0.5158000000000001
0.51664
0.5181600000000002
0.5157999999999999
0.51556
0.51688
0.5159200000000003
0.51682
0.51814
0.5151999999999999
0.5169000000000001
0.51536
0.51878
0.5169400000000001
0.5165000000000001
0.5191000000000001
0.5131
0.52008
0.5125000000000001
0.5172800000000001
0.5160200000000001
0.5195
0.5158800000000002
0.5162599999999997
0.5171400000000003
0.5161800000000001
0.5168800000000001
0.5161800000000002
0.51846
0.5126000000000002
0.5197600000000001
0.5153600000000002
0.5171200000000004
0.51676
0.5168600000000001
0.5175
0.5160600000000004
0.5170599999999999
0.51686
0.51624
0.517
0.51524
0.5168400000000001
0.51466
0.5167200000000001
0.51642
0.5142599999999998
0.52024
0.5134199999999999
0.5179800000000002
0.5167200000000001
0.5176400000000002
0.5155200000000003
0.5157799999999999
0.5152000000000004
0.51742
0.51456
0.5184
0.5177200000000003
0.5138000000000001
0.5187799999999999
0.5157600000000001
0.5157200000000001
0.5149800000000002
0.51996
0.5152800000000002
0.5179800000000001
0.5169
0.5143000000000001
0.5182800000000002
0.5171000000000001
0.5161800000000002
0.5169600000000001
0.5158
0.5193000000000003
0.51354
0.5188400000000002
0.5150999999999999
0.5209400000000002
0.5117400000000001
0.51964
0.5166600000000002
0.51702
0.5156000000000003
0.5166799999999999
0.5150000000000001
0.5171200000000001
0.51594
0.5175200000000002
0.5151400000000003
0.518
0.5164399999999999
0.5139400000000003
0.5172400000000004
0.51668
0.5183600000000004
0.5163800000000003
0.5171600000000002
0.5156000000000001
0.5184600000000001
0.515
0.5146600000000001
0.5173
0.5164000000000002
0.5171400000000002
0.5156600000000001
0.5154000000000001
0.5181000000000002
0.5162399999999999
0.5154600000000001
0.51808
0.5144000000000002
0.5183400000000001
0.51744
0.5168000000000003
0.5159800000000001
0.51754
0.5145000000000001
0.5176000000000004
0.5146600000000002
0.5166400000000001
0.51646
0.51762
0.5144200000000002
0.5164800000000003
0.51686
0.51556
0.5161600000000002
0.5171399999999999
0.5172000000000003
0.5153000000000002
0.5165600000000002
0.5157800000000001
0.51844
0.5148600000000003
0.5183200000000002
0.5144400000000005
0.51906
0.5167000000000002
0.5150199999999999
0.5169999999999998
0.5154200000000002
0.5173200000000002
0.5144400000000001
0.5165000000000002
0.51846
0.5135400000000001
0.5185600000000001
0.5147400000000001
0.5198400000000002
0.5133599999999998
0.51802
0.5162000000000002
0.5166799999999998
0.5149400000000004
0.51612
0.51686
0.5155600000000002
0.517
0.5169400000000002
0.5161200000000002
0.5153200000000001
0.5167000000000002
0.5164400000000005
0.51546
0.5179
0.5152200000000001
0.5185800000000004
0.5135200000000002
0.5174400000000001
0.51616
0.51652
0.5186399999999997
0.5130999999999999
0.5183199999999999
0.51434
0.5181400000000002
0.51326
0.5192800000000001
0.5150799999999999
0.51732
0.5147600000000001
0.51756
0.51618
0.5159199999999999
0.5170800000000001
0.5165200000000001
0.5137800000000002
0.5171400000000002
0.5169800000000001
0.5155400000000001
0.5163799999999998
0.5163800000000002
0.51684
0.5172200000000001
0.5162599999999999
0.5142800000000001
0.51882
0.51604
0.5169600000000001
0.5176000000000001
0.51692
0.51422
0.5169599999999999
0.5159400000000002
0.51724
0.5148200000000002
0.5165800000000002
0.5162400000000001
0.5152200000000001
0.51912
0.5140400000000002
0.5174200000000001
0.51826
0.5161800000000002
0.5168000000000003
0.5152800000000001
0.5167000000000002
0.5161800000000003
0.5152999999999998
0.51698
0.5171199999999998
0.5160600000000002
0.5153
0.5151200000000001
0.5178400000000001
0.5151999999999998
0.5174200000000002
0.5150199999999999
0.5191800000000003
0.5146400000000003
0.51706
0.5156200000000002
0.5172400000000003
0.5146200000000001
0.5163800000000002
0.5146800000000001
0.5175
0.51546
0.5165200000000002
0.5174000000000001
0.5178400000000001
0.51662
0.5159400000000002
0.5150000000000001
0.5169200000000003
0.5156400000000003
0.5158399999999999
0.5174799999999999
0.5162000000000002
0.5165400000000001
0.5149800000000001
0.5166200000000002
0.5172599999999999
0.5183600000000002
0.5139000000000001
0.5194000000000001
0.51132
0.5210000000000001
0.5139600000000002
0.5194600000000001
0.5154200000000003
0.5174200000000004
0.517
0.51652
0.5155599999999998
0.5168400000000001
0.5178
0.5152800000000001
0.5157400000000001
0.51636
0.5170600000000002
0.5153599999999999
0.5182800000000001
0.5159600000000001
0.5159400000000002
0.5179600000000002
0.5136999999999999
0.5197
0.51458
0.5184800000000002
0.5146600000000001
0.5159400000000001
0.5182400000000003
0.5151399999999999
0.5157400000000001
0.5172000000000001
0.5156800000000001
0.5176400000000002
0.5161200000000002
0.5186600000000002
0.5157200000000002
0.5188200000000002
0.51638
0.5160600000000001
0.5168799999999999
0.5156000000000003
0.5165400000000003
0.5139800000000003
0.51658
0.5159400000000002
0.5153800000000001
0.5176200000000003
0.5179800000000002
0.5169600000000001
0.5151800000000002
0.5164400000000001
0.5177000000000002
0.5157399999999999
0.5177800000000001
0.5163
0.5137999999999999
0.5180000000000002
0.51754
0.5147200000000002
0.5194000000000003
0.5137600000000001
0.51934
0.51636
0.5175
0.51592
0.5176200000000003
0.5150400000000004
0.5182799999999999
0.5131200000000002
0.5188999999999999
0.5151800000000004
0.5175200000000001
0.5162800000000002
0.5155800000000001
0.51662
0.51624
0.5156000000000003
0.51694
0.51652
0.5146999999999999
0.5194400000000001
0.5122599999999999
0.5218400000000002
0.5138800000000002
0.51982
0.5131800000000001
0.5198600000000001
0.5131
0.5195599999999998
0.5166800000000003
0.5161399999999999
0.5170199999999999
0.5157200000000001
0.5161000000000001
0.5175200000000002
0.5156999999999999
0.51794
0.5150400000000002
0.51512
0.5184600000000001
0.5142800000000003
0.5163600000000002
0.5161400000000002
0.51636
0.5159999999999999
0.5178800000000003
0.5154800000000002
0.51948
0.51454
0.51706
0.5159200000000002
0.5181600000000002
0.5134400000000002
0.5195800000000004
0.5120200000000001
0.5200400000000003
0.5147799999999999
0.51644
0.5164600000000003
0.5161799999999999
0.51646
0.5174400000000002
0.5167000000000003
0.5160600000000003
0.5145599999999999
0.5177200000000002
0.51446
0.5183800000000001
0.51394
0.5189400000000003
0.5148800000000002
0.5185000000000001
0.5169400000000001
0.5162600000000002
0.5158200000000004
0.5160400000000004
0.51682
0.5174200000000003
0.5141800000000002
0.5185000000000003
0.5139799999999999
0.51768
0.5150400000000004
0.5168200000000001
0.5162600000000002
0.5172600000000002
0.5158200000000001
0.5194400000000002
0.5147399999999999
0.5174200000000002
0.5140199999999999
0.5194200000000003
0.51506
0.5184000000000002
0.5151600000000003
0.5161
0.51788
0.51364
0.51908
0.5155200000000003
0.5186400000000002
0.5152200000000002
0.51764
0.5179800000000001
0.51254
0.52082
0.5135600000000001
0.5200600000000001
0.5131399999999998
0.5190400000000001
0.5136799999999999
0.5183800000000001
0.51522
0.51802
0.5157600000000001
0.51674
0.5165
0.5161599999999998
0.5177600000000003
0.5157599999999999
0.5159600000000002
0.51766
0.5147600000000001
0.5161800000000002
0.51644
0.5182200000000001
0.5132000000000001
0.51864
0.5130600000000001
0.5188200000000002
0.5174000000000001
0.5138800000000002
0.5194800000000003
0.5132400000000001
0.5181000000000001
0.5174400000000001
0.51282
0.5210200000000003
0.5140600000000003
0.5188200000000002
0.5142
0.5182000000000001
0.5147400000000001
0.5179800000000003
0.5156999999999999
0.5163000000000004
0.5178800000000001
0.5157
0.5165400000000004
0.5182799999999999
0.5125800000000001
0.5195000000000001
0.5140400000000002
0.5168800000000002
0.5185399999999999
0.51558
0.5185000000000002
0.5182199999999999
0.5147400000000001
0.51834
0.5145600000000001
0.5181599999999998
0.5140000000000001
0.52018
0.5109400000000002
0.5203
0.51544
0.5176
0.5146600000000001
0.5192400000000003
0.5143399999999999
0.51904
0.51304
0.51976
0.5150800000000002
0.5190000000000001
0.5134800000000002
0.5201199999999999
0.5139799999999998
0.5194400000000003
0.5145400000000001
0.5184600000000001
0.5142200000000001
0.5184400000000005
0.5152200000000005
0.5176200000000001
0.51512
0.5163800000000003
0.5175600000000001
0.51504
0.5176200000000002
0.51528
0.5171400000000002
0.51528
0.5161000000000002
0.5159800000000001
0.5165200000000001
0.5153399999999999
0.51798
0.5155599999999998
0.5184200000000002
0.51524
0.5172400000000003
0.51544
0.51824
0.5153400000000004
0.517
0.5160800000000002
0.5168600000000001
0.5160000000000001
0.5151000000000001
0.5181800000000001
0.5149200000000002
0.5173000000000001
0.5176599999999999
0.5144400000000002
0.5194800000000002
0.5146400000000001
0.51776
0.51496
0.5169799999999998
0.51532
0.51776
0.5153800000000003
0.51518
0.5164200000000001
0.5172
0.5144600000000001
0.5180400000000004
0.5165600000000001
0.5160599999999999
0.5157200000000001
0.5159000000000001
0.5186400000000002
0.5146800000000002
0.5168200000000003
0.5160000000000001
0.51634
0.5143200000000003
0.5179200000000003
0.5156000000000002
0.5166400000000001
0.5183399999999996
0.5149200000000002
0.5177600000000002
0.5167800000000001
0.5160799999999999
0.5149199999999999
0.51558
0.5164400000000001
0.5172400000000001
0.5160600000000004
0.51494
0.51616
0.5150200000000001
0.5152200000000002
0.5169400000000001
0.51612
0.5161199999999998
0.51644
0.5156200000000001
0.5174999999999998
0.5157000000000003
0.5175
0.5148400000000001
0.51792
0.51524
0.5180800000000001
0.5148
0.5197400000000001
0.5157999999999999
0.51678
0.5169
0.5160399999999999
0.5171000000000001
0.5152399999999999
0.5162000000000002
0.5164199999999998
0.5171600000000001
0.5172400000000001
0.51552
0.5167400000000001
0.5185
0.5139600000000002
0.5178000000000001
0.5163800000000001
0.5159400000000001
0.5157200000000001
0.5161200000000001
0.5165400000000001
0.5161800000000002
0.5170000000000001
0.5159600000000001
0.51772
0.5167600000000002
0.5159000000000004
0.5158599999999999
0.5165199999999998
0.51674
0.5135200000000002
0.5175200000000002
0.5168400000000002
0.5164200000000002
0.51766
0.5161800000000001
0.5165400000000004
0.5174399999999999
0.5158999999999998
0.5167400000000001
0.5165600000000001
0.5189599999999999
0.51474
0.5185800000000002
0.5157200000000001
0.5165200000000001
0.5173400000000001
0.51596
0.5168200000000001
0.5164199999999998
0.5177999999999999
0.51612
0.5169200000000002
0.5160400000000002
0.5142599999999997
0.51826
0.51516
0.5165000000000002
0.5149600000000003
0.5172800000000002
0.5166000000000001
0.51688
0.5168200000000001
0.5168200000000002
0.5156800000000001
0.51722
0.51884
0.5144799999999998
0.51804
0.5174
0.5154800000000003
0.5159600000000002
0.5170199999999999
0.5168399999999999
0.5157200000000003
0.5172000000000001
0.5147400000000001
0.5158400000000001
0.5167400000000003
0.5157999999999999
0.5161000000000001
0.5169400000000003
0.5158200000000003
0.5167600000000001
0.51696
0.5152000000000004
0.5181800000000002
0.5160400000000003
0.51592
0.51766
0.5149400000000002
0.51816
0.5154600000000001
0.5184200000000002
0.5173399999999999
0.5162
0.5169
0.5156400000000001
0.5164400000000001
0.5141800000000003
0.5183199999999999
0.5172000000000001
0.51692
0.51792
0.5134400000000001
0.5189
0.5147400000000001
0.51862
0.5151600000000001
0.5150199999999998
0.5188399999999999
0.5152400000000003
0.5166800000000003
0.5158400000000001
0.51786
0.5144400000000001
0.5184599999999998
0.51512
0.5179
0.5148
0.5170800000000001
0.5163400000000002
0.5156600000000001
0.5170800000000001
0.51732
0.5152800000000003
0.5197600000000002
0.5134199999999999
0.5192200000000002
0.5173399999999999
0.5135600000000001
0.5184400000000002
0.5143800000000001
0.51772
0.51444
0.5165799999999998
0.5163600000000002
0.5175400000000001
0.5151400000000002
0.5192600000000002
0.51266
0.5185400000000002
0.51544
0.5148800000000002
0.5185599999999999
0.51638
0.5176400000000002
0.5144400000000002
0.5162199999999999
0.5153000000000001
0.51756
0.5162400000000003
0.5147400000000001
0.5162800000000001
0.5161400000000002
0.5182200000000001
0.5151600000000002
0.5187200000000002
0.5136799999999999
0.5191600000000002
0.5161000000000001
0.5154800000000003
0.5165600000000001
0.5176400000000002
0.5150199999999999
0.51746
0.5153
0.5168399999999999
0.5179399999999998
0.5162999999999999
0.5168400000000002
0.5162400000000001
0.51634
0.5157399999999999
0.5181
0.5135000000000001
0.5182400000000003
0.5178200000000002
0.5150399999999999
0.51846
0.5168200000000001
0.5153400000000001
0.5164399999999998
0.5163399999999999
0.517
0.5165400000000001
0.5165200000000001
0.5153600000000002
0.5172200000000001
0.5148800000000002
0.5184399999999999
0.5151
0.5165800000000003
0.51548
0.51692
0.5167399999999998
0.5173999999999999
0.5153600000000003
0.51654
0.51836
0.51626
0.5157000000000003
0.5185800000000002
0.5132399999999999
0.5191600000000001
0.5142800000000002
0.5190600000000001
0.51552
0.5176000000000004
0.5154200000000002
0.51676
0.51808
0.51536
0.51564
0.51686
0.5157200000000001
0.5186599999999997
0.5128800000000001
0.5195000000000003
0.5149399999999998
0.51768
0.5158000000000001
0.5163400000000002
0.5168400000000001
0.5152200000000001
0.5173000000000002
0.5157200000000001
0.5162600000000002
0.5180400000000001
0.5158000000000001
0.5182199999999999
0.5161
0.5171200000000001
0.5152000000000001
0.5158
0.5181800000000001
0.5161399999999999
0.5153
0.51936
0.5172200000000001
0.5159000000000002
0.5166000000000001
0.5164400000000002
0.5155799999999999
0.5165799999999998
0.5167200000000001
0.5157400000000002
0.51664
0.51464
0.5169600000000002
0.5168200000000001
0.5165600000000001
0.5158
0.5156600000000001
0.5160600000000002
0.51676
0.5157800000000001
0.5160999999999999
0.5170000000000001
0.5152600000000002
0.51908
0.5144400000000003
0.51768
0.5150000000000001
0.51656
0.5160199999999996
0.51448
0.5171399999999999
0.5169400000000001
0.5162800000000003
0.51556
0.5156400000000002
0.5161199999999998
0.5160000000000001
0.5161400000000003
0.5179400000000004
0.5159800000000001
0.51822
0.5153199999999998
0.5191400000000003
0.5147600000000002
0.5186
0.51532
0.5172200000000001
0.5151400000000004
0.5178400000000001
0.51382
0.5192199999999999
0.5165000000000003
0.5166999999999998
0.5159399999999998
0.5183200000000001
0.5140800000000002
0.51864
0.5150200000000001
0.5176599999999998
0.5147400000000001
0.5166400000000002
0.51588
0.5154200000000002
0.5154600000000003
0.5167800000000004
0.5146400000000001
0.5189599999999999
0.5134600000000002
0.51766
0.5168
0.5156200000000001
0.5152199999999999
0.5180799999999999
0.5151199999999997
0.51944
0.5136200000000001
0.5176999999999999
0.5175
0.5178
0.5145600000000001
0.5176600000000002
0.5151800000000002
0.51748
0.51556
0.51704
0.5163
0.5158000000000001
0.5156000000000001
0.5164200000000002
0.5187000000000002
0.5147599999999999
0.5160200000000003
0.51504
0.5179000000000001
0.5163400000000005
0.5174400000000001
0.5156800000000001
0.5178400000000002
0.5158400000000002
0.5170400000000003
0.51668
0.517
0.5148000000000001
0.51676
0.5180800000000001
0.5153599999999999
0.5173200000000001
0.5158400000000001
0.5167600000000001
0.51424
0.5175399999999999
0.5153400000000001
0.5175600000000002
0.5168400000000005
0.5156200000000003
0.5171600000000002
0.5175400000000001
0.5179
0.5150800000000001
0.5170200000000001
0.51302
0.5193800000000003
0.5132200000000001
0.51778
0.51704
0.51758
0.5157999999999998
0.5147999999999998
0.51586
0.51874
0.5120399999999999
0.5200600000000002
0.5135199999999999
0.5188800000000002
0.5138000000000001
0.51838
0.5160800000000003
0.5168
0.5182200000000001
0.5174
0.5156400000000001
0.5169800000000002
0.51604
0.5165799999999999
0.5163000000000002
0.5175800000000002
0.5170000000000001
0.51648
0.5153999999999999
0.51934
0.5151200000000001
0.5170600000000003
0.51572
0.5159600000000002
0.5183800000000002
0.5141
0.5192799999999999
0.5143000000000002
0.5164000000000003
0.5145200000000002
