0.19999999999999962
0.7468199999999997
0.32968
0.6938
0.37633999999999995
0.6558399999999999
0.4088799999999999
0.6298400000000002
0.4329599999999998
0.6099000000000003
0.44764000000000004
0.5953999999999998
0.46506000000000014
0.5798000000000001
0.4790799999999998
0.5678799999999998
0.4874600000000001
0.5601799999999999
0.49661999999999984
0.5515
0.5035399999999999
0.5446599999999999
0.5083000000000001
0.5418600000000002
0.5131600000000003
0.5374200000000002
0.5169600000000002
0.53238
0.52072
0.52936
0.52352
0.5268799999999999
0.5246400000000001
0.5270600000000001
0.52608
0.5254000000000001
0.5263600000000002
0.5261000000000002
0.5259199999999999
0.5265799999999998
0.5235200000000001
0.52768
0.52392
0.5287
0.52358
0.5284400000000002
0.52478
0.5264599999999999
0.5232800000000002
0.5287000000000002
0.5235
0.5290599999999996
0.5204600000000001
0.5313400000000001
0.52144
0.5269400000000001
0.5234400000000001
0.5293000000000001
0.52424
0.52538
0.5274800000000002
0.52472
0.5283
0.5259999999999998
0.5244400000000001
0.52614
0.5269000000000004
0.5240199999999999
0.5282600000000004
0.5248999999999999
0.52536
0.5260000000000001
0.52498
0.5281799999999999
0.52398
0.52626
0.5244600000000001
0.5276600000000002
0.5254000000000001
0.5264599999999999
0.5254199999999999
0.5245600000000002
0.52638
0.5256399999999999
0.5266200000000003
0.5234200000000002
0.5301400000000001
0.5229
0.52846
0.5235599999999999
0.5301799999999998
0.5231600000000001
0.5277800000000001
0.5241
0.5278800000000001
0.5226000000000002
0.52886
0.523
0.5284400000000001
0.5235399999999999
0.5293200000000001
0.5230000000000001
0.52878
0.5232600000000002
0.5264800000000003
0.5244400000000001
0.5260400000000002
0.5237599999999999
0.5285799999999999
0.5208799999999999
0.53078
0.5224
0.5273199999999999
0.5256799999999999
0.5255400000000001
0.5256800000000001
0.5262600000000002
0.5259199999999999
0.5254599999999999
0.5261
0.52662
0.5242799999999999
0.52818
0.5243200000000001
0.5283400000000001
0.5238400000000002
0.5269199999999998
0.5250199999999999
0.5262800000000003
0.5247999999999999
0.5262000000000002
0.5269200000000002
0.5240400000000001
0.5254999999999999
0.5283999999999999
0.5233200000000001
0.5258799999999999
0.5249399999999999
0.5272199999999999
0.52504
0.5259199999999998
0.5260800000000004
0.52456
0.5267799999999999
0.5237599999999998
0.5285
0.5215600000000001
0.5295800000000003
0.52152
0.5292399999999999
0.5229400000000001
0.5294000000000001
0.5236999999999999
0.5275
0.5234599999999998
0.52626
0.52542
0.5274599999999999
0.5258800000000001
0.5262600000000003
0.5246799999999999
0.5278599999999999
0.5244400000000001
0.5276
0.52456
0.5274000000000001
0.5232800000000001
0.5279399999999996
0.5240600000000001
0.52814
0.52192
0.53004
0.5221
0.5300999999999998
0.5213799999999997
0.5304599999999999
0.5217400000000001
0.5318800000000001
0.52218
0.5277000000000003
0.5245600000000001
0.5256600000000001
0.5259000000000001
0.5251800000000001
0.5263399999999999
0.5246400000000001
0.52552
0.52398
0.5273399999999999
0.5238200000000002
0.52766
0.52428
0.5281800000000001
0.52348
0.5271800000000004
0.5242999999999998
0.5263
0.5231999999999999
0.5286800000000003
0.5212799999999999
0.53
0.5221400000000002
0.52942
0.5211400000000002
0.5297000000000001
0.5221200000000003
0.52876
0.5240399999999998
0.5290399999999998
0.5224
0.52842
0.5231999999999999
0.52624
0.5275800000000002
0.5240599999999997
0.5294399999999998
0.5222800000000001
0.5302800000000002
0.5229600000000001
0.5278400000000001
0.5230799999999999
0.5289600000000001
0.52106
0.53012
0.5210400000000001
0.5294400000000001
0.5222399999999999
0.52768
0.5261
0.52632
0.52464
0.5268599999999999
0.5259000000000001
0.5254399999999999
0.5260000000000002
0.5256400000000001
0.5259000000000003
0.5265399999999998
0.5250400000000002
0.5265200000000001
0.5253600000000003
0.5253600000000002
0.52652
0.5250999999999999
0.5259600000000002
0.5244599999999999
0.52418
0.5296400000000001
0.52408
0.52828
0.5238999999999999
0.5270999999999999
0.52442
0.5251600000000003
0.5272
0.5229
0.52764
0.5240599999999999
0.5265999999999997
0.52416
0.5277399999999998
0.5234800000000002
0.5274800000000003
0.52364
0.52728
0.5250000000000002
0.5277200000000001
0.52544
0.5279200000000001
0.5226400000000001
0.5282999999999999
0.5242799999999996
0.5263000000000002
0.52706
0.5227600000000002
0.5278200000000003
0.5231400000000002
0.5287400000000004
0.5239800000000002
0.5267000000000001
0.5230999999999999
0.5296799999999998
0.5256200000000003
0.5269999999999999
0.5243
0.52888
0.5238000000000002
0.52786
0.5247399999999999
0.52678
0.5257800000000001
0.5272200000000001
0.5272600000000003
0.5230199999999998
0.5282199999999998
0.5252199999999999
0.52508
0.5262000000000002
0.5281599999999996
0.52258
0.5295400000000001
0.52152
0.52912
0.5221200000000001
0.5319799999999999
0.5209199999999999
0.5310400000000002
0.5219199999999999
0.5307400000000001
0.5228800000000001
0.5275
0.5247400000000001
0.5266000000000003
0.5233999999999999
0.5276800000000001
0.5251800000000002
0.5270599999999999
0.52356
0.5285799999999999
0.5229000000000001
0.52816
0.5266400000000001
0.5246600000000001
0.52578
0.5257800000000001
0.52438
0.52796
0.52492
0.5248800000000001
0.5264
0.5268400000000001
0.5249400000000001
0.52732
0.5250599999999997
0.5265200000000002
0.5255000000000001
0.5274599999999999
0.5253799999999998
0.5262600000000001
0.52492
0.52652
0.5270000000000001
0.5239800000000002
0.52768
0.5234000000000002
0.5299599999999998
0.5216000000000003
0.52822
0.5224400000000003
0.5291800000000001
0.5210400000000002
0.5292
0.5224200000000002
0.5293000000000001
0.5241799999999999
0.52722
0.52546
0.5256000000000001
0.5265799999999999
0.5252199999999998
0.5246799999999999
0.52578
0.5253799999999998
0.52826
0.5244200000000001
0.52692
0.5245800000000003
0.52746
0.52374
0.52814
0.5234800000000001
0.5265600000000003
0.5264599999999999
0.5254400000000001
0.52682
0.52394
0.5302799999999999
0.5228000000000002
0.5270400000000001
0.5233400000000001
0.5290599999999999
0.5217
0.5300999999999999
0.5226200000000002
0.5284200000000001
0.52312
0.5297
0.5231399999999998
0.5275399999999996
0.5231600000000001
0.52936
0.5202600000000003
0.5294200000000002
0.5217
0.52788
0.5252
0.52518
0.52652
0.5240000000000004
0.5269399999999999
0.5248600000000001
0.5274600000000002
0.5244000000000001
0.5267599999999998
0.5264000000000001
0.5255800000000002
0.5269199999999997
0.5255799999999999
0.5268400000000001
0.5244200000000001
0.5293000000000001
0.52424
0.5268800000000001
0.5241000000000002
0.5281400000000002
0.5232600000000002
0.52782
0.5251600000000001
0.5259599999999999
0.5246000000000002
0.52744
0.5259600000000001
0.5258600000000002
0.5256199999999999
0.5244200000000002
0.5268200000000001
0.5248800000000001
0.5257000000000001
0.5262399999999999
0.52552
0.5277400000000001
0.52634
0.5252800000000001
0.5265000000000001
0.52486
0.5276000000000001
0.5250400000000003
0.5270600000000001
0.52434
0.5265
0.5248000000000002
0.5283599999999999
0.5234000000000001
0.52802
0.52534
0.5259600000000002
0.5262599999999998
0.5273999999999998
0.5232200000000001
0.52702
0.5223999999999998
0.5292800000000002
0.5233599999999999
0.5270199999999997
0.52444
0.5272200000000001
0.5244000000000002
0.5280600000000001
0.52412
0.52678
0.52544
0.5255000000000001
0.5260000000000001
0.5258799999999999
0.5265
0.5246000000000001
0.5270600000000001
0.5256200000000002
0.52756
0.5246599999999999
0.5267599999999999
0.5240600000000003
0.5278200000000001
0.5248800000000001
0.52696
0.525
0.5282400000000003
0.52448
0.52754
0.5247400000000002
0.5280399999999998
0.5241600000000002
0.5287400000000001
0.5227600000000002
0.5275199999999998
0.5248599999999999
0.5272000000000002
0.5246799999999998
0.5266400000000001
0.5257599999999999
0.5256200000000002
0.5276400000000001
0.52588
0.5258400000000001
0.52502
0.529
0.5224200000000002
0.5300199999999999
0.5216199999999998
0.5283600000000002
0.5210400000000002
0.5281599999999999
0.5234
0.5294599999999999
0.52214
0.5289000000000001
0.5242400000000002
0.5281800000000001
0.5231200000000001
0.52788
0.5232200000000001
0.5272200000000002
0.5238600000000002
0.5287200000000001
0.5238999999999999
0.5252600000000001
0.5258400000000002
0.5255000000000001
0.52604
0.5262800000000001
0.52502
0.5255400000000001
0.5264000000000001
0.5271199999999998
0.52526
0.52634
0.5253599999999997
0.5281199999999999
0.5241799999999998
0.5278200000000001
0.52292
0.5278399999999999
0.52496
0.5253999999999999
0.5250600000000002
0.52602
0.5247600000000003
0.5271
0.5248
0.52796
0.5235200000000003
0.52794
0.5239799999999999
0.5290200000000002
0.5228800000000002
0.5280800000000001
0.52292
0.5266600000000001
0.52512
0.5284
0.5239400000000003
0.5284599999999999
0.5226200000000002
0.5284999999999997
0.5232800000000001
0.5285199999999999
0.52352
0.5283400000000001
0.5242000000000001
0.5264400000000001
0.52486
0.52788
0.5233800000000002
0.5281199999999998
0.52272
0.5279799999999999
0.5255799999999998
0.5249600000000001
0.525
0.5274599999999999
0.5255199999999999
0.5242999999999999
0.52618
0.5243000000000001
0.52746
0.5246399999999999
0.5272600000000001
0.52484
0.5288000000000003
0.5227999999999999
0.5276799999999998
0.5247799999999998
0.5274999999999999
0.52396
0.5288200000000001
0.52234
0.52852
0.5243800000000001
0.5260199999999999
0.5254800000000003
0.5274
0.5252799999999997
0.5273000000000001
0.52352
0.5287999999999997
0.5238800000000001
0.5268999999999999
0.5255400000000001
0.5256399999999997
0.5263600000000003
0.52558
0.5257600000000001
0.5275
0.5247799999999999
0.5271199999999998
0.5255799999999999
0.5272399999999998
0.5230400000000002
0.5277799999999999
0.5229400000000001
0.52974
0.5218999999999999
0.5291400000000003
0.5227
0.5269400000000003
0.5254999999999999
0.5265800000000002
0.52502
0.5279999999999998
0.5238200000000002
0.5275000000000001
0.52414
0.5267999999999999
0.52482
0.5263400000000003
0.5251000000000002
0.5276400000000001
0.5236200000000002
0.52722
0.5249200000000002
0.5267599999999999
0.52398
0.5291599999999999
0.5233600000000002
0.5298400000000002
0.52206
0.5293000000000001
0.5224
0.5273399999999999
0.52484
0.5270199999999999
0.5243200000000002
0.5258599999999999
0.5267600000000001
0.52726
0.5252799999999999
0.5246799999999999
0.5269000000000001
0.52284
0.5301200000000001
0.5224000000000002
0.5276000000000002
0.52362
0.5282199999999997
0.5236999999999999
0.5289999999999998
0.5218599999999999
0.52872
0.5219600000000003
0.5306400000000001
0.5219600000000001
0.5296400000000001
0.52108
0.5313
0.5209999999999999
0.5302199999999998
0.5212400000000001
0.5302800000000001
0.5204400000000001
0.52914
0.5219999999999998
0.5289400000000001
0.5247000000000002
0.5282800000000001
0.5240400000000001
0.53054
0.5192999999999998
0.5313800000000004
0.5203199999999999
0.52992
0.5206399999999999
0.5297400000000001
0.5220600000000001
0.5301400000000001
0.5228600000000001
0.5290400000000003
0.5230399999999998
0.5300000000000002
0.52102
0.5295799999999999
0.5225999999999998
0.5294999999999999
0.5211999999999999
0.5300800000000002
0.5215400000000002
0.53054
0.5211400000000002
0.5298000000000002
0.52282
0.5290200000000003
0.5251000000000001
0.52698
0.5246000000000004
0.5277200000000001
0.52434
0.5251200000000001
0.52634
0.5247000000000002
0.5272800000000001
0.5239999999999999
0.5263599999999999
0.5238800000000002
0.52756
0.5237599999999998
0.5289399999999997
0.5243399999999998
0.5258800000000001
0.5256599999999999
0.5254600000000003
0.5243599999999998
0.5278200000000001
0.5256200000000002
0.52758
0.52432
0.5261600000000002
0.5246199999999999
0.5269600000000003
0.52544
0.5266
0.52534
0.52556
0.52528
0.52664
0.52536
0.5254400000000001
0.526
0.5266600000000001
0.52512
0.5267600000000002
0.5256000000000002
0.5259999999999999
0.5258599999999999
0.5254399999999999
0.5262000000000002
0.5262200000000001
0.5258200000000002
0.5260600000000001
0.5262000000000003
0.5261999999999998
0.5266399999999998
0.5254000000000001
0.5259199999999999
0.5243000000000001
0.52764
0.5236999999999999
0.5280400000000001
0.5224600000000001
0.5294400000000002
0.5232999999999999
0.52776
0.5221399999999998
0.5298
0.5227600000000002
0.5293399999999999
0.5232400000000004
0.52722
0.52414
0.5287000000000003
0.52244
0.52988
0.5211200000000001
0.52998
0.5213200000000002
0.53
0.5225200000000001
0.53068
0.5216000000000003
0.5333199999999999
0.52114
0.52938
0.52152
0.5300600000000001
0.5230600000000002
0.5280800000000001
0.52554
0.5269599999999999
0.5249200000000002
0.5263399999999999
0.5257999999999999
0.5244399999999999
0.5261
0.5261200000000001
0.52704
0.5257000000000001
0.527
0.5252999999999999
0.52696
0.5254600000000003
0.52446
0.5285000000000002
0.5233
0.5261999999999998
0.5243800000000004
0.5282600000000001
0.5231000000000001
0.5298000000000003
0.5223199999999999
0.5295600000000001
0.52248
0.5300399999999997
0.5222800000000002
0.5285800000000004
0.5242799999999999
0.5269800000000002
0.5238400000000002
0.52518
0.5275199999999999
0.52406
0.5285
0.52272
0.5304800000000003
0.52056
0.5297399999999999
0.5240399999999998
0.5278400000000001
0.5231000000000002
0.5279399999999997
0.52468
0.5263200000000001
0.5246400000000002
0.5269600000000002
0.52566
0.52566
0.5272800000000001
0.5244600000000001
0.52732
0.5239000000000001
0.5277000000000001
0.5228200000000001
0.5277200000000001
0.5238400000000002
0.5276
0.52258
0.5299600000000002
0.5211000000000001
0.52962
0.5227400000000001
0.5296000000000001
0.5245200000000002
0.5273799999999997
0.5239
0.5271599999999999
0.5236799999999999
0.52922
0.5233400000000004
0.5273800000000001
0.5248200000000001
0.5262400000000003
0.5251
0.5282399999999998
0.5237000000000002
0.5259999999999999
0.5246800000000001
0.5258800000000002
0.5268999999999999
0.52432
0.52656
0.5253999999999999
0.5262600000000003
0.5242599999999998
0.52812
0.52362
0.5279799999999998
0.52464
0.5257800000000002
0.5283800000000002
0.5250799999999999
0.5262800000000003
0.5258600000000001
0.5257600000000001
0.52406
0.5285799999999999
0.5235599999999999
0.5285000000000001
0.52508
0.5260000000000002
0.5266000000000003
0.52384
0.52814
0.5233800000000002
0.5266399999999999
0.52444
0.5260600000000002
0.5261600000000003
0.5251
0.5261200000000001
0.5263800000000001
0.5259799999999999
0.52634
0.52678
0.5257799999999997
0.5245599999999999
0.5262399999999999
0.5260600000000002
0.5262
0.52606
0.5254399999999998
0.5252800000000001
0.5263200000000002
0.52632
0.5263800000000001
0.5270200000000002
0.5255200000000003
0.5261399999999998
0.5254400000000001
0.5276400000000002
0.5242999999999999
0.5259000000000004
0.5251800000000001
0.5250400000000002
0.5263000000000002
0.5259400000000001
0.5236399999999998
0.5271599999999999
0.5239400000000003
0.5274800000000002
0.52526
0.5251599999999998
0.5249000000000001
0.5254000000000001
0.52618
0.5253
0.5259600000000002
0.5269800000000001
0.5236200000000002
0.5276000000000001
0.5237200000000003
0.5260999999999999
0.5260600000000002
0.5250000000000002
0.5254000000000001
0.5273199999999997
0.5243400000000001
0.5285000000000001
0.5230999999999999
0.52934
0.5243800000000002
0.5294000000000001
0.5243000000000002
0.5269000000000003
0.52312
0.52924
0.52432
0.5276400000000001
0.5235000000000001
0.5288200000000003
0.5219199999999998
0.5298000000000002
0.5236999999999999
0.5297800000000001
0.5219799999999999
0.5302399999999998
0.52076
0.5295199999999999
0.5207799999999999
0.5303399999999998
0.52114
0.5301600000000001
0.5214000000000002
0.5308999999999999
0.52006
0.53048
0.5222199999999999
0.5295000000000001
0.52268
0.5281399999999999
0.5237200000000001
0.5282400000000002
0.5221800000000003
0.52924
0.5239000000000001
0.52858
0.5224599999999999
0.5302399999999999
0.5211000000000001
0.53028
0.5218600000000001
0.5285
0.52378
0.5281999999999999
0.52554
0.52708
0.52678
0.52596
0.52522
0.5256600000000001
0.5254199999999999
0.5264
0.5256400000000003
0.5249799999999998
