0.19999999999999962
0.7312199999999999
0.33964
0.67956
0.3871
0.6447599999999999
0.4188999999999998
0.6197199999999998
0.4431799999999999
0.5966800000000001
0.4638000000000002
0.5796399999999999
0.47892
0.5653800000000002
0.49101999999999973
0.5574000000000002
0.4974799999999999
0.5526399999999998
0.5010800000000001
0.54786
0.5046599999999999
0.5435199999999998
0.51172
0.5394999999999999
0.51286
0.5365800000000003
0.5142600000000003
0.5342999999999999
0.5194800000000003
0.5297999999999999
0.5224000000000002
0.5269200000000003
0.5236200000000002
0.52788
0.52254
0.5289600000000001
0.5234200000000001
0.5287000000000002
0.5206200000000002
0.5303600000000002
0.5225000000000002
0.5275800000000003
0.5265599999999998
0.5256200000000003
0.5252999999999998
0.52558
0.5246199999999998
0.5275000000000002
0.5250799999999998
0.52564
0.5252600000000001
0.5264599999999999
0.52502
0.5255800000000003
0.5237799999999999
0.5277000000000001
0.52576
0.5234399999999999
0.5272200000000001
0.5244400000000001
0.52576
0.5245600000000004
0.52722
0.52586
0.5261200000000003
0.5246
0.5269799999999999
0.5242199999999999
0.5268999999999999
0.5263600000000003
0.5255200000000001
0.5268800000000001
0.5266
0.5240000000000002
0.5276200000000001
0.5232000000000002
0.5280999999999998
0.5235399999999999
0.5269399999999997
0.52436
0.5254
0.5262600000000001
0.5231600000000001
0.52798
0.5231000000000002
0.5290000000000002
0.5216599999999998
0.5294800000000002
0.5227999999999998
0.52754
0.52338
0.5257000000000002
0.5245
0.52552
0.5262400000000003
0.5245400000000001
0.5275199999999999
0.5236799999999999
0.5267799999999999
0.5244599999999998
0.5255000000000001
0.5254800000000001
0.5257199999999999
0.5251999999999999
0.5274000000000001
0.5242600000000001
0.52624
0.5239199999999999
0.52558
0.5267600000000001
0.5246199999999999
0.52718
0.5248
0.52632
0.5248000000000002
0.5273599999999999
0.5247600000000001
0.52518
0.5250799999999999
0.5262199999999998
0.5260800000000002
0.5272199999999998
0.52396
0.5266199999999999
0.5239
0.5274199999999999
0.5226999999999999
0.5265600000000003
0.525
0.5245400000000003
0.52766
0.5255999999999998
0.52568
0.5252000000000002
0.5246200000000001
0.5269599999999999
0.52322
0.5274000000000002
0.52476
0.5257200000000001
0.5246199999999996
0.5243799999999998
0.5266199999999999
0.5235000000000001
0.5277
0.526
0.5236600000000001
0.5260400000000002
0.52546
0.5250000000000005
0.5249200000000002
0.5254
0.52438
0.5266400000000001
0.5262599999999997
0.5251999999999999
0.5257
0.5268200000000002
0.5240000000000002
0.5268400000000001
0.52372
0.5275600000000001
0.5261400000000002
0.5258000000000002
0.52424
0.5264400000000002
0.5241600000000001
0.5271000000000001
0.5249999999999999
0.5262799999999999
0.5240600000000003
0.5271199999999997
0.5250400000000001
0.5247800000000001
0.5263800000000003
0.5234000000000002
0.52814
0.5235999999999998
0.5276799999999999
0.52534
0.52688
0.5237400000000001
0.5271199999999998
0.5229
0.52762
0.5225800000000003
0.5276
0.5230799999999998
0.5277199999999999
0.5234600000000001
0.52826
0.52276
0.5293200000000002
0.5229999999999998
0.5283399999999998
0.5236600000000002
0.5268200000000001
0.5247600000000001
0.5267400000000001
0.5248400000000002
0.52688
0.5238800000000005
0.5264000000000001
0.5248400000000001
0.5257599999999998
0.52564
0.5251000000000001
0.5264000000000003
0.5255
0.5255799999999998
0.5237400000000001
0.5289000000000001
0.5233600000000004
0.52772
0.5237599999999998
0.5286200000000002
0.5235000000000001
0.5273800000000003
0.5234200000000001
0.5267399999999999
0.5246599999999997
0.5268599999999999
0.52436
0.52518
0.5251
0.52702
0.5251399999999999
0.5266400000000002
0.5235199999999999
0.5282400000000003
0.52122
0.5287600000000002
0.52374
0.5264599999999998
0.52544
0.5254000000000001
0.5254399999999998
0.5252399999999999
0.5270600000000002
0.5244800000000001
0.5255400000000001
0.5267800000000001
0.5243000000000001
0.52704
0.52664
0.5238400000000001
0.5275000000000003
0.5231600000000001
0.5270999999999999
0.5252800000000001
0.5253400000000003
0.52832
0.5233999999999998
0.5263400000000003
0.5259199999999999
0.5244399999999999
0.5258
0.5247000000000002
0.5262000000000001
0.5247600000000001
0.52656
0.5264
0.5237399999999999
0.52566
0.52636
0.5269999999999998
0.5228600000000001
0.5277599999999999
0.5236999999999999
0.5266800000000003
0.5242000000000001
0.5284600000000002
0.5235800000000002
0.5266200000000005
0.5249199999999998
0.5269399999999999
0.52152
0.52882
0.52166
0.5275000000000002
0.5242000000000002
0.5264
0.5249199999999999
0.5246600000000001
0.5246400000000001
0.5269400000000001
0.52452
0.52414
0.52776
0.5233399999999999
0.5267800000000001
0.5234000000000001
0.52654
0.5235400000000001
0.52732
0.5223599999999999
0.5294000000000003
0.5239000000000003
0.5275000000000001
0.5237600000000001
0.5256200000000001
0.5260200000000002
0.5256800000000001
0.5267600000000001
0.5229
0.5284199999999997
0.5226000000000001
0.5283400000000001
0.5217799999999999
0.5308400000000002
0.5206200000000001
0.5307200000000001
0.5200800000000001
0.5285399999999999
0.5225199999999999
0.5292
0.52188
0.5290400000000001
0.5250000000000002
0.5274599999999998
0.52546
0.52488
0.5270000000000004
0.5242799999999999
0.52794
0.5235199999999999
0.5283000000000002
0.52494
0.5253200000000003
0.5240400000000001
0.5277600000000003
0.5224199999999998
0.52826
0.5234200000000001
0.5281799999999999
0.5228200000000001
0.5278000000000002
0.5233400000000001
0.52744
0.5220199999999999
0.5293
0.5206200000000003
0.5302000000000001
0.5226800000000003
0.52636
0.5243799999999998
0.5272199999999999
0.5252200000000005
0.5255400000000001
0.5262600000000002
0.525
0.5257000000000004
0.5251
0.5245399999999999
0.52558
0.5271999999999999
0.5237999999999999
0.5271600000000002
0.5245600000000001
0.5245600000000001
0.5257600000000001
0.5252600000000003
0.5257200000000001
0.5246200000000001
0.52632
0.52446
0.5272999999999999
0.5245800000000002
0.5284800000000001
0.5214
0.5299400000000001
0.5204399999999998
0.5305199999999997
0.5205599999999999
0.5289
0.5247200000000004
0.52702
0.5243
0.52614
0.5254399999999998
0.5249199999999999
0.52534
0.52388
0.5251
0.5267599999999999
0.5232800000000002
0.5290799999999998
0.5206000000000002
0.5319200000000002
0.5205199999999998
0.5297200000000002
0.5214000000000003
0.5293199999999999
0.5212200000000002
0.5282000000000001
0.52108
0.5306600000000005
0.5220599999999999
0.52914
0.5234
0.5280799999999999
0.5235200000000001
0.5279399999999999
0.52338
0.5281000000000003
0.5223800000000002
0.52988
0.5204999999999999
0.5318999999999999
0.5201199999999999
0.5294600000000002
0.5218000000000002
0.52896
0.5221600000000001
0.5292599999999998
0.52302
0.5278200000000001
0.5236999999999997
0.5274600000000003
0.5235599999999999
0.5283400000000001
0.5233000000000001
0.5277600000000002
0.5234800000000001
0.5281600000000001
0.5239400000000001
0.5261000000000001
0.5272600000000001
0.5244600000000004
0.5268000000000002
0.5248600000000001
0.52454
0.5277000000000001
0.5242600000000002
0.5266200000000001
0.526
0.5248400000000001
0.52514
0.5274400000000001
0.5237999999999999
0.52734
0.5254000000000003
0.5257799999999998
0.5232599999999998
0.5269999999999999
0.5232200000000001
0.5277200000000001
0.5242000000000001
0.5273400000000001
0.5242600000000001
0.5276200000000001
0.52436
0.5269000000000003
0.5230800000000001
0.5269800000000001
0.5243400000000001
0.5269999999999999
0.5242199999999998
0.5269000000000001
0.52386
0.5278200000000003
0.5225200000000003
0.52802
0.5228800000000001
0.52922
0.5229400000000003
0.5274600000000004
0.5227999999999998
0.5287399999999998
0.52272
0.5298200000000001
0.5225599999999999
0.5289400000000001
0.5236600000000002
0.5277800000000001
0.52364
0.5273800000000001
0.5238400000000001
0.5250600000000003
0.52534
0.5254800000000002
0.5262400000000002
0.5253600000000002
0.5250600000000001
0.5253800000000001
0.52608
0.5251399999999999
0.5253199999999999
0.52688
0.52512
0.5261199999999999
0.5261999999999998
0.52506
0.5260800000000002
0.5245200000000003
0.525
0.5249000000000003
0.5268599999999998
0.52456
0.5278
0.52278
0.5276400000000001
0.5238800000000001
0.5270799999999999
0.524
0.5267200000000001
0.5245000000000001
0.5267400000000001
0.5256399999999999
0.5269399999999999
0.5245
0.5266599999999999
0.5253199999999998
0.5260800000000002
0.5252199999999998
0.52544
0.5250600000000001
0.52784
0.5239600000000001
0.5279800000000001
0.5246200000000002
0.5261800000000002
0.5249199999999999
0.5249200000000002
0.5275200000000001
0.5248999999999999
0.5250800000000001
0.5249000000000003
0.5257800000000001
0.5269999999999999
0.5252200000000002
0.5257999999999999
0.52442
0.5268999999999999
0.5242800000000001
0.5291
0.5219
0.5278400000000001
0.52406
0.5272200000000001
0.5256400000000001
0.5270400000000002
0.5254399999999999
0.5248400000000002
0.5264800000000001
0.5230400000000001
0.5266600000000001
0.5255400000000002
0.5251800000000001
0.5261600000000002
0.5245000000000001
0.5267400000000001
0.52068
0.52982
0.5218600000000002
0.5280200000000003
0.5217200000000003
0.5296200000000004
0.5216200000000003
0.52962
0.5225800000000003
0.52692
0.5256799999999999
0.5254000000000002
0.5257200000000002
0.5244000000000001
0.5276800000000001
0.52312
0.5269199999999999
0.5226
0.52774
0.5231200000000001
0.5259000000000003
0.5253399999999999
0.5258999999999998
0.5260999999999999
0.5238
0.52786
0.52218
0.5286799999999999
0.52364
0.5283799999999998
0.52226
0.52774
0.5241800000000002
0.5271199999999998
0.5240400000000001
0.5267800000000004
0.5252600000000001
0.52542
0.5252399999999999
0.5253800000000001
0.5263599999999998
0.5244200000000001
0.5273000000000002
0.5244200000000002
0.5263599999999999
0.5271599999999999
0.52546
0.5255999999999998
0.5260999999999999
0.5247400000000002
0.5270800000000004
0.5233600000000002
0.5278200000000001
0.5234199999999999
0.5280400000000002
0.52304
0.52936
0.5233599999999999
0.5263400000000003
0.5269600000000001
0.5227999999999999
0.5260600000000002
0.5248599999999999
0.52558
0.52606
0.5237200000000002
0.527
0.5239400000000001
0.5274799999999998
0.5229800000000002
0.5271200000000001
0.52402
0.5271200000000001
0.5248399999999998
0.5265600000000003
0.5261
0.5231799999999999
0.52782
0.5223
0.5283
0.5223599999999999
0.52788
0.52272
0.53054
0.5202
0.5309600000000002
0.5202
0.5282600000000002
0.5217600000000001
0.5299200000000002
0.5219200000000002
0.5298200000000004
0.52138
0.52926
0.5218
0.5287600000000002
0.5227400000000003
0.5283400000000001
0.5226599999999998
0.5282600000000001
0.5221
0.5291399999999999
0.5226600000000003
0.52838
0.5223200000000002
0.5289200000000001
0.5242000000000002
0.5270000000000001
0.52284
0.5285400000000002
0.52422
0.5278600000000001
0.52382
0.5265599999999998
0.5236800000000003
0.5266400000000001
0.5234199999999999
0.5262599999999998
0.5252999999999999
0.5237999999999998
0.52752
0.5243000000000002
0.52686
0.5264800000000001
0.5228
0.5287999999999999
0.5238999999999998
0.5261999999999999
0.5264800000000002
0.52486
0.5264
0.5241600000000002
0.52658
0.5268399999999999
0.5254599999999998
0.5268
0.5230799999999999
0.528
0.5233599999999999
0.5285799999999999
0.52292
0.52868
0.5221400000000002
0.5296000000000002
0.5211
0.5301000000000002
0.5221199999999999
0.5284800000000001
0.5211200000000002
0.5294400000000001
0.5234200000000001
0.5284599999999999
0.5236000000000001
0.5282399999999999
0.52378
0.5257599999999998
0.5262
0.5256000000000002
0.5277000000000001
0.5251
0.5275599999999999
0.52274
0.52742
0.5244
0.5275400000000002
0.52484
0.5250000000000002
0.5254999999999999
0.5265200000000001
0.5249999999999998
0.5260399999999998
0.5236599999999999
0.5264199999999999
0.52276
0.5284000000000001
0.5229199999999998
0.5272600000000003
0.52488
0.5274
0.5233999999999999
0.5279200000000003
0.5240999999999998
0.5283999999999999
0.5238400000000003
0.52588
0.5253399999999999
0.5256000000000001
0.5261599999999997
0.5241199999999998
0.5264399999999998
0.5261199999999999
0.5249800000000002
0.5249000000000001
0.5268200000000002
0.5260999999999999
0.5258399999999999
0.5241000000000002
0.5276999999999998
0.52434
0.5266400000000001
0.5225600000000001
0.52818
0.5251599999999997
0.5238600000000002
0.5257000000000001
0.5260000000000001
0.5261200000000003
0.5247999999999999
0.52612
0.5229600000000001
0.52658
0.5261200000000001
0.5269399999999999
0.5233400000000001
0.5273000000000001
0.5240800000000001
0.5269799999999999
0.5231999999999999
0.5289999999999999
0.52138
0.52736
0.52402
0.5288200000000001
0.5218000000000005
0.5283200000000001
0.5232999999999999
0.5279200000000003
0.52274
0.5266400000000001
0.52496
0.5256599999999999
0.5255799999999996
0.52602
0.5262600000000003
0.5242400000000003
0.5267200000000002
0.52504
0.5258000000000002
0.5253199999999998
0.5251
0.5280800000000002
0.5226400000000001
0.5265200000000001
0.52432
0.5279200000000001
0.5245799999999999
0.5268599999999999
0.5240800000000001
0.5268800000000002
0.5249200000000003
0.52514
0.5262400000000003
0.5253600000000002
0.5242800000000001
0.5292800000000003
0.52218
0.52886
0.5222800000000002
0.52874
0.5224599999999999
0.52836
0.5237000000000003
0.5277800000000002
0.52308
0.5284
0.5219200000000003
0.5291600000000002
0.5215200000000002
0.5276800000000001
0.5255399999999998
0.5246800000000003
0.5285199999999999
0.5212799999999997
0.5299999999999999
0.51926
0.5321599999999999
0.52036
0.5295199999999997
0.5221800000000002
0.5282800000000001
0.5210599999999997
0.5285599999999997
0.5233200000000001
0.5271999999999999
0.5244400000000001
0.5263
0.5250800000000002
0.5256199999999999
0.5260199999999997
0.5240800000000001
0.5266200000000003
0.5250800000000001
0.5257600000000001
0.5252400000000003
0.5247400000000002
0.5272399999999997
0.52488
0.5257400000000001
0.5258999999999999
0.52276
0.5277999999999999
0.5250400000000003
0.5245400000000002
0.5264800000000003
0.5248800000000001
0.5256000000000001
0.5247000000000002
0.52534
0.5246600000000002
0.5270200000000003
0.52446
0.5283200000000002
0.5218799999999999
0.5295599999999998
0.5206399999999999
0.5299400000000002
0.5236999999999999
0.5269999999999999
0.5246999999999998
0.5245400000000002
0.5277200000000001
0.52472
0.5270000000000001
0.5238999999999999
0.5281999999999999
0.5228600000000001
0.5298600000000004
0.5209000000000001
0.52874
0.5236799999999999
0.52758
0.5249400000000002
0.52694
0.5241
0.5270400000000003
0.5244599999999998
0.52616
0.5263800000000001
0.5252000000000001
0.5259200000000002
0.5265600000000003
0.5234600000000001
0.5279
0.5229400000000004
0.5283999999999999
0.52252
0.52724
0.5223
0.5290599999999999
0.52338
0.5261400000000003
0.5247400000000002
0.5242800000000001
0.5272000000000001
0.5228600000000001
0.5265600000000001
0.52544
0.5243
0.5258799999999999
0.52338
0.5293399999999998
0.5231000000000001
0.5281000000000001
0.5238200000000003
0.5277000000000001
0.52278
0.52668
0.5264400000000001
0.52578
0.5263000000000002
0.52386
0.5269600000000001
0.52292
0.52876
0.5218400000000001
0.52912
0.52208
0.52922
0.5215200000000001
0.5281599999999999
0.5223599999999999
0.5270799999999999
0.5235800000000002
0.5277599999999998
0.5224400000000002
0.5289
0.5241200000000001
0.5269799999999999
0.5245800000000002
0.5271000000000001
0.5233400000000004
0.5293200000000002
0.52256
0.5297000000000001
0.5213399999999999
0.5292199999999999
0.5213800000000002
0.5292000000000001
0.52166
0.5296800000000003
0.52122
0.5291600000000001
0.5231600000000002
0.5271599999999997
0.5232799999999999
0.5289600000000002
0.5232000000000004
0.5277599999999998
0.5234200000000002
0.5265199999999998
0.5248200000000002
0.5277600000000002
0.5241600000000002
0.5284600000000002
0.5224999999999997
0.5290199999999998
0.5212
0.5306200000000001
0.5226800000000003
0.5279800000000001
0.52396
0.5265799999999998
0.52288
0.5271
0.5245400000000003
0.52588
0.5251599999999998
0.5266000000000003
0.52334
0.5275199999999999
0.5253400000000001
0.5254399999999998
0.5245999999999998
0.52434
0.52642
0.5235800000000004
0.5274400000000001
0.5243800000000002
0.5268999999999999
0.5233000000000001
0.52786
0.5236999999999998
0.5263199999999998
0.5267999999999999
0.5240999999999998
0.5264800000000001
0.5265200000000001
0.5225200000000001
