0.0
0.25383659999999997
0.5121762
0.6356738
0.7059492
0.7508436
0.7816986000000007
0.8046892
0.8216280000000001
0.8353513999999995
0.8458313999999996
0.8550003999999994
0.8619446
0.8680501999999994
0.8732749999999999
0.8779710000000003
0.881796
0.8851236000000005
0.8877308000000004
0.8903266000000002
0.8928206000000002
0.8945344000000006
0.8962663999999998
0.8980770000000002
0.8989426000000005
0.9002488000000001
0.9016720000000007
0.9022880000000002
0.9030166000000002
0.9039292000000007
0.9044098000000003
0.9053448000000004
0.9059240000000008
0.9062220000000003
0.9066590000000005
0.9070248000000002
0.9072626000000001
0.9076068000000005
0.9078298000000001
0.9081122000000004
0.9083698000000002
0.9083030000000002
0.9084848000000004
0.9085372
0.9088826000000004
0.9088034000000001
0.9088932000000001
0.9089386000000004
0.9088882000000003
0.9089794000000004
0.9091224000000007
