0.19999999999999962
0.62898
0.8978800000000002
0.9054000000000008
0.9066200000000006
0.9098800000000005
0.9067400000000005
0.9066800000000002
0.9080000000000003
0.9076800000000003
0.9104199999999999
0.9074000000000007
0.9058399999999999
0.9075400000000003
0.9083200000000009
0.9082200000000004
0.9067400000000013
0.9083000000000002
0.9067600000000003
0.9059399999999997
0.9061000000000005
0.9072400000000003
0.9059200000000003
0.9084600000000003
0.9090599999999999
0.90766
0.9082199999999999
0.9083600000000002
0.9074600000000005
0.9096800000000006
0.9091000000000006
0.9064200000000008
0.9067600000000007
0.9091400000000003
0.9075000000000002
0.9056200000000005
0.9060000000000004
0.9080400000000008
0.9065800000000002
0.90746
0.9075400000000003
0.9067200000000004
0.9094199999999997
0.9075800000000003
0.9079400000000001
0.9066000000000004
0.9095400000000007
0.9079400000000005
0.9086800000000007
0.9054000000000006
0.9081200000000007
0.9069000000000004
0.9081200000000003
0.9079800000000006
0.9091000000000002
0.9068200000000001
0.9099400000000002
0.9088400000000005
0.9082800000000004
0.9104200000000006
0.9096800000000006
0.9079000000000005
0.9085400000000006
0.9063600000000005
0.9078000000000003
0.9062800000000002
0.9109000000000003
0.9077000000000004
0.9060600000000001
0.9093600000000002
0.90672
0.9079800000000001
0.9071600000000005
0.9061599999999999
0.9070400000000005
0.9085200000000007
0.9076000000000001
0.9088800000000004
0.9075799999999999
0.9079400000000003
0.9102000000000002
0.9055200000000002
0.9079600000000002
0.9069200000000004
0.9067000000000007
0.9077400000000004
0.9077400000000005
0.9102200000000005
0.9071800000000007
0.9057800000000007
0.9082000000000005
0.9076800000000006
0.9066399999999999
0.9063800000000005
0.9071200000000007
0.9069000000000004
0.9091000000000001
0.9071400000000005
0.9090000000000006
0.9081200000000006
0.9094600000000007
0.9057000000000006
0.9076200000000009
0.9075800000000007
0.9100200000000003
0.9075800000000005
0.9073399999999999
0.9077600000000007
0.9057600000000007
0.9070199999999999
0.9050000000000011
0.9075400000000002
0.9062200000000001
0.9090600000000002
0.9075600000000007
0.9097400000000003
0.9075600000000005
0.9076200000000001
0.9105400000000003
0.9071400000000002
0.9081600000000007
0.90956
0.9062600000000005
0.9088600000000006
0.9095600000000004
0.9103200000000004
0.9054200000000001
0.90952
0.9071600000000001
0.9079000000000002
0.9070000000000001
0.90878
0.9072400000000002
0.90968
0.9075600000000006
0.9100000000000001
0.90758
0.9062000000000006
0.90814
0.9086800000000004
0.9094000000000005
0.9075800000000005
0.9065600000000009
0.9098599999999999
0.9072000000000006
0.9092800000000005
0.9046600000000005
0.9078400000000009
0.9090600000000005
0.9084
0.9069200000000004
0.9078000000000004
0.9049800000000006
0.9089600000000001
0.9101400000000004
0.9079200000000004
0.9056200000000001
0.9056000000000004
0.9073200000000006
0.90756
0.90654
0.9086800000000007
0.9078200000000005
0.9076200000000003
0.9079000000000006
0.9075200000000002
0.9072400000000005
0.9094200000000003
0.9083200000000005
0.9059200000000004
0.9086400000000004
0.9064600000000007
0.9074600000000003
0.9086000000000003
0.9064600000000008
0.9082000000000003
0.9056599999999999
0.9079200000000002
0.9068800000000005
0.9087000000000005
0.9073200000000001
0.9058600000000001
0.9092600000000007
0.9045800000000006
0.9054400000000002
0.9069600000000001
0.9062200000000006
0.9086400000000003
0.9058800000000008
0.9070000000000005
0.9076600000000002
0.9091600000000006
0.9071400000000007
0.9080600000000004
0.90656
0.9091400000000002
0.9058000000000004
0.9083400000000001
0.9061800000000002
0.9078800000000007
0.90968
0.9075200000000002
0.9080200000000008
0.90472
0.9079000000000005
0.9062600000000003
0.9096600000000007
0.9074200000000003
0.9086000000000007
0.9080400000000006
0.9078000000000003
0.9083600000000005
0.9083800000000006
0.9071800000000009
0.9070200000000006
0.9067000000000002
0.9066000000000001
0.9076800000000003
0.9072400000000005
0.9072000000000006
0.9089399999999999
0.9070800000000004
0.9064400000000004
0.9070600000000003
0.9053200000000006
0.9050000000000005
0.9060200000000005
0.9086600000000005
0.9057800000000005
0.9061400000000005
0.9063599999999999
0.9102000000000001
0.9071400000000007
0.9080000000000003
0.9085200000000003
0.9108799999999998
0.9078000000000003
0.9089200000000004
0.9075200000000005
0.9046000000000002
0.9053200000000002
0.9064800000000001
0.9087600000000005
0.9063400000000006
0.9057600000000002
0.9063800000000007
0.9068400000000004
0.9059400000000004
0.9074200000000004
0.9073000000000003
0.9052600000000004
0.9072200000000002
0.9055800000000005
0.9078400000000006
0.9092000000000003
0.9090400000000004
0.9085600000000004
0.9081000000000006
0.9056600000000005
0.9094200000000007
0.9069200000000004
0.9072200000000002
0.9057600000000005
0.9081600000000001
0.9077000000000006
0.9092800000000003
0.9088200000000005
0.9068000000000006
0.9096600000000005
0.90924
0.9066800000000005
0.9063800000000012
0.9073600000000002
0.9077800000000003
0.9063600000000004
0.9057200000000002
0.9069200000000005
0.9071000000000001
0.9088600000000003
0.9065400000000002
0.9081800000000001
0.9064800000000005
0.9064200000000006
0.9083399999999999
0.9059800000000005
0.9075999999999997
0.9098200000000002
0.9086
0.9072200000000001
0.9049800000000006
0.9074600000000003
0.9079600000000007
0.9057200000000004
0.90956
0.9060400000000003
0.9070200000000004
0.9081600000000003
0.9070400000000005
0.9073200000000006
0.9069000000000006
0.9083000000000002
0.9091600000000004
0.909640000000001
0.90388
0.9062400000000003
0.90676
0.90774
0.9062000000000006
0.9077600000000003
0.9084400000000005
0.9066800000000002
0.9084800000000005
0.9083800000000001
0.9081000000000001
0.9090800000000003
0.9076000000000003
0.9078000000000008
0.9062400000000005
0.9079200000000004
0.9107200000000004
0.9083400000000005
0.9068600000000004
0.9090200000000003
0.9089000000000002
0.9083600000000002
0.9075400000000005
0.9068200000000006
0.9060600000000001
0.9087800000000006
0.9076600000000004
0.9058000000000012
0.9085200000000004
0.9076000000000007
0.9064400000000002
0.9064600000000003
0.9077000000000001
0.9078400000000003
0.9074400000000002
0.9070400000000001
0.9081600000000003
0.9060000000000005
0.9068000000000005
0.9095800000000002
0.9086000000000005
0.9066000000000005
0.9060800000000009
0.90884
0.9078600000000004
0.908620000000001
0.9058200000000002
0.9074800000000006
0.9063000000000005
0.9092600000000006
0.9102400000000006
0.9085800000000002
0.9094599999999998
0.9071600000000004
0.9081200000000001
0.9076800000000003
0.90854
0.9086400000000006
0.9069200000000004
0.9090800000000003
0.9062600000000003
0.9088000000000007
0.9058600000000006
0.9075400000000006
0.9083800000000004
0.9068600000000004
0.9059800000000006
0.9053200000000002
0.9066800000000006
0.9068200000000008
0.9054000000000008
0.9086599999999998
0.9105800000000005
0.9053400000000004
0.9064800000000004
0.9067600000000001
0.9055000000000003
0.9063400000000007
0.9078000000000002
0.9078200000000003
0.9073400000000003
0.9059400000000006
0.9080800000000003
0.9061600000000002
0.9080600000000003
0.9078800000000001
0.9071000000000005
0.9073800000000005
0.9080200000000002
0.9067200000000005
0.9092800000000003
0.9059000000000001
0.9083400000000004
0.9074600000000008
0.9070600000000003
0.9073600000000006
0.9071000000000004
0.9069799999999999
0.9098200000000007
0.9065800000000004
0.9072400000000006
0.9062800000000005
0.9068
0.9085600000000003
0.9088000000000005
0.9091000000000002
0.9072400000000005
0.9047800000000003
0.9072800000000005
0.9083000000000002
0.9085800000000006
0.9071600000000004
0.9059400000000005
0.9095600000000006
0.9062600000000003
0.9076800000000007
0.9078799999999998
0.90646
0.9064000000000001
0.9072600000000003
0.9084000000000004
0.9085000000000006
0.9068
0.9074200000000002
0.9065200000000003
0.9067800000000003
0.905380000000001
0.9079800000000003
0.9073000000000007
0.9072400000000003
0.9069000000000002
0.9084599999999997
0.9076000000000002
0.9073
0.9070200000000002
0.9053399999999999
0.9096400000000007
0.9068800000000004
0.9059600000000004
0.9054200000000001
0.9059000000000005
0.9068200000000003
0.9105000000000003
0.9080400000000007
0.9079399999999999
0.9075600000000003
0.9069800000000001
0.9093800000000004
0.9065400000000003
0.9067200000000006
0.9087000000000005
0.9062200000000005
0.9073200000000006
0.9056000000000006
0.9082799999999999
0.9068200000000003
0.9096200000000002
0.9065600000000005
0.9065600000000003
0.9074000000000004
0.9082800000000003
0.9057600000000003
0.9066200000000003
0.9063400000000003
0.9047800000000003
0.90834
0.9067600000000007
0.9075400000000005
0.9079999999999999
0.9065799999999998
0.9068000000000008
0.9060800000000002
0.9061000000000007
0.9058800000000007
0.9072600000000003
0.9068600000000003
0.9086800000000004
0.9070600000000004
0.9077400000000004
0.9058600000000007
0.9073000000000004
0.9071400000000002
0.9084600000000005
0.9080200000000002
0.9060600000000004
0.9089800000000002
0.9060000000000005
0.9060800000000003
0.9100400000000003
0.9098400000000002
0.9064800000000004
0.9053600000000007
0.9067600000000001
0.9072400000000005
0.9091800000000005
0.9056800000000007
0.9063400000000007
0.9077000000000005
0.9056600000000007
0.9069800000000002
0.9075999999999997
0.9068400000000005
0.9074599999999999
0.9089600000000005
0.9055200000000003
0.9052400000000002
0.9055000000000004
0.9120800000000001
0.9089800000000003
0.9040000000000004
0.9075600000000003
0.9069000000000003
0.9083000000000009
0.9080600000000005
0.90652
0.9097600000000002
0.9059800000000005
0.9069200000000002
0.9059200000000007
0.9064600000000005
0.9060600000000004
0.9068200000000004
0.9113400000000006
0.9063400000000005
0.9062600000000005
0.9095800000000003
0.9085600000000009
0.9073200000000001
0.9070800000000001
0.9080400000000003
0.9070600000000004
0.9086600000000007
0.9073600000000006
0.9073400000000003
0.9065400000000001
0.9072800000000005
0.9071000000000001
0.9081600000000006
0.9081200000000003
0.9085200000000002
0.9073200000000008
0.9090600000000001
0.9078600000000003
0.9088400000000003
0.9078400000000005
0.9068400000000005
0.9064600000000005
0.9094000000000004
0.9075200000000007
0.9087200000000002
0.9072200000000007
0.90834
0.9080799999999998
0.9078800000000007
0.9070400000000002
0.9063800000000002
0.9081400000000006
0.9090000000000005
0.9056800000000007
0.9065200000000005
0.9052200000000002
0.9060000000000005
0.9097600000000007
0.907940000000001
0.9082400000000008
0.9071000000000004
0.9079000000000002
0.9080800000000007
0.9067400000000001
0.9073200000000001
0.9072400000000005
0.9051600000000003
0.9089600000000003
0.9072200000000004
0.9039000000000008
0.908700000000001
0.9057
0.9075400000000003
0.9087600000000002
0.9067400000000002
0.9067799999999999
0.90618
0.9081000000000004
0.9055000000000005
0.90616
0.9091800000000005
0.9080000000000007
0.9070199999999998
0.9095799999999999
0.9075000000000005
0.9073600000000005
0.9083400000000005
0.9049800000000006
0.9077400000000003
0.9069800000000003
0.9076200000000003
0.9072200000000001
0.9082600000000004
0.9056400000000004
0.9071200000000009
0.9070200000000007
0.9103800000000009
0.9074200000000006
0.9115600000000004
0.9067400000000003
0.9094000000000002
0.9084200000000007
0.9067400000000003
0.9074600000000004
0.9087600000000003
0.9077400000000001
0.9063200000000006
0.9047400000000004
0.9049800000000005
0.9059600000000003
0.9092800000000001
0.9074800000000006
0.9084600000000002
0.9055000000000004
0.9100600000000009
0.9072000000000009
0.9086600000000001
0.9045600000000005
0.9057200000000006
0.9066600000000002
0.9072799999999998
0.9087999999999999
0.9063800000000005
0.9057800000000006
0.9079800000000007
0.9066200000000002
0.9084800000000003
0.9091600000000003
0.9081000000000005
0.9096000000000004
0.90876
0.9066200000000003
0.9070800000000002
0.9093600000000004
0.9062600000000005
0.9083800000000005
0.9052400000000007
0.9063000000000002
0.9088600000000001
0.9095400000000005
0.9075200000000002
0.9087200000000004
0.9070000000000004
0.9056800000000004
0.9091200000000006
0.9096200000000004
0.9081200000000001
0.9071800000000002
0.9073800000000004
0.9054800000000003
0.9074200000000004
0.9050600000000003
0.9058200000000001
0.9069600000000002
0.9072600000000004
0.9089400000000001
0.9049400000000004
0.9080200000000004
0.9076800000000007
0.9084400000000008
0.9070000000000004
0.9055600000000001
0.9078000000000008
0.9080000000000006
0.9073000000000009
0.9079600000000007
0.90728
0.9064400000000005
0.9075400000000002
0.90522
0.9061800000000004
0.9079800000000001
0.9089200000000004
0.9072000000000005
0.9070600000000003
0.90688
0.9080600000000006
0.9090400000000005
0.9045600000000005
0.9047200000000002
0.9072800000000008
0.9085400000000006
0.9062000000000004
0.9067400000000003
0.9050800000000001
0.9083600000000005
0.9063600000000004
0.9082800000000002
0.90744
0.9069600000000002
0.9090400000000006
0.9068000000000005
0.9072200000000004
0.9070800000000002
0.9063200000000002
0.9081000000000001
0.9070800000000002
0.9078600000000006
0.9070599999999999
0.9092200000000001
0.9054200000000004
0.9081199999999997
0.9088800000000005
0.9061200000000003
0.9085800000000007
0.9070199999999999
0.9078200000000006
0.9078400000000003
0.9058200000000001
0.9068200000000004
0.9085800000000007
0.9067600000000006
0.90704
0.9070400000000005
0.9073000000000002
0.9070400000000005
0.9047800000000004
0.9092400000000005
0.9072600000000002
0.9067999999999998
0.9061600000000002
0.9054400000000006
0.9068400000000004
0.9055800000000006
0.9078200000000001
0.9087000000000001
0.9061000000000006
0.9074800000000005
0.9073400000000005
0.9069800000000003
0.9086400000000002
0.9070199999999999
0.9068200000000003
0.9092200000000006
0.9096600000000001
0.9085600000000003
0.9080800000000001
0.9090400000000005
0.9073600000000003
0.9074800000000007
0.9067200000000003
0.9090200000000003
0.9084400000000002
0.9072200000000005
0.9079200000000003
0.9065600000000005
0.907
0.9087600000000003
0.9099000000000004
0.9091600000000004
0.9088800000000004
0.9085800000000005
0.9079600000000009
0.9092
0.9096400000000006
0.9086200000000002
0.9089000000000003
0.9080800000000002
0.9092800000000003
0.9079800000000005
0.9085600000000007
0.9081600000000003
0.9070000000000007
0.9088600000000003
0.9063800000000003
0.9072000000000002
0.9079000000000002
0.9065200000000005
0.9085600000000004
0.9065400000000003
0.9073200000000007
0.9060000000000007
0.9073800000000003
0.9086800000000003
0.9065800000000007
0.9078399999999999
0.9057000000000002
0.9093000000000004
0.9060800000000008
0.9078400000000005
0.9064000000000003
0.9043200000000003
0.9067200000000003
0.9085400000000006
0.9051800000000001
0.9073200000000005
0.9094200000000003
0.9085800000000002
0.9094000000000001
0.9070600000000004
0.9102000000000003
0.9086200000000005
0.9081400000000006
0.9050800000000001
0.9097800000000007
0.9099800000000006
0.9063400000000001
0.9091200000000002
0.9060600000000002
0.9066000000000005
0.9070600000000008
0.9089200000000003
0.9063000000000001
0.9068400000000003
0.9101800000000005
0.9053600000000004
0.9081600000000006
0.9089000000000007
0.9088000000000003
0.9079200000000004
0.9079600000000001
0.9100600000000003
0.9083200000000011
0.9077200000000005
0.9058400000000006
0.9095000000000003
0.9055200000000007
0.9078200000000005
0.905900000000001
0.9093400000000003
0.9068400000000004
0.9066400000000003
0.9077000000000001
0.9072800000000004
0.9099600000000003
0.9080600000000006
0.9065400000000008
0.9069600000000005
0.9082200000000005
0.9083600000000005
0.9072200000000005
0.9050999999999999
0.9099400000000004
0.90444
0.9086200000000006
0.9064200000000008
0.9089000000000005
0.9085600000000004
0.9056600000000007
0.9090600000000005
0.9045400000000003
0.9072000000000007
0.9072600000000004
0.9094000000000002
0.9099600000000001
0.9057999999999999
0.9068600000000002
0.9085200000000008
0.9096600000000004
0.9078800000000007
0.9087400000000002
0.9089800000000001
0.90708
0.9067800000000001
0.9075600000000007
0.9070400000000002
0.9072600000000004
0.9071600000000001
0.9060600000000004
0.9099400000000003
0.9076400000000003
0.9064800000000001
0.9074800000000003
0.9080400000000003
0.9072400000000002
0.9080800000000004
0.9073800000000003
0.9063000000000007
0.9080400000000002
0.9076600000000004
0.9068000000000004
0.9061200000000005
0.9100800000000007
0.9080400000000004
0.9077000000000006
0.9096200000000002
0.9066200000000002
0.9090000000000004
0.9077000000000004
0.90762
0.90858
0.9090400000000003
0.9095800000000005
0.9070400000000002
0.9066399999999998
0.9076000000000003
0.9071600000000005
0.9090000000000005
0.9067800000000003
0.9062400000000003
0.9076600000000005
0.90606
0.9075400000000003
0.9067200000000001
0.9076400000000002
0.9042600000000004
0.9063000000000005
0.9081
0.9074399999999998
0.9077200000000002
0.9082800000000004
0.90754
0.9062000000000006
0.9082000000000007
0.9099200000000006
0.9066000000000001
0.9095200000000007
0.9065400000000006
0.9088599999999996
0.9078400000000005
0.9092200000000004
0.9094599999999997
0.9058400000000003
0.9095800000000002
0.9068599999999999
0.9073600000000002
0.9058000000000006
0.9084199999999999
0.9063000000000003
0.9062400000000007
0.9081400000000004
0.90692
0.9072200000000002
0.9078600000000004
0.9091600000000001
0.9066200000000001
0.9069400000000003
0.9070000000000006
0.9065800000000004
0.9066000000000005
0.9074800000000007
0.9057800000000001
0.9077800000000003
0.9074400000000005
0.9084800000000005
0.9096
0.9099600000000001
0.9072999999999999
0.9070600000000006
0.9093200000000005
0.9068000000000005
0.9083400000000005
0.9067200000000004
0.9078200000000003
0.9087000000000005
0.9084800000000007
0.90846
0.9039800000000003
0.9094800000000004
0.9088400000000009
0.9061
0.9084200000000002
0.9093200000000005
0.9066800000000005
0.9071000000000004
0.9079400000000004
0.9066800000000004
0.9079000000000005
0.9079400000000001
0.9092400000000004
0.9060600000000004
0.9063600000000007
0.907
0.9078000000000007
0.9094800000000006
0.9072600000000004
0.9071199999999997
0.9106600000000001
0.9075000000000003
0.9076400000000006
0.9078200000000006
0.9099200000000003
0.9070199999999999
0.9076000000000005
0.9076200000000003
0.9089600000000009
0.9073000000000003
0.9046000000000006
0.9074600000000005
0.9062400000000004
0.9069400000000001
0.90596
0.9077200000000005
0.9069400000000004
0.9093000000000007
0.90786
0.9074800000000002
0.9094600000000003
0.9100400000000007
0.9074200000000008
0.9085200000000003
0.9094200000000007
