0.19999999999999962
0.39649999999999996
0.6087799999999999
0.7575399999999999
0.8308999999999997
0.8578199999999997
0.86914
0.8719800000000001
0.8755799999999998
0.8742000000000002
0.87504
0.8773199999999997
0.8758
0.8766400000000004
0.8749400000000003
0.8764
0.8771400000000001
0.8761399999999999
0.8774200000000001
0.8749600000000001
0.8751200000000003
0.8765200000000002
0.8763600000000002
0.8780200000000004
0.8771400000000001
0.87886
0.8764400000000002
0.8762199999999999
0.8776799999999999
0.8767400000000001
0.8737
0.8745800000000004
0.8760599999999998
0.8787999999999999
0.87674
0.8753199999999995
0.8751000000000001
0.8757600000000003
0.8767200000000002
0.8773999999999998
0.8778400000000001
0.8752000000000001
0.87662
0.8762399999999999
0.8757600000000002
0.8747399999999995
0.8756599999999994
0.8788200000000002
0.8790000000000004
0.8764799999999998
0.8757799999999998
0.87738
0.8805799999999998
0.87646
0.87574
0.8762600000000001
0.8771800000000003
0.8803599999999997
0.8794999999999996
0.877
0.8783400000000003
0.8764400000000002
0.8764000000000003
0.87838
0.8779199999999997
0.8782999999999999
0.87602
0.8755599999999998
0.8741200000000003
0.8758400000000003
0.8786200000000002
0.8761800000000001
0.8761800000000001
0.8764399999999999
0.8796000000000003
0.8795200000000004
0.8769
0.8764000000000003
0.8768400000000001
0.8772
0.8793800000000006
0.8766199999999996
0.8766200000000001
0.8767999999999997
0.8764
0.8750399999999999
0.8755200000000002
0.8774800000000001
0.8799399999999999
0.8781799999999998
0.87504
0.8767200000000003
0.8784199999999999
0.87712
0.8770399999999999
0.8774599999999999
0.8756599999999995
0.8779199999999999
0.8770000000000002
0.8757199999999998
0.8754200000000004
0.8751800000000003
0.8780399999999999
0.8758400000000001
0.8791000000000002
0.8759999999999997
0.8762199999999997
0.8764200000000004
0.87532
0.8763599999999999
0.8761199999999998
0.8743000000000001
0.87472
0.8774
0.8773200000000001
0.8768600000000001
0.8753399999999999
0.8774199999999996
0.8770399999999998
0.8766200000000002
0.8759200000000001
0.8776200000000003
0.8773600000000004
0.8760999999999997
0.8786400000000002
0.8772199999999998
0.8768000000000004
0.8773800000000002
0.8756999999999999
0.8765000000000001
0.8757
0.8748199999999996
0.8767199999999998
0.8745600000000002
0.8760600000000004
0.8786600000000001
0.87492
0.87752
0.8742399999999998
0.8746600000000001
0.8780999999999999
0.8766600000000004
0.8775
0.87744
0.87692
0.8761400000000001
0.8783399999999998
0.8773400000000001
0.8761600000000003
0.8775399999999998
0.8758399999999996
0.8752800000000004
0.8773799999999998
0.87592
0.8774400000000001
0.8753000000000006
0.8784599999999999
0.8787200000000003
0.8772199999999999
0.8771600000000003
0.87772
0.8763599999999999
0.8769400000000003
0.8741800000000001
0.8779000000000005
0.87822
0.8758
0.8777599999999997
0.8771200000000001
0.8759600000000002
0.8761800000000001
0.8757999999999997
0.8779799999999999
0.8767000000000003
0.8769999999999999
0.8791000000000004
0.8781000000000002
0.8777800000000002
0.8766400000000003
0.8760199999999999
0.87454
0.8753799999999997
0.8772399999999999
0.8795200000000003
0.8775799999999994
0.8794599999999996
0.8774600000000004
0.8784400000000002
0.8752200000000002
0.8743999999999995
0.8755000000000002
0.8761200000000002
0.8781000000000002
0.8779400000000004
0.8767800000000008
0.8742599999999999
0.8778399999999997
0.8754400000000001
0.8755000000000002
0.8765399999999997
0.8759999999999998
0.8758199999999996
0.8766000000000003
0.8757399999999999
0.8753200000000001
0.8770600000000002
0.8758800000000002
0.8769799999999998
0.8775599999999997
0.8759600000000002
0.87406
0.8771000000000007
0.8777399999999999
0.8775200000000002
0.87744
0.8762599999999999
0.8781399999999999
0.8742999999999997
0.8769999999999998
0.8779600000000001
0.8771400000000001
0.8787999999999999
0.8769000000000002
0.8754000000000001
0.8782799999999998
0.8770000000000002
0.8763200000000001
0.8782800000000001
0.87726
0.8770000000000002
0.8773399999999999
0.8787999999999999
0.8771200000000005
0.8748999999999999
0.87634
0.8772600000000004
0.8750599999999998
0.8756999999999999
0.8788800000000001
0.8755400000000002
0.8787399999999999
0.8775600000000001
0.87516
0.8766799999999998
0.8758000000000001
0.87606
0.8758400000000002
0.8769799999999998
0.8770800000000001
0.8765400000000001
0.87668
0.8756000000000003
0.8759400000000003
0.8773800000000002
0.8762199999999999
0.8771400000000003
0.87602
0.8779000000000002
0.8780999999999998
0.8763399999999997
0.87716
0.8765599999999998
0.8773399999999999
0.8760000000000003
0.8767200000000002
0.8757600000000005
0.8796399999999999
0.8771400000000003
0.87674
0.8770000000000006
0.8749800000000002
0.8774600000000002
0.8754400000000004
0.8758400000000002
0.8767800000000001
0.8763799999999997
0.8763599999999996
0.8775399999999998
0.87842
0.8791599999999999
0.8802599999999997
0.8774200000000001
0.8773799999999998
0.87524
0.8757799999999999
0.8737399999999996
0.8753800000000002
0.8783999999999998
0.8757000000000004
0.8766399999999998
0.8769800000000001
0.8771199999999998
0.8756800000000001
0.8784800000000003
0.8779400000000002
0.8769400000000005
0.87744
0.8741800000000002
0.8767999999999999
0.8780400000000002
0.8766199999999996
0.8768200000000003
0.8783200000000002
0.87658
0.87598
0.8766000000000002
0.8758400000000003
0.8755000000000004
0.8759
0.8782799999999998
0.8756400000000001
0.8745200000000003
0.87408
0.8776999999999999
0.87406
0.8770599999999998
0.8732400000000001
0.87922
0.87568
0.8744999999999998
0.87898
0.8768399999999998
0.8788399999999997
0.87982
0.8781200000000001
0.8768000000000005
0.8762999999999999
0.8785000000000005
0.8792000000000003
0.8763000000000001
0.8757600000000002
0.8770800000000004
0.8771000000000002
0.8786999999999996
0.8776800000000001
0.87872
0.8763600000000001
0.8761999999999999
0.87508
0.8761400000000005
0.8776199999999997
0.8790800000000002
0.8775400000000002
0.8778000000000001
0.87764
0.8773800000000002
0.8752200000000001
0.8787800000000001
0.8748399999999998
0.8745
0.8781599999999998
0.8749599999999998
0.8771199999999999
0.8773200000000003
0.8796200000000001
0.8767999999999995
0.8745200000000001
0.8768999999999997
0.8751199999999999
0.8741599999999998
0.87534
0.8769399999999996
0.8757599999999998
0.8763399999999999
0.87572
0.8761199999999997
0.8757999999999998
0.8756400000000001
0.87656
0.8773399999999998
0.8768600000000001
0.8776000000000002
0.8760600000000001
0.8763200000000002
0.8772
0.8751999999999996
0.8744199999999998
0.8756400000000003
0.8761199999999996
0.87528
0.8771
0.8754800000000001
0.87798
0.8769400000000003
0.8750999999999998
0.8770800000000003
0.8756000000000002
0.8760000000000002
0.8740000000000002
0.8737200000000006
0.8758800000000001
0.8774000000000001
0.8752599999999999
0.8763800000000004
0.8759600000000001
0.8763600000000002
0.8776600000000003
0.8767200000000002
0.8768800000000003
0.8737800000000003
0.8750800000000005
0.8750799999999999
0.8743800000000002
0.8759400000000003
0.8766000000000002
0.8764999999999997
0.8743199999999995
0.8769800000000001
0.8755599999999998
0.8763
0.8752400000000005
0.8756000000000002
0.8747800000000006
0.8768
0.8780999999999999
0.8771799999999996
0.8769199999999998
0.8752400000000005
0.8759999999999998
0.8749800000000002
0.8763400000000005
0.8770200000000001
0.8753199999999999
0.8777000000000001
0.87724
0.8773999999999998
0.8750200000000004
0.8768600000000002
0.8799600000000001
0.8766200000000002
0.8763799999999997
0.8787199999999996
0.8744199999999998
0.8747600000000004
0.8768400000000001
0.8775800000000002
0.8780000000000001
0.8766600000000001
0.8764400000000002
0.87488
0.87314
0.8788600000000002
0.8779400000000003
0.87662
0.87654
0.87534
0.87534
0.8753800000000002
0.87614
0.8753000000000003
0.8767999999999999
0.87428
0.8755199999999997
0.8752199999999999
0.8774599999999998
0.8761399999999999
0.8767
0.8784799999999997
0.8763400000000001
0.87834
0.8796400000000001
0.8758400000000002
0.8756599999999994
0.8764200000000002
0.8778400000000002
0.8763399999999996
0.8765999999999999
0.8778200000000003
0.87386
0.8762800000000002
0.8798000000000005
0.8801600000000002
0.8789599999999997
0.8768600000000002
0.8756400000000002
0.8774600000000004
0.87796
0.8756600000000002
0.8774200000000001
0.8758
0.8764799999999998
0.8764800000000001
0.8762999999999999
0.8755799999999998
0.8770599999999998
0.8791800000000001
0.8766400000000002
0.8791999999999998
0.8748999999999999
0.8776400000000001
0.8776799999999999
0.87698
0.8765000000000004
0.8744600000000002
0.8752600000000001
0.878
0.8748400000000001
0.877
0.8756599999999995
0.8765400000000001
0.8773400000000001
0.8758800000000002
0.8741800000000001
0.8780800000000002
0.8769999999999996
0.8780200000000002
0.8785600000000002
0.87744
0.87628
0.8751599999999999
0.8756600000000002
0.8745800000000006
0.8745400000000001
0.8784800000000004
0.8776000000000002
0.8777799999999999
0.8775599999999999
0.8770800000000001
0.8761800000000005
0.8752800000000004
0.8783000000000004
0.8783600000000001
0.8789200000000004
0.8774399999999999
0.8759600000000003
0.87506
0.8789
0.8769999999999999
0.8758799999999997
0.8774599999999997
0.87708
0.8747400000000001
0.8775399999999999
0.8780799999999997
0.88008
0.8769199999999998
0.8747400000000002
0.8772800000000004
0.8759799999999999
0.8758999999999999
0.8769999999999994
0.87808
0.8768
0.8749600000000001
0.8739800000000004
0.8756999999999999
0.8741400000000006
0.8772399999999998
0.8758000000000001
0.8776599999999998
0.87684
0.87552
0.8764200000000004
0.8756199999999998
0.8757999999999998
0.8760800000000001
0.87422
0.8762199999999997
0.8765400000000001
0.8768999999999998
0.8765800000000001
0.8754800000000001
0.8760800000000004
0.8768400000000001
0.8785600000000002
0.87982
0.8797599999999995
0.8782599999999999
0.8740999999999999
0.8746800000000001
0.8734799999999998
0.8749800000000002
0.8781200000000002
0.8757799999999996
0.8736799999999997
0.8742799999999997
0.8747400000000002
0.8743799999999996
0.8756200000000003
0.8760800000000002
0.8743799999999999
0.8753399999999995
0.8735399999999999
0.8769400000000003
0.8746999999999998
0.8752400000000001
0.87536
0.8761600000000004
0.8785600000000001
0.8766399999999996
0.8781800000000003
0.8749800000000001
0.8754199999999999
0.8757800000000004
0.87728
0.87622
0.8776200000000003
0.8777000000000003
0.8777399999999999
0.8776999999999999
0.87662
0.8771999999999999
0.8782999999999999
0.8759199999999997
0.8742200000000001
0.87688
0.8753600000000002
0.8751600000000004
0.87732
0.8736
0.8742399999999999
0.87586
0.8776799999999999
0.8771800000000003
0.8770799999999999
0.8780600000000001
0.8762599999999999
0.87546
0.8758599999999999
0.8771599999999999
0.87542
0.8766400000000002
0.87552
0.8797600000000003
0.8768200000000003
0.8773399999999998
0.8743400000000002
0.8776599999999997
0.8761800000000004
0.8757
0.8767999999999997
0.8764200000000002
0.8750600000000003
0.8776400000000004
0.8768799999999998
0.8780200000000002
0.8763800000000004
0.8769399999999996
0.8787400000000004
0.8753200000000002
0.8758000000000001
0.8768000000000002
0.87662
0.87524
0.8798000000000001
0.8768200000000002
0.8773400000000006
0.8751599999999999
0.8743400000000006
0.8787800000000001
0.8789000000000001
0.8772999999999997
0.8774000000000002
0.8770199999999997
0.8768200000000003
0.8756800000000002
0.87728
0.8781399999999999
0.8762999999999999
0.8755399999999998
0.8770000000000002
0.8780599999999997
0.8756400000000005
0.8755399999999998
0.8786799999999999
0.8768000000000002
0.8778599999999999
0.8748800000000003
0.87518
0.8794
0.8784200000000003
0.8750999999999998
0.8754399999999994
0.87716
0.87524
0.8771999999999999
0.8779600000000001
0.8776200000000003
0.87512
0.8754800000000001
0.8775800000000005
0.8767400000000001
0.8774399999999999
0.8748799999999997
0.8773199999999999
0.8777199999999997
0.8789200000000001
0.8752599999999997
0.8737800000000001
0.8784399999999998
0.8767000000000001
0.8763399999999996
0.8750600000000003
0.8777399999999999
0.8765999999999999
0.8774000000000001
0.8774999999999998
0.8744999999999997
0.8770200000000001
0.8772200000000001
0.8759800000000003
0.8752200000000001
0.8743400000000002
0.8743600000000004
0.8754399999999997
0.8742999999999996
0.8784600000000001
0.8746199999999998
0.8794400000000002
0.8791199999999999
0.8770400000000003
0.8777400000000002
0.8753399999999999
0.8754600000000003
0.8766999999999999
0.87298
0.8784000000000001
0.8772800000000004
0.8753600000000002
0.8787600000000002
0.8783400000000001
0.87566
0.8770600000000002
0.8740400000000002
0.877
0.8770200000000004
0.8762799999999998
0.87304
0.8763800000000004
0.8785599999999999
0.8772399999999998
0.8783000000000001
0.8783999999999998
0.8768200000000003
0.87736
0.8793400000000002
0.8786200000000002
0.8772000000000001
0.8775599999999997
0.87662
0.8782999999999997
0.8803400000000003
0.87696
0.8763199999999999
0.8771
0.8773000000000003
0.8764799999999997
0.8773200000000003
0.87646
0.8795000000000003
0.8791399999999999
0.8780400000000005
0.8777200000000001
0.87724
0.8770799999999999
0.8785599999999999
0.8771800000000001
0.8770600000000002
0.8775199999999999
0.8764399999999999
0.8762799999999997
0.8753999999999997
0.8765400000000007
0.8765599999999997
0.8783000000000005
0.8767200000000003
0.8787800000000003
0.87346
0.8770000000000002
0.87448
0.8748000000000005
0.87912
0.8756599999999999
0.8764399999999999
0.8780800000000001
0.8772200000000001
0.8773999999999996
0.8765000000000001
0.8783199999999998
0.8763800000000002
0.8762600000000001
0.8764799999999999
0.8781000000000002
0.8765999999999999
0.8761399999999998
0.8742000000000003
0.87652
0.8770399999999999
0.8764799999999999
0.8749800000000002
0.8742
0.8746399999999999
0.8772999999999999
0.87954
0.8779799999999998
0.8747600000000003
0.8757999999999998
0.8740200000000001
0.87804
0.8767200000000004
0.8788799999999998
0.8776599999999998
0.87932
0.8766599999999994
0.8759999999999998
0.8764
0.8762800000000002
0.8775200000000002
0.8763600000000004
0.87482
0.8758999999999998
0.8761200000000001
0.8774199999999999
0.87708
0.8772600000000003
0.8750600000000002
0.8753799999999999
0.87564
0.8775999999999996
0.8774
0.8743600000000002
0.8758400000000002
0.8762600000000001
0.8748999999999993
0.8757200000000003
0.8754799999999997
0.8760400000000002
0.87562
0.87728
0.8771199999999998
0.8779199999999999
0.8781200000000001
0.8772
0.87816
0.87622
0.8763200000000001
0.8747400000000001
0.8782800000000005
0.8774400000000003
0.87622
0.8765599999999999
0.8765600000000003
0.87604
0.8772000000000001
0.8784000000000002
0.8757200000000002
0.8765600000000002
0.8766400000000005
0.87704
0.8776799999999997
0.8759399999999999
0.8754600000000002
0.8772200000000003
0.8763399999999999
0.8773600000000005
0.8772200000000001
0.8764399999999999
0.87724
0.87664
0.8785199999999999
0.8777400000000002
0.8745400000000003
0.8763399999999999
0.8744800000000004
0.8787600000000002
0.8767200000000003
0.8762799999999996
0.8755400000000004
0.8759200000000003
0.8762400000000001
0.8752200000000001
0.8743999999999997
0.87508
0.8762599999999999
0.8764799999999998
0.87784
0.8758800000000001
0.8765000000000001
0.8756799999999996
0.8764399999999999
0.8773000000000001
0.8770800000000001
0.8755200000000002
0.8786200000000001
0.8789800000000002
0.8789800000000001
0.8762600000000001
0.8775400000000002
0.8747999999999998
0.8759799999999999
0.8772
0.8749600000000002
0.8775000000000002
0.8795200000000001
0.8784399999999999
0.8772
0.8770199999999998
0.8774199999999999
0.8774000000000002
0.8783999999999996
0.87682
0.87818
0.8775400000000003
0.8778400000000006
0.8784200000000004
0.87566
0.8745799999999997
0.8782799999999998
0.8773799999999998
0.8774400000000006
0.8762800000000003
0.8775799999999999
0.8796800000000005
0.8755599999999997
0.8763599999999999
0.8756800000000006
0.8759399999999995
0.8764400000000002
0.8754600000000007
0.8777799999999999
0.8762599999999998
0.8779399999999999
0.8759800000000004
0.8775599999999996
0.8793599999999998
0.8787800000000001
0.8779400000000002
0.8780799999999996
0.8799399999999999
0.8772000000000003
0.8777000000000004
0.8770599999999998
0.87492
0.8782200000000003
0.8747000000000003
0.8774600000000001
0.8759600000000003
0.8770399999999998
0.8748800000000001
0.8763400000000001
0.87654
0.8783600000000001
0.8796000000000003
0.8769600000000004
0.8787
0.8774199999999999
0.8767000000000003
0.8778
0.8740800000000004
0.8754400000000001
0.87714
0.87642
0.8757199999999997
0.8766200000000001
0.8775399999999997
0.8766999999999996
0.8778000000000001
0.87826
0.8777000000000004
0.8765000000000002
0.8770199999999997
0.8776199999999998
0.8779800000000003
0.8760999999999999
0.87618
0.8763799999999995
0.8758199999999996
0.8758000000000001
0.8746000000000003
0.8750600000000002
0.877
0.8767799999999998
0.87646
0.8772000000000001
0.8764400000000002
0.8789400000000002
0.8767400000000003
0.8785600000000003
0.8798200000000002
0.8789400000000004
0.87756
0.8796199999999997
0.8763199999999997
0.87614
0.8748200000000004
0.87516
0.8738800000000003
0.8758600000000003
0.8780800000000003
0.8769799999999996
0.8759799999999999
0.8749800000000002
0.87736
0.8734399999999997
0.8763599999999998
0.8767199999999999
0.87806
0.8786400000000001
0.8752600000000004
0.8747599999999999
