0.19999999999999962
0.3531600000000001
0.5206200000000001
0.66538
0.7589399999999996
0.8096999999999998
0.83348
0.84586
0.8479599999999999
0.8529799999999997
0.85352
0.8537999999999993
0.8572599999999997
0.8560599999999997
0.8574399999999994
0.85678
0.8575199999999998
0.8583199999999994
0.8554999999999998
0.8561399999999995
0.85756
0.8566199999999996
0.8558999999999997
0.8575999999999996
0.8585999999999996
0.8554800000000001
0.8563999999999997
0.8556599999999994
0.8564999999999998
0.85902
0.8583599999999998
0.8573200000000001
0.8606399999999996
0.8580399999999997
0.858979999999999
0.8577199999999994
0.8584999999999995
0.8553799999999993
0.8575999999999996
0.8585399999999997
0.8575999999999996
0.8578399999999996
0.8559999999999997
0.8583199999999997
0.8600599999999997
0.8593199999999996
0.8571599999999997
0.8584999999999995
0.8581000000000003
0.8575799999999998
0.85942
0.8593799999999997
0.8590200000000001
0.8566199999999999
0.8563799999999999
0.85988
0.8585199999999996
0.8571599999999998
0.85756
0.8569199999999998
0.8575799999999997
0.8567799999999995
0.8597999999999995
0.8581399999999997
0.85722
0.8559599999999996
0.8580999999999999
0.8582399999999999
0.85776
0.8568399999999997
0.8593600000000001
0.8572800000000003
0.8594999999999999
0.8543600000000001
0.8576999999999998
0.8579399999999997
0.8579999999999997
0.8570799999999994
0.8565999999999997
0.8570799999999995
0.8588399999999998
0.8552399999999996
0.85746
0.8556999999999998
0.8576400000000001
0.8563800000000004
0.8555799999999999
0.8551599999999998
0.8587600000000001
0.85898
0.8574799999999998
0.8580399999999995
0.8558999999999997
0.8581400000000002
0.8570599999999995
0.85608
0.8591600000000006
0.8585399999999997
0.8565599999999998
0.8578599999999993
0.8547999999999999
0.8553799999999999
0.8568799999999998
0.8564999999999998
0.8564599999999998
0.8590799999999998
0.8564199999999996
0.8591999999999992
0.8605399999999996
0.8590199999999997
0.8595199999999993
0.8592399999999998
0.8556799999999994
0.8569399999999997
0.8612199999999995
0.8582399999999997
0.8586999999999994
0.8585799999999998
0.8586399999999996
0.8571999999999994
0.8570599999999996
0.8583
0.8589599999999996
0.8594599999999996
0.8610399999999996
0.8580199999999999
0.8578599999999994
0.85744
0.8584399999999996
0.8578200000000001
0.8587399999999996
0.85946
0.8570599999999996
0.8595599999999998
0.8574799999999999
0.85804
0.8550199999999992
0.8575399999999996
0.8576799999999999
0.8568400000000002
0.8560399999999995
0.8557599999999996
0.8578999999999999
0.8576599999999999
0.8590200000000001
0.8559399999999999
0.8576799999999999
0.8576999999999998
0.8580000000000001
0.8575199999999996
0.8571599999999999
0.8567599999999996
0.8576000000000001
0.8589799999999996
0.8591399999999999
0.8578800000000001
0.8566199999999999
0.8562199999999998
0.8578999999999994
0.8580599999999997
0.8576399999999995
0.8581799999999997
0.8561799999999998
0.8588399999999997
0.8568399999999999
0.8571399999999998
0.8564799999999996
0.85804
0.8554599999999992
0.8581599999999996
0.8555399999999996
0.8545199999999998
0.8575599999999999
0.8573999999999997
0.8575199999999998
0.85852
0.85752
0.8585999999999997
0.8553199999999996
0.8584999999999998
0.8570399999999998
0.8565999999999997
0.85836
0.8562199999999994
0.8563599999999993
0.85982
0.8594800000000002
0.8593999999999999
0.8580199999999999
0.8564199999999993
0.8564799999999997
0.8590399999999998
0.8576799999999994
0.8565199999999997
0.85894
0.8568199999999997
0.8567799999999997
0.8567999999999998
0.8575399999999999
0.8592599999999996
0.8580000000000005
0.8551199999999995
0.8596999999999995
0.8565799999999996
0.8584799999999996
0.85748
0.85612
0.8559399999999999
0.8603399999999997
0.8599199999999999
0.8595199999999997
0.8587599999999995
0.85768
0.8576799999999998
0.8577999999999999
0.8594400000000002
0.8582799999999997
0.8581199999999999
0.8585999999999991
0.8589799999999995
0.8593000000000002
0.8597599999999999
0.8583999999999996
0.85758
0.8578799999999996
0.8580199999999994
0.8569999999999998
0.8551199999999995
0.85712
0.8588000000000001
0.8614200000000001
0.8596199999999995
0.8613799999999996
0.8611399999999996
0.8595
0.8604799999999996
0.8596999999999998
0.8561599999999997
0.8589799999999995
0.8597399999999993
0.8578599999999998
0.8566599999999999
0.8580600000000002
0.8564
0.85932
0.8577199999999996
0.8586999999999999
0.8584799999999998
0.8601199999999999
0.8558999999999998
0.8559399999999998
0.8583599999999995
0.8587999999999997
0.85458
0.8575199999999996
0.8576000000000004
0.8592399999999997
0.8579199999999999
0.8566799999999999
0.8564199999999993
0.8569599999999998
0.8555799999999999
0.8575599999999995
0.8573999999999997
0.8565999999999999
0.8573
0.8583399999999999
0.8573399999999998
0.8587599999999995
0.8572599999999995
0.8608599999999995
0.85704
0.8557999999999999
0.85874
0.8582000000000001
0.8557199999999997
0.8570000000000002
0.8561199999999998
0.8573999999999998
0.8586799999999997
0.8562199999999994
0.8564400000000001
0.8599399999999996
0.8585199999999997
0.85718
0.8557799999999997
0.8564599999999993
0.8561199999999992
0.8536799999999997
0.8561399999999993
0.85846
0.8572199999999995
0.85964
0.8605600000000001
0.8591399999999997
0.8575599999999995
0.8567399999999994
0.8582999999999995
0.8565599999999997
0.8589600000000001
0.8568599999999996
0.8580999999999996
0.8572599999999997
0.8565999999999994
0.85926
0.8605599999999999
0.8577199999999999
0.8584199999999995
0.8566999999999997
0.8555799999999999
0.8583399999999997
0.8567999999999997
0.8538599999999998
0.8567
0.85958
0.8590399999999997
0.8592799999999999
0.8571999999999997
0.8581799999999994
0.8587199999999995
0.8578399999999996
0.8558199999999998
0.8580199999999994
0.8546599999999998
0.8574799999999999
0.85842
0.8581999999999995
0.8558799999999994
0.8558199999999999
0.8561199999999995
0.8575999999999999
0.8581799999999995
0.8590599999999999
0.85976
0.8586199999999999
0.8590399999999997
0.8602199999999998
0.8579199999999999
0.8582799999999995
0.8584999999999997
0.8574399999999999
0.8572199999999994
0.8584399999999998
0.8594799999999995
0.8590999999999999
0.8567799999999999
0.8581599999999999
0.8577799999999998
0.8572199999999998
0.8538399999999997
0.8567799999999997
0.8558999999999997
0.8574999999999995
0.8576400000000004
0.85868
0.8608199999999998
0.8632999999999998
0.8577800000000001
0.8593999999999997
0.8582399999999992
0.8572599999999997
0.8588999999999994
0.8566799999999994
0.8580999999999999
0.8585799999999999
0.8589600000000002
0.8588400000000003
0.8613199999999996
0.8574999999999998
0.8600799999999994
0.8584799999999992
0.8597999999999996
0.8612799999999997
0.8586999999999995
0.8583199999999995
0.8580600000000003
0.8585599999999997
0.8562799999999997
0.8575599999999993
0.8577799999999997
0.85884
0.8580199999999997
0.8567199999999998
0.85662
0.8609799999999999
0.8581999999999996
0.8580799999999997
0.8552200000000001
0.8549599999999995
0.8601399999999997
0.8564999999999999
0.8562599999999999
0.8574399999999995
0.8574199999999995
0.85502
0.8574399999999993
0.8576199999999994
0.8570399999999998
0.85712
0.8579799999999993
0.8575999999999998
0.8573399999999995
0.8589799999999996
0.8599799999999997
0.8597199999999995
0.85976
0.8589999999999999
0.8605199999999996
0.8576799999999999
0.8584599999999996
0.8595400000000001
0.85452
0.8533800000000002
0.8577999999999996
0.8576599999999995
0.8558999999999994
0.8559999999999992
0.8575599999999994
0.8580799999999996
0.8576999999999997
0.8552599999999999
0.8566599999999994
0.8567799999999997
0.8564999999999995
0.8561999999999996
0.8592600000000001
0.8564799999999999
0.8563199999999997
0.8557599999999997
0.8560599999999997
0.8547599999999997
0.8552399999999998
0.8564799999999994
0.8555199999999994
0.8568199999999989
0.8576399999999998
0.8598799999999999
0.8595999999999999
0.8587399999999998
0.8562799999999995
0.8583799999999994
0.8550199999999996
0.8560599999999999
0.8583799999999997
0.8573799999999998
0.85712
0.8585199999999997
0.85914
0.8577399999999994
0.8594799999999999
0.8555799999999993
0.8545599999999997
0.8547600000000002
0.8546999999999998
0.8576199999999997
0.8579799999999999
0.8577999999999999
0.8579999999999999
0.8586800000000002
0.8598599999999998
0.8578200000000002
0.8585999999999997
0.8571599999999999
0.8541800000000002
0.8555999999999994
0.85608
0.8600000000000001
0.8576599999999999
0.8578999999999992
0.8593399999999999
0.8599999999999995
0.8597799999999995
0.85866
0.8583199999999997
0.86082
0.8598199999999996
0.8582599999999998
0.8560599999999998
0.8577199999999994
0.8556999999999999
0.8557000000000001
0.8560199999999996
0.8588199999999999
0.8607199999999996
0.8591199999999998
0.8580599999999996
0.8574599999999996
0.8582799999999997
0.8569999999999993
0.8553999999999998
0.8595199999999997
0.8607999999999996
0.8614199999999991
0.8595600000000002
0.8595400000000001
0.8599399999999995
0.8576400000000001
0.8561199999999997
0.8568199999999997
0.8580999999999998
0.8559599999999999
0.8568399999999998
0.8564799999999998
0.8575199999999996
0.8557599999999996
0.8567799999999999
0.8572199999999996
0.8571399999999995
0.8601199999999998
0.8573399999999998
0.8557600000000002
0.8567400000000001
0.8589799999999996
0.8541999999999993
0.8570999999999996
0.8554399999999995
0.8552399999999999
0.8546599999999995
0.8554999999999999
0.8546799999999994
0.8574799999999996
0.8555600000000001
0.8580399999999996
0.8572199999999996
0.8586799999999998
0.8590199999999999
0.8603999999999996
0.8596799999999996
0.8609200000000006
0.8596399999999994
0.8554599999999998
0.8571799999999999
0.8570600000000003
0.8569599999999994
0.8588399999999997
0.8602199999999998
0.8579199999999997
0.8577199999999998
0.8570399999999995
0.8565999999999998
0.85658
0.8572599999999997
0.8563799999999999
0.8583599999999996
0.8577599999999994
0.8587199999999997
0.8599199999999992
0.8562599999999995
0.8573399999999997
0.8574399999999995
0.8560799999999997
0.8579999999999999
0.8594399999999999
0.8595599999999999
0.8576
0.8620199999999996
0.8614999999999996
0.8605199999999996
0.8592399999999997
0.8587199999999998
0.8603399999999999
0.8591999999999993
0.8588799999999995
0.8615000000000005
0.8600999999999999
0.85868
0.8591399999999999
0.86016
0.8583200000000001
0.8605200000000002
0.8562799999999996
0.8556199999999996
0.8582399999999992
0.8543199999999994
0.8579999999999997
0.8574799999999996
0.8579000000000001
0.85934
0.8577799999999995
0.8579199999999999
0.8578199999999997
0.8571799999999999
0.8568399999999998
0.8606
0.8584600000000002
0.8576800000000001
0.85966
0.8588200000000001
0.85634
0.8573200000000001
0.8576599999999998
0.8580800000000002
0.8581199999999995
0.8623999999999996
0.8593399999999997
0.8572399999999996
0.85764
0.8582399999999999
0.8577799999999997
0.8567399999999994
0.8562999999999996
0.8569399999999997
0.8574999999999995
0.8586599999999994
0.8558199999999995
0.8564199999999993
0.8572999999999995
0.8569799999999997
0.8589199999999999
0.8546599999999995
0.8577599999999996
0.8592999999999996
0.8601599999999996
0.8587599999999997
0.8592599999999999
0.8599
0.8559000000000002
0.8559
0.8560399999999996
0.8568399999999998
0.8587199999999998
0.86044
0.8595599999999998
0.8599799999999997
0.8570599999999996
0.8560599999999995
0.8574199999999996
0.8605399999999999
0.8599799999999997
0.85758
0.8588599999999996
0.8583999999999999
0.8588799999999995
0.8600399999999999
0.8620799999999997
0.8579799999999997
0.85752
0.8578199999999996
0.8591399999999997
0.8603199999999999
0.85544
0.8560999999999999
0.8565199999999998
0.8588599999999998
0.8575399999999995
0.8565399999999995
0.8556399999999994
0.85532
0.8579599999999994
0.8604199999999997
0.8585599999999998
0.8569199999999995
0.8562400000000003
0.8574799999999996
0.8582199999999994
0.8563799999999995
0.85716
0.8566799999999998
0.8554999999999997
0.8545999999999999
0.8571599999999995
0.8564399999999995
0.8575799999999997
0.8566399999999994
0.8558999999999997
0.8564599999999991
0.8572999999999997
0.8565800000000001
0.8565799999999995
0.8591
0.8598999999999993
0.8598999999999996
0.8576399999999995
0.8563199999999996
0.8581599999999996
0.8588399999999993
0.8576199999999997
0.8582399999999997
0.8586799999999996
0.8591799999999996
0.8596799999999998
0.8600999999999999
0.8598799999999998
0.8567799999999999
0.8585999999999993
0.8581799999999998
0.8582599999999998
0.8582199999999999
0.8549799999999999
0.8572199999999996
0.8591199999999993
0.8582199999999999
0.8623199999999998
0.8616399999999996
0.8554599999999998
0.8560999999999998
0.8567999999999997
0.8583199999999997
0.8607999999999998
0.8610199999999999
0.86
0.8580399999999995
0.8587799999999998
0.8555999999999991
0.8550199999999998
0.8559399999999998
0.85868
0.8557399999999995
0.8591199999999999
0.8576999999999994
0.85884
0.8588399999999998
0.8572399999999998
0.8589
0.8582399999999999
0.8576600000000001
0.8581799999999995
0.8574799999999999
0.8615999999999997
0.8606600000000002
0.8574999999999995
0.8576799999999996
0.8574799999999998
0.8568199999999999
0.8582
0.8576799999999999
0.85944
0.8591400000000003
0.8584000000000005
0.8555599999999994
0.8566199999999996
0.8574599999999993
0.8587
0.8580599999999996
0.8558599999999995
0.8563999999999997
0.8565200000000001
0.8589399999999996
0.8566399999999993
0.85914
0.8593599999999997
0.8564599999999994
0.8583199999999997
0.8580799999999997
0.8588399999999998
0.8566799999999997
0.8575000000000002
0.8571199999999994
0.8572200000000001
0.85854
0.8574599999999997
0.8582399999999994
0.8564800000000001
0.8558999999999994
0.8611999999999996
0.8599999999999994
0.8580999999999992
0.8557999999999997
0.8556799999999997
0.8551000000000001
0.8553399999999993
0.8571799999999995
0.8572600000000001
0.8558799999999994
0.85676
0.8577199999999995
0.8557599999999997
0.8529199999999997
0.857
0.8590199999999995
0.8599599999999998
0.8596599999999998
0.8576999999999997
0.8581599999999997
0.8570399999999997
0.8579399999999997
0.8590599999999996
0.8599800000000001
0.85848
0.8590600000000004
0.8568200000000001
0.8595199999999997
0.85848
0.8594399999999998
0.8585799999999998
0.8571399999999995
0.8570399999999998
0.8572000000000003
0.8582399999999997
0.8565999999999993
0.85738
0.8581599999999991
0.8572999999999997
0.8584800000000001
0.8565599999999998
0.8574999999999997
0.8574999999999997
0.8586399999999996
0.8530199999999998
0.8557399999999995
0.8596599999999996
0.8587199999999996
0.85764
0.8587599999999993
0.8573799999999997
0.8564199999999998
0.85518
0.8578599999999998
0.8611400000000003
0.8591799999999995
0.8587199999999998
0.8589599999999994
0.8586599999999995
0.8591399999999996
0.8599599999999995
0.8586000000000001
0.8569999999999998
0.8573
0.8570199999999996
0.8598399999999994
0.85752
0.8594199999999997
0.85934
0.8565999999999999
0.8567399999999998
0.8571999999999997
0.8545599999999998
0.8585599999999998
0.8548399999999995
0.8561199999999997
0.8563399999999998
0.8590999999999994
0.8575199999999994
0.8582799999999995
0.8587599999999995
0.8570599999999996
0.8567200000000001
0.8621199999999999
0.8584199999999995
0.8555799999999993
0.8566799999999997
0.8572399999999998
0.8596199999999997
0.8589599999999998
0.8586400000000003
0.8565999999999997
0.8567400000000001
0.8566799999999997
0.8554799999999999
0.8550799999999996
0.8542799999999999
0.8560799999999997
0.8580199999999997
0.8593000000000002
0.8589599999999996
0.8575999999999999
0.8583399999999997
0.8580999999999996
0.8558399999999997
0.8574999999999993
0.8554399999999995
0.8583199999999997
0.8593199999999994
0.8588399999999993
0.8576999999999999
0.8555200000000002
0.8573799999999993
0.8556999999999999
0.8554199999999997
0.8559400000000004
0.8564799999999997
0.8552999999999997
0.8586400000000001
0.8563999999999997
0.8544799999999995
0.8578199999999997
0.8572999999999997
0.8555800000000001
0.8562399999999997
0.8576199999999998
0.8600799999999995
0.8595199999999995
0.8585
0.8566400000000002
0.8568199999999999
0.8567999999999997
0.85722
0.8615799999999996
0.8588400000000002
0.8632599999999995
0.8565799999999995
0.8558799999999998
0.8571399999999997
0.8582800000000002
0.8578599999999998
0.85776
0.8565999999999997
0.8579399999999999
0.8583799999999997
0.8562799999999996
0.8572599999999997
0.8572999999999996
0.8592999999999997
0.8573599999999998
0.8549399999999996
0.8569599999999994
0.8564799999999997
0.8590199999999996
0.8590400000000002
0.8587399999999998
0.85642
0.8575599999999998
0.8594399999999996
0.8572199999999995
0.85752
0.8559999999999997
0.8559999999999997
0.8566199999999999
0.8581199999999999
0.8557199999999995
0.85764
0.8570599999999997
0.8557399999999997
0.8561799999999997
0.8550999999999995
0.8575799999999998
0.8590399999999994
0.8581599999999991
0.86036
0.8587
0.8559599999999999
0.8563399999999998
0.8560399999999996
0.8579399999999998
0.8574799999999996
0.85822
0.8558799999999998
0.8561799999999997
0.8586799999999997
0.8582000000000001
0.8565199999999998
0.8553999999999999
0.85674
0.8598599999999996
0.8600599999999997
0.8575399999999996
0.8585399999999994
0.8569799999999996
0.8564799999999998
0.8563799999999995
0.8573399999999997
0.8553399999999995
0.8584799999999997
0.8566999999999996
0.8577599999999999
0.8588399999999994
0.85852
0.8571800000000002
0.85974
0.8565399999999995
0.8548799999999999
0.8554399999999995
0.8568999999999999
0.8562999999999994
0.8569200000000001
0.8575599999999995
0.8556399999999996
0.8557199999999995
0.8579799999999997
0.8559799999999995
0.8595999999999999
0.8588399999999998
0.8574599999999996
0.8575399999999995
0.8575999999999999
0.8573599999999998
0.8547999999999998
0.8553999999999998
0.8554200000000001
0.8551599999999998
0.85344
0.8563600000000001
0.8544199999999997
0.8553800000000001
0.8579599999999998
0.8564799999999998
0.8545799999999996
0.8541799999999996
0.8564199999999993
0.8570599999999996
0.8571799999999999
0.8558199999999998
0.8586199999999998
0.8568799999999998
0.8588
0.8593999999999997
0.8557199999999997
0.8579000000000001
0.8586799999999996
0.8587999999999997
