0.19999999999999962
0.52148
0.8048199999999999
0.8881600000000006
0.8979400000000004
0.8995400000000003
0.9034800000000007
0.9014400000000006
0.9033199999999999
0.9029000000000004
0.8995200000000004
0.9043000000000008
0.9007200000000004
0.8999800000000004
0.9027400000000003
0.9010200000000005
0.9018600000000003
0.9039000000000007
0.9014400000000005
0.8986400000000002
0.9010800000000002
0.8983000000000004
0.8999400000000005
0.9004200000000008
0.8993600000000004
0.9003199999999998
0.9018800000000001
0.9008200000000002
0.8972400000000007
0.9011000000000006
0.9005400000000001
0.9022200000000002
0.9038200000000003
0.9011000000000001
0.8982200000000005
0.8994599999999999
0.9012000000000007
0.9045400000000007
0.9029200000000006
0.9016400000000003
0.9025800000000004
0.90032
0.9006800000000008
0.9000200000000007
0.9009800000000007
0.90124
0.8998800000000006
0.9004200000000004
0.9035800000000005
0.9029
0.8993000000000008
0.9046000000000004
0.9029600000000005
0.9006400000000003
0.9003600000000005
0.9025800000000005
0.8991400000000008
0.8998200000000003
0.9003000000000005
0.9023800000000007
0.9029200000000004
0.9017600000000006
0.8988800000000002
0.8988600000000005
0.9005000000000006
0.8992200000000001
0.8998200000000008
0.9011200000000005
0.9008400000000009
0.9023000000000004
0.9021399999999999
0.90238
0.9030600000000005
0.9011800000000001
0.9007600000000001
0.8990200000000003
0.9001400000000007
0.9009600000000003
0.8996000000000008
0.89976
0.9018800000000001
0.9032600000000001
0.9019600000000003
0.9014200000000006
0.8987400000000002
0.9002200000000005
0.8994000000000005
0.9002800000000003
0.9011200000000007
0.9011400000000003
0.8990000000000006
0.9010800000000002
0.9019400000000004
0.8983400000000005
0.8997600000000004
0.9019600000000001
0.9023600000000002
0.9021000000000002
0.9022400000000004
0.8993200000000006
0.9004200000000006
0.8990200000000002
0.8977200000000005
0.9035600000000001
0.9004200000000006
0.9000199999999999
0.9003800000000001
0.9013600000000004
0.8997200000000005
0.9004200000000004
0.9010200000000005
0.9014600000000005
0.9015200000000003
0.9033000000000002
0.9000400000000003
0.9010600000000001
0.8994000000000004
0.9002200000000002
0.9012600000000005
0.9005200000000007
0.8996000000000002
0.9018000000000005
0.8994400000000004
0.9009600000000004
0.9013600000000005
0.9019600000000004
0.9024999999999999
0.8993600000000006
0.89972
0.9021400000000002
0.8996400000000002
0.8987999999999999
0.9009400000000001
0.9012
0.8998999999999999
0.9010800000000009
0.9018200000000003
0.8995800000000002
0.900980000000001
0.9001400000000005
0.9003000000000001
0.9030600000000004
0.899900000000001
0.9019000000000006
0.9016000000000003
0.9011200000000003
0.9028200000000003
0.90046
0.9006600000000006
0.9024200000000003
0.9020400000000002
0.90348
0.9024000000000004
0.9013600000000005
0.9011800000000005
0.8990200000000002
0.9008000000000003
0.9028400000000005
0.9016000000000003
0.9019000000000007
0.9030000000000007
0.89654
0.8993200000000005
0.90192
0.9022600000000003
0.9005400000000005
0.8999599999999998
0.9000800000000005
0.9001600000000002
0.9017000000000004
0.9011000000000002
0.9031200000000006
0.9009600000000009
0.9029400000000005
0.9003999999999998
0.8997600000000002
0.90156
0.90148
0.9014400000000004
0.9010000000000004
0.9021400000000006
0.9008400000000004
0.9005000000000003
0.9001200000000006
0.9019600000000003
0.8997600000000004
0.9005200000000002
0.9038400000000004
0.9026000000000005
0.9002400000000003
0.90058
0.9007800000000006
0.8995200000000005
0.9002400000000002
0.9005400000000003
0.9007200000000006
0.9013
0.9013800000000005
0.9010400000000002
0.9017600000000005
0.9015800000000003
0.9002000000000007
0.90044
0.8970200000000003
0.8999800000000003
0.9008600000000004
0.9009200000000008
0.8990600000000001
0.90172
0.9022600000000004
0.9019600000000007
0.9015000000000003
0.9020600000000004
0.90338
0.9022200000000001
0.8989600000000005
0.9011200000000003
0.8997600000000001
0.9031200000000009
0.9009400000000004
0.9000800000000004
0.9034400000000001
0.9039000000000001
0.9011800000000004
0.9034600000000004
0.9014800000000004
0.9011600000000005
0.9006400000000006
0.9008200000000006
0.9008200000000004
0.9024800000000001
0.9004800000000002
0.9000000000000002
0.9008800000000005
0.9013999999999999
0.8997800000000002
0.9023400000000008
0.9009400000000001
0.9017200000000005
0.8995200000000003
0.9014000000000003
0.9007400000000009
0.8997200000000005
0.8999000000000003
0.8997600000000006
0.9024200000000004
0.8999800000000008
0.9017600000000001
0.8999400000000003
0.8995800000000009
0.9003199999999998
0.9006200000000004
0.90096
0.9019400000000002
0.9020200000000004
0.9014200000000008
0.9016600000000001
0.9018400000000004
0.9028600000000008
0.8987999999999999
0.8989200000000008
0.9014800000000005
0.9005400000000003
0.9007199999999996
0.9001800000000004
0.9032199999999999
0.9017400000000003
0.8998800000000005
0.9029200000000003
0.8997600000000006
0.8985800000000004
0.9021000000000003
0.9017200000000001
0.9031200000000006
0.9007799999999999
0.9025400000000003
0.9014400000000004
0.9030400000000011
0.8997800000000005
0.9013400000000006
0.9010600000000002
0.9002800000000005
0.9030000000000006
0.8983000000000005
0.8991800000000005
0.9019400000000001
0.9009000000000004
0.8981400000000008
0.9016400000000006
0.8993400000000006
0.9009800000000004
0.9002200000000004
0.9007999999999997
0.9012000000000007
0.8989000000000003
0.8974400000000001
0.8992800000000003
0.8989400000000005
0.9014200000000003
0.9012400000000008
0.9053399999999998
0.9027400000000008
0.9009999999999998
0.8996000000000001
0.9003600000000005
0.8999600000000002
0.9002400000000005
0.9011200000000005
0.8998400000000002
0.90176
0.8989200000000003
0.9006400000000009
0.9022400000000004
0.9012600000000003
0.9024399999999997
0.9016600000000008
0.9003200000000007
0.9024800000000003
0.9001600000000007
0.9033800000000002
0.8992600000000004
0.9022800000000001
0.8997600000000004
0.9008400000000008
0.9009800000000004
0.9011800000000006
0.9026600000000006
0.9018200000000006
0.9008200000000005
0.9014600000000003
0.9002400000000003
0.9017800000000004
0.9021600000000004
0.90082
0.9023400000000004
0.9004800000000004
0.9008200000000004
0.9026000000000002
0.9006600000000005
0.89974
0.9021000000000003
0.9030600000000005
0.9030400000000002
0.9001400000000007
0.9016600000000007
0.9018000000000002
0.9010200000000005
0.9025200000000002
0.90196
0.9014200000000002
0.8993200000000001
0.9001000000000002
0.9006400000000003
0.9024800000000007
0.9011600000000005
0.9035000000000006
0.9019400000000002
0.9016400000000004
0.9024000000000005
0.8997600000000001
0.8994600000000003
0.9003400000000003
0.9006600000000003
0.9003600000000003
0.901060000000001
0.9025000000000007
0.9008800000000005
0.9013800000000002
0.9008600000000005
0.9004000000000006
0.9011600000000004
0.89904
0.9007400000000009
0.9021400000000002
0.89986
0.8999800000000004
0.9007200000000002
0.9006000000000006
0.9004400000000007
0.9016400000000004
0.8983400000000001
0.9015200000000003
0.9010200000000006
0.9006400000000007
0.9015000000000006
0.9022000000000006
0.9013400000000001
0.9049400000000003
0.9007800000000007
0.9003000000000004
0.9018600000000003
0.8993600000000006
0.9004400000000002
0.8998600000000003
0.9010400000000004
0.9010600000000005
0.9009400000000005
0.9009200000000007
0.9002200000000004
0.8990400000000003
0.8999200000000005
0.8988400000000005
0.9034
0.9009999999999999
0.9002200000000005
0.9026800000000001
0.8984200000000002
0.8975200000000004
0.9034800000000007
0.8995400000000005
0.8989999999999998
0.9009800000000007
0.9026200000000004
0.9014600000000006
0.8998800000000005
0.9036000000000005
0.9025200000000004
0.8996999999999999
0.9000600000000007
0.9005400000000003
0.8999199999999999
0.9018000000000004
0.9025000000000002
0.9004000000000003
0.8996200000000002
0.9012200000000006
0.9002800000000006
0.8994800000000002
0.90158
0.9011000000000007
0.9008000000000004
0.9002600000000003
0.8999000000000004
0.9016000000000004
0.8995000000000001
0.8989200000000003
0.9020400000000002
0.8999400000000002
0.9010200000000005
0.9023400000000005
0.8994800000000006
0.9009400000000006
0.9025600000000005
0.9005000000000003
0.9020800000000007
0.9002200000000008
0.8992600000000002
0.9031400000000002
0.9026000000000003
0.9023
0.9019000000000007
0.9013000000000005
0.9005800000000004
0.8988800000000002
0.90014
0.9027400000000008
0.8999200000000005
0.9002400000000003
0.90062
0.9009400000000004
0.8992800000000004
0.9010400000000007
0.8997999999999999
0.9002600000000003
0.9021199999999996
0.9017000000000003
0.8996400000000001
0.9003000000000001
0.8997600000000002
0.9022400000000007
0.9020200000000008
0.9025600000000005
0.9037400000000002
0.9029400000000006
0.8991200000000003
0.9033400000000006
0.9033000000000001
0.9025000000000003
0.8992600000000004
0.8998000000000005
0.8989000000000006
0.9019000000000003
0.902
0.9011399999999999
0.8996799999999999
0.9010400000000008
0.9022800000000006
0.9011000000000002
0.9019600000000001
0.9018000000000005
0.9025800000000004
0.8986800000000007
0.9029200000000001
0.8994600000000001
0.9018200000000001
0.9011600000000005
0.8982600000000002
0.9011600000000004
0.9026000000000003
0.9019000000000006
0.9006000000000004
0.9016800000000004
0.89876
0.8984400000000005
0.9009000000000001
0.9011400000000003
0.9023600000000006
0.9000000000000005
0.9032600000000002
0.9015600000000004
0.9028800000000002
0.9028400000000003
0.9001000000000005
0.9012800000000004
0.9019400000000002
0.9023600000000006
0.8992000000000003
0.9006800000000006
0.90168
0.8996600000000002
0.9005000000000009
0.9013000000000001
0.9017400000000008
0.9001200000000003
0.9007200000000007
0.9010600000000006
0.9040200000000006
0.9005200000000007
0.9012200000000005
0.9002200000000004
0.8990200000000002
0.9002000000000001
0.9010199999999999
0.90108
0.9000800000000004
0.9013000000000002
0.8996000000000001
0.9031000000000005
0.8994600000000004
0.8997999999999999
0.9010000000000002
0.9014999999999997
0.8989400000000002
0.9017200000000006
0.9004400000000007
0.8995000000000004
0.9024200000000004
0.8983800000000004
0.9005000000000009
0.8988200000000003
0.8991800000000001
0.9014600000000002
0.9018600000000003
0.9019000000000004
0.90158
0.9007400000000003
0.8973800000000003
0.8980000000000002
0.9007200000000004
0.9025600000000003
0.9012600000000006
0.9002200000000005
0.9038200000000006
0.9015400000000003
0.9009800000000002
0.8974799999999997
0.9007800000000001
0.9018800000000003
0.8981400000000002
0.9015800000000003
0.9006400000000001
0.9027800000000005
0.8993800000000007
0.9000200000000004
0.9021600000000002
0.8996800000000004
0.9001200000000003
0.9033000000000002
0.9015400000000006
0.8997800000000005
0.9034000000000003
0.9020600000000004
0.8994600000000001
0.8997200000000006
0.9015200000000001
0.9017600000000008
0.8995799999999999
0.90176
0.9013000000000007
0.9004200000000008
0.9003000000000001
0.9002600000000005
0.9039400000000006
0.9016400000000008
0.9013400000000005
0.9011000000000005
0.8996599999999998
0.9002600000000003
0.9014600000000003
0.8979800000000004
0.9026600000000005
0.9027600000000003
0.9005200000000001
0.9011600000000004
0.8999800000000004
0.9024000000000004
0.9015800000000005
0.9040000000000009
0.9020400000000002
0.9023000000000004
0.8982000000000002
0.89902
0.8998400000000001
0.90094
0.8996800000000001
0.8994599999999999
0.8996600000000003
0.8996000000000005
0.9007600000000004
0.8999200000000007
0.8993400000000004
0.8984800000000006
0.9011800000000006
0.9024600000000004
0.8999800000000004
0.8997000000000007
0.9004000000000003
0.90036
0.9004600000000003
0.8996200000000003
0.9013600000000009
0.9025000000000003
0.9018200000000004
0.9012000000000007
0.9012200000000002
0.9009000000000009
0.9025000000000004
0.9004400000000001
0.9014400000000004
0.9006600000000003
0.9020600000000003
0.9005000000000004
0.9024600000000003
0.9034800000000003
0.8992799999999999
0.9019800000000004
0.9030600000000004
0.9026000000000006
0.9016800000000004
0.9003600000000005
0.9020600000000002
0.9015200000000005
0.9016400000000004
0.9028200000000001
0.8998600000000002
0.9010000000000002
0.9030200000000006
0.8994400000000001
0.9022400000000005
0.9008800000000003
0.9027600000000003
0.9020000000000001
0.9017400000000009
0.90116
0.8994200000000006
0.8997400000000004
0.9009200000000006
0.9005800000000002
0.9026399999999998
0.8990800000000003
0.9018000000000002
0.9021400000000004
0.902
0.9023400000000007
0.9011000000000001
0.90006
0.9023000000000004
0.8995800000000003
0.9002200000000004
0.9021399999999998
0.9013000000000002
0.9018800000000005
0.9035800000000003
0.9002800000000001
0.9012400000000003
0.9000600000000002
0.9007800000000009
0.9025200000000002
0.9017800000000004
0.9025800000000005
0.8997800000000004
0.9002400000000002
0.8977600000000003
0.9012600000000002
0.90114
0.9016600000000004
0.9005800000000004
0.9005200000000005
0.9032600000000005
0.9001000000000005
0.9019800000000001
0.9006000000000004
0.9011000000000005
0.9017400000000005
0.9015000000000003
0.8991800000000002
0.8994600000000001
0.9012200000000002
0.9023200000000009
0.9002800000000002
0.9011400000000005
0.8994400000000001
0.9009000000000005
0.8992200000000002
0.9001200000000001
0.9021400000000004
0.9013800000000002
0.9018200000000003
0.9009800000000006
0.9023000000000002
0.9003800000000003
0.9029600000000003
0.9030200000000004
0.9045200000000007
0.9006200000000004
0.9020400000000005
0.90034
0.9027200000000005
0.9010200000000002
0.9023000000000008
0.9024199999999998
0.9017200000000006
0.9005600000000002
0.9009200000000004
0.9014400000000002
0.9018199999999998
0.9019400000000006
0.9009600000000008
0.9017400000000005
0.9003200000000002
0.9017600000000001
0.9009600000000004
0.9003600000000006
0.9021200000000006
0.9007400000000005
0.8990400000000008
0.9002000000000008
0.9002000000000006
0.9009000000000004
0.9009600000000003
0.9005400000000001
0.8991000000000002
0.9004000000000001
0.9023800000000003
0.9015800000000005
0.9022200000000002
0.9013000000000004
0.9027999999999996
0.8997200000000002
0.9004200000000001
0.9027399999999999
0.9022800000000004
0.9021800000000006
0.9014800000000004
0.9011800000000004
0.9010200000000002
0.8984200000000004
0.8998200000000004
0.9036800000000003
0.9017600000000006
0.9003200000000006
0.9016200000000005
0.9026200000000003
0.90096
0.9019400000000001
0.9018200000000002
0.9020400000000001
0.8995400000000001
0.8996400000000007
0.9026400000000006
0.8992000000000001
0.8991200000000005
0.8987600000000003
0.9004200000000003
0.9011800000000004
0.9015800000000002
0.9034000000000006
0.9021000000000008
0.8990400000000005
0.9018400000000004
0.9029600000000001
0.9015200000000005
0.9016800000000003
0.9002600000000004
0.9028200000000004
0.9025
0.9010000000000001
0.9004800000000006
0.9021600000000005
0.9015600000000004
0.9024600000000003
0.9007800000000005
0.9015200000000003
0.8992200000000006
0.9005200000000002
0.9015000000000003
0.8989800000000006
0.9012800000000002
0.9009999999999999
0.9018600000000003
0.9010800000000004
0.9016600000000006
0.8996400000000002
0.8983600000000008
0.8985200000000002
0.8987600000000007
0.90138
0.9006000000000007
0.9023000000000004
0.9014600000000006
0.9025600000000005
0.9017000000000004
0.9002600000000001
0.9028600000000004
0.9025600000000007
0.9028200000000006
0.9014200000000006
0.9005800000000004
0.90002
0.8999600000000001
0.9006000000000006
0.9026400000000006
0.8983400000000001
0.8987200000000003
0.9016800000000005
0.8987600000000007
0.8996200000000003
0.8995400000000002
0.9001800000000002
0.9002000000000008
0.9019400000000003
0.9004600000000003
0.9029799999999999
0.9013600000000005
0.9004200000000004
0.8995200000000005
0.90158
0.8996200000000003
0.9010400000000004
0.9019800000000003
0.8975200000000001
0.8998400000000002
0.8986400000000004
0.9011000000000007
0.8990600000000002
0.8997800000000004
0.9008400000000003
0.9020799999999999
0.8994200000000006
0.9007999999999998
0.9015600000000003
0.8993800000000002
0.9008799999999999
0.9018400000000005
0.9043200000000001
0.9020800000000004
0.9008600000000005
0.8982200000000007
0.9009000000000005
0.9013600000000005
0.8996999999999999
0.9032200000000007
0.9008000000000007
0.8997600000000004
0.89964
0.9019600000000004
0.9021400000000003
0.90026
0.8988800000000006
0.8992800000000004
0.9024000000000001
0.89986
0.9014200000000006
0.9017200000000003
0.9005800000000004
0.9006200000000005
0.8982200000000006
0.8974800000000005
0.9015000000000001
0.9011800000000002
0.8995200000000004
0.9020600000000004
0.9038200000000003
0.9006600000000003
0.9015200000000001
0.9007600000000003
0.90078
0.8995000000000002
0.8987200000000004
0.9013800000000006
0.8992800000000005
0.9007400000000001
0.9006400000000006
0.9019400000000007
0.8989400000000007
0.9020200000000004
0.9023200000000007
0.9024600000000005
0.9017200000000005
0.9010800000000009
0.9023000000000008
0.9023200000000007
0.8997800000000007
0.9033000000000002
0.9011000000000006
0.9027400000000008
0.9033600000000003
0.9006200000000004
0.9011800000000004
0.8991400000000005
0.8993000000000002
0.8992800000000004
0.9016000000000003
0.9026200000000009
0.9041400000000003
0.9025600000000005
0.9009400000000007
0.90098
0.9007200000000002
0.9010800000000003
0.8971800000000009
0.9024000000000004
0.9006800000000001
0.9009400000000005
0.9000800000000005
0.9007400000000005
0.9023
0.9016400000000003
0.9035200000000008
0.9025999999999997
0.9012
0.9016400000000001
0.8982400000000004
0.9038200000000006
0.90022
0.9010400000000003
0.9019000000000003
0.9008600000000004
0.9034200000000002
0.8998200000000005
0.9017200000000003
0.8995399999999999
0.8997800000000005
0.9020999999999999
0.8998000000000002
0.9018999999999999
0.8998800000000002
0.9009000000000004
0.8991800000000003
0.9022800000000005
0.89974
0.8985800000000005
0.8997600000000004
0.9003200000000006
0.8991000000000006
0.9005400000000005
0.9025000000000004
0.9013200000000003
0.9010400000000005
0.9019200000000002
0.9036400000000002
0.9016000000000001
0.9004800000000002
0.9022800000000005
0.9006600000000003
0.9015200000000003
0.9004800000000003
0.9028800000000002
0.9004400000000007
0.8997600000000004
0.9006200000000001
0.9006200000000003
0.9025400000000009
0.8983399999999999
0.9020000000000006
0.9020000000000001
0.9008800000000001
0.9029600000000005
0.9018200000000003
0.9023600000000005
0.9006200000000009
0.8985600000000007
0.9018800000000005
0.901040000000001
0.9009200000000004
0.9006200000000003
0.9018599999999999
0.9006799999999999
0.9020800000000001
0.9033800000000005
