0.19999999999999962
0.2709599999999999
0.3456
0.4233200000000001
0.49398
0.5597000000000001
0.6152799999999999
0.6554000000000002
0.6849399999999999
0.70982
0.7255600000000002
0.7378999999999998
0.7475799999999997
0.7560400000000003
0.75912
0.7622000000000001
0.7632000000000001
0.7637400000000004
0.76616
0.7662399999999999
0.7678800000000002
0.76616
0.7644400000000005
0.7654199999999995
0.7648000000000001
0.7650599999999999
0.7651600000000002
0.7679200000000002
0.7700600000000004
0.7708600000000003
0.7706599999999999
0.7721400000000006
0.7720400000000002
0.7715600000000004
0.7710600000000005
0.7710400000000002
0.7703200000000003
0.7709600000000002
0.7687400000000001
0.7699200000000004
0.77062
0.76964
0.76936
0.7672400000000001
0.7707200000000003
0.7728200000000005
0.7713600000000005
0.77142
0.7727000000000004
0.7712200000000001
0.76964
0.7702400000000003
0.76634
0.7682799999999999
0.7691599999999998
0.7691400000000005
0.7700600000000002
0.7723000000000003
0.7740000000000002
0.7748399999999998
0.77508
0.77452
0.7730199999999998
0.77208
0.7727399999999999
0.7720000000000004
0.77146
0.7742600000000002
0.7740600000000001
0.7733800000000005
0.7703000000000004
0.7708399999999997
0.7703800000000001
0.7683400000000001
0.7700800000000001
0.7693600000000003
0.7704999999999999
0.77012
0.7707200000000003
0.7697999999999997
0.7692800000000001
0.7679600000000003
0.7677799999999999
0.7669
0.7688000000000005
0.7688599999999998
0.7676999999999999
0.7698200000000003
0.7691200000000004
0.7691200000000002
0.7680400000000001
0.76926
0.7694800000000004
0.7738600000000004
0.7735000000000002
0.7739800000000003
0.7740600000000003
0.7766800000000003
0.7743800000000004
0.7730000000000001
0.7733599999999997
0.7751600000000003
0.7722200000000001
0.7723200000000001
0.7717600000000001
0.7700400000000002
0.7719400000000002
0.7679600000000005
0.7694200000000003
0.7717000000000002
0.7700400000000002
0.7686200000000001
0.7671400000000002
0.7693800000000004
0.76814
0.7694400000000003
0.7694799999999999
0.7699399999999998
0.7700600000000002
0.7695800000000002
0.7706000000000002
0.7705400000000003
0.7720800000000003
0.7704200000000003
0.76846
0.7688400000000004
0.7691800000000001
0.7674199999999999
0.7680000000000002
0.7679600000000003
0.7703799999999998
0.7678000000000001
0.76708
0.7694399999999999
0.7694199999999999
0.7687199999999998
0.7659400000000001
0.7676000000000001
0.7677400000000002
0.7686799999999995
0.7711200000000002
0.7700400000000001
0.7659599999999999
0.76488
0.7689400000000003
0.7665199999999998
0.7689200000000003
0.7698000000000002
0.7706000000000002
0.7711199999999998
0.7694600000000001
0.7672600000000003
0.7681600000000001
0.7699400000000003
0.77188
0.7732600000000004
0.77044
0.772
0.7702400000000001
0.7707200000000002
0.77346
0.7730199999999998
0.7756200000000001
0.7715000000000003
0.77074
0.7688800000000002
0.7682999999999994
0.7679400000000003
0.7678000000000005
0.7687200000000003
0.7692200000000001
0.7674000000000002
0.7688600000000007
0.767
0.7673200000000004
0.7674000000000007
0.7684600000000004
0.76908
0.7669600000000003
0.7689200000000003
0.7680199999999999
0.7702000000000004
0.7676000000000001
0.7674400000000001
0.7681000000000003
0.7679400000000003
0.7709800000000004
0.7712800000000004
0.7701000000000002
0.7693000000000002
0.7698600000000003
0.7697600000000001
0.7675800000000002
0.7695800000000002
0.7714000000000004
0.7713800000000005
0.7697200000000004
0.7720600000000004
0.7708999999999999
0.7709000000000005
0.7717800000000004
0.7747999999999999
0.7720400000000002
0.7705000000000003
0.77114
0.7702800000000003
0.7680600000000003
0.7695800000000003
0.7691400000000003
0.7684000000000003
0.7719199999999999
0.7702000000000001
0.7697800000000005
0.7694200000000005
0.7704000000000005
0.77242
0.77204
0.7716600000000001
0.7714799999999999
0.7697400000000002
0.7689400000000001
0.7655600000000004
0.7687200000000002
0.76984
0.7683600000000003
0.7703600000000006
0.7729200000000002
0.7726800000000001
0.7730400000000002
0.7730400000000002
0.7687200000000003
0.7669000000000004
0.7657200000000002
0.7684800000000003
0.7707600000000001
0.7712600000000005
0.7688400000000002
0.7666400000000002
0.7685599999999999
0.7669400000000003
0.7678
0.7687200000000002
0.7704800000000003
0.7682200000000005
0.7703199999999998
0.7673000000000003
0.7685200000000002
0.7678599999999998
0.76782
0.7674600000000003
0.7664600000000005
0.7659199999999997
0.7689000000000002
0.77056
0.7742200000000001
0.7719000000000001
0.7699400000000003
0.7676800000000003
0.7708200000000002
0.7734000000000001
0.7751599999999996
0.77148
0.77078
0.7701199999999997
0.77126
0.7707800000000005
0.77176
0.7706000000000001
0.7692999999999999
0.7706199999999999
0.77078
0.76898
0.7698000000000004
0.7733000000000003
0.7693800000000004
0.7699600000000004
0.7678200000000004
0.7685799999999999
0.7687200000000003
0.7690200000000003
0.7689800000000007
0.7688000000000001
0.7685800000000002
0.7668799999999999
0.7680000000000001
0.7668800000000001
0.76826
0.7693799999999998
0.76936
0.7702600000000004
0.7680600000000001
0.7696200000000003
0.7695000000000003
0.7712400000000001
0.76928
0.7680800000000001
0.76798
0.7710200000000005
0.7705600000000001
0.7676400000000001
0.7726800000000005
0.7714600000000001
0.7731199999999998
0.7706200000000001
0.7708600000000007
0.7695800000000003
0.7680400000000002
0.77132
0.7703000000000003
0.7679600000000002
0.7671200000000001
0.7691600000000001
0.7711199999999998
0.7717400000000008
0.7698799999999999
0.77066
0.7726800000000003
0.7723800000000002
0.7727000000000005
0.77258
0.7716200000000003
0.7735000000000005
0.7716800000000004
0.7691200000000002
0.7680399999999998
0.7704000000000003
0.77276
0.7696800000000001
0.7700200000000003
0.7698600000000002
0.7694400000000006
0.7678000000000001
0.7692999999999999
0.7669000000000001
0.7682800000000001
0.7697800000000001
0.7675000000000002
0.7671600000000005
0.7652000000000002
0.7699600000000004
0.7691799999999998
0.7675000000000004
0.7673999999999996
0.7670799999999997
0.7696800000000001
0.76976
0.76948
0.7685200000000002
0.7690200000000003
0.7701600000000002
0.7712400000000005
0.7712999999999998
0.7697600000000001
0.7726999999999999
0.7734399999999999
0.7735600000000001
0.7723
0.7710399999999998
0.7715400000000001
0.7680800000000007
0.7676600000000002
0.7683200000000003
0.76666
0.7684400000000002
0.7686000000000003
0.7673000000000003
0.7689000000000005
0.7668200000000006
0.7693600000000004
0.7691400000000002
0.7688600000000001
0.7711600000000002
0.7712600000000001
0.7716
0.7691600000000001
0.7669200000000003
0.7670599999999999
0.7680400000000003
0.7707399999999999
0.7688200000000001
0.7687600000000002
0.7702400000000003
0.7693599999999999
0.7664
0.7667000000000005
0.7693399999999997
0.76904
0.7683400000000001
0.7672800000000001
0.7700800000000001
0.7709200000000002
0.7722200000000004
0.77074
0.77342
0.7728400000000002
0.7721000000000002
0.7720199999999999
0.7717
0.7717000000000002
0.7698999999999997
0.7688000000000003
0.7688200000000003
0.7701400000000003
0.7720400000000002
0.7730800000000001
0.7732400000000001
0.7689600000000002
0.7704
0.76914
0.7695400000000006
0.7689600000000003
0.7703
0.77136
0.7709400000000001
0.7700000000000001
0.7709400000000005
0.7683200000000003
0.76948
0.7667000000000002
0.7661600000000004
0.7674200000000008
0.7686000000000002
0.7671000000000003
0.7706400000000001
0.7683200000000002
0.76794
0.7689800000000002
0.7693799999999997
0.7683400000000001
0.7682200000000003
0.76536
0.76712
0.7686800000000003
0.7676600000000002
0.7691600000000003
0.7704000000000001
0.76922
0.7709
0.7700400000000003
0.7694200000000003
0.7710800000000003
0.7719400000000003
0.7700400000000003
0.7718600000000002
0.7725200000000001
0.76932
0.7683200000000003
0.7707600000000003
0.7716000000000001
0.7720400000000001
0.77254
0.7720399999999996
0.77264
0.7697000000000002
0.7671800000000003
0.7667600000000003
0.7669
0.7671400000000002
0.7692600000000003
0.76908
0.7710399999999998
0.7715800000000002
0.7700800000000001
0.7696600000000005
0.7689400000000005
0.7691400000000003
0.7679800000000003
0.7680400000000002
0.7697400000000001
0.7665200000000002
0.7694
0.7690400000000001
0.7718600000000001
0.7737000000000003
0.7725400000000003
0.7689400000000003
0.7671800000000003
0.7687000000000004
0.7689
0.7689800000000002
0.7691400000000003
0.77054
0.7708600000000001
0.7675200000000001
0.7681800000000003
0.7688600000000001
0.7682199999999998
0.7696200000000004
0.7674399999999999
0.7682800000000002
0.7673400000000001
0.76906
0.7702
0.7672000000000004
0.7678199999999998
0.7687600000000003
0.7663200000000002
0.7683000000000005
0.7680000000000002
0.7711000000000001
0.7700800000000004
0.76892
0.7708999999999999
0.7700000000000001
0.7721600000000002
0.7707199999999998
0.7710399999999998
0.7694000000000001
0.7694400000000001
0.7718000000000003
0.7727600000000001
0.7699199999999999
0.7723400000000002
0.7700600000000002
0.7697800000000001
0.77034
0.7680599999999997
0.7680800000000002
0.76556
0.76908
0.7715200000000003
0.7708400000000002
0.7686799999999997
0.77114
0.7700599999999999
0.7685200000000002
0.7695800000000002
0.7663000000000002
0.7673800000000003
0.76834
0.7677200000000001
0.7676000000000005
0.7671999999999999
0.7660999999999997
0.7662400000000003
0.7681800000000001
0.7692600000000005
0.7678400000000001
0.7686000000000003
0.7684000000000006
0.7690400000000001
0.7674400000000001
0.7648000000000005
0.7683000000000003
0.7683600000000002
0.7701200000000006
0.76862
0.7680799999999999
0.7670999999999999
0.7673000000000001
0.76846
0.77062
0.7690199999999998
0.7692000000000003
0.7704000000000002
0.7710400000000004
0.7730000000000002
0.7708400000000003
0.7671800000000001
0.7690400000000001
0.7675799999999999
0.7697000000000004
0.7676200000000004
0.7696000000000004
0.7712200000000001
0.7711800000000004
0.7702600000000003
0.7678200000000003
0.7678400000000001
0.7680799999999999
0.7684599999999999
0.7681800000000003
0.7686200000000002
0.7699600000000002
0.7688800000000005
0.7690600000000002
0.7677799999999999
0.77014
0.7703400000000002
0.7699600000000004
0.7659400000000004
0.7694000000000001
0.76944
0.7695600000000004
0.7668399999999999
0.7684599999999999
0.7688000000000001
0.7688600000000001
0.7695000000000004
0.7693800000000002
0.7698400000000001
0.7683000000000001
0.77012
0.7714000000000002
0.7687599999999999
0.7678200000000004
0.7685800000000005
0.76914
0.7669999999999998
0.7708400000000001
0.7669200000000004
0.7688200000000002
0.7689200000000004
0.7680400000000003
0.7701200000000002
0.7689200000000003
0.7683200000000007
0.7672600000000002
0.7680600000000003
0.7681600000000001
0.7691000000000002
0.7697000000000002
0.7672199999999999
0.7693800000000002
0.7683400000000004
0.7697800000000004
0.7746000000000004
0.7758000000000002
0.7755000000000001
0.7759200000000003
0.7741799999999996
0.7710600000000002
0.7735600000000001
0.7710199999999999
0.7692600000000005
0.7719000000000001
0.77044
0.76988
0.7677199999999997
0.76914
0.7709000000000001
0.7729400000000003
0.7691200000000005
0.7704600000000003
0.7699399999999997
0.7691800000000001
0.7659199999999998
0.7668000000000005
0.7688600000000001
0.7681400000000003
0.7688799999999999
0.7698600000000004
0.76788
0.7700600000000002
0.7680000000000001
0.7682800000000001
0.7680800000000003
0.7706000000000003
0.7721600000000002
0.7732800000000001
0.7744
0.7737200000000002
0.7717200000000004
0.7754000000000001
0.7742800000000003
0.7741800000000002
0.77038
0.7710399999999998
0.7741999999999999
0.7705000000000003
0.7695200000000004
0.7668600000000001
0.7671800000000003
0.7684000000000001
0.76916
0.7700400000000003
0.7701600000000002
0.7725200000000005
0.7716200000000002
0.7730600000000001
0.77346
0.7724000000000002
0.7725800000000003
0.7729199999999996
0.7724200000000002
0.7735999999999998
0.7711800000000002
0.7721000000000001
0.7707400000000004
0.7707400000000003
0.7719400000000002
0.7698200000000003
0.7702800000000005
0.76894
0.7695800000000002
0.77236
0.7713200000000002
0.7717200000000003
0.7686000000000002
0.7666999999999998
0.7658800000000002
0.7661200000000007
0.7672200000000003
0.7683800000000001
0.7646600000000001
0.7665000000000002
0.7658600000000001
0.7690799999999995
0.7683000000000003
0.7686399999999999
0.7672599999999998
0.7688800000000005
0.7686400000000002
0.7682600000000002
0.7711600000000002
0.7718799999999999
0.7725199999999998
0.7702400000000003
0.7716600000000003
0.7747399999999998
0.7705400000000001
0.7720800000000003
0.7727800000000005
0.7734399999999999
0.7717200000000001
0.7693800000000002
0.7719600000000005
0.7697000000000003
0.7671400000000002
0.7692199999999998
0.7686599999999997
0.7682999999999996
0.7670600000000002
0.7679400000000004
0.7687200000000004
0.7713000000000002
0.7708200000000002
0.7704000000000002
0.7697800000000002
0.7687800000000001
0.7678600000000008
0.7673200000000002
0.7662
0.7686399999999999
0.7669
0.76754
0.7668000000000003
0.7685600000000004
0.7681599999999998
0.7685600000000004
0.7723800000000004
0.7706600000000001
0.7706400000000002
0.7715400000000002
0.7694000000000003
0.7709800000000006
0.7704799999999998
0.7706400000000003
0.7708600000000005
0.7727999999999998
0.7711400000000002
0.7706800000000003
0.76986
0.7687600000000003
0.7670400000000002
0.7684400000000001
0.76768
0.7707599999999999
0.76864
0.7705200000000002
0.7740600000000001
0.7702800000000001
0.7702200000000005
0.7722000000000001
0.7709200000000006
0.7693800000000003
0.7719199999999999
0.7704400000000006
0.7677000000000004
0.7685200000000001
0.7679599999999998
0.7699000000000003
0.76822
0.7692399999999998
0.7700600000000003
0.7694200000000005
0.7686600000000005
0.7670800000000003
0.7676200000000002
0.7670599999999999
0.7665199999999999
0.76854
0.7676600000000005
0.7693000000000003
0.7679400000000003
0.7665000000000002
0.7679399999999998
0.7696400000000001
0.7693400000000002
0.7710400000000002
0.7714000000000004
0.7726400000000002
0.7717400000000002
0.7741
0.7718800000000005
0.7727999999999998
0.7718000000000004
0.7693400000000004
0.7687600000000002
0.7691000000000002
0.7717800000000001
0.76996
0.77156
0.7719000000000001
0.7728200000000004
0.7701
0.7695800000000004
0.7689400000000002
0.7695599999999999
0.77046
0.7718200000000003
0.7712600000000002
0.77008
0.7672200000000001
0.7693200000000003
0.7714200000000004
0.77042
0.7698200000000002
0.7702000000000004
0.77094
0.76932
0.7716600000000002
0.7722000000000002
0.7725000000000002
0.7714200000000004
0.7702000000000001
0.7719800000000003
0.7717800000000004
0.7696400000000005
0.7689999999999999
0.7683000000000001
0.7706000000000003
0.7697000000000003
0.7710600000000001
0.7730000000000001
0.77104
0.7714800000000003
0.7696400000000003
0.7682400000000001
0.7668
0.7662999999999998
0.7686800000000003
0.76902
0.7690600000000001
0.7691000000000001
0.7699799999999998
0.7718200000000002
0.77138
0.7715200000000003
0.7680800000000002
0.7704000000000001
0.7721000000000001
0.7707400000000003
0.77132
0.7726400000000004
0.7727600000000002
0.7725000000000002
0.7719000000000003
0.7709800000000002
0.77248
0.7705000000000001
0.76998
0.7703799999999995
0.7711999999999998
0.7695800000000003
0.7692800000000001
0.77172
0.7715000000000002
0.7707599999999998
0.7712000000000002
0.7697800000000004
0.7726599999999999
0.7725400000000004
0.77094
0.7693800000000001
0.7697399999999999
0.7680999999999998
0.7667999999999998
0.7703000000000002
0.7701400000000003
0.7703600000000002
0.7714400000000002
0.7692399999999996
0.77
0.7706400000000001
0.7701400000000004
0.7719799999999999
0.7717200000000003
0.77276
0.7739200000000003
0.7720999999999999
0.7702799999999997
0.7690199999999998
0.7681799999999996
0.7690000000000002
0.7692400000000003
0.76936
0.7679200000000002
0.7672400000000001
0.7701999999999997
0.76884
0.7706200000000003
0.76916
0.7710799999999998
0.7702800000000001
0.7714199999999998
0.77118
0.7675200000000001
0.7691400000000002
0.7673000000000001
0.7688800000000002
0.7724600000000004
0.7710000000000001
0.7718000000000003
0.7697000000000002
0.7711200000000002
0.7714000000000003
0.7719400000000002
0.7716
0.7720000000000004
0.7709600000000002
0.7714800000000007
0.7725000000000005
0.7721400000000002
0.77408
0.7715600000000006
0.7709800000000002
0.7709599999999999
0.77168
0.76932
0.7683399999999999
0.7720200000000003
0.7704200000000003
0.77086
0.7685000000000002
0.7705600000000002
0.7704199999999998
0.7718
0.7715600000000004
0.7708600000000004
0.7706000000000002
0.7719600000000003
0.7694199999999997
0.77
0.7706600000000003
0.77034
0.7688400000000005
0.76936
0.7680000000000002
0.7695400000000001
0.7679400000000003
0.7669000000000002
0.76918
0.7697600000000001
0.7683199999999999
0.7708600000000001
0.7694399999999999
0.7683800000000004
0.7672799999999999
0.77
0.7690800000000002
0.7686200000000004
0.7697400000000001
0.7710400000000002
0.7688200000000002
0.7656200000000003
0.7654599999999999
0.76748
0.7690400000000004
0.77238
0.76948
0.76892
0.7689599999999999
0.7695400000000003
0.7681000000000004
0.7692999999999998
0.7692
0.7698800000000001
0.7697800000000004
0.7703799999999997
0.7693200000000003
0.7679000000000002
0.7670999999999998
0.7700600000000002
0.7720399999999996
0.7723200000000002
0.7716800000000003
0.7715800000000005
0.76988
0.7692200000000003
0.7696400000000005
0.7716400000000003
0.7705400000000006
0.7702800000000002
0.7683599999999999
0.7705200000000001
0.7688200000000002
0.7693400000000001
0.7695800000000003
0.7705999999999998
