0.19999999999999962
0.30032000000000003
0.40875999999999996
0.5156600000000001
0.60922
0.6796000000000002
0.7262000000000001
0.7578200000000005
0.7777600000000002
0.7888600000000003
0.7979599999999999
0.8043600000000002
0.8075399999999998
0.8130600000000001
0.8144800000000002
0.8147600000000002
0.8112000000000001
0.8128599999999999
0.8119799999999999
0.8107199999999999
0.8096999999999999
0.8114
0.8119400000000002
0.8117799999999998
0.8141399999999998
0.8124000000000002
0.81198
0.8128000000000002
0.8135600000000001
0.81368
0.8118399999999997
0.8113600000000001
0.8124200000000006
0.8140999999999999
0.81056
0.8117000000000002
0.8116
0.81
0.8141000000000002
0.8146199999999999
0.81518
0.8140399999999999
0.8132000000000004
0.81416
0.8149599999999997
0.8124600000000002
0.8145
0.8142999999999999
0.8156799999999998
0.8118000000000002
0.81162
0.8123600000000001
0.81372
0.8113199999999995
0.8134399999999998
0.8121400000000001
0.8159400000000001
0.81222
0.811699999999999
0.8109399999999996
0.8107600000000003
0.81234
0.81312
0.8131600000000002
0.8130399999999998
0.8097399999999999
0.8137200000000001
0.8117000000000003
0.8124199999999994
0.8130999999999999
0.8135599999999998
0.8140199999999997
0.8140000000000002
0.8178199999999998
0.8166599999999995
0.81722
0.8139400000000001
0.8161999999999996
0.81278
0.8141000000000002
0.8152999999999996
0.8151600000000003
0.8161399999999996
0.8158999999999996
0.8162199999999998
0.8162400000000002
0.8161799999999997
0.81694
0.81442
0.8130999999999999
0.8144600000000003
0.8138000000000001
0.8140800000000001
0.8145000000000003
0.8133400000000003
0.8115000000000003
0.8114799999999999
0.8116
0.8131599999999999
0.8127999999999999
0.8152799999999998
0.8117800000000003
0.8136999999999994
0.8122600000000003
0.81464
0.8124000000000002
0.81648
0.8142599999999995
0.8141400000000003
0.8145600000000002
0.8138999999999998
0.8139399999999999
0.8161800000000001
0.8104399999999999
0.8151399999999999
0.81226
0.8121399999999999
0.8133200000000004
0.8172599999999995
0.8184800000000004
0.8144600000000003
0.8145600000000002
0.8101400000000002
0.8117000000000002
0.8134599999999997
0.8127599999999998
0.8124199999999996
0.8138799999999999
0.81242
0.8130199999999997
0.8131199999999995
0.8157599999999996
0.81512
0.8155599999999995
0.8147800000000004
0.8154399999999998
0.8143
0.8149200000000002
0.8180599999999997
0.8160399999999995
0.8134
0.8137399999999998
0.8161800000000006
0.8146800000000001
0.8142400000000002
0.8124800000000001
0.8121799999999999
0.8110599999999998
0.8124400000000004
0.81332
0.8117399999999999
0.8128399999999998
0.81552
0.8152599999999999
0.8120999999999999
0.8109800000000001
0.8112999999999997
0.8132600000000003
0.81556
0.8160999999999998
0.8139399999999997
0.8125399999999999
0.8130400000000003
0.8141400000000004
0.8154999999999998
0.8161599999999999
0.8154200000000001
0.8182999999999996
0.8111200000000004
0.8107799999999995
0.8125400000000002
0.8123800000000003
0.8111999999999999
0.8123199999999997
0.8135199999999996
0.81306
0.8122600000000003
0.8108799999999998
0.8128800000000002
0.8150799999999999
0.81318
0.8132799999999999
0.8138
0.8145399999999999
0.8155
0.8147799999999995
0.81222
0.8143799999999998
0.8136800000000001
0.8140800000000002
0.8121599999999998
0.8116999999999994
0.8126200000000001
0.8125199999999999
0.81372
0.81208
0.8140999999999995
0.8129200000000003
0.8134799999999998
0.8143600000000001
0.8135200000000001
0.81344
0.8115399999999994
0.8101999999999998
0.81242
0.8100200000000001
0.8107000000000003
0.8131999999999999
0.8107799999999998
0.8103800000000001
0.8106799999999998
0.8109200000000001
0.81428
0.8127999999999999
0.8138799999999997
0.8145000000000003
0.81566
0.8149999999999997
0.81432
0.81226
0.8122000000000003
0.8133800000000001
0.8157
0.8149599999999999
0.8140999999999998
0.81426
0.8138800000000005
0.81426
0.8142799999999992
0.8130799999999998
0.81206
0.8140399999999995
0.8141599999999997
0.8172600000000004
0.8151
0.8135800000000002
0.81262
0.81124
0.8121200000000001
0.8133200000000003
0.8146600000000003
0.8135999999999997
0.8135400000000002
0.8127
0.8128599999999999
0.8143999999999998
0.8124199999999998
0.8140000000000002
0.8138399999999996
0.81426
0.8140000000000005
0.8142599999999995
0.81384
0.8129200000000002
0.8116399999999999
0.81176
0.8108599999999998
0.8143399999999994
0.8168999999999995
0.81696
0.8154199999999999
0.8145199999999998
0.8171600000000003
0.8150000000000004
0.8160199999999997
0.8181600000000002
0.8171
0.8155600000000003
0.8152200000000004
0.8149
0.8138999999999997
0.8118199999999998
0.8129800000000005
0.8120200000000001
0.8137000000000002
0.8149000000000002
0.8125399999999996
0.8147199999999997
0.8123800000000001
0.8128999999999997
0.8117399999999998
0.8112599999999998
0.8140999999999994
0.8133800000000001
0.8150400000000001
0.8159799999999998
0.8149599999999998
0.8143399999999998
0.8157000000000001
0.8152800000000002
0.8101599999999999
0.8120600000000002
0.81262
0.8136999999999998
0.8123400000000004
0.8113000000000001
0.81204
0.8133800000000001
0.81198
0.8115400000000002
0.8124199999999999
0.8146800000000001
0.8139999999999997
0.8122599999999999
0.8125199999999999
0.8146400000000001
0.8152599999999999
0.8166200000000002
0.8157400000000001
0.8163999999999996
0.8170599999999999
0.8193800000000004
0.8186199999999996
0.8164199999999995
0.8163999999999997
0.8133400000000002
0.8143599999999996
0.81226
0.8158400000000005
0.8154399999999998
0.8151000000000004
0.81376
0.8161799999999996
0.8153000000000001
0.8148000000000004
0.8179599999999997
0.8164199999999997
0.8161399999999999
0.8172600000000001
0.8156599999999998
0.81356
0.8157199999999998
0.8113600000000004
0.8116999999999999
0.8126399999999998
0.8128999999999997
0.8142599999999995
0.8139200000000001
0.8148199999999995
0.8162800000000003
0.8158
0.8139600000000002
0.81462
0.81216
0.81384
0.8138599999999998
0.8130399999999995
0.8133000000000002
0.8154400000000002
0.81342
0.8133999999999998
0.8133600000000001
0.8131999999999999
0.8110800000000005
0.8139599999999999
0.8167199999999996
0.8177799999999997
0.81372
0.8133600000000001
0.8149600000000004
0.8160600000000001
0.8141799999999999
0.8145399999999999
0.8160399999999997
0.8142800000000002
0.8120200000000001
0.8074600000000001
0.8102000000000005
0.8141000000000003
0.8157999999999999
0.81556
0.8151600000000003
0.8145800000000003
0.8151600000000001
0.8119399999999998
0.8112599999999999
0.8125600000000002
0.8146000000000002
0.81672
0.8153800000000001
0.8151
0.8156399999999997
0.8143399999999997
0.81462
0.8151799999999997
0.8153400000000002
0.8168399999999997
0.8141200000000001
0.8159600000000005
0.8154
0.8115800000000006
0.8120800000000002
0.8116799999999996
0.8122399999999997
0.8164799999999999
0.81652
0.8145600000000001
0.81414
0.8131199999999997
0.8165199999999997
0.8125199999999997
0.80988
0.8115599999999996
0.8120999999999996
0.81278
0.8141399999999999
0.81286
0.8128800000000002
0.8121400000000005
0.8133
0.8144400000000002
0.8144399999999996
0.8104399999999999
0.8099000000000001
0.81168
0.8115399999999998
0.8134599999999997
0.8144999999999999
0.8126400000000001
0.8109599999999999
0.8121399999999999
0.8105800000000003
0.8132599999999998
0.81372
0.8135000000000001
0.8135799999999996
0.8129200000000002
0.8171400000000001
0.8145400000000003
0.8139999999999997
0.8128999999999994
0.8130400000000002
0.8119799999999998
0.8138600000000001
0.8141200000000001
0.81376
0.8114399999999995
0.8154399999999995
0.8116999999999998
0.8142400000000002
0.8168799999999998
0.8138
0.8115199999999996
0.8096399999999996
0.8124800000000003
0.81012
0.8114000000000001
0.8086800000000003
0.8116599999999998
0.8112199999999998
0.8104199999999999
0.8113799999999999
0.8127000000000001
0.8133799999999998
0.8138200000000002
0.8125800000000002
0.8136399999999999
0.81634
0.81364
0.8109000000000002
0.8115000000000002
0.8127599999999998
0.8156000000000002
0.8138600000000001
0.8139600000000002
0.81426
0.8149599999999997
0.8135600000000005
0.8150400000000002
0.8144399999999995
0.816
0.81616
0.81518
0.8162
0.8144200000000004
0.8156799999999998
0.8123599999999999
0.8156599999999998
0.8164400000000004
0.8152599999999997
0.8125600000000002
0.8120799999999998
0.8138399999999999
0.8111599999999999
0.81596
0.81524
0.8142999999999998
0.81624
0.8138000000000001
0.8145
0.8134600000000002
0.8133000000000001
0.8148599999999995
0.8138599999999999
0.8148999999999998
0.8155199999999998
0.8125800000000001
0.8109400000000001
0.8123000000000004
0.8112599999999994
0.8105800000000002
0.8119
0.81286
0.8118999999999998
0.8114800000000001
0.81356
0.8134199999999998
0.8142800000000002
0.8141799999999999
0.8129
0.8128200000000001
0.81526
0.81464
0.8144599999999999
0.8150799999999994
0.8125400000000004
0.8145799999999999
0.8159200000000003
0.8150999999999996
0.8138599999999998
0.8112000000000004
0.8116399999999997
0.81312
0.8101999999999999
0.8118400000000001
0.8136000000000003
0.8137400000000001
0.8135600000000001
0.8136400000000001
0.8101599999999997
0.8131999999999997
0.81038
0.8106600000000002
0.81344
0.8127800000000002
0.8126400000000001
0.8132600000000002
0.8139599999999999
0.81322
0.8121799999999995
0.8136199999999997
0.8132799999999996
0.8127400000000002
0.8127200000000003
0.8142000000000003
0.8179799999999999
0.8157199999999999
0.8170799999999996
0.8160200000000003
0.8127199999999998
0.81294
0.8140999999999998
0.81514
0.8138200000000003
0.8158
0.8141599999999997
0.8190000000000002
0.81584
0.8178600000000005
0.8165599999999997
0.8139199999999999
0.8149199999999999
0.8174199999999999
0.8143399999999998
0.8140400000000002
0.8147999999999997
0.8113600000000001
0.81458
0.8143999999999997
0.8143999999999998
0.8153799999999995
0.8131400000000001
0.8138199999999994
0.8134200000000001
0.8134400000000003
0.8159400000000001
0.8173999999999998
0.8156600000000002
0.8138999999999998
0.8168199999999999
0.8125600000000002
0.8148199999999999
0.8138199999999999
0.8155200000000002
0.81494
0.8148199999999999
0.8151399999999999
0.8141599999999998
0.8142999999999995
0.8120199999999999
0.8110200000000002
0.81186
0.8126599999999999
0.8116800000000001
0.8123199999999997
0.8124400000000002
0.8114200000000001
0.81338
0.8135999999999999
0.81502
0.8120999999999999
0.8143600000000002
0.8157000000000001
0.8125400000000002
0.8143000000000002
0.8140599999999997
0.8132999999999997
0.8136400000000001
0.8117599999999996
0.8124600000000001
0.8124000000000001
0.8118799999999997
0.8117000000000003
0.8133000000000002
0.8133199999999999
0.8165799999999998
0.81534
0.8153599999999999
0.81436
0.8149999999999998
0.8148800000000002
0.8139200000000001
0.81178
0.81356
0.8123999999999999
0.8144600000000003
0.8159999999999998
0.8162200000000002
0.8168799999999998
0.81568
0.8159600000000004
0.8134399999999996
0.8127
0.8149799999999998
0.81416
0.8141200000000001
0.8147400000000001
0.8139200000000001
0.8157400000000002
0.8162799999999999
0.8142999999999995
0.8141399999999999
0.8141400000000008
0.81812
0.8159200000000003
0.8165199999999999
0.8133400000000002
0.8152199999999996
0.8133000000000001
0.8141399999999999
0.8130199999999995
0.8133600000000001
0.8125200000000001
0.8144400000000002
0.8127600000000004
0.8139799999999999
0.8119799999999999
0.81294
0.8102800000000003
0.81324
0.8141399999999998
0.8148599999999998
0.81328
0.81454
0.81482
0.8133799999999997
0.81292
0.8106800000000004
0.8127200000000002
0.8118600000000002
0.8129800000000003
0.8118999999999998
0.81396
0.81178
0.81
0.8113999999999997
0.8095800000000009
0.8121399999999998
0.81436
0.8145399999999999
0.8154799999999999
0.8113800000000001
0.8116599999999999
0.8129999999999997
0.8153199999999999
0.8167199999999997
0.8148599999999998
0.8154
0.8167799999999998
0.8158999999999997
0.8136800000000001
0.8135399999999994
0.8132999999999998
0.8134999999999997
0.8153600000000003
0.8177399999999997
0.8164199999999998
0.8134199999999998
0.81502
0.8141200000000002
0.8174600000000005
0.8180200000000002
0.8168000000000003
0.8178200000000001
0.8155799999999993
0.8161599999999994
0.8175199999999999
0.8133999999999998
0.8127599999999999
0.8135800000000003
0.8112399999999994
0.81338
0.8124600000000001
0.8125599999999998
0.8118000000000002
0.8130999999999997
0.8161600000000003
0.8152999999999999
0.81342
0.8165799999999996
0.8142999999999999
0.8136200000000001
0.81316
0.8156200000000001
0.8162799999999997
0.8131600000000004
0.8172799999999997
0.8171600000000001
0.8143600000000002
0.81336
0.8143599999999996
0.8159799999999998
0.8166400000000003
0.8147800000000001
0.8153399999999996
0.8155399999999997
0.8153200000000003
0.8140999999999999
0.8113800000000002
0.8130200000000001
0.8153399999999997
0.8111199999999998
0.81476
0.8126399999999998
0.8100399999999998
0.8137199999999997
0.8133399999999998
0.8140399999999999
0.81432
0.8161199999999998
0.8150200000000001
0.8121800000000001
0.814
0.81284
0.8141799999999999
0.8137399999999999
0.8140999999999999
0.8143799999999995
0.8120599999999996
0.8140399999999994
0.8159400000000002
0.8168599999999999
0.8157799999999997
0.8114799999999996
0.8110199999999999
0.8126400000000001
0.8130999999999997
0.8154600000000001
0.8137999999999999
0.8164599999999997
0.8167999999999995
0.8145400000000004
0.8156599999999997
0.8157999999999999
0.81416
0.8141400000000002
0.8087599999999996
0.8113399999999994
0.8106799999999998
0.8161399999999996
0.8134599999999996
0.8136599999999998
0.8155399999999997
0.8141799999999997
0.81292
0.8126199999999999
0.8133000000000004
0.8127000000000001
0.8140399999999999
0.8134999999999999
0.8136800000000004
0.8144799999999998
0.8136200000000001
0.8172599999999995
0.8170999999999999
0.8151
0.81526
0.8141000000000002
0.8133199999999996
0.8131799999999998
0.8116800000000001
0.8126800000000002
0.81514
0.8153200000000002
0.8159999999999998
0.8161599999999997
0.8156800000000001
0.8161800000000002
0.8164400000000002
0.8128999999999996
0.8122999999999999
0.8143799999999998
0.8136
0.8151199999999998
0.8132199999999998
0.81304
0.81294
0.8119999999999998
0.8163999999999997
0.8152200000000002
0.8146800000000001
0.8175799999999999
0.8185200000000004
0.8181599999999992
0.8164999999999999
0.8179399999999998
0.8171799999999999
0.8163599999999999
0.8136999999999998
0.8152200000000002
0.8148599999999998
0.8151799999999999
0.8122000000000001
0.8107600000000003
0.8134199999999997
0.8124199999999998
0.8107
0.8146599999999999
0.8113600000000001
0.8123600000000001
0.8140800000000001
0.8142999999999994
0.8118000000000001
0.8107000000000001
0.81174
0.8145199999999998
0.8133199999999996
0.8135599999999995
0.81554
0.8154399999999999
0.8148799999999997
0.8148400000000002
0.81244
0.81216
0.8136600000000002
0.81164
0.8127199999999998
0.8132399999999995
0.81254
0.8128799999999999
0.8127800000000004
0.8132800000000002
0.8130600000000002
0.8156399999999998
0.8133600000000001
0.8134200000000003
0.8152200000000001
0.8148200000000004
0.81328
0.8126799999999997
0.8128599999999997
0.8139200000000001
0.8133999999999999
0.8140999999999997
0.8128599999999997
0.8161000000000003
0.8160999999999996
0.8136000000000001
0.8136999999999999
0.8123599999999999
0.8129400000000004
0.8151600000000007
0.8117599999999999
0.8126800000000002
0.8106800000000001
0.8114600000000002
0.8139399999999997
0.8157200000000003
0.8156999999999998
0.8151199999999998
0.8120600000000004
0.8114600000000004
0.8133600000000003
0.8151199999999994
0.8166200000000005
0.8148200000000001
0.8152000000000003
0.8172400000000002
0.8159600000000001
0.8166800000000005
0.8151800000000002
0.8119599999999998
0.8138800000000005
0.8144200000000004
0.8111399999999993
0.8134599999999997
0.8142000000000006
0.8103000000000002
0.8116999999999999
0.8123199999999997
0.8118000000000001
0.8132399999999995
0.8133599999999997
0.8122000000000004
0.8111599999999999
0.8114600000000006
0.8111400000000003
0.8119000000000001
0.81198
0.8123599999999997
0.81434
0.8156000000000003
0.8135799999999999
0.8126400000000001
0.8114199999999999
0.8136199999999998
0.81124
0.8092999999999999
0.8133599999999997
0.8131199999999998
0.81436
0.8134599999999996
0.8141400000000002
0.81404
0.8117600000000001
0.8111400000000001
0.8136800000000004
0.8120799999999998
0.8097800000000004
0.8090999999999998
0.8100999999999999
0.8104199999999997
0.8109599999999999
0.8129399999999998
0.8126599999999999
0.8125999999999999
0.8138000000000002
0.8126599999999995
0.8138199999999999
0.8148200000000001
0.81234
0.81526
0.8150000000000002
0.8123199999999998
0.81068
0.8110799999999998
0.8148599999999999
0.8152400000000002
0.8146000000000002
0.8136000000000003
0.81282
0.8171400000000001
0.8166800000000002
0.8123399999999996
0.8138200000000002
0.81054
0.8111000000000006
0.8149000000000001
0.8121399999999999
0.81418
0.8154799999999995
0.8116999999999999
0.8109400000000002
0.8159200000000001
0.8125600000000006
0.8143000000000002
0.81344
0.81338
0.8164200000000003
0.8133400000000005
0.81324
0.8133999999999999
0.8145199999999995
0.8156599999999998
0.8116199999999999
0.8124199999999998
0.8124199999999996
0.8125199999999998
0.8140800000000001
0.8145600000000001
0.8122199999999999
0.8133999999999999
0.8117599999999995
0.81318
0.81162
0.8150199999999999
0.8151999999999998
0.8133000000000002
0.8132
0.8135999999999999
