0.19999999999999962
0.57002
0.8553999999999999
0.8985600000000002
0.9022400000000004
0.9053200000000003
0.9047200000000004
0.9039000000000001
0.9064200000000001
0.9024000000000005
0.9058000000000002
0.9040799999999998
0.9038200000000003
0.9031800000000001
0.9048200000000004
0.9024400000000005
0.9062800000000002
0.9046000000000001
0.9049800000000003
0.9053
0.9062600000000003
0.9038800000000005
0.9050800000000001
0.9039800000000003
0.9060800000000004
0.9058800000000004
0.9028600000000003
0.9072199999999998
0.9047800000000003
0.9051000000000006
0.9058800000000009
0.9049200000000003
0.905460000000001
0.9021000000000007
0.9071800000000004
0.9038000000000003
0.9043800000000006
0.9036200000000002
0.9049800000000008
0.9060000000000002
0.9053800000000004
0.9053600000000007
0.9059000000000007
0.9040400000000006
0.9039200000000005
0.9064999999999999
0.9063199999999999
0.9030200000000005
0.9069800000000002
0.9015200000000001
0.9049800000000005
0.9055800000000008
0.9035000000000001
0.9051200000000005
0.9059400000000001
0.90444
0.9044200000000001
0.9028000000000005
0.9051400000000004
0.9053800000000005
0.9044399999999999
0.9036800000000007
0.9055599999999999
0.9069200000000005
0.9059800000000005
0.9030600000000006
0.9020000000000004
0.9052400000000006
0.9059400000000005
0.9031200000000003
0.9030400000000006
0.9046800000000002
0.9030400000000002
0.9034600000000004
0.9027000000000003
0.9064999999999999
0.9040000000000006
0.9058800000000004
0.9047200000000004
0.9037000000000002
0.90416
0.90526
0.9054400000000002
0.9058200000000002
0.9054000000000003
0.9065400000000006
0.90538
0.9044400000000001
0.9073000000000003
0.9024400000000005
0.9052200000000004
0.9068400000000003
0.9042800000000001
0.9043800000000002
0.9035199999999999
0.9064000000000004
0.9057200000000004
0.9060800000000003
0.9047600000000002
0.9051800000000005
0.9032600000000008
0.9053200000000003
0.9041800000000003
0.9032800000000002
0.9059000000000005
0.9044600000000002
0.9053800000000003
0.9037600000000006
0.9052000000000003
0.9021800000000008
0.9044800000000005
0.9053999999999999
0.9047999999999997
0.9048800000000007
0.9034800000000004
0.9054200000000009
0.9042600000000002
0.9043600000000002
0.9042200000000006
0.9038000000000003
0.9051000000000005
0.9045400000000002
0.9041800000000003
0.9049200000000005
0.9039399999999997
0.9029199999999998
0.9041000000000007
0.9058000000000006
0.9025200000000002
0.9033000000000002
0.9049200000000006
0.9064000000000005
0.9061400000000002
0.9052000000000002
0.9037400000000001
0.9087999999999999
0.9049800000000005
0.9072800000000001
0.9054800000000006
0.9023
0.905040000000001
0.9057000000000002
0.9057400000000002
0.9066400000000001
0.9047600000000005
0.9030000000000001
0.9045400000000002
0.9061800000000005
0.9036800000000007
0.9046600000000004
0.9061000000000002
0.9053600000000003
0.9066000000000006
0.9054600000000004
0.9040000000000002
0.9044200000000008
0.9038000000000005
0.9034800000000004
0.9051800000000004
0.9040000000000002
0.9049800000000008
0.9058000000000003
0.9071000000000001
0.9045400000000001
0.9055800000000002
0.9073000000000003
0.9054400000000004
0.9036600000000005
0.9058000000000009
0.9043800000000004
0.9064400000000002
0.9052400000000007
0.9027400000000004
0.9055000000000003
0.9059600000000007
0.9037200000000007
0.9042200000000002
0.9059400000000004
0.9040600000000003
0.9062000000000003
0.9058200000000005
0.9079200000000007
0.9040000000000004
0.9035800000000007
0.9025200000000002
0.9037400000000002
0.9044000000000009
0.9038200000000002
0.9047000000000003
0.9027600000000008
0.9053
0.9040200000000002
0.9075400000000005
0.9052000000000006
0.9034600000000006
0.9042599999999998
0.9039800000000003
0.9048400000000006
0.9045800000000003
0.9056000000000004
0.9073
0.9041000000000006
0.90398
0.9061000000000002
0.9049000000000007
0.9049
0.9039600000000004
0.9062400000000005
0.9040599999999999
0.9049200000000002
0.9034400000000001
0.9065200000000008
0.9057200000000002
0.9051
0.9058600000000007
0.9037200000000002
0.9027800000000006
0.9060600000000002
0.9064800000000005
0.9042400000000004
0.9041800000000008
0.9050800000000006
0.9068200000000002
0.9039400000000007
0.9044400000000005
0.9044000000000004
0.90408
0.9050200000000004
0.9034000000000008
0.9033200000000003
0.9042
0.9056200000000001
0.9029400000000004
0.9060400000000003
0.9034800000000002
0.9034800000000004
0.9039800000000006
0.9060000000000002
0.9033800000000005
0.9044400000000004
0.9049400000000003
0.9035800000000003
0.9044200000000002
0.9054400000000006
0.9023000000000007
0.9053600000000002
0.9059800000000001
0.9055600000000003
0.9048400000000004
0.9063200000000003
0.9044600000000006
0.9037400000000008
0.9041600000000005
0.906300000000001
0.9066200000000009
0.9033400000000001
0.9056000000000003
0.9019200000000002
0.9058200000000005
0.9048600000000003
0.902520000000001
0.9053600000000003
0.9036200000000001
0.9050400000000006
0.9051600000000003
0.9054400000000002
0.9039400000000005
0.9047600000000005
0.9054200000000003
0.9032400000000007
0.9043400000000004
0.9040800000000004
0.9029999999999997
0.9078
0.9046400000000009
0.9042400000000004
0.9057600000000002
0.9058400000000002
0.9030000000000001
0.9035400000000006
0.9045600000000007
0.9049200000000003
0.9053
0.9049000000000003
0.9030000000000004
0.9064800000000001
0.9043199999999999
0.9029600000000005
0.9033800000000005
0.9047600000000005
0.9041000000000007
0.9045000000000003
0.9042200000000006
0.9043200000000003
0.9025200000000002
0.90544
0.9043800000000006
0.9041599999999999
0.9058200000000006
0.9041400000000002
0.9065200000000001
0.9069800000000001
0.9019400000000006
0.9036200000000004
0.9056600000000001
0.9053800000000004
0.9047800000000005
0.9056400000000001
0.9057200000000002
0.9063000000000008
0.9038800000000003
0.9035600000000001
0.9059200000000005
0.9059000000000005
0.9050400000000006
0.9060000000000007
0.9071600000000004
0.9044400000000005
0.9060600000000002
0.9065400000000008
0.9056000000000001
0.9043400000000004
0.9038000000000003
0.9049800000000005
0.9048999999999999
0.9026400000000006
0.9045800000000004
0.90368
0.9059400000000005
0.90592
0.9048200000000002
0.9048400000000005
0.9063
0.9059200000000007
0.9040800000000005
0.9060800000000003
0.9052800000000002
0.9045600000000004
0.9020200000000006
0.9046800000000002
0.9050400000000002
0.9033800000000001
0.9044200000000008
0.90592
0.9042600000000004
0.9057800000000001
0.9053600000000006
0.9047800000000008
0.9044200000000001
0.90518
0.9040400000000001
0.9049800000000002
0.90468
0.9054400000000004
0.9031600000000006
0.9051400000000007
0.9057600000000002
0.9018800000000006
0.9025800000000004
0.9040400000000005
0.90608
0.90486
0.9052800000000009
0.9047400000000004
0.9018800000000001
0.9039800000000006
0.9067200000000004
0.9029000000000006
0.9050400000000002
0.9050800000000006
0.9057800000000004
0.9037200000000005
0.9027400000000008
0.9041200000000003
0.9025400000000006
0.9033800000000007
0.9052600000000004
0.9023200000000005
0.9073600000000003
0.9016800000000005
0.9059000000000005
0.9050200000000005
0.9051200000000011
0.90666
0.9056400000000007
0.9043600000000004
0.9071600000000006
0.9048600000000008
0.9076800000000005
0.90486
0.9052000000000003
0.9028600000000001
0.9045200000000004
0.9057800000000006
0.9055800000000002
0.9061400000000005
0.9041000000000006
0.9075400000000006
0.9038800000000002
0.9061800000000007
0.9029200000000002
0.90352
0.9013600000000004
0.9043600000000005
0.9043200000000001
0.9064800000000006
0.9068400000000003
0.9036600000000006
0.9057200000000001
0.9060600000000005
0.9048800000000006
0.9055400000000003
0.9049200000000005
0.9070800000000007
0.9052800000000002
0.9043199999999999
0.9038000000000004
0.9034600000000006
0.90544
0.9056800000000002
0.9031000000000006
0.9072200000000005
0.9051200000000003
0.90668
0.9034200000000004
0.9058800000000002
0.9060400000000003
0.9067400000000007
0.9035200000000007
0.9054800000000008
0.9044800000000005
0.9045199999999999
0.9044200000000002
0.9068800000000005
0.9025000000000004
0.9028
0.9048599999999999
0.9026000000000001
0.9028000000000003
0.9035600000000004
0.9055800000000004
0.9021600000000002
0.9050800000000003
0.9047600000000001
0.9021800000000004
0.9031400000000004
0.9038200000000005
0.9032400000000004
0.9045800000000003
0.9034000000000004
0.9062400000000005
0.9050800000000001
0.9071600000000002
0.9038800000000005
0.9024000000000004
0.9058400000000006
0.9064000000000009
0.9074600000000005
0.9031400000000004
0.9038000000000007
0.9053600000000004
0.9065800000000006
0.9043200000000003
0.9025400000000008
0.9043199999999998
0.9043000000000001
0.9042800000000001
0.9050200000000005
0.9040000000000005
0.9020800000000004
0.905040000000001
0.9056599999999999
0.9050600000000004
0.9034600000000006
0.9033599999999999
0.9050800000000006
0.9033600000000004
0.9077000000000006
0.9047600000000009
0.9063800000000005
0.9041600000000003
0.9028600000000003
0.9050600000000005
0.9049200000000006
0.9042600000000007
0.9050600000000004
0.9031200000000001
0.9038000000000004
0.9048
0.9027400000000003
0.90532
0.9056800000000002
0.9055200000000001
0.9047000000000002
0.9040400000000001
0.9041400000000002
0.9034800000000003
0.9073800000000002
0.9044999999999997
0.9030000000000002
0.9060600000000002
0.90608
0.9051400000000004
0.9052000000000006
0.9057400000000004
0.9047000000000003
0.9069800000000001
0.9009000000000004
0.9040200000000002
0.9040600000000001
0.9034600000000002
0.9049
0.9052800000000002
0.9057800000000004
0.9047600000000006
0.9066600000000001
0.9042800000000004
0.9064400000000004
0.9048000000000006
0.9050600000000005
0.9063400000000003
0.9036600000000002
0.902500000000001
0.9048800000000005
0.90242
0.9033600000000004
0.9035400000000001
0.9060000000000005
0.9070200000000002
0.9038200000000005
0.9052800000000005
0.9037200000000003
0.9068800000000005
0.9032800000000003
0.9036800000000003
0.9050599999999998
0.9054600000000005
0.9046000000000004
0.90384
0.9037000000000002
0.9031600000000004
0.9061800000000002
0.9041799999999999
0.9058400000000003
0.9023400000000003
0.9047800000000008
0.90358
0.9048400000000004
0.9051800000000008
0.9051600000000002
0.9029200000000002
0.9055200000000008
0.9046600000000002
0.9069400000000002
0.9023400000000003
0.9044000000000004
0.9052800000000005
0.9053600000000004
0.9046800000000004
0.9038000000000008
0.9048
0.9053800000000006
0.9041000000000002
0.9025799999999998
0.9068
0.9051000000000008
0.9064800000000004
0.9051200000000006
0.9064400000000005
0.9056200000000001
0.9035400000000009
0.9041400000000002
0.9060200000000005
0.9023800000000004
0.9026200000000003
0.9064200000000001
0.9060400000000003
0.9042000000000004
0.9054000000000003
0.9056400000000007
0.9047400000000004
0.9051200000000003
0.9053000000000005
0.9046800000000006
0.9043600000000006
0.9065399999999998
0.9047400000000002
0.9037800000000001
0.9054600000000004
0.9042800000000004
0.9039600000000001
0.9061000000000001
0.9055400000000001
0.9048200000000008
0.9031200000000006
0.9042200000000006
0.9070200000000004
0.9046000000000001
0.9031400000000005
0.9061000000000005
0.9065000000000002
0.9050400000000006
0.9034000000000006
0.9049800000000003
0.9068000000000004
0.9029800000000001
0.9060800000000008
0.9036800000000007
0.9057400000000001
0.9058000000000004
0.9057999999999999
0.9043000000000005
0.9025000000000005
0.9058800000000005
0.9084399999999999
0.9047600000000002
0.9049600000000001
0.9064000000000005
0.9046000000000002
0.9040400000000005
0.9035400000000005
0.9031400000000002
0.9065400000000006
0.9047800000000003
0.9046800000000006
0.9046800000000004
0.9077200000000005
0.9062400000000005
0.9041800000000002
0.9057
0.9042000000000006
0.9030200000000005
0.9019200000000008
0.9034800000000003
0.9041200000000008
0.9034400000000002
0.90488
0.9057800000000007
0.9036000000000002
0.9044400000000006
0.9012400000000007
0.9034600000000005
0.9050200000000003
0.9045200000000004
0.9034600000000005
0.9047400000000007
0.9042000000000008
0.9045600000000005
0.9042
0.9039600000000005
0.9045600000000006
0.9032800000000006
0.9048600000000003
0.9022600000000002
0.9034400000000004
0.9021200000000004
0.9044200000000002
0.9061800000000002
0.9048000000000002
0.9047400000000003
0.90408
0.9038400000000004
0.9066400000000003
0.9056000000000003
0.9040200000000005
0.9053200000000007
0.9035000000000005
0.9050800000000002
0.9042600000000001
0.9067400000000008
0.9051800000000004
0.9058400000000004
0.9038000000000004
0.9067600000000005
0.9078400000000002
0.9046200000000003
0.9062200000000005
0.9054600000000002
0.9052000000000002
0.9060000000000005
0.9048600000000003
0.9023800000000002
0.9047600000000001
0.9045600000000004
0.9045800000000006
0.9056600000000005
0.9044800000000005
0.9020400000000008
0.9063400000000006
0.9047000000000003
0.9069200000000006
0.90506
0.9038400000000004
0.9036200000000006
0.9035600000000005
0.9038800000000005
0.9059000000000001
0.9043400000000003
0.9036600000000005
0.9056600000000001
0.9059400000000001
0.9057800000000004
0.9033599999999999
0.9051600000000005
0.9045400000000005
0.9051600000000003
0.9049600000000007
0.9039000000000005
0.9048200000000002
0.9050400000000001
0.9048600000000002
0.9059600000000004
0.90614
0.9083200000000009
0.9041400000000004
0.9041200000000006
0.9046000000000004
0.9044800000000002
0.9049800000000005
0.9047400000000003
0.9032600000000005
0.9059200000000002
0.9028600000000001
0.9044200000000004
0.9048000000000007
0.9042000000000006
0.9024200000000007
0.9024800000000005
0.9050200000000005
0.9033000000000002
0.9019200000000005
0.9048400000000004
0.9065200000000003
0.9040400000000006
0.9047000000000003
0.9039600000000004
0.9051600000000005
0.9038000000000004
0.90534
0.9060800000000003
0.9047000000000005
0.9084000000000007
0.9039400000000003
0.9032600000000004
0.9046800000000005
0.9069000000000003
0.9061200000000007
0.9063000000000003
0.9058600000000002
0.9054400000000001
0.9018200000000004
0.9044200000000009
0.9031400000000002
0.9043400000000004
0.9040800000000004
0.9034400000000007
0.9044400000000001
0.9045800000000004
0.9070999999999998
0.9044000000000001
0.90654
0.9059400000000002
0.9045200000000005
0.9040800000000005
0.9046399999999999
0.9043200000000001
0.9062800000000002
0.9065200000000003
0.9040200000000008
0.9035
0.9040800000000005
0.9046800000000004
0.9046000000000006
0.9056400000000007
0.9024400000000001
0.9056200000000003
0.9061600000000002
0.9068200000000003
0.9051400000000008
0.9025200000000005
0.9045199999999999
0.9063
0.9060800000000007
0.9043400000000007
0.9050600000000004
0.9048200000000003
0.9043400000000006
0.9043800000000004
0.9037200000000004
0.9037000000000006
0.9057800000000004
0.9046999999999997
0.9061600000000002
0.9053800000000004
0.9020600000000003
0.9045200000000002
0.9029800000000008
0.905
0.9066200000000008
0.9055200000000002
0.9048000000000002
0.9041400000000006
0.9038
0.9049799999999999
0.9044800000000005
0.9042200000000001
0.9024400000000005
0.9044599999999999
0.9023000000000003
0.9051400000000001
0.9061800000000005
0.9034400000000002
0.9064999999999998
0.9041800000000002
0.9062400000000004
0.9058600000000007
0.9047600000000002
0.9065200000000003
0.9063600000000009
0.9060800000000003
0.9071000000000008
0.9036600000000006
0.9062400000000008
0.9082800000000006
0.9054400000000004
0.9046400000000004
0.9079400000000005
0.9057200000000004
0.90608
0.9045200000000005
0.9061200000000005
0.9047400000000009
0.9062600000000005
0.9055800000000002
0.9062200000000002
0.9043200000000001
0.9058800000000009
0.9044000000000003
0.9072800000000004
0.9059600000000004
0.9037800000000005
0.9042000000000006
0.9048800000000001
0.9035800000000006
0.9053400000000005
0.9056200000000004
0.9044400000000006
0.9053
0.9062200000000006
0.9056600000000006
0.9038400000000003
0.9058400000000008
0.9027400000000005
0.9037999999999998
0.90578
0.9049000000000003
0.9048800000000006
0.9019400000000004
0.9055600000000001
0.9032800000000002
0.9054800000000004
0.9053999999999998
0.9028000000000003
0.9064000000000004
0.9036400000000009
0.9038600000000006
0.9040200000000002
0.9054400000000004
0.9040800000000004
0.9048200000000004
0.9065000000000002
0.9042600000000003
0.9031400000000009
0.9037400000000005
0.9056800000000006
0.9032600000000002
0.9037000000000011
0.9044800000000002
0.9041200000000005
0.9034400000000005
0.9049200000000002
0.9050200000000005
0.9022400000000006
0.9052200000000002
0.9053400000000006
0.904520000000001
0.9045400000000002
0.9042800000000006
0.9051799999999999
0.9045600000000007
0.9030600000000006
0.9045600000000004
0.9057600000000003
0.9041800000000001
0.9029200000000001
0.9038200000000005
0.9051400000000007
0.9064800000000005
0.9068200000000006
0.9035200000000002
0.9050000000000006
0.9054000000000006
0.9047400000000002
0.9054400000000004
0.9051200000000006
0.9051400000000003
0.90464
0.9050600000000004
0.9050400000000003
0.9065200000000008
0.9040800000000005
0.9047600000000006
0.9049600000000005
0.9043200000000007
0.9077600000000003
0.9057800000000005
0.9059000000000001
0.9040599999999999
0.9059200000000003
0.9078600000000001
0.9044600000000004
0.9043200000000003
0.9052000000000002
0.9071600000000004
0.9032800000000002
0.9039800000000007
0.9056200000000001
0.9029600000000001
0.9023600000000003
0.9048600000000004
0.9036800000000004
0.9062200000000005
0.9026000000000001
0.9058800000000005
0.9054799999999998
0.9063200000000003
0.9060600000000005
0.9044400000000006
0.9064000000000003
0.9048000000000005
0.9061400000000003
0.9045400000000007
0.9052400000000003
0.9037200000000004
0.9032000000000004
0.9018600000000002
0.9043000000000007
0.9070200000000003
0.9048800000000001
0.9028399999999999
0.9070400000000006
0.9043000000000003
0.9056000000000002
0.9031200000000007
0.9074200000000002
0.90668
0.9073400000000003
0.9060400000000002
0.9025800000000004
0.9039000000000005
0.9026200000000004
0.9043400000000006
0.9052000000000002
0.9048600000000004
0.9051400000000001
0.9073800000000003
0.9070400000000001
0.9055200000000005
0.9057800000000004
0.9041600000000001
0.9036800000000004
0.9033200000000005
0.9050000000000005
0.9041
0.9046599999999999
0.9048200000000004
0.9059600000000003
0.9064400000000009
0.9055399999999999
0.9031200000000004
0.9044400000000004
0.9053200000000006
0.9071600000000002
0.9057
0.9039800000000002
0.9044800000000001
0.90608
0.9048200000000002
0.9037000000000005
0.9038600000000003
0.9049600000000004
0.9063200000000005
0.9063399999999998
0.9050000000000006
0.9044800000000006
0.9057000000000006
0.9063800000000003
0.90472
0.9049800000000002
0.9061000000000006
