0.19999999999999962
0.46878
0.7342199999999999
0.8537999999999997
0.8805600000000002
0.8898200000000004
0.8931600000000006
0.89408
0.8918600000000003
0.8936600000000007
0.8945400000000001
0.8935800000000004
0.8961800000000002
0.8946400000000003
0.8966800000000004
0.8949399999999998
0.8952600000000004
0.8937600000000002
0.8930200000000004
0.8908600000000001
0.8934200000000003
0.8954200000000005
0.8923600000000004
0.8933600000000003
0.8932400000000003
0.8947600000000001
0.8934600000000006
0.8944200000000008
0.8938600000000005
0.8939799999999998
0.8906800000000001
0.8940000000000002
0.89146
0.8950400000000005
0.8922600000000002
0.8959400000000002
0.8942200000000003
0.89678
0.8938400000000003
0.8938400000000004
0.8942399999999999
0.8936600000000002
0.8943200000000003
0.8980800000000002
0.8933799999999998
0.8954000000000001
0.8948599999999999
0.8933800000000002
0.8933200000000003
0.8939400000000002
0.8955400000000001
0.8952199999999999
0.8921399999999998
0.8936400000000007
0.8952200000000006
0.8929400000000005
0.8932400000000007
0.8923400000000009
0.89282
0.8928400000000003
0.8920799999999997
0.8922600000000002
0.8942400000000004
0.8941200000000012
0.8927000000000005
0.8930200000000009
0.8961600000000005
0.8942199999999997
0.8925800000000007
0.8951400000000003
0.8929600000000002
0.8914600000000005
0.8950000000000002
0.8955800000000005
0.8910600000000009
0.8917000000000002
0.8921200000000005
0.89212
0.8923200000000007
0.8936000000000006
0.8930600000000005
0.8955000000000004
0.8951399999999999
0.8944800000000005
0.8939200000000004
0.8936199999999999
0.8940800000000004
0.8916200000000005
0.8938600000000001
0.8938000000000005
0.8943800000000006
0.8923400000000002
0.8943200000000001
0.8942800000000005
0.8938400000000005
0.8951000000000005
0.8928600000000003
0.8962000000000002
0.8942
0.8940600000000003
0.8919800000000007
0.8956800000000004
0.8935800000000005
0.8929400000000004
0.8952000000000007
0.8931800000000001
0.89252
0.8916600000000006
0.8947200000000002
0.8956000000000003
0.89254
0.8947600000000001
0.89546
0.8934000000000003
0.8925
0.8942200000000002
0.8935400000000006
0.8947200000000002
0.8945400000000006
0.8936200000000002
0.8958800000000002
0.8953800000000004
0.8933600000000007
0.8953
0.8945600000000004
0.8945000000000006
0.8930600000000005
0.8926599999999998
0.8964000000000004
0.8930400000000003
0.8939800000000002
0.8928200000000005
0.8920600000000006
0.8932600000000005
0.8972200000000002
0.8957000000000004
0.8943200000000004
0.8933800000000004
0.8944800000000002
0.8956400000000001
0.8951000000000005
0.89412
0.8922200000000002
0.8943400000000004
0.8934000000000002
0.8935200000000004
0.8921400000000002
0.8944000000000001
0.89322
0.8932800000000001
0.8928600000000008
0.8918400000000004
0.8939200000000004
0.8969400000000006
0.8967000000000005
0.89496
0.8951800000000003
0.8961800000000005
0.8923200000000002
0.8932400000000006
0.8918400000000003
0.8943600000000004
0.8963000000000005
0.8934400000000007
0.8917400000000005
0.8959400000000005
0.8953800000000003
0.8932600000000006
0.8952800000000005
0.8923800000000003
0.8939600000000003
0.8942800000000003
0.8944000000000003
0.8952400000000005
0.8927000000000004
0.8956000000000002
0.8934800000000003
0.8961400000000007
0.8923399999999999
0.8956400000000005
0.8940000000000005
0.8955400000000001
0.8960200000000007
0.8934400000000002
0.8944400000000001
0.8947600000000004
0.8931400000000006
0.8950000000000002
0.8946400000000004
0.8924400000000005
0.8931200000000006
0.8948600000000008
0.89522
0.89282
0.89362
0.89404
0.8919800000000007
0.8928600000000005
0.8944400000000003
0.8939
0.8954000000000006
0.8956600000000008
0.89536
0.8965400000000003
0.89692
0.8942200000000007
0.8944800000000005
0.8924000000000004
0.8929600000000002
0.8933600000000004
0.8953600000000003
0.8953200000000003
0.8944799999999998
0.8963000000000002
0.8923800000000003
0.8936600000000005
0.8935600000000002
0.8932000000000005
0.8930600000000004
0.8922200000000001
0.8948200000000004
0.8935400000000006
0.8954600000000003
0.8961600000000005
0.8952400000000006
0.8935599999999999
0.8951800000000003
0.8941000000000003
0.8944400000000008
0.8921399999999999
0.8917199999999998
0.8932000000000007
0.8946800000000005
0.8938800000000007
0.8931400000000004
0.8929600000000001
0.89078
0.8949000000000004
0.8935000000000005
0.8937400000000002
0.8962400000000004
0.8944600000000004
0.8919600000000003
0.8925799999999999
0.8932800000000003
0.8937400000000005
0.8933400000000004
0.8968400000000005
0.89302
0.89506
0.8933000000000006
0.8919400000000003
0.8949200000000002
0.8946800000000005
0.8944600000000001
0.8931799999999999
0.8934000000000003
0.8922599999999998
0.8931600000000004
0.8944000000000003
0.8938000000000004
0.8959800000000001
0.8967600000000006
0.89532
0.8932200000000003
0.8950600000000003
0.8931400000000003
0.8938200000000005
0.8949800000000004
0.8946200000000004
0.8961400000000004
0.8943800000000002
0.8920200000000006
0.893020000000001
0.8917200000000004
0.8945400000000003
0.8945599999999999
0.8944400000000005
0.8921600000000002
0.89524
0.89434
0.8939600000000004
0.8943200000000006
0.8924800000000005
0.8926200000000002
0.8932599999999998
0.8935000000000002
0.8953200000000007
0.8924000000000001
0.8947200000000005
0.8935199999999999
0.8945400000000003
0.8907800000000005
0.8948400000000002
0.89496
0.8944200000000001
0.8937000000000007
0.8925600000000001
0.89362
0.8954200000000009
0.8928000000000001
0.8916600000000003
0.8937600000000004
0.8933600000000003
0.8953400000000008
0.8915800000000002
0.8937
0.8937400000000004
0.8926800000000006
0.8925799999999999
0.8947600000000002
0.8932200000000003
0.8953600000000003
0.8951400000000003
0.8933000000000004
0.8928400000000001
0.8923800000000007
0.8951400000000008
0.8965200000000002
0.8969400000000003
0.8928600000000004
0.8946600000000003
0.8938200000000003
0.8941000000000002
0.8949800000000003
0.8915000000000002
0.8953200000000002
0.8929200000000003
0.8970800000000007
0.8932400000000006
0.8920600000000002
0.8943600000000005
0.8950000000000005
0.8925600000000005
0.89496
0.8935000000000001
0.8942200000000001
0.89292
0.8933399999999999
0.8921400000000002
0.8906400000000002
0.8946200000000003
0.8929000000000004
0.8920800000000004
0.8919800000000002
0.8919400000000004
0.8953200000000006
0.8959000000000001
0.8975000000000007
0.8965400000000003
0.8955400000000003
0.8927000000000005
0.8926600000000003
0.8926400000000005
0.8926800000000003
0.8936600000000001
0.8953200000000006
0.89284
0.8940800000000002
0.8956400000000002
0.8940400000000004
0.8923000000000003
0.8955600000000008
0.8944000000000004
0.8934000000000006
0.8948
0.8920800000000005
0.8942399999999999
0.8965600000000004
0.8943600000000004
0.8929000000000009
0.8937600000000003
0.8919800000000003
0.8920400000000008
0.8929200000000002
0.8943199999999999
0.8957000000000004
0.8966
0.8940200000000003
0.8933600000000003
0.8947200000000004
0.8944600000000007
0.8933800000000002
0.8957800000000009
0.8950000000000005
0.8931999999999999
0.8962800000000004
0.8955200000000003
0.8934400000000002
0.8944600000000006
0.8946400000000003
0.8923800000000002
0.8962000000000003
0.89288
0.8950000000000002
0.8935200000000002
0.8939000000000001
0.8930200000000003
0.8909599999999996
0.8977600000000001
0.89542
0.8938800000000002
0.8974800000000005
0.8947200000000008
0.8939600000000004
0.89334
0.8956800000000006
0.8952800000000005
0.8920000000000009
0.8936000000000003
0.8916800000000004
0.8927800000000004
0.8939200000000003
0.8957200000000004
0.8937000000000004
0.8949000000000001
0.8955000000000006
0.8935200000000003
0.8939400000000005
0.8915800000000007
0.8930600000000003
0.8900400000000006
0.8924000000000005
0.8928600000000003
0.8935400000000006
0.8929600000000002
0.8939400000000002
0.8936200000000002
0.8948200000000006
0.8911199999999999
0.8938200000000006
0.89608
0.8956600000000005
0.8986600000000001
0.8965000000000005
0.8960400000000004
0.8943000000000001
0.8951800000000003
0.8959400000000002
0.8923400000000005
0.8953000000000002
0.8940600000000003
0.8937600000000002
0.8940800000000005
0.8970199999999998
0.8946400000000003
0.8937800000000002
0.8944400000000001
0.8933200000000006
0.8925600000000001
0.8924800000000005
0.8923600000000004
0.89294
0.8924000000000001
0.8934400000000001
0.8920600000000004
0.8955600000000002
0.8939999999999999
0.8939600000000003
0.8950400000000003
0.8944400000000006
0.8953800000000007
0.8973000000000007
0.8948800000000001
0.8927600000000002
0.8943400000000004
0.8940400000000003
0.8952400000000005
0.8918600000000002
0.8933599999999999
0.8924600000000004
0.8935800000000005
0.89482
0.8936999999999999
0.8920000000000001
0.8927400000000004
0.8933999999999999
0.8937200000000002
0.8932000000000002
0.8941799999999996
0.8945200000000004
0.8923400000000004
0.8933999999999999
0.8906000000000002
0.89358
0.8924400000000001
0.8954200000000003
0.8926800000000003
0.8933000000000001
0.8917600000000006
0.8924200000000009
0.8929800000000001
0.8923800000000004
0.8936600000000005
0.8934000000000002
0.8923800000000003
0.8940199999999998
0.8947400000000002
0.8938200000000001
0.89396
0.8948400000000002
0.8938799999999999
0.8928200000000003
0.8940400000000005
0.8942200000000002
0.8939400000000002
0.8914800000000007
0.8929200000000003
0.8943400000000001
0.8940200000000008
0.8925400000000007
0.8940000000000005
0.8943800000000004
0.8966400000000008
0.89408
0.8940200000000005
0.8919000000000002
0.8928999999999999
0.8933200000000003
0.8924600000000005
0.8939200000000004
0.8932400000000001
0.8945400000000003
0.8944600000000001
0.8955000000000005
0.89684
0.8937600000000002
0.8937000000000004
0.8960000000000001
0.8940200000000006
0.8930400000000003
0.89406
0.8933000000000005
0.8935200000000008
0.8938400000000002
0.8932600000000005
0.8938000000000005
0.8959400000000002
0.8956000000000006
0.8941000000000003
0.8929400000000005
0.8941400000000007
0.8943200000000004
0.8919200000000004
0.8934800000000004
0.8946600000000002
0.8943600000000005
0.8939000000000001
0.8948000000000006
0.89426
0.8933400000000009
0.8932400000000003
0.8948400000000005
0.8939400000000001
0.8925800000000005
0.8933200000000007
0.8923000000000006
0.8939600000000002
0.8925600000000001
0.89278
0.8935800000000006
0.8964800000000005
0.8935400000000004
0.8931200000000007
0.8929600000000005
0.8916400000000005
0.8921600000000002
0.8916000000000001
0.8938600000000008
0.8942000000000001
0.8953800000000001
0.8946000000000002
0.8932600000000005
0.8926799999999999
0.8907800000000003
0.8914800000000009
0.8927000000000003
0.8945800000000004
0.8944599999999997
0.8946800000000001
0.8945800000000002
0.8945400000000006
0.8945599999999999
0.8942800000000003
0.8935200000000004
0.8959000000000001
0.8949600000000004
0.89388
0.8941000000000001
0.8921800000000004
0.8935200000000001
0.8960400000000006
0.8968400000000001
0.8942600000000002
0.8938200000000007
0.8940600000000002
0.8938200000000002
0.8936800000000004
0.8950800000000007
0.8942399999999999
0.8941800000000002
0.8971200000000004
0.8943000000000001
0.8930399999999998
0.8916799999999998
0.8933400000000005
0.8940400000000007
0.8926800000000003
0.8940200000000007
0.8936799999999999
0.8931399999999999
0.8947600000000006
0.8942400000000004
0.8950999999999999
0.8939200000000005
0.8943600000000003
0.8946400000000004
0.8964000000000003
0.8955600000000002
0.8955600000000004
0.8973000000000003
0.89366
0.8931600000000003
0.8926800000000003
0.8935400000000001
0.8943800000000007
0.8939
0.8975600000000001
0.8944800000000004
0.8944000000000001
0.8940399999999998
0.8958999999999999
0.8926400000000002
0.8922000000000004
0.8932800000000004
0.8934000000000004
0.891420000000001
0.8939800000000004
0.8935400000000002
0.8956000000000003
0.8950400000000001
0.8937400000000004
0.8956799999999998
0.8939400000000003
0.8967600000000003
0.8937600000000004
0.89414
0.8928800000000006
0.8917400000000005
0.8930000000000007
0.8916800000000004
0.8924400000000001
0.8941400000000007
0.8941600000000001
0.89146
0.89436
0.8949200000000005
0.8944600000000007
0.8955600000000001
0.8951800000000004
0.8962000000000004
0.8954400000000002
0.8945800000000003
0.8947600000000004
0.8929
0.8941800000000001
0.8928400000000006
0.8958000000000004
0.8927199999999997
0.8924800000000004
0.8933000000000009
0.8938400000000005
0.8954000000000003
0.8928400000000003
0.89412
0.8934200000000003
0.8950400000000006
0.8933800000000005
0.8932599999999999
0.8953000000000003
0.8919
0.8948000000000005
0.8915800000000007
0.8935200000000001
0.8934400000000003
0.8956600000000003
0.8952600000000004
0.8934200000000007
0.8924600000000004
0.8894199999999999
0.8929600000000001
0.8936600000000002
0.8960800000000007
0.8923000000000002
0.8972800000000001
0.89574
0.8950400000000001
0.8946599999999999
0.8962000000000004
0.8930200000000006
0.8958000000000003
0.8958200000000004
0.8950200000000003
0.8960200000000004
0.8949400000000003
0.8947000000000003
0.8941400000000007
0.8960600000000001
0.8929400000000001
0.8935000000000001
0.8940200000000006
0.8948400000000004
0.8926000000000002
0.8937800000000006
0.8931400000000005
0.8949200000000005
0.8942999999999997
0.8917200000000007
0.8929400000000007
0.8957000000000004
0.8931600000000001
0.8932600000000004
0.8935800000000004
0.8942600000000005
0.8942400000000008
0.89282
0.8933400000000001
0.8915000000000002
0.89464
0.8944200000000005
0.89288
0.8945400000000001
0.8925200000000002
0.8970000000000006
0.89452
0.8927800000000005
0.8937999999999999
0.8928200000000005
0.8929400000000008
0.8941200000000005
0.8948799999999997
0.8961000000000001
0.8957800000000001
0.8931
0.89468
0.8932200000000001
0.8939600000000003
0.8944800000000004
0.8923200000000002
0.8918600000000003
0.89148
0.8945400000000002
0.8939800000000008
0.8939600000000004
0.8949600000000005
0.8952600000000004
0.8974000000000004
0.8951199999999999
0.8947800000000004
0.8927800000000004
0.8945600000000004
0.8938599999999998
0.8948200000000003
0.8944200000000002
0.8926800000000003
0.8937200000000004
0.8948400000000006
0.8961000000000001
0.8949800000000002
0.8956000000000004
0.8942600000000003
0.8921400000000008
0.8950200000000005
0.8944200000000003
0.8924000000000004
0.8925600000000007
0.8942000000000001
0.8943600000000008
0.8943000000000006
0.89204
0.8942400000000004
0.89288
0.8919800000000001
0.8928800000000002
0.8933400000000001
0.89296
0.8958000000000004
0.8924400000000005
0.8945400000000003
0.8917600000000006
0.8914200000000005
0.8941400000000003
0.8961400000000006
0.8935200000000008
0.8933000000000005
0.8931000000000006
0.8943200000000004
0.8944600000000003
0.89314
0.89486
0.8937400000000001
0.8934200000000001
0.8935600000000001
0.8910599999999996
0.8942600000000005
0.8939800000000002
0.8943000000000003
0.8940800000000002
0.8960200000000004
0.8930600000000003
0.8938400000000005
0.8946800000000001
0.8958600000000005
0.8959800000000006
0.8945600000000004
0.8939400000000002
0.8920200000000004
0.8926800000000001
0.8926600000000002
0.8910400000000003
0.8935200000000003
0.8942200000000007
0.8942200000000002
0.89082
0.8926400000000002
0.8951600000000005
0.8951400000000008
0.8933600000000004
0.8959200000000008
0.8944800000000004
0.8929400000000005
0.8939200000000005
0.8937200000000004
0.8929200000000005
0.8940400000000007
0.8937799999999999
0.8947600000000004
0.8949600000000005
0.8948000000000002
0.8915200000000004
0.8916600000000003
0.8930600000000003
0.8933200000000002
0.8947800000000005
0.8959400000000005
0.8960800000000002
0.892120000000001
0.8946400000000003
0.8940600000000005
0.8952400000000005
0.8974800000000002
0.8934400000000007
0.8953400000000004
0.8938200000000002
0.8940000000000006
0.8952800000000003
0.8956000000000008
0.8953400000000005
0.8944000000000005
0.8943600000000004
0.8929800000000004
0.89434
0.8930400000000002
0.8968800000000006
0.8936000000000002
0.8932000000000002
0.8920600000000003
0.8926400000000002
0.8948200000000007
0.8942200000000003
0.8950400000000007
0.8920200000000003
0.8924000000000005
0.8931199999999997
0.8931000000000003
0.8947200000000001
0.8941600000000001
0.8950800000000005
0.8929200000000007
0.8937000000000002
0.8941200000000002
0.8952000000000008
0.8941600000000004
0.8969800000000003
0.8943000000000001
0.8926200000000009
0.8951800000000003
0.8938000000000005
0.8948800000000001
0.89264
0.8921800000000001
0.8945000000000006
0.8934200000000005
0.8948400000000005
0.89326
0.8961400000000002
0.8943200000000004
0.8940800000000005
0.8924400000000005
0.8963400000000001
0.8946800000000001
0.8926000000000005
0.8934800000000006
0.89296
0.8934799999999999
0.8928600000000002
0.89428
0.8934400000000007
0.8933200000000003
0.8926000000000002
0.8944200000000001
0.8944400000000003
0.89382
0.8932800000000003
0.8940200000000006
0.8955600000000007
0.8948200000000006
0.8924800000000005
0.89326
0.8918200000000001
0.8926599999999998
0.8953600000000002
0.89434
0.8961399999999999
0.8961200000000002
0.8948600000000002
0.8950199999999999
0.8940399999999998
0.8941800000000001
0.8944200000000008
0.8934200000000004
0.8923200000000006
0.8942200000000002
0.8950800000000005
0.8931800000000005
0.8949000000000005
0.8940199999999998
0.8930600000000005
0.890380000000001
0.8942600000000007
0.8904000000000002
0.8937799999999999
0.8941999999999998
0.8934000000000003
0.8942200000000003
0.8937000000000004
0.8951000000000002
0.8930800000000003
0.8973400000000008
0.89354
0.8932199999999999
0.89262
0.8954600000000005
0.8931400000000005
0.8939200000000005
0.8952000000000004
0.8941800000000003
0.8945600000000001
0.8945200000000004
0.8941200000000005
0.8932800000000004
0.8929600000000001
0.89432
0.8944400000000005
0.8936600000000005
0.8941600000000004
0.8949800000000003
0.8922199999999999
0.8936800000000001
0.8937400000000005
0.8913800000000006
0.8915200000000003
0.8954200000000001
0.8931200000000004
0.8957400000000005
0.8935200000000002
0.8946000000000005
0.8951000000000005
0.8952200000000006
0.8939200000000003
0.8961400000000004
0.89192
0.895160000000001
0.8921400000000007
0.8936800000000005
0.8935800000000005
0.8931399999999998
0.8938200000000003
0.8929800000000006
0.8933800000000005
0.8926800000000003
0.8947799999999999
0.8971800000000006
0.8942799999999999
0.8953000000000003
0.8938600000000001
0.8940400000000005
0.8941599999999997
0.8951800000000003
0.8938399999999997
