0.19999999999999962
0.4179999999999999
0.6503599999999997
0.7983999999999998
0.8521799999999999
0.87362
0.8791400000000005
0.8814400000000002
0.8819999999999999
0.8843600000000004
0.8832800000000002
0.8831600000000006
0.8822599999999998
0.88032
0.8835199999999999
0.8842800000000003
0.8834600000000001
0.8858400000000002
0.8835799999999999
0.8850800000000002
0.8846000000000004
0.8843199999999996
0.8861800000000001
0.8843200000000003
0.8821400000000003
0.8824400000000004
0.8825600000000005
0.8845000000000005
0.8833600000000001
0.8824400000000001
0.8830200000000008
0.8830600000000004
0.8848200000000002
0.8844000000000004
0.8840600000000002
0.8828
0.8816000000000002
0.8838799999999999
0.8820400000000004
0.8821599999999998
0.8817000000000002
0.8839
0.8832800000000002
0.8828200000000002
0.8851399999999999
0.8851800000000003
0.8849600000000002
0.8814799999999998
0.8834000000000002
0.8846
0.8847400000000003
0.88496
0.8853200000000007
0.8844000000000004
0.8839199999999997
0.8851800000000005
0.8837800000000001
0.8835400000000007
0.8835400000000003
0.8855
0.88676
0.8837200000000002
0.8855000000000005
0.88354
0.8834000000000003
0.8835000000000004
0.8847800000000001
0.8840200000000003
0.8853800000000003
0.8835000000000001
0.88432
0.8847800000000002
0.8852400000000002
0.8822200000000002
0.88158
0.8843800000000003
0.8816800000000004
0.8828400000000005
0.8836799999999998
0.8841800000000005
0.88342
0.8817400000000003
0.8845000000000002
0.8834400000000003
0.8842199999999998
0.8830000000000005
0.8832600000000004
0.8842600000000003
0.8831600000000002
0.88394
0.883
0.8833600000000001
0.8856800000000001
0.8827000000000002
0.88274
0.8845200000000004
0.8851800000000004
0.8821599999999999
0.8835800000000001
0.8828600000000004
0.8820000000000005
0.8815800000000005
0.8820000000000005
0.88416
0.8816399999999995
0.8824800000000006
0.8826599999999998
0.8847200000000001
0.8844200000000001
0.8811999999999999
0.8845800000000003
0.8794800000000004
0.8805200000000005
0.8825200000000004
0.8844200000000001
0.8823399999999996
0.88092
0.8839400000000004
0.8833800000000005
0.8826200000000002
0.8816199999999997
0.8860400000000002
0.8860200000000004
0.8837800000000001
0.88184
0.8813999999999999
0.8850200000000001
0.8854200000000003
0.8858800000000002
0.88312
0.8869800000000002
0.8838000000000004
0.8833600000000001
0.8819599999999999
0.8843800000000005
0.8820000000000005
0.8829800000000003
0.8823000000000001
0.8831200000000002
0.8803600000000001
0.8849200000000006
0.8846
0.8835000000000002
0.8835600000000006
0.8832600000000004
0.8811200000000003
0.8827000000000003
0.8845199999999999
0.8836800000000002
0.8832000000000001
0.8825999999999999
0.8824000000000004
0.8815599999999999
0.8825200000000001
0.8814600000000001
0.8814600000000001
0.8828400000000001
0.8821799999999996
0.88458
0.8836400000000006
0.8860600000000004
0.8827399999999999
0.8849400000000003
0.8839999999999997
0.8826400000000001
0.8835600000000001
0.8841800000000006
0.8846600000000003
0.8836200000000004
0.8839400000000004
0.8821800000000002
0.8862200000000001
0.8802200000000003
0.8847600000000001
0.8857000000000005
0.8841200000000004
0.8850200000000001
0.8837200000000004
0.88432
0.8838000000000005
0.8849400000000002
0.88618
0.88302
0.8842800000000005
0.88256
0.8840400000000004
0.8822400000000004
0.8839999999999998
0.8840600000000001
0.8865400000000001
0.8833399999999999
0.8847
0.8867200000000004
0.8838400000000002
0.8825800000000001
0.8829199999999997
0.8828999999999998
0.8824200000000002
0.8847000000000002
0.8832000000000001
0.88318
0.8854200000000004
0.8835000000000004
0.8814400000000002
0.8810000000000002
0.8843400000000001
0.8840600000000001
0.88436
0.8832000000000003
0.8837600000000007
0.88272
0.8837199999999996
0.8840200000000003
0.8833600000000003
0.88304
0.8847399999999999
0.8842800000000004
0.8827800000000005
0.8813200000000002
0.8835600000000001
0.8842000000000003
0.8828200000000005
0.8836800000000001
0.8813999999999994
0.8846200000000004
0.8864200000000002
0.8838400000000002
0.8839000000000002
0.8829400000000005
0.8811599999999998
0.8835400000000003
0.88414
0.8844000000000003
0.8823999999999999
0.8820400000000003
0.88288
0.8837400000000002
0.88458
0.8840400000000003
0.8800200000000001
0.8841200000000005
0.8854399999999997
0.8841600000000003
0.8828400000000003
0.8848000000000004
0.8847800000000003
0.8833400000000001
0.8833599999999998
0.88302
0.8842000000000003
0.8850200000000004
0.8824400000000003
0.88408
0.8835600000000001
0.8836200000000004
0.8863400000000001
0.8820600000000007
0.8805200000000003
0.8822200000000002
0.8824000000000004
0.8832199999999999
0.8817800000000002
0.8835800000000001
0.8853600000000003
0.8865200000000002
0.8827400000000002
0.8828400000000003
0.8852200000000003
0.8830600000000001
0.8816600000000002
0.8813000000000002
0.8818800000000006
0.8868600000000002
0.8844400000000004
0.88292
0.8855799999999999
0.8843400000000002
0.8859
0.8858399999999996
0.8824799999999999
0.8837200000000004
0.8814200000000006
0.8828600000000005
0.8856400000000001
0.8834800000000003
0.8839800000000001
0.8844800000000004
0.8853400000000003
0.8837600000000003
0.8854999999999998
0.8842600000000002
0.8847799999999997
0.8838000000000001
0.8848200000000003
0.88554
0.8842200000000002
0.8828800000000004
0.8853800000000003
0.8835200000000001
0.8839400000000002
0.8841800000000003
0.8828600000000003
0.8833000000000001
0.8870600000000002
0.8834400000000002
0.88444
0.8835600000000001
0.8860000000000002
0.8842000000000002
0.8828600000000008
0.8835800000000001
0.88452
0.8791200000000007
0.88456
0.8815600000000005
0.8843600000000005
0.8810400000000003
0.88176
0.8837600000000003
0.88212
0.8831800000000004
0.8825799999999999
0.8852800000000005
0.8834400000000002
0.88314
0.8853400000000002
0.8858000000000003
0.8842400000000002
0.8837200000000002
0.8830400000000002
0.8837200000000004
0.8847200000000002
0.8869200000000004
0.8827200000000006
0.8841200000000004
0.8854400000000002
0.8835600000000001
0.88314
0.8826400000000002
0.8837000000000005
0.8853599999999999
0.8853200000000001
0.8853400000000002
0.8842199999999997
0.88528
0.8834600000000001
0.88464
0.8806800000000006
0.8827200000000001
0.8847400000000002
0.8837399999999999
0.8837200000000002
0.8834400000000002
0.8842600000000002
0.8838800000000007
0.8822
0.8829999999999997
0.87988
0.8834799999999994
0.8821599999999998
0.8832599999999999
0.8853399999999999
0.8843399999999997
0.8851000000000002
0.8850800000000004
0.8836400000000004
0.8855000000000001
0.8832400000000004
0.8854200000000003
0.8842800000000004
0.8823000000000003
0.8821200000000003
0.8851200000000001
0.8830200000000005
0.8837400000000001
0.8840000000000002
0.8843199999999999
0.8828400000000002
0.88262
0.8841800000000002
0.87934
0.8823000000000001
0.8843599999999999
0.8804799999999999
0.8865800000000003
0.8834400000000006
0.8828800000000001
0.8833600000000001
0.8822200000000001
0.8836800000000002
0.8820600000000003
0.8835
0.8842000000000003
0.8842800000000004
0.8848200000000002
0.8820800000000004
0.8845399999999999
0.8844800000000004
0.8821000000000001
0.8830200000000002
0.8822399999999999
0.8856600000000004
0.8835600000000002
0.8851800000000002
0.8835999999999998
0.8849400000000003
0.8856800000000001
0.88512
0.8835000000000002
0.8852400000000002
0.8863400000000002
0.8835799999999999
0.8835200000000001
0.88384
0.8831599999999997
0.8832400000000001
0.8838600000000002
0.8846000000000005
0.8861800000000004
0.8840600000000001
0.88416
0.8838799999999998
0.88298
0.8836000000000003
0.8830800000000006
0.8837999999999999
0.8824000000000001
0.88178
0.8828400000000003
0.8849799999999998
0.8841800000000003
0.8847800000000007
0.88446
0.8847800000000001
0.8859000000000005
0.8840000000000005
0.8855000000000003
0.8820000000000005
0.8858800000000003
0.8853400000000002
0.8851399999999998
0.8826999999999998
0.8819800000000003
0.8835200000000003
0.8847000000000004
0.8840000000000003
0.8836800000000004
0.8826400000000004
0.8848400000000001
0.8839200000000002
0.8844600000000001
0.8860399999999998
0.8854400000000001
0.8837000000000002
0.8836600000000003
0.8842400000000004
0.8832599999999998
0.8838200000000004
0.88286
0.8827200000000002
0.8842800000000003
0.8843600000000005
0.8858400000000001
0.8839600000000004
0.88304
0.8821400000000001
0.8824600000000002
0.88192
0.8843400000000003
0.8845199999999999
0.8851000000000003
0.8844200000000007
0.8847800000000003
0.8844200000000002
0.8855600000000008
0.8810800000000001
0.8835999999999998
0.8839199999999999
0.8823000000000006
0.8796800000000005
0.8807200000000003
0.8839400000000002
0.8860600000000002
0.8844000000000007
0.8832200000000003
0.8827200000000002
0.8845000000000003
0.8852400000000001
0.8825199999999999
0.8836600000000003
0.8829000000000002
0.8855200000000002
0.8814600000000001
0.8838600000000002
0.8842800000000004
0.8841199999999999
0.8824599999999998
0.8822000000000001
0.8832599999999999
0.88522
0.8835999999999998
0.8864200000000005
0.8818
0.8823800000000003
0.8807400000000003
0.8826400000000001
0.8841999999999998
0.8837
0.88236
0.8855799999999999
0.8844799999999998
0.8822400000000001
0.8849600000000002
0.8833400000000001
0.8849600000000009
0.8835399999999995
0.8858400000000001
0.8828200000000002
0.8819600000000004
0.8836600000000001
0.8837200000000004
0.88204
0.8849800000000001
0.8841600000000004
0.8819800000000003
0.8848200000000003
0.88508
0.8828200000000007
0.8821999999999999
0.8845000000000005
0.8830200000000005
0.8815799999999999
0.8833799999999998
0.8845399999999999
0.8819799999999998
0.8845600000000005
0.8824799999999997
0.8828800000000004
0.88468
0.8848800000000007
0.8838000000000001
0.8853000000000002
0.8829800000000005
0.8841800000000002
0.8846000000000004
0.8841600000000003
0.8847000000000002
0.8808800000000006
0.8829599999999997
0.8820600000000002
0.8828199999999999
0.8830800000000001
0.8854200000000003
0.8845400000000001
0.8841000000000008
0.88432
0.8819000000000001
0.8837999999999999
0.8845200000000003
0.8835200000000004
0.8863800000000004
0.8832399999999996
0.8820999999999996
0.8829200000000001
0.8855600000000002
0.8845599999999999
0.88396
0.8834800000000004
0.8861000000000004
0.8824400000000001
0.8844800000000003
0.8844600000000006
0.8842000000000002
0.8828400000000002
0.8830000000000006
0.8835599999999998
0.8869800000000003
0.8864800000000002
0.8858600000000004
0.8855800000000003
0.8846000000000005
0.8835599999999999
0.8809999999999999
0.8823800000000004
0.8818000000000005
0.8854400000000001
0.8838400000000004
0.8825200000000001
0.8847800000000001
0.8834799999999998
0.8832000000000002
0.88586
0.8832000000000001
0.8825600000000002
0.8807000000000004
0.8837400000000002
0.8846599999999999
0.8836000000000004
0.8841200000000002
0.8836000000000002
0.8825599999999999
0.8845999999999999
0.8839000000000006
0.88362
0.8822200000000001
0.8841600000000003
0.8823600000000005
0.8819600000000003
0.8853800000000005
0.8853400000000007
0.8852200000000002
0.8846600000000006
0.8826599999999999
0.8843000000000002
0.8835200000000001
0.8842600000000002
0.8825999999999999
0.8851800000000003
0.8838200000000002
0.8850000000000002
0.8850600000000003
0.8832200000000003
0.8849200000000002
0.8851200000000001
0.8852800000000001
0.8848000000000006
0.8817400000000002
0.8844200000000002
0.8835000000000005
0.8860200000000007
0.8833000000000004
0.8835599999999999
0.8834999999999998
0.8837200000000004
0.8828200000000002
0.8840199999999999
0.8839400000000004
0.8861799999999996
0.8857000000000003
0.8853200000000002
0.8858800000000001
0.8832600000000004
0.8846400000000001
0.8843000000000001
0.88432
0.8846000000000003
0.88432
0.8818199999999997
0.8832800000000006
0.8832800000000003
0.8828600000000003
0.88224
0.8871800000000003
0.8840800000000008
0.8866200000000002
0.8845600000000003
0.8835600000000002
0.8841200000000005
0.88434
0.8851800000000005
0.8831800000000005
0.8831399999999998
0.8840200000000001
0.8829400000000001
0.8827400000000003
0.8834400000000006
0.8836800000000004
0.8880600000000004
0.8849400000000003
0.8826400000000001
0.8854399999999998
0.8838800000000002
0.8833800000000003
0.8828400000000005
0.8846200000000002
0.8812799999999998
0.8834800000000004
0.8845800000000006
0.8837000000000004
0.8819400000000003
0.8858600000000005
0.8836600000000003
0.88274
0.8846600000000001
0.8838799999999999
0.8836400000000003
0.8844200000000005
0.8827600000000002
0.8829999999999998
0.88198
0.8835800000000005
0.8828199999999998
0.88398
0.88278
0.8846599999999999
0.8828000000000003
0.88464
0.8865199999999995
0.8862600000000002
0.88434
0.8833799999999998
0.8847400000000004
0.8848800000000006
0.88378
0.8808000000000002
0.8835800000000001
0.8859200000000002
0.8824799999999999
0.8838799999999999
0.8839999999999999
0.8845000000000003
0.8846400000000001
0.8845400000000008
0.8846399999999999
0.8831000000000008
0.88286
0.8840600000000001
0.8826999999999999
0.8823600000000004
0.8828600000000004
0.8848599999999998
0.8853200000000004
0.88346
0.8820400000000005
0.8846400000000005
0.8844000000000001
0.88432
0.8854600000000005
0.8843200000000003
0.8813400000000005
0.8848600000000006
0.8852200000000008
0.8824800000000002
0.8828199999999998
0.8854200000000002
0.8846600000000002
0.8845600000000003
0.8860800000000001
0.8840800000000003
0.8829400000000001
0.8815000000000002
0.8816600000000004
0.88592
0.8846400000000003
0.8850599999999998
0.8833000000000001
0.88308
0.8839400000000005
0.8831200000000006
0.8850199999999999
0.8822000000000001
0.8837800000000006
0.8850199999999999
0.8832200000000003
0.88398
0.8850799999999995
0.8835000000000001
0.8843200000000006
0.8838199999999999
0.8825
0.8819400000000002
0.8818199999999998
0.8852200000000003
0.8843199999999999
0.8840599999999997
0.88386
0.8821399999999998
0.8858800000000001
0.8843
0.8830800000000001
0.8845800000000001
0.8842200000000007
0.8844799999999999
0.8847600000000003
0.8812599999999999
0.8818600000000001
0.88158
0.8836200000000004
0.8836200000000001
0.8818599999999998
0.8842399999999999
0.8818000000000005
0.8825000000000002
0.8822800000000002
0.8847400000000001
0.88262
0.8843400000000001
0.8850399999999999
0.8816999999999999
0.8843199999999999
0.8853000000000005
0.8832400000000002
0.8825200000000005
0.8845400000000001
0.8859999999999997
0.8817400000000003
0.8829600000000001
0.8859800000000001
0.8837200000000003
0.8858000000000001
0.8846600000000002
0.8825999999999999
0.8836799999999997
0.8850600000000003
0.8849599999999999
0.8879199999999998
0.8846599999999999
0.8853400000000005
0.8854599999999998
0.8824400000000001
0.8827000000000003
0.8830599999999998
0.8849000000000005
0.8831799999999999
0.8859600000000006
0.8854599999999999
0.8824000000000001
0.8837200000000002
0.8848800000000006
0.8835799999999996
0.8832
0.8856
0.8831399999999999
0.8842200000000001
0.8841
0.8865400000000002
0.8858200000000003
0.8861599999999997
0.8830600000000001
0.8840199999999999
0.8831800000000003
0.8831200000000002
0.8838800000000004
0.8822800000000002
0.8831800000000005
0.8841799999999997
0.8832800000000002
0.8831000000000002
0.88464
0.8831399999999999
0.8839800000000002
0.88542
0.8847199999999998
0.8857200000000006
0.88554
0.885
0.8824599999999999
0.8813600000000003
0.8835999999999996
0.8835400000000003
0.8829600000000001
0.8831000000000002
0.8833400000000003
0.8826600000000007
0.8808599999999999
0.8842600000000002
0.8839600000000004
0.8848400000000004
0.88578
0.8817799999999997
0.8827799999999997
0.88382
0.8839599999999999
0.8851400000000001
0.883
0.8826400000000002
0.8811200000000001
0.8833200000000002
0.8850600000000003
0.8856600000000001
0.8858600000000004
0.8848
0.8858
0.8844800000000008
0.88162
0.8846799999999998
0.8848400000000001
0.8855800000000006
0.8822400000000001
0.8844200000000003
0.88174
0.8836000000000004
0.8860400000000003
0.8853400000000003
0.8822200000000002
0.8841600000000003
0.8820000000000003
0.8845799999999998
0.8834199999999999
0.8833200000000002
0.8833200000000003
0.8842400000000004
0.88346
0.8831800000000003
0.8824399999999999
0.88532
0.8851200000000001
0.8827600000000001
0.8847400000000001
0.8818599999999998
0.8840200000000003
0.8855200000000001
0.8818199999999997
0.8832600000000003
0.8830200000000004
0.8820800000000003
0.8812600000000006
0.88202
0.8827800000000002
0.8841600000000001
0.8841
0.8866400000000004
0.8824799999999997
0.8839400000000006
0.8842400000000005
0.8850599999999998
0.8862600000000005
0.8833200000000003
0.8831000000000003
0.8850800000000001
0.8845000000000002
0.8850400000000002
0.8857800000000001
0.8834000000000002
0.8815000000000001
0.8792800000000004
0.8824200000000002
0.8836799999999998
0.8859000000000006
0.8849800000000001
0.8845400000000001
0.8840200000000003
0.8835999999999998
0.8850400000000006
0.88396
0.8851400000000007
0.88336
0.88386
0.8825000000000003
0.8814799999999999
0.8805799999999999
0.8830800000000003
0.8853200000000001
0.88248
0.8835800000000001
0.88384
0.8840800000000002
0.8846000000000005
0.8838199999999999
0.88306
0.8855800000000003
0.8836400000000004
0.8834200000000005
0.88372
0.8828000000000006
0.8827800000000003
0.8865000000000001
0.88304
0.8817999999999999
0.8837000000000002
0.8800600000000004
0.8835200000000004
0.8852999999999999
0.8833
0.8821799999999995
0.8819400000000001
0.8820400000000003
0.8825
0.8827600000000002
0.8860400000000003
0.8851600000000001
0.8821400000000003
0.8861600000000004
0.8856200000000001
0.8852800000000006
0.8860799999999998
0.8874200000000002
0.8846600000000002
0.8840400000000002
0.8838599999999996
0.8825399999999998
0.88196
0.8832000000000001
0.8814999999999996
0.8834999999999998
0.8837999999999999
0.8856400000000002
0.8841800000000001
0.8845800000000003
0.8826400000000004
0.8845800000000004
0.8826600000000004
0.8838800000000002
0.88488
0.8862800000000004
0.8830800000000003
0.88512
0.8832000000000005
0.8853200000000002
0.8828199999999999
