0.19999999999999962
0.14602
0.11733000000000002
0.09737999999999998
0.08443000000000005
0.07465999999999999
0.06621
0.06127000000000002
0.05787999999999996
0.055660000000000015
0.05313999999999997
0.050039999999999994
0.04790999999999998
0.04569
0.04527000000000001
0.044379999999999996
0.042189999999999984
0.04138999999999998
0.04059999999999999
0.040839999999999994
0.04075999999999999
0.03919999999999999
0.040829999999999964
0.03940999999999998
0.038
0.03755
0.038049999999999994
0.03826999999999998
0.03778999999999998
0.03787
0.03695999999999999
0.03634999999999998
0.034949999999999995
0.03389999999999998
0.033629999999999986
0.03434
0.03368999999999999
0.03401999999999997
0.03416999999999999
0.03423999999999998
0.033839999999999995
0.033309999999999985
0.033359999999999994
0.03340999999999998
0.03358999999999999
0.03312
0.03206999999999999
0.03124999999999998
0.029879999999999997
0.02992
0.030119999999999994
0.029359999999999987
0.02823999999999999
0.02800999999999999
0.02714999999999998
0.026809999999999987
0.027079999999999993
0.02675999999999999
0.027959999999999974
0.027509999999999993
0.02738999999999999
0.027359999999999985
0.027559999999999987
0.027169999999999982
0.026549999999999983
0.025779999999999997
0.025529999999999994
0.02445999999999998
0.02420999999999999
0.024150000000000005
0.023729999999999994
0.023649999999999994
0.022799999999999994
0.022369999999999998
0.023179999999999982
0.022909999999999986
0.02302999999999999
0.022749999999999996
0.022199999999999984
0.02190999999999999
0.021739999999999995
0.021769999999999987
0.021599999999999987
0.021259999999999998
0.02107999999999999
0.02176999999999999
0.022379999999999997
0.023609999999999992
0.02292
0.022279999999999994
0.021669999999999988
0.021099999999999997
0.020999999999999998
0.020949999999999993
0.020869999999999996
0.02028
0.02017
0.02065999999999999
0.02121
0.02046999999999999
0.020579999999999998
0.021099999999999997
0.02125
0.020919999999999987
0.02110999999999999
0.020119999999999992
0.020189999999999993
0.020729999999999995
0.020859999999999993
0.020519999999999993
0.019829999999999993
0.019829999999999993
0.019129999999999994
0.01953
0.019609999999999992
0.018809999999999997
0.01844
0.017979999999999996
0.017839999999999995
0.017709999999999993
0.017509999999999994
0.017739999999999992
0.01816999999999999
0.017819999999999992
0.017769999999999998
0.017389999999999996
0.017409999999999995
0.017849999999999994
0.018589999999999992
0.018369999999999994
0.01774999999999999
0.017589999999999995
0.017689999999999997
0.018119999999999994
0.017819999999999992
0.018129999999999993
0.018859999999999988
0.018299999999999993
0.01808
0.018489999999999993
0.018659999999999996
0.017909999999999995
0.018009999999999995
0.018519999999999995
0.01899
0.01865
0.01747
0.01727
0.017120000000000003
0.01714
0.01649
0.016359999999999996
0.015459999999999998
0.015159999999999993
0.015559999999999992
0.01539
0.01585
0.016079999999999997
0.016499999999999994
0.01673
0.01681
0.01661
0.016069999999999997
0.01604
0.016059999999999998
0.016019999999999993
0.016199999999999996
0.015989999999999994
0.016380000000000002
0.01605
0.01541
0.014610000000000001
0.014369999999999994
0.014119999999999997
0.01471
0.014709999999999999
0.01389
0.013880000000000002
0.013859999999999999
0.013949999999999997
0.014069999999999997
0.01491
0.0151
0.014889999999999999
0.014530000000000005
0.014090000000000002
0.013500000000000002
0.013540000000000002
0.01321
0.012630000000000004
0.0126
0.011890000000000001
0.011910000000000002
0.011670000000000003
0.011420000000000001
0.011010000000000004
0.01122
0.011360000000000002
0.011410000000000002
0.011020000000000004
0.010730000000000003
0.010190000000000003
0.009980000000000004
0.010020000000000003
0.009550000000000005
0.009900000000000003
0.009950000000000002
0.009540000000000003
0.009430000000000004
0.009470000000000003
0.009300000000000004
0.009310000000000006
0.009810000000000006
0.009820000000000004
0.009690000000000004
0.009570000000000004
0.009450000000000004
0.009460000000000003
0.009350000000000004
0.009620000000000004
0.009540000000000003
0.009270000000000004
0.009130000000000004
0.009340000000000005
0.009020000000000004
0.009060000000000004
0.009570000000000006
0.009640000000000004
0.009990000000000004
0.009650000000000004
0.009920000000000002
0.010000000000000002
0.009870000000000004
0.009680000000000001
0.009610000000000002
0.009430000000000003
0.009120000000000003
0.009900000000000003
0.010350000000000003
0.010550000000000004
0.009710000000000003
0.009610000000000002
0.009380000000000003
0.009370000000000003
0.009280000000000004
0.008750000000000003
0.008680000000000004
0.008590000000000004
0.007700000000000002
0.007990000000000002
0.008170000000000004
0.008260000000000002
0.008300000000000002
0.008160000000000002
0.008040000000000002
0.00821
0.00782
0.007210000000000002
0.007430000000000003
0.0071
0.007400000000000002
0.007250000000000003
0.007110000000000002
0.006710000000000001
0.007130000000000001
0.007720000000000002
0.007480000000000001
0.007880000000000002
0.007840000000000001
0.007760000000000002
0.007520000000000002
0.007590000000000002
0.007440000000000002
0.007600000000000003
0.007210000000000002
0.0075600000000000025
0.007640000000000003
0.0077100000000000024
0.007600000000000003
0.007910000000000002
0.007850000000000001
0.0077100000000000024
0.007530000000000001
0.007540000000000002
0.00776
0.00775
0.007180000000000002
0.007480000000000002
0.007280000000000002
0.0069500000000000004
0.00676
0.007010000000000001
0.007440000000000001
0.007720000000000002
0.007830000000000002
0.007340000000000001
0.007590000000000002
0.007120000000000002
0.007090000000000001
0.007460000000000001
0.007260000000000001
0.0071200000000000005
0.0067800000000000004
0.006720000000000001
0.006420000000000001
0.005900000000000001
0.005890000000000001
0.005730000000000002
0.005730000000000002
0.006300000000000001
0.0062200000000000024
0.006020000000000002
0.005720000000000002
0.005600000000000001
0.005280000000000002
0.00555
0.00523
0.00545
0.005600000000000001
0.005520000000000001
0.005660000000000001
0.00549
0.005670000000000001
0.005890000000000002
0.005870000000000001
0.00599
0.006100000000000001
0.0062600000000000025
0.006470000000000001
0.0061800000000000015
0.006530000000000001
0.006250000000000001
0.005730000000000001
0.005900000000000001
0.005880000000000001
0.005790000000000001
0.00519
0.00527
0.004580000000000001
0.004710000000000001
0.00487
0.00474
0.00472
0.004679999999999999
0.00426
0.0044
0.00437
0.00427
0.004070000000000001
0.0041
0.0038800000000000006
0.0037000000000000006
0.0034300000000000003
0.00367
0.00359
0.0034800000000000005
0.00338
0.00342
0.00322
0.0032000000000000006
0.0035000000000000005
0.0038
0.00377
0.00395
0.00412
0.00392
0.0036100000000000004
0.0034000000000000002
0.00344
0.00286
0.0028000000000000004
0.0028000000000000004
0.0030200000000000005
0.0029900000000000005
0.0031900000000000006
0.0031600000000000005
0.0030300000000000006
0.0030799999999999994
0.0029
0.0033799999999999998
0.0031199999999999995
0.0028100000000000004
0.00308
0.0025900000000000003
0.0024300000000000003
0.00256
0.00227
0.00238
0.0027600000000000003
0.00287
0.00272
0.00254
0.0025
0.00268
0.00247
0.0025100000000000005
0.0026
0.00249
0.0026499999999999996
0.00276
0.0027
0.0027600000000000003
0.0027600000000000003
0.0025700000000000002
0.0022600000000000003
0.00237
0.00218
0.00212
0.00212
0.00229
0.00215
0.0023
0.00241
0.0023
0.00207
0.00198
0.00209
0.00198
0.00199
0.0019299999999999999
0.0020700000000000002
0.0018900000000000002
0.0018600000000000003
0.00189
0.002
0.00191
0.00196
0.0021399999999999995
0.0019399999999999999
0.00201
0.0020100000000000005
0.00202
0.00189
0.00194
0.00187
0.00187
0.00188
0.0021100000000000003
0.00209
0.00209
0.00234
0.0023899999999999998
0.00228
0.00194
0.00198
0.002
0.00203
0.00194
0.0017499999999999998
0.0019
0.00203
0.00192
0.0017900000000000001
0.00165
0.00147
0.0017499999999999998
0.0017000000000000001
0.00196
0.0018000000000000002
0.00169
0.0017100000000000001
0.0016200000000000001
0.00146
0.00146
0.00158
0.00164
0.00143
0.0014399999999999999
0.00146
0.0011899999999999999
0.0012900000000000001
0.0014800000000000002
0.0014600000000000001
0.00128
0.00124
0.0013800000000000002
0.00119
0.0010700000000000002
9.6E-4
7.8E-4
5.600000000000001E-4
5.300000000000001E-4
5.4E-4
5.499999999999999E-4
5.3E-4
5.2E-4
5.8E-4
5.600000000000001E-4
4.3000000000000004E-4
3.2999999999999994E-4
3.7E-4
4.3000000000000004E-4
4.3000000000000004E-4
4.3999999999999996E-4
5.5E-4
6.4E-4
6.7E-4
6.199999999999999E-4
5.8E-4
4.9E-4
4.8E-4
5.8E-4
5.5E-4
5.600000000000001E-4
5.0E-4
5.0E-4
4.0E-4
4.1E-4
4.1999999999999996E-4
5.1E-4
5.0E-4
5.300000000000001E-4
5.7E-4
4.6E-4
4.1E-4
5.4E-4
5.3E-4
5.499999999999999E-4
4.9E-4
4.8E-4
5.2E-4
7.000000000000001E-4
7.000000000000001E-4
6.3E-4
5.600000000000001E-4
5.7E-4
5.300000000000001E-4
5.4E-4
5.3E-4
4.3000000000000004E-4
4.3000000000000004E-4
3.9E-4
4.5E-4
5.0E-4
5.8E-4
5.1E-4
5.5E-4
4.5E-4
3.3E-4
2.7000000000000006E-4
2.6000000000000003E-4
2.9E-4
3.5999999999999997E-4
4.7E-4
4.8E-4
4.3999999999999996E-4
4.7E-4
4.6E-4
4.6E-4
5.3E-4
5.0E-4
4.3999999999999996E-4
3.7E-4
3.1E-4
3.1E-4
3.0E-4
4.0E-4
3.7E-4
4.3E-4
3.9E-4
3.7E-4
3.0E-4
4.2E-4
3.7E-4
3.1E-4
3.1E-4
3.5000000000000005E-4
3.1E-4
3.5999999999999997E-4
2.9E-4
2.1999999999999998E-4
1.7999999999999998E-4
2.5E-4
2.5E-4
2.8000000000000003E-4
2.0E-4
1.7999999999999998E-4
1.7E-4
2.3E-4
2.9E-4
2.9E-4
2.9E-4
2.8000000000000003E-4
3.3E-4
3.7999999999999997E-4
3.1E-4
3.1E-4
3.4E-4
3.0E-4
3.4E-4
4.2E-4
5.0E-4
5.3E-4
5.0E-4
5.0E-4
5.5E-4
6.6E-4
5.5E-4
5.4E-4
6.900000000000001E-4
5.4E-4
5.0E-4
4.9E-4
6.0E-4
5.099999999999999E-4
5.5E-4
5.2E-4
5.899999999999999E-4
5.099999999999999E-4
5.5E-4
4.3999999999999996E-4
4.7E-4
4.8E-4
4.6E-4
4.6E-4
4.5E-4
4.0E-4
3.7999999999999997E-4
3.3E-4
2.8000000000000003E-4
2.5E-4
2.6E-4
1.7999999999999998E-4
2.1E-4
2.3E-4
2.3E-4
1.7E-4
1.6E-4
1.4000000000000001E-4
1.8999999999999998E-4
2.5E-4
2.1999999999999998E-4
2.7E-4
1.8999999999999998E-4
2.4E-4
3.1E-4
3.5000000000000005E-4
3.9E-4
3.5000000000000005E-4
5.2E-4
4.2E-4
4.2E-4
4.2E-4
4.6E-4
3.9E-4
4.3999999999999996E-4
4.3999999999999996E-4
3.5999999999999997E-4
3.2E-4
3.4E-4
3.2E-4
3.5999999999999997E-4
3.2E-4
4.1E-4
4.5E-4
5.5E-4
4.6E-4
4.6E-4
5.4E-4
5.7E-4
6.0E-4
7.3E-4
8.4E-4
8.699999999999999E-4
7.4E-4
6.0E-4
5.5E-4
6.1E-4
7.000000000000001E-4
5.4E-4
4.1E-4
4.2E-4
4.1E-4
3.5999999999999997E-4
4.3999999999999996E-4
5.600000000000001E-4
5.7E-4
4.2E-4
4.1E-4
4.0E-4
5.7E-4
6.5E-4
7.5E-4
7.3E-4
6.7E-4
6.0E-4
5.7E-4
5.7E-4
5.5E-4
4.9E-4
5.099999999999999E-4
4.3E-4
4.3E-4
4.0E-4
4.3999999999999996E-4
4.6E-4
4.9E-4
5.2E-4
4.3E-4
3.9E-4
4.3E-4
5.0E-4
6.3E-4
4.8E-4
5.5E-4
6.6E-4
5.099999999999999E-4
5.099999999999999E-4
3.9E-4
3.4E-4
3.2E-4
2.4E-4
1.8999999999999998E-4
1.8999999999999998E-4
1.7E-4
1.8999999999999998E-4
2.6E-4
3.5000000000000005E-4
4.3999999999999996E-4
4.3E-4
4.1E-4
3.7E-4
2.8000000000000003E-4
3.1E-4
3.5000000000000005E-4
4.3E-4
4.0E-4
4.3E-4
3.7E-4
3.5000000000000005E-4
3.2E-4
2.8000000000000003E-4
2.8000000000000003E-4
2.7E-4
2.3E-4
2.5E-4
3.0E-4
3.7999999999999997E-4
4.0E-4
4.2E-4
3.2E-4
4.0E-4
3.9E-4
3.5000000000000005E-4
3.2E-4
3.3E-4
2.9E-4
3.2E-4
2.8000000000000003E-4
2.1E-4
2.4E-4
2.1E-4
1.8999999999999998E-4
2.1E-4
2.3E-4
1.6E-4
1.7999999999999998E-4
2.0E-4
3.2E-4
2.7E-4
3.7999999999999997E-4
3.5999999999999997E-4
4.5E-4
3.9E-4
3.4E-4
4.2E-4
4.1E-4
4.6E-4
5.3E-4
6.4E-4
5.600000000000001E-4
5.8E-4
5.0E-4
5.2E-4
4.1E-4
3.5999999999999997E-4
2.3E-4
2.8000000000000003E-4
2.5E-4
2.1999999999999998E-4
2.0E-4
2.7E-4
2.0E-4
1.6E-4
1.7999999999999998E-4
1.6E-4
1.6E-4
1.7999999999999998E-4
2.1999999999999998E-4
1.7E-4
1.0999999999999999E-4
8.0E-5
1.0999999999999999E-4
7.000000000000001E-5
5.0E-5
8.0E-5
6.0E-5
7.000000000000001E-5
1.0E-4
2.0E-4
1.0999999999999999E-4
7.000000000000001E-5
8.999999999999999E-5
6.0E-5
7.000000000000001E-5
6.0E-5
4.0E-5
3.0E-5
1.0E-5
0.0
0.0
0.0
0.0
0.0
0.0
0.0
0.0
0.0
0.0
0.0
0.0
0.0
0.0
0.0
0.0
0.0
0.0
0.0
0.0
0.0
0.0
0.0
0.0
0.0
0.0
0.0
0.0
0.0
0.0
0.0
0.0
0.0
0.0
0.0
0.0
0.0
0.0
0.0
0.0
0.0
0.0
0.0
0.0
0.0
0.0
0.0
0.0
0.0
0.0
0.0
0.0
0.0
0.0
0.0
0.0
0.0
0.0
0.0
0.0
0.0
0.0
0.0
0.0
0.0
0.0
0.0
0.0
0.0
0.0
0.0
0.0
0.0
0.0
0.0
0.0
0.0
0.0
0.0
0.0
0.0
0.0
0.0
0.0
0.0
0.0
0.0
0.0
0.0
0.0
0.0
0.0
0.0
0.0
0.0
0.0
0.0
0.0
0.0
0.0
0.0
0.0
0.0
0.0
0.0
0.0
0.0
0.0
0.0
0.0
0.0
0.0
0.0
0.0
0.0
0.0
0.0
0.0
0.0
0.0
0.0
0.0
0.0
0.0
0.0
0.0
0.0
0.0
0.0
0.0
0.0
0.0
0.0
0.0
0.0
0.0
0.0
0.0
0.0
0.0
0.0
0.0
0.0
0.0
0.0
0.0
0.0
0.0
0.0
0.0
0.0
0.0
0.0
0.0
0.0
0.0
0.0
0.0
0.0
0.0
0.0
0.0
0.0
0.0
0.0
0.0
0.0
0.0
0.0
0.0
0.0
0.0
0.0
0.0
0.0
0.0
0.0
0.0
0.0
0.0
0.0
0.0
0.0
0.0
0.0
0.0
0.0
0.0
0.0
0.0
0.0
