0.19999999999999962
0.26610999999999996
0.3630400000000001
0.41038999999999987
0.43485
0.4440200000000001
0.44976000000000027
0.4501600000000001
0.45222999999999997
0.4502500000000002
0.4499800000000002
0.4482100000000001
0.45149999999999985
0.4518800000000004
0.45246000000000014
0.4538200000000001
0.4514400000000001
0.44964000000000004
0.4492499999999999
0.45036999999999994
0.45065
0.45118000000000014
0.4516300000000002
0.45130000000000003
0.4525399999999999
0.45414999999999994
0.4515700000000003
0.45155999999999985
0.4507000000000001
0.4542100000000002
0.4501100000000002
0.44834000000000024
0.44971999999999995
0.4521300000000001
0.4489399999999999
0.4492900000000002
0.4489000000000003
0.4493
0.45007000000000014
0.44738999999999984
0.44732000000000005
0.44836000000000015
0.45115
0.45197000000000015
0.45095000000000013
0.45021
0.44951000000000024
0.44797
0.4496100000000001
0.45228000000000007
0.44764000000000026
0.44937999999999995
0.4482300000000001
0.4498800000000003
0.4499000000000002
0.4485799999999998
0.44976000000000016
0.4506599999999999
0.45344
0.4479200000000001
0.4497900000000001
0.4478599999999999
0.4485099999999999
0.44906
0.4464099999999999
0.45238999999999996
0.45120000000000005
0.4483499999999998
0.44965000000000005
0.4513399999999999
0.45364999999999994
0.4492400000000003
0.44912000000000013
0.45156999999999997
0.4502100000000002
0.4494999999999999
0.44890000000000013
0.4474100000000001
0.44887000000000016
0.44919999999999993
0.4471900000000001
0.45142000000000004
0.451
0.44936
0.4515999999999999
0.4502699999999998
0.45199000000000006
0.4493400000000002
0.4495799999999999
0.4501700000000003
0.44968999999999987
0.44534
0.44641000000000014
0.4510700000000001
0.44974000000000003
0.4490000000000001
0.44873000000000013
0.44841999999999993
0.4495700000000001
0.45136000000000004
0.44841000000000014
0.44798999999999994
0.45147000000000004
0.45011
0.4484500000000001
0.45154000000000016
0.4516300000000002
0.4508500000000001
0.4507200000000001
0.45156000000000013
0.44896000000000014
0.4507299999999998
0.4499600000000001
0.45037000000000005
0.45339000000000007
0.45394
0.4536900000000001
0.45145000000000024
0.4476099999999999
0.45021
0.4482800000000001
0.44833
0.4506500000000001
0.4508500000000001
0.45249000000000017
0.45064000000000015
0.4515500000000002
0.45241999999999977
0.45260000000000006
0.4532200000000002
0.4491900000000002
0.4506000000000001
0.4515600000000002
0.4490999999999998
0.4505500000000001
0.44914999999999994
0.4515799999999999
0.45348000000000005
0.4520000000000002
0.4505700000000001
0.44968
0.45258000000000037
0.4500800000000001
0.4526100000000003
0.45196000000000025
0.45247
0.4515700000000001
0.44854999999999984
0.4509499999999999
0.45016000000000006
0.4512100000000001
0.4518799999999999
0.44910000000000005
0.45130999999999993
0.44918999999999976
0.4506500000000001
0.44856000000000007
0.45120999999999994
0.4498400000000001
0.4501799999999999
0.44682
0.4481700000000001
0.4493800000000001
0.45086
0.4479200000000003
0.4502200000000001
0.44873000000000024
0.44866000000000006
0.4480500000000002
0.45037
0.44798000000000016
0.4513500000000002
0.4508400000000002
0.4505100000000001
0.45326000000000005
0.45267
0.4521200000000001
0.4494799999999999
0.44911000000000006
0.45179000000000014
0.45061999999999997
0.4507000000000001
0.45127
0.4513800000000003
0.45115000000000016
0.45206
0.45318999999999987
0.4503500000000001
0.4489800000000001
0.45079
0.44949000000000017
0.4483499999999999
0.44833999999999996
0.45006000000000024
0.44777000000000006
0.44994
0.44905
0.45145000000000024
0.4504900000000001
0.44989000000000007
0.45117000000000007
0.4486000000000001
0.44804999999999984
0.4457599999999999
0.4478500000000002
0.4484700000000002
0.4478000000000001
0.4482500000000001
0.44953000000000004
0.44894000000000006
0.44881
0.45083000000000006
0.4513900000000002
0.4487
0.44963000000000014
0.44814
0.44857000000000014
0.4479699999999999
0.4528400000000003
0.45281000000000005
0.45146000000000003
0.44892000000000004
0.44860000000000005
0.4500800000000001
0.45325000000000015
0.45257000000000003
0.45123
0.4519700000000001
0.45071
0.45185
0.4499300000000001
0.45059999999999983
0.45472000000000007
0.45206000000000013
0.4532899999999998
0.45305000000000006
0.4492600000000002
0.45010000000000006
0.44990000000000024
0.4519800000000002
0.45161
0.45287000000000005
0.45042999999999983
0.45003000000000015
0.44994999999999996
0.45115
0.44962
0.45085000000000036
0.45114999999999994
0.44787000000000016
0.45049
0.4515900000000002
0.44942
0.44924000000000014
0.4496999999999998
0.4503500000000002
0.4501800000000001
0.45080000000000003
0.44829999999999987
0.44778999999999997
0.44941000000000003
0.4512000000000001
0.4511000000000003
0.4492200000000001
0.4506600000000004
0.44550999999999996
0.44678999999999985
0.44688999999999984
0.45421000000000034
0.45258000000000026
0.4528500000000002
0.4513400000000001
0.44909999999999994
0.44837000000000016
0.4492800000000002
0.45087999999999995
0.45225999999999994
0.4521200000000004
0.4496599999999999
0.45368000000000025
0.44832000000000005
0.44750000000000006
0.4483600000000003
0.4489800000000001
0.4489000000000001
0.4519499999999999
0.4535299999999998
0.45246999999999976
0.44905000000000017
0.4494500000000003
0.4533500000000002
0.45076000000000016
0.45010999999999995
0.4502299999999999
0.44767000000000023
0.4517500000000001
0.45032999999999973
0.44876999999999995
0.44951999999999986
0.45105000000000006
0.4543600000000002
0.44735000000000014
0.44978000000000007
0.44931
0.4492000000000003
0.44825
0.44759000000000015
0.45041000000000003
0.4518100000000001
0.4539399999999999
0.4528100000000003
0.44903000000000004
0.44841000000000003
0.45100000000000007
0.45053000000000026
0.44752000000000014
0.44610000000000005
0.4454600000000003
0.4488600000000001
0.44947000000000004
0.45004999999999995
0.4513
0.4504600000000003
0.4512200000000003
0.45161
0.4506300000000001
0.4504700000000001
0.4498100000000003
0.45133
0.44606000000000007
0.45184999999999986
0.44778000000000007
0.4515599999999999
0.4513000000000001
0.45098
0.4480000000000001
0.4484300000000001
0.44958000000000004
0.45084000000000013
0.44975000000000037
0.45122000000000007
0.45236
0.44900999999999996
0.45257000000000014
0.44958000000000004
0.4501900000000002
0.44949000000000017
0.4490000000000002
0.44865
0.4498800000000002
0.45200999999999986
0.45336000000000015
0.4535500000000001
0.4542
0.4509799999999998
0.4506799999999999
0.45148999999999995
0.4520900000000001
0.4490800000000001
0.4519500000000001
0.45264999999999994
0.44925999999999994
0.44625000000000015
0.4502900000000002
0.4510900000000002
0.45092000000000004
0.44908999999999977
0.4506699999999998
0.44958000000000015
0.44927
0.45106999999999986
0.4501099999999999
0.44873999999999986
0.4505100000000001
0.44745999999999986
0.4505000000000001
0.45159000000000016
0.4517099999999998
0.4498400000000002
0.44896999999999987
0.4518200000000001
0.45209000000000016
0.4524000000000001
0.4529700000000002
0.45160000000000006
0.45002000000000025
0.4531400000000001
0.4483000000000002
0.44992999999999994
0.45006
0.4509
0.45118000000000014
0.45168000000000014
0.45391
0.4525200000000001
0.45155000000000006
0.4490000000000001
0.44703000000000004
0.4468100000000001
0.4493399999999999
0.4490699999999999
0.45331999999999995
0.45448
0.45120999999999983
0.4540700000000002
0.44767
0.44619999999999993
0.44811000000000006
0.44757000000000025
0.45031000000000004
0.45024000000000003
0.45039
0.4476700000000003
0.44876999999999984
0.4500700000000002
0.45171000000000006
0.44758
0.44888000000000017
0.4513400000000001
0.44803999999999994
0.44784000000000007
0.4523900000000002
0.4502299999999999
0.44927999999999996
0.45241000000000015
0.4493900000000003
0.45296000000000014
0.45220000000000005
0.451
0.45209000000000005
0.44951999999999975
0.44827999999999996
0.44799000000000005
0.4493600000000001
0.45271
0.4502599999999999
0.45354000000000005
0.44941
0.4517800000000002
0.4509500000000002
0.4505100000000001
0.4487300000000001
0.44999
0.45191000000000014
0.4465900000000002
0.4498300000000001
0.4520200000000002
0.45241
0.45177000000000006
0.4527499999999997
0.45459000000000005
0.4490600000000001
0.44749999999999995
0.4481400000000001
0.44831999999999994
0.44957000000000014
0.44915
0.45477000000000006
0.45010000000000017
0.44943000000000005
0.4506699999999999
0.45320000000000005
0.45171999999999995
0.4522099999999999
0.45319000000000004
0.45236000000000026
0.45246000000000014
0.4481700000000003
0.4497099999999999
0.45025
0.45108000000000004
0.45256
0.4509600000000001
0.4502300000000003
0.45214
0.45152000000000014
0.45339999999999997
0.44831000000000004
0.4508200000000002
0.45219000000000004
0.4499100000000001
0.4516600000000001
0.45276000000000005
0.4525300000000001
0.44856
0.4517300000000002
0.45199
0.45126
0.45000000000000007
0.44843000000000016
0.45216000000000006
0.45055999999999974
0.4482700000000001
0.45024000000000003
0.44652000000000003
0.4481600000000002
0.44718
0.4502199999999999
0.44756999999999986
0.44725000000000004
0.44859999999999983
0.4514400000000002
0.45391
0.45014999999999994
0.4505800000000004
0.4497199999999999
0.4513600000000001
0.44959999999999994
0.4486
0.4532999999999999
0.4538300000000002
0.4507000000000001
0.45019000000000003
0.4489599999999999
0.44876
0.4492900000000001
0.4505000000000001
0.45284000000000013
0.4499499999999999
0.45058000000000015
0.44998
0.4510700000000001
0.45385999999999993
0.45015000000000016
0.4497499999999999
0.4533100000000004
0.4530299999999998
0.4486999999999999
0.44785000000000025
0.44786000000000004
0.4494000000000002
0.4475200000000001
0.45008000000000015
0.45218
0.44870999999999994
0.44917999999999997
0.4503200000000003
0.45006000000000007
0.4522900000000001
0.44898000000000016
0.4510700000000001
0.4486200000000001
0.44813000000000014
0.4517099999999998
0.45059000000000005
0.4485499999999999
0.44817999999999997
0.4490000000000002
0.4498600000000002
0.45231
0.45199999999999996
0.4524499999999999
0.4523000000000002
0.45138
0.45204000000000016
0.45361000000000007
0.4485900000000001
0.44819000000000014
0.45092
0.44987
0.45083
0.4491300000000002
0.44636
0.44725000000000004
0.4464599999999999
0.4469999999999999
0.44887000000000044
0.45122000000000023
0.45047000000000026
0.44938999999999996
0.4472400000000002
0.44920999999999994
0.4489199999999998
0.44988000000000006
0.45131000000000016
0.44874
0.45011
0.4535699999999999
0.45139999999999975
0.45527000000000023
0.4532900000000001
0.45229000000000036
0.44977999999999996
0.44945000000000007
0.44576000000000016
0.4481600000000004
0.45099999999999996
0.45277000000000006
0.4510200000000002
0.4493700000000001
0.45037
0.45067999999999986
0.45080000000000003
0.45206000000000013
0.4488499999999999
0.44794999999999996
0.4494999999999998
0.44993999999999995
0.45074000000000014
0.4503400000000001
0.4498499999999999
0.44994
0.4480100000000002
0.44964999999999994
0.4488000000000001
0.4504000000000002
0.4505899999999998
0.4480300000000001
0.45327999999999996
0.45174000000000014
0.45106000000000007
0.45237
0.45263000000000025
0.4500900000000002
0.4511900000000001
0.45014
0.44954999999999984
0.44978999999999997
0.44968
0.44839000000000007
0.45533
0.4522
0.45107000000000014
0.44891000000000014
0.44939999999999986
0.44960000000000006
0.45007
0.44681
0.44655000000000017
0.4485500000000001
0.4507700000000001
0.45252999999999993
0.45199999999999996
0.45220999999999995
0.45134999999999975
0.44701999999999986
0.45160000000000006
0.4502600000000001
0.4498600000000001
0.4490599999999999
0.4477600000000001
0.4501800000000001
0.45208000000000004
0.4491799999999999
0.44819999999999993
0.4494800000000001
0.44983999999999996
0.4469500000000001
0.44718999999999987
0.44774000000000025
0.4514099999999999
0.45243999999999984
0.4508299999999999
0.45087000000000016
0.45283999999999996
0.45255000000000023
0.4499800000000001
0.4518399999999999
0.4497099999999999
0.4485900000000001
0.44771
0.44860000000000005
0.4476100000000001
0.4486800000000002
0.45216
0.4526800000000001
0.45249
0.44932000000000016
0.44988999999999996
0.45230000000000004
0.45020000000000016
0.4510300000000002
0.4492999999999999
0.44754000000000005
0.44798000000000004
0.4457399999999999
0.4489999999999999
0.45288999999999996
0.4504099999999999
0.4491200000000002
0.45277999999999996
0.44948000000000016
0.4492100000000001
0.45084
0.45147
0.4543200000000001
0.4509300000000001
0.45226999999999995
0.45282999999999995
0.45314
0.45361000000000007
0.45114
0.45074000000000003
0.4501300000000002
0.44875
0.44814000000000015
0.4507099999999999
0.4523200000000003
0.4509499999999999
0.4515599999999997
0.4482300000000001
0.45021000000000005
0.45167
0.4516000000000001
0.45320000000000005
0.45323000000000024
0.44940999999999987
0.45076000000000005
0.4487800000000001
0.45221000000000006
0.4516900000000002
0.45254999999999995
0.4540100000000002
0.4535200000000001
0.45527000000000006
0.45004000000000005
0.4532600000000002
0.4499300000000001
0.45004
0.44833999999999996
0.44970000000000004
0.4524100000000002
0.45202000000000014
0.45028
0.4482000000000001
0.45166000000000006
0.45270999999999995
0.4481399999999999
0.45297000000000004
0.4529800000000001
0.4497500000000003
0.45175
0.45516000000000034
0.45075
0.4483799999999998
0.44866999999999985
0.4476199999999999
0.4466500000000002
0.44955000000000017
0.45037
0.45073
0.45025
0.44898000000000016
0.4491600000000001
0.4505400000000002
0.4501700000000002
0.4488800000000001
0.4509300000000001
0.45136000000000004
0.45228000000000007
0.4515600000000002
0.44750999999999996
0.44848999999999994
0.4476500000000001
0.45095999999999997
0.45159000000000016
0.4517000000000002
0.45401
0.4509100000000002
0.4521400000000003
0.45370000000000027
0.45252
0.4488899999999999
0.44840999999999986
0.45147000000000004
0.4505600000000001
0.4480300000000001
0.45206999999999986
0.45094999999999996
0.44964999999999994
0.44840000000000013
0.4486800000000001
0.4480400000000001
0.45009000000000016
0.45202
0.45055000000000006
0.4497599999999998
0.4489599999999999
0.4490700000000002
0.4513899999999999
0.4525300000000002
0.45158000000000004
0.4505999999999999
0.45035000000000003
0.4481500000000001
0.44897000000000004
0.4495999999999998
0.45254
0.45243000000000017
0.45043999999999973
0.45012
0.4491000000000001
0.44995999999999986
0.4520800000000002
0.4524900000000001
0.4508799999999999
0.4520899999999998
0.45123000000000013
0.45138000000000017
0.4505200000000001
0.44982
0.4507200000000002
0.45167000000000007
0.45073
0.45015
0.45003
0.4483299999999999
0.4522399999999999
0.45029000000000025
0.44964000000000004
0.4484299999999999
0.44999999999999996
0.4515099999999999
0.4526999999999999
0.4495599999999999
0.4480500000000003
0.45144
0.45004
0.45308
0.44976000000000016
0.44984000000000024
0.45069000000000004
0.4516300000000001
0.44791
0.45026000000000005
0.45006000000000007
0.44888000000000006
0.4522600000000003
0.4500500000000003
0.45204
0.4480100000000003
0.44906999999999997
0.4487300000000001
0.44989000000000007
0.44943000000000005
0.44995000000000007
0.4504700000000002
0.45141000000000014
0.45320000000000005
0.4540000000000001
0.45025000000000026
0.44769000000000014
0.4513599999999998
0.44805000000000006
0.44918000000000013
0.4484499999999999
0.44837000000000005
0.45006
0.45061000000000007
0.45005
0.4502600000000001
0.4504800000000003
0.44772999999999996
0.44807000000000036
0.4492500000000002
0.45190000000000013
0.4516900000000001
0.44698
0.44659000000000004
0.4484299999999999
0.45004
0.44955999999999974
0.44752
0.44902999999999993
0.4491600000000001
0.45288000000000017
0.45124000000000025
0.4499
0.4483600000000002
0.45164999999999994
0.45239000000000024
0.4542
0.4505599999999999
0.45399
0.4524099999999999
0.45025
0.4494800000000001
0.44896000000000014
0.44767000000000023
0.44808000000000014
0.4510100000000002
0.45195999999999975
0.4518700000000001
0.45402000000000003
0.45160000000000017
0.4505600000000001
0.45217000000000007
0.4526
0.44935999999999987
0.44954000000000005
0.45122000000000007
0.44755999999999985
0.45008000000000004
0.45156000000000013
0.45292999999999994
0.45294999999999996
0.4505299999999998
0.44984000000000024
0.4498600000000001
0.45193999999999995
0.45001
0.4505000000000004
0.45082000000000017
0.45281000000000005
0.4528000000000001
0.45155999999999996
0.4498999999999998
0.44931000000000004
0.44967
0.45059000000000005
0.45106000000000007
0.45262
0.4495999999999998
0.4496100000000004
0.44951
0.45016000000000034
0.44864
0.45197000000000004
0.45187000000000027
0.4518500000000003
0.45331000000000005
0.45159999999999995
0.44815999999999995
0.4481500000000002
0.44899999999999984
0.45325000000000004
0.4534600000000001
0.4529799999999999
0.45150000000000007
0.4465400000000001
0.4481
0.44883
0.45107000000000014
0.45015
0.4508100000000001
0.45219000000000015
0.45183000000000006
0.44958000000000026
0.4513300000000002
0.45203000000000004
0.45164999999999994
0.45123999999999986
0.4480600000000002
0.45104000000000005
0.45354
0.45128
0.4530300000000004
0.45275000000000015
0.4498500000000001
0.44972
0.44936000000000015
0.45097999999999994
0.45151
0.44914999999999994
0.45167999999999997
0.44976
0.45118000000000025
0.45101000000000013
0.4505200000000002
0.4515600000000002
0.4509000000000001
0.44995999999999997
0.4504200000000001
0.4503900000000002
0.4494400000000002
0.44964
0.44969999999999993
0.4515799999999999
0.45144999999999996
0.45323
0.4492700000000001
0.4497100000000001
0.44913999999999993
0.44772000000000006
0.4510700000000001
0.44787
0.4496400000000002
0.45135
0.45159999999999995
0.44893000000000016
0.4507800000000001
0.45293000000000033
0.44836
0.4457399999999999
0.44971000000000005
0.45121000000000017
0.45082000000000005
0.4499400000000001
0.4491400000000001
0.45086000000000004
0.4486
0.45062000000000024
0.45144
0.4490600000000003
0.44900000000000007
0.45184999999999986
0.45062000000000024
0.4506000000000001
0.44997000000000015
0.4497700000000001
