0.19999999999999962
0.2992799999999999
0.43498999999999993
0.4809399999999998
0.5013700000000001
0.49901999999999985
0.50471
0.5055299999999998
0.5057400000000003
0.50439
0.5045499999999999
0.5053500000000001
0.5035700000000002
0.50387
0.5039299999999998
0.5046300000000001
0.50364
0.50651
0.5058100000000002
0.50438
0.5073499999999997
0.5059
0.5071800000000001
0.5064499999999998
0.5064600000000002
0.5057000000000001
0.50408
0.5073200000000002
0.5087400000000001
0.5051900000000001
0.5050500000000002
0.5072500000000002
0.5049299999999997
0.5042099999999999
0.5047000000000001
0.5038700000000005
0.5038799999999999
0.5070900000000003
0.5016499999999998
0.5040400000000002
0.50617
0.5056600000000002
0.50606
0.5018
0.5021800000000001
0.5064699999999999
0.5034800000000001
0.50567
0.5038800000000001
0.5032999999999999
0.5055900000000001
0.5066899999999998
0.5063399999999999
0.5047300000000001
0.5060399999999999
0.5048100000000001
0.5076199999999998
0.5077
0.5074900000000002
0.5054400000000002
0.5058300000000002
0.50481
0.50565
0.50578
0.50774
0.5029900000000002
0.50486
0.5056
0.50643
0.5046999999999998
0.5068600000000001
0.50596
0.5035599999999999
0.50587
0.50716
0.5050600000000002
0.50407
0.5054900000000001
0.5055
0.5067699999999999
0.5069000000000001
0.5063700000000001
0.5054500000000001
0.50596
0.50676
0.5072800000000003
0.5062599999999999
0.50576
0.5040199999999999
0.5045699999999997
0.5053600000000005
0.5043400000000001
0.5021500000000001
0.5034799999999998
0.5034600000000001
0.5047499999999999
0.5035299999999999
0.50751
0.5060300000000003
0.5039100000000003
0.5079100000000001
0.50094
0.5056
0.5051600000000002
0.5051700000000001
0.5063699999999999
0.5053300000000001
0.50379
0.5062700000000002
0.5068399999999997
0.50819
0.5075000000000001
0.50603
0.5061100000000001
0.5071899999999999
0.50397
0.50899
0.5055999999999999
0.5069400000000002
0.5057500000000004
0.5056300000000001
0.5101000000000002
0.50909
0.5055200000000002
0.5082699999999999
0.50709
0.50423
0.5049000000000001
0.5049600000000001
0.5076300000000001
0.50755
0.5032799999999998
0.5064000000000002
0.50559
0.5023399999999998
0.5045300000000003
0.50573
0.5054699999999999
0.5030699999999999
0.50426
0.5075000000000003
0.50702
0.50812
0.5071300000000002
0.5076400000000001
0.5048299999999998
0.5081399999999998
0.50969
0.50583
0.5085600000000001
0.50768
0.5060900000000002
0.50841
0.5046700000000001
0.50766
0.50665
0.5051700000000002
0.5065100000000001
0.5059400000000001
0.50625
0.50532
0.5058800000000002
0.50413
0.5073100000000001
0.50564
0.50469
0.5077300000000001
0.5077400000000002
0.5068599999999999
0.50408
0.5069
0.5067900000000001
0.5072100000000003
0.5058499999999998
0.5058300000000002
0.5077200000000001
0.50608
0.5022100000000002
0.5054500000000001
0.5099799999999999
0.5055299999999999
0.50601
0.5059499999999999
0.50553
0.5043900000000001
0.50653
0.50456
0.5068300000000001
0.5086400000000002
0.5066900000000001
0.5044900000000001
0.5068099999999999
0.50249
0.5068199999999998
0.5047499999999999
0.5050000000000001
0.5038300000000001
0.5026600000000001
0.5059500000000001
0.50458
0.5050400000000002
0.5046500000000004
0.50348
0.5073599999999999
0.5067900000000002
0.50557
0.5086400000000001
0.5073799999999998
0.5091500000000003
0.5050000000000001
0.50335
0.5032500000000002
0.5037099999999998
0.5051400000000001
0.50515
0.5058499999999999
0.50469
0.50698
0.50467
0.50669
0.5074400000000002
0.5071600000000002
0.5071600000000003
0.5044599999999999
0.50543
0.5067500000000003
0.50506
0.5031
0.5015000000000002
0.50704
0.5050900000000003
0.50751
0.5072
0.5070600000000001
0.5046599999999999
0.5049100000000001
0.5042599999999997
0.5045600000000002
0.5081499999999999
0.50611
0.5085500000000002
0.5058
0.5059400000000001
0.5037300000000002
0.5036200000000001
0.50546
0.5069799999999999
0.5044099999999999
0.5075
0.5063900000000002
0.50429
0.5056500000000002
0.5071600000000003
0.5072000000000001
0.5049899999999998
0.50351
0.50302
0.5018800000000001
0.5044000000000001
0.5044299999999998
0.5067300000000001
0.5052600000000003
0.5051800000000002
0.5059600000000001
0.50654
0.5050700000000001
0.5035800000000002
0.5055099999999999
0.5050899999999997
0.5066899999999999
0.5074699999999998
0.5029399999999999
0.50412
0.5082500000000002
0.50389
0.5056800000000001
0.5046400000000002
0.5084200000000001
0.50524
0.5051699999999998
0.50178
0.5058400000000002
0.5045800000000001
0.5062700000000002
0.50613
0.5052900000000001
0.5066700000000002
0.50959
0.5055000000000001
0.50347
0.50732
0.5060799999999999
0.5049200000000003
0.5047399999999999
0.50528
0.5051000000000002
0.5051799999999997
0.5034799999999999
0.5095300000000001
0.50751
0.50835
0.5064099999999999
0.5058300000000002
0.50348
0.5055399999999998
0.5087500000000005
0.5047200000000001
0.5060100000000003
0.5076099999999999
0.50501
0.5048800000000001
0.5069899999999997
0.5065100000000001
0.50573
0.5021699999999999
0.50406
0.5040900000000001
0.5089000000000001
0.5051899999999998
0.5083900000000002
0.5071700000000002
0.5053300000000002
0.5058400000000001
0.5030399999999999
0.50495
0.5040800000000001
0.5055
0.5053699999999999
0.50363
0.5042000000000002
0.5049700000000003
0.5052700000000001
0.5034799999999998
0.5025400000000002
0.50759
0.5049399999999998
0.5069200000000003
0.50448
0.50288
0.5055999999999999
0.5066400000000002
0.5037900000000001
0.5064400000000003
0.5070299999999999
0.5034099999999999
0.5044000000000003
0.5054600000000001
0.50627
0.5051500000000002
0.5054799999999999
0.5030700000000001
0.5044200000000001
0.50574
0.5063799999999998
0.5074000000000001
0.5071700000000002
0.5084199999999999
0.5055899999999999
0.5057700000000002
0.5046499999999999
0.50489
0.50663
0.5048400000000003
0.5035000000000001
0.5074700000000001
0.5041500000000003
0.5067599999999999
0.5043200000000001
0.5047600000000002
0.5075400000000001
0.50792
0.5068300000000002
0.5049099999999999
0.5072300000000002
0.5067900000000002
0.50387
0.5075400000000002
0.5088600000000002
0.50469
0.5048400000000002
0.5054
0.5058000000000001
0.5062300000000003
0.50312
0.50747
0.5058500000000001
0.5050599999999998
0.5070100000000001
0.5088200000000002
0.5051799999999997
0.5067500000000001
0.5068300000000001
0.50986
0.5045299999999999
0.5040499999999998
0.5068799999999999
0.5058
0.5085500000000003
0.5070100000000002
0.5077800000000002
0.50396
0.5046100000000002
0.5081199999999999
0.5067900000000003
0.50322
0.5072399999999999
0.5047699999999999
0.5044700000000002
0.5063799999999998
0.5062099999999998
0.5077000000000002
0.50503
0.5047400000000001
0.50409
0.5035299999999997
0.50519
0.5045000000000001
0.5059999999999998
0.5095600000000001
0.5059800000000001
0.5039199999999998
0.50582
0.5039199999999997
0.5020699999999999
0.5043
0.50702
0.5058199999999999
0.5042599999999999
0.5044000000000001
0.5055400000000001
0.5047799999999998
0.5082099999999999
0.50438
0.5044899999999999
0.5051500000000001
0.5069800000000003
0.50656
0.5045300000000004
0.50431
0.5055100000000001
0.5056400000000002
0.5029699999999999
0.50685
0.5070000000000001
0.5053200000000003
0.50532
0.5057399999999997
0.5031199999999999
0.5090999999999999
0.5057900000000001
0.5069599999999997
0.50762
0.5073000000000001
0.50587
0.5028199999999999
0.5070200000000002
0.5036799999999999
0.5049600000000001
0.5054099999999999
0.5058400000000001
0.5082899999999999
0.5073199999999999
0.5074799999999999
0.5050699999999999
0.5041899999999999
0.5069200000000003
0.5074199999999999
0.50712
0.50879
0.5051399999999999
0.5064900000000003
0.5079400000000001
0.5059200000000001
0.5057000000000001
0.5069199999999999
0.5046700000000003
0.5032800000000002
0.5051499999999998
0.5065
0.504
0.5070600000000001
0.50792
0.5057999999999999
0.5081200000000001
0.50434
0.5074100000000001
0.50315
0.5038300000000002
0.5064899999999999
0.5076400000000001
0.5069899999999999
0.5056700000000002
0.5046899999999999
0.5054599999999998
0.5055399999999999
0.5040500000000001
0.5085799999999999
0.5089600000000001
0.5068
0.5058500000000001
0.50612
0.5043
0.5036100000000001
0.50338
0.5053600000000001
0.5041899999999999
0.50447
0.5041099999999998
0.5043900000000001
0.5053499999999999
0.5085200000000001
0.5052500000000003
0.5056500000000002
0.5062699999999998
0.50448
0.5035900000000002
0.5061000000000002
0.5088400000000002
0.5052699999999999
0.5057900000000001
0.5036999999999999
0.5078200000000003
0.5086900000000001
0.50529
0.5100400000000002
0.5078300000000002
0.5070999999999999
0.5066599999999999
0.5050199999999998
0.50631
0.5044699999999999
0.5085999999999999
0.5042099999999997
0.5077000000000002
0.5072900000000002
0.50634
0.50669
0.5059899999999999
0.5064599999999999
0.5045300000000001
0.5048999999999999
0.50712
0.5070700000000001
0.5059299999999998
0.5027000000000001
0.50206
0.5042000000000001
0.5061300000000001
0.50498
0.50135
0.5020500000000002
0.5035200000000001
0.5104299999999999
0.5060999999999999
0.50469
0.50635
0.5047300000000001
0.5077200000000002
0.5081400000000001
0.5088500000000001
0.5064800000000003
0.5060300000000002
0.50155
0.50775
0.5057600000000001
0.50412
0.50483
0.5046500000000003
0.50389
0.5044699999999999
0.5050500000000003
0.5071399999999998
0.50583
0.50665
0.5029100000000002
0.5013899999999999
0.5056200000000003
0.5048500000000001
0.5053799999999999
0.5066100000000003
0.50608
0.5056100000000002
0.50512
0.5057200000000003
0.5064800000000002
0.5022999999999999
0.5044500000000003
0.5067
0.5081600000000001
0.50793
0.50447
0.5088900000000002
0.50656
0.5057599999999998
0.5039999999999999
0.5042299999999998
0.5073100000000001
0.5052699999999998
0.5064500000000001
0.50326
0.50635
0.5046500000000002
0.50611
0.5063000000000001
0.5032200000000001
0.50552
0.5018299999999998
0.5004599999999999
0.5052600000000003
0.5019300000000003
0.50558
0.5046199999999997
0.5041399999999999
0.5072700000000001
0.5060899999999999
0.5072200000000001
0.5039499999999999
0.5038999999999999
0.50598
0.5073599999999999
0.5046499999999999
0.5073200000000003
0.50688
0.5051300000000001
0.50607
0.5053300000000001
0.5044400000000001
0.5026799999999999
0.5013900000000002
0.5046599999999999
0.50564
0.5054100000000004
0.5051399999999999
0.5079699999999999
0.5058599999999999
0.5034099999999998
0.5071300000000001
0.5040600000000001
0.50504
0.5045400000000001
0.5037300000000001
0.5035500000000002
0.50595
0.5037300000000001
0.5054000000000002
0.5053999999999997
0.50814
0.505
0.5047600000000001
0.5053300000000003
0.5066399999999999
0.5055900000000002
0.50505
0.5043600000000001
0.50421
0.5061800000000001
0.5050600000000002
0.5047199999999998
0.5024500000000001
0.5065100000000001
0.5050800000000001
0.5072300000000002
0.5062599999999999
0.5070200000000001
0.5085800000000001
0.5087700000000001
0.5050599999999998
0.5010800000000001
0.5051100000000001
0.5059599999999999
0.50664
0.50948
0.50956
0.5054000000000001
0.50526
0.5052800000000001
0.5057300000000003
0.5066100000000001
0.5047799999999999
0.5076800000000002
0.5048300000000001
0.5028299999999999
0.50456
0.5061800000000001
0.5039199999999999
0.5055500000000002
0.50697
0.5062900000000002
0.5059899999999999
0.5037100000000002
0.5065500000000003
0.50385
0.50496
0.5053000000000001
0.5075099999999998
0.5068100000000001
0.5053100000000001
0.5066700000000004
0.5050799999999999
0.5041500000000002
0.5054799999999999
0.5086399999999999
0.50731
0.5038799999999999
0.5058199999999999
0.50708
0.50427
0.5015099999999998
0.5047200000000001
0.5050800000000001
0.50385
0.5032700000000001
0.5034500000000002
0.5046300000000001
0.5041399999999999
0.50432
0.5064600000000001
0.50183
0.5026700000000001
0.5050100000000001
0.5045100000000001
0.50562
0.50676
0.50545
0.5085800000000001
0.5087599999999995
0.5075000000000001
0.5030899999999999
0.5058799999999999
0.50544
0.5026299999999999
0.50372
0.5051700000000001
0.5027500000000001
0.5043000000000001
0.5036500000000003
0.5055299999999999
0.50502
0.5034600000000001
0.5062100000000004
0.5062400000000001
0.50472
0.5049999999999998
0.5030100000000001
0.50422
0.50469
0.5059800000000001
0.50958
0.5113
0.5075900000000001
0.5048699999999999
0.51132
0.5053000000000002
0.5060900000000002
0.5057600000000001
0.5064700000000001
0.50612
0.50688
0.5064
0.5055700000000001
0.5069399999999998
0.5058900000000001
0.50122
0.50072
0.5060199999999999
0.5077000000000002
0.50956
0.5079099999999999
0.50883
0.50926
0.5065999999999999
0.5057899999999999
0.5045699999999999
0.5041099999999998
0.5050200000000002
0.50738
0.5063100000000003
0.5044099999999998
0.5053300000000001
0.50676
0.50553
0.5034200000000001
0.50214
0.5046900000000004
0.5076599999999999
0.50501
0.50486
0.5036200000000001
0.5082000000000001
0.5070300000000002
0.5068300000000001
0.5060600000000001
0.5076200000000004
0.5095000000000003
0.5056499999999999
0.5056599999999999
0.5056000000000003
0.5054200000000002
0.5047400000000004
0.5085600000000001
0.5047800000000001
0.50673
0.50804
0.5065800000000001
0.5056599999999998
0.5035500000000002
0.50467
0.50483
0.5032700000000002
0.50569
0.5062500000000003
0.5061600000000002
0.50438
0.5063700000000001
0.5073599999999999
0.5046700000000001
0.5034700000000002
0.5059199999999998
0.50628
0.5046199999999997
0.5073500000000002
0.50349
0.5063500000000001
0.50739
0.5046700000000001
0.5082500000000001
0.50765
0.5057300000000001
0.5042099999999999
0.5043599999999998
0.5052699999999999
0.5043900000000001
0.50591
0.50614
0.5066200000000003
0.5052
0.5075200000000004
0.50518
0.5058600000000001
0.5030199999999999
0.50472
0.50559
0.5061900000000003
0.50661
0.50764
0.5098399999999998
0.50711
0.5037199999999998
0.5070000000000001
0.50536
0.5054000000000002
0.5035700000000002
0.5066000000000002
0.5026600000000001
0.5036
0.5041900000000001
0.5069400000000002
0.50803
0.50349
0.5052000000000002
0.50646
0.5047299999999999
0.5059400000000001
0.50764
0.5050299999999999
0.50499
0.5036300000000001
0.5065999999999999
0.5067699999999999
0.50448
0.5065700000000002
0.5063299999999998
0.5066499999999998
0.5046800000000002
0.50122
0.5028100000000001
0.5067500000000003
0.5059200000000004
0.50767
0.5069400000000001
0.5050199999999998
0.5063800000000002
0.50536
0.5042300000000001
0.5043399999999998
0.50616
0.50646
0.5059200000000001
0.5071800000000001
0.5095599999999998
0.50663
0.5059900000000002
0.5071100000000003
0.5035499999999999
0.50343
0.5030900000000001
0.50637
0.5051899999999998
0.5090199999999999
0.5065000000000002
0.50467
0.50766
0.5046699999999997
0.5089300000000001
0.5053500000000001
0.5053599999999999
0.5035200000000002
0.5049100000000002
0.5054700000000002
0.5065700000000003
0.5033100000000004
0.5034299999999999
0.5072000000000001
0.50551
0.5078199999999999
0.5085500000000002
0.5071800000000001
0.5036200000000002
0.5036399999999999
0.5044100000000002
0.50425
0.5072100000000003
0.5044200000000001
0.5068400000000001
0.5088900000000001
0.5039200000000001
0.5068500000000001
0.5035100000000002
0.5026200000000002
0.5061600000000002
0.5053700000000001
0.5068100000000001
0.5051000000000001
0.5052300000000002
0.5046600000000001
0.5044699999999999
0.5067200000000001
0.5048900000000001
0.5042799999999997
0.5043199999999999
0.5069600000000001
0.5060700000000002
0.5086300000000002
0.50897
0.5057500000000001
0.5056400000000001
0.5066100000000003
0.5082800000000001
0.5037100000000001
0.50754
0.50713
0.5024000000000001
0.5046999999999999
0.5071900000000001
0.5061500000000003
0.5064899999999999
0.5048999999999998
0.50602
0.50488
0.50381
0.50469
0.50518
0.5066000000000002
0.5055099999999999
0.5084900000000001
0.5093000000000001
0.5059600000000001
0.5050600000000001
0.5049100000000001
0.5058100000000001
0.50613
0.5070400000000002
0.5032000000000001
0.5052
0.5041
0.5045400000000002
0.50287
0.5063200000000001
0.50767
0.5061199999999999
0.50692
0.5080300000000001
0.50647
0.5056400000000002
0.5073400000000001
0.5069600000000002
0.5083500000000001
0.50776
0.50701
0.5083100000000002
0.50444
0.5059000000000001
0.5059899999999998
0.5070300000000003
0.5051800000000003
0.50658
0.5066600000000002
0.50772
0.5019300000000001
0.5076000000000002
