0.19999999999999962
0.19199000000000005
0.20971999999999993
0.2213000000000001
0.2311
0.23977000000000015
0.24249
0.24536000000000013
0.24618999999999996
0.24687000000000003
0.24862999999999993
0.24688000000000002
0.24894999999999995
0.25021000000000004
0.25018999999999997
0.24961999999999995
0.24996000000000002
0.25060000000000004
0.25029
0.24953000000000006
0.25065
0.2514800000000001
0.25193
0.24860999999999997
0.24818999999999997
0.25029
0.24894
0.24953000000000003
0.24850999999999995
0.25073
0.2524200000000001
0.24858000000000005
0.2476700000000001
0.2482599999999999
0.24889999999999993
0.24648000000000006
0.2478099999999998
0.24542000000000008
0.24494999999999995
0.2480100000000001
0.2509199999999999
0.25098
0.2509900000000001
0.2531699999999999
0.25383
0.25299000000000016
0.25164000000000014
0.25100000000000006
0.24974000000000007
0.24997000000000003
0.25051
0.25149
0.24822000000000002
0.2463200000000001
0.2476600000000001
0.24603000000000008
0.24676000000000017
0.24606999999999996
0.25019999999999987
0.2523
0.2529900000000001
0.2518700000000001
0.24917999999999996
0.24879
0.2500200000000001
0.24991
0.24989999999999998
0.24987999999999996
0.25003999999999993
0.24977
0.2511399999999999
0.24934000000000003
0.2474900000000001
0.24771
0.24769999999999995
0.24982999999999997
0.24952000000000008
0.25048999999999993
0.24987000000000006
0.25134000000000006
0.24837999999999993
0.24933000000000002
0.24651
0.2474599999999999
0.24836000000000005
0.24871999999999997
0.24825000000000005
0.24826000000000006
0.24867000000000006
0.25129
0.25211
0.25078999999999996
0.25250999999999996
0.25077
0.24792999999999987
0.24920999999999988
0.24839
0.24813999999999997
0.24935
0.24975000000000003
0.25090000000000007
0.25367
0.25179
0.2481500000000001
0.24619
0.24597000000000008
0.2475
0.24800999999999995
0.24911000000000008
0.2492100000000001
0.25120999999999993
0.25181
0.25278
0.25081
0.24984000000000006
0.24793999999999994
0.24826000000000006
0.25004999999999994
0.25139
0.25269
0.24866000000000002
0.2488000000000001
0.24938999999999997
0.24926
0.24944999999999992
0.24822000000000002
0.24961000000000003
0.25009
0.25054000000000004
0.25036
0.2519900000000001
0.25092000000000003
0.2511600000000001
0.25068999999999997
0.24987999999999994
0.2497400000000002
0.24773000000000003
0.24809999999999996
0.2457400000000001
0.2468500000000001
0.24675000000000005
0.2492200000000001
0.24944000000000005
0.2500500000000001
0.25093000000000004
0.25038
0.2514799999999999
0.24849999999999994
0.24762
0.24702000000000005
0.24707
0.24915000000000007
0.2501399999999999
0.25240999999999997
0.25116
0.2508200000000001
0.25201000000000007
0.24943
0.2513099999999999
0.24879
0.24906000000000003
0.2495900000000002
0.25226
0.2520400000000001
0.25063
0.24785999999999994
0.25201
0.24992999999999996
0.2500400000000002
0.25098
0.25106000000000006
0.24964999999999996
0.25084
0.24902999999999992
0.2482399999999999
0.24947
0.24882000000000012
0.24615
0.24850000000000005
0.24946999999999997
0.24996999999999991
0.24763999999999992
0.2486400000000001
0.24702999999999992
0.24690999999999996
0.2481200000000001
0.24897
0.2473599999999999
0.24837000000000004
0.25051999999999996
0.2524499999999999
0.2521200000000001
0.251
0.2508500000000001
0.24738000000000004
0.24952000000000013
0.2477599999999999
0.24771
0.25171
0.24951000000000007
0.24857999999999986
0.2504800000000001
0.24872000000000008
0.2486000000000001
0.24765
0.24861999999999998
0.2500099999999999
0.25111
0.2504699999999999
0.24829000000000004
0.24761000000000005
0.24833000000000002
0.24914000000000003
0.2479000000000001
0.2474000000000001
0.24939000000000003
0.25045999999999996
0.25114
0.25162
0.25186
0.25172000000000005
0.25036999999999987
0.24829000000000012
0.24554
0.24720000000000003
0.24860000000000013
0.24959000000000006
0.24961000000000005
0.25093000000000004
0.25039999999999996
0.25049000000000005
0.24848000000000006
0.25028000000000006
0.24848999999999993
0.24671999999999986
0.24630999999999978
0.24746000000000007
0.24778000000000008
0.24992999999999999
0.24737
0.24779999999999994
0.24834999999999993
0.2481499999999999
0.25015999999999994
0.25137000000000004
0.25098
0.2524500000000001
0.2521500000000001
0.2533400000000001
0.24992
0.2526300000000001
0.25204000000000004
0.24928
0.24833000000000002
0.24895000000000014
0.2460900000000001
0.24579000000000004
0.24772000000000008
0.24811
0.25101999999999997
0.24722000000000002
0.24911000000000003
0.24989999999999998
0.24849999999999994
0.2509899999999999
0.2505200000000002
0.24980999999999998
0.2488
0.24885000000000004
0.25036
0.24961999999999993
0.25055000000000005
0.24936999999999998
0.2462399999999999
0.24753000000000008
0.24736000000000005
0.24892000000000003
0.24677
0.24875
0.24934
0.24958000000000005
0.24916999999999986
0.24981000000000006
0.25158
0.2527800000000001
0.25117000000000006
0.24821999999999989
0.24955000000000005
0.24960000000000004
0.25098
0.24736000000000005
0.2470299999999999
0.24675999999999998
0.24842000000000014
0.2517699999999999
0.2511399999999999
0.25193000000000004
0.2500799999999999
0.24894000000000005
0.24850999999999993
0.25022000000000005
0.24916
0.24969000000000008
0.24885000000000002
0.24926999999999996
0.2516300000000001
0.25059
0.25232999999999994
0.25009
0.24816000000000002
0.24836000000000014
0.2509000000000001
0.24979999999999997
0.25129
0.25218
0.25148
0.25103000000000003
0.25160000000000016
0.25221999999999994
0.2515
0.2500299999999999
0.24888
0.24716000000000016
0.24941999999999992
0.24925
0.24801
0.24851000000000006
0.24945999999999993
0.2494099999999999
0.25139999999999996
0.25112
0.25133
0.25006000000000006
0.25202000000000013
0.24996000000000007
0.25021000000000004
0.24985
0.24861000000000005
0.24835000000000007
0.24969999999999998
0.25019
0.2493800000000001
0.24886000000000003
0.25125999999999993
0.24838000000000005
0.24899000000000007
0.24958000000000008
0.24989999999999996
0.24708999999999995
0.24761000000000014
0.24871999999999994
0.24894
0.24847999999999992
0.24908000000000008
0.24852000000000016
0.24808000000000008
0.24856
0.24600999999999995
0.2504199999999999
0.25062000000000006
0.24823999999999993
0.24882
0.24936
0.2506799999999999
0.24848000000000003
0.24953999999999998
0.2495000000000001
0.25048000000000004
0.25163000000000013
0.25020000000000014
0.24994000000000008
0.24972000000000005
0.2500100000000001
0.25133000000000005
0.2511
0.2503899999999999
0.24986000000000008
0.24948000000000006
0.24962000000000015
0.2516100000000001
0.25032
0.2507399999999999
0.25105
0.25215999999999994
0.25196
0.25075
0.25049000000000005
0.24899000000000004
0.24931000000000003
0.2484000000000001
0.24878999999999998
0.24999999999999997
0.2489799999999999
0.24962000000000004
0.24960999999999994
0.25049
0.25233000000000005
0.25073999999999996
0.25166
0.25154999999999994
0.25126
0.2537000000000002
0.25119
0.25196
0.25034
0.25149000000000016
0.2527899999999999
0.25041999999999986
0.24943000000000004
0.25151999999999997
0.2517099999999999
0.2501800000000001
0.25145
0.24877000000000005
0.24786000000000005
0.24653000000000005
0.24579
0.24745999999999987
0.2469700000000001
0.24863
0.25034999999999996
0.24944000000000002
0.24933
0.24842999999999993
0.24832000000000004
0.2497299999999999
0.24872000000000008
0.2519400000000001
0.24889000000000003
0.24936999999999998
0.25055
0.2517999999999999
0.25052000000000024
0.24868000000000007
0.24703
0.25079
0.25021000000000015
0.24954000000000012
0.24968000000000004
0.25087000000000004
0.25004
0.24937000000000004
0.24799000000000007
0.25135
0.24780000000000013
0.24839999999999995
0.24847999999999998
0.24780999999999995
0.24697000000000002
0.24911999999999998
0.24865
0.2491900000000002
0.24951000000000004
0.25007000000000007
0.25028
0.24968
0.24884999999999993
0.2487899999999999
0.25116999999999995
0.25027
0.24933000000000008
0.25037
0.25099
0.25061999999999995
0.24812000000000003
0.24953000000000006
0.24937000000000004
0.24954999999999988
0.24850999999999984
0.2478300000000001
0.24760000000000004
0.24928000000000008
0.24895
0.24662000000000014
0.24663000000000004
0.24787000000000015
0.2492
0.24860000000000004
0.24885000000000004
0.24841000000000013
0.24709999999999993
0.24804000000000007
0.24887000000000015
0.24961000000000005
0.24985
0.24968999999999997
0.2509999999999999
0.25042000000000003
0.25009
0.24829
0.24978000000000009
0.24947000000000005
0.24894000000000005
0.24955000000000008
0.24984
0.25047
0.25018
0.24965999999999997
0.25103000000000003
0.25250999999999985
0.2527300000000001
0.2516
0.2519600000000001
0.25061999999999995
0.25208999999999987
0.24982
0.24963000000000002
0.25190000000000007
0.2507
0.24907000000000004
0.2487000000000001
0.2490900000000001
0.25102
0.24994000000000002
0.25203000000000003
0.25198999999999994
0.25142000000000003
0.24993
0.25071000000000015
0.25137999999999994
0.25013
0.25098000000000004
0.24956000000000003
0.24739
0.24708000000000002
0.24776000000000004
0.24611000000000005
0.24879000000000004
0.2514899999999999
0.25051
0.25185
0.24942999999999999
0.25017
0.2511900000000002
0.2524100000000001
0.2507900000000001
0.2515699999999999
0.2508800000000001
0.2520400000000001
0.25068
0.25029000000000007
0.24849999999999997
0.24882
0.24652000000000004
0.25054
0.24865999999999996
0.24756999999999998
0.24762999999999993
0.24840000000000004
0.24991000000000002
0.24887
0.24983000000000005
0.24963000000000005
0.24668000000000004
0.24365999999999996
0.2456600000000001
0.24652000000000004
0.24533000000000005
0.24563000000000007
0.24691000000000002
0.24832000000000012
0.24912000000000004
0.24857000000000007
0.24746
0.24686999999999995
0.24756
0.25104000000000004
0.2515400000000001
0.2512000000000001
0.24799
0.24720999999999993
0.2487799999999999
0.2499
0.2474500000000001
0.24836
0.24978999999999993
0.24795000000000011
0.24760000000000013
0.24877999999999986
0.24785999999999997
0.24554999999999993
0.24761
0.2465400000000001
0.24934
0.2498200000000001
0.2481100000000001
0.24761999999999992
0.24761999999999998
0.24966999999999995
0.24827000000000013
0.24775
0.25072000000000005
0.2500200000000001
0.2506399999999999
0.25162
0.2509000000000001
0.24841999999999997
0.24745999999999999
0.2509600000000001
0.25198
0.25282
0.24835000000000002
0.24744
0.24768999999999994
0.24900000000000003
0.24873
0.25006000000000006
0.25108
0.2505299999999999
0.2483700000000001
0.24986000000000008
0.249
0.24969000000000002
0.24870999999999996
0.24959000000000003
0.24892000000000003
0.24992999999999996
0.2487999999999999
0.24961999999999993
0.2515499999999999
0.2525800000000001
0.2514199999999999
0.25403
0.24993
0.25307999999999997
0.25295
0.25107999999999986
0.25031000000000003
0.24899000000000002
0.24942000000000014
0.25011999999999995
0.25078000000000006
0.25012
0.24970000000000006
0.25260999999999995
0.2500500000000001
0.25042999999999993
0.24996000000000002
0.24983999999999998
0.25131
0.2516
0.24770999999999999
0.24594000000000005
0.24721999999999997
0.24939
0.24981999999999993
0.24872999999999995
0.24741000000000013
0.24801999999999996
0.25091
0.25022
0.24871999999999994
0.24911999999999998
0.25134
0.25115999999999994
0.24956
0.24799000000000007
0.24926
0.24908000000000002
0.24714000000000008
0.24682000000000015
0.2468799999999999
0.249
0.24841000000000002
0.25098000000000015
0.25193000000000004
0.2527300000000001
0.2515399999999999
0.24930000000000002
0.25020999999999993
0.25018000000000007
0.2515899999999999
0.25083000000000016
0.25179000000000007
0.24840999999999996
0.24762000000000003
0.25000000000000006
0.25053000000000003
0.2504200000000001
0.2503999999999999
0.2482999999999999
0.24802
0.24609999999999999
0.24654000000000004
0.24689
0.2484900000000002
0.24923999999999996
0.24963999999999995
0.25079
0.25014000000000003
0.25107000000000007
0.2507700000000001
0.25145000000000006
0.25121000000000016
0.25128000000000006
0.25128
0.2523599999999999
0.25270999999999993
0.25015000000000015
0.2501500000000001
0.25026
0.25129
0.24876
0.25205
0.25129999999999986
0.2505800000000001
0.24767999999999993
0.2500800000000002
0.24965999999999997
0.25025000000000014
0.25195999999999996
0.24847000000000005
0.25165000000000004
0.2521
0.24944999999999987
0.25101
0.25145000000000006
0.25037
0.24932
0.24950999999999993
0.25093999999999994
0.25172000000000005
0.25239000000000006
0.25390999999999997
0.25399999999999995
0.25358
0.25242
0.25223
0.24964000000000003
0.24848000000000003
0.25056000000000006
0.2491500000000001
0.24832000000000018
0.24738000000000013
0.25006000000000006
0.24898
0.24825000000000005
0.2489800000000001
0.2495
0.24792999999999996
0.24944999999999998
0.24913000000000005
0.24908000000000008
0.25212000000000007
0.2505699999999999
0.25251
0.25291
0.24910999999999997
0.24857000000000004
0.25005000000000005
0.25081000000000003
0.25055000000000005
0.24871000000000001
0.2487200000000001
0.2488300000000001
0.2507599999999999
0.2517800000000001
0.25256999999999996
0.25032
0.25189000000000017
0.2511000000000001
0.2522699999999999
0.25117999999999996
0.24913000000000005
0.2486
0.24883999999999987
0.25010000000000016
0.2514600000000001
0.24803999999999993
0.2495000000000001
0.25018000000000007
0.24836000000000005
0.25134000000000006
0.25134
0.25253
0.2504400000000001
0.24817999999999996
0.24904999999999997
0.25039000000000006
0.25025
0.2503499999999999
0.25099000000000005
0.24913000000000007
0.24824000000000002
0.24789999999999993
0.24928000000000006
0.24934000000000014
0.24975000000000003
0.24856999999999985
0.25134999999999996
0.25101000000000007
0.25073000000000006
0.25076999999999994
0.24805999999999995
0.24731000000000003
0.24823999999999993
0.24939000000000003
0.25107
0.24981999999999993
0.2515799999999999
0.25101999999999997
0.25133
0.24892
0.2487300000000001
0.25029000000000007
0.2478599999999999
0.24980999999999992
0.24847999999999998
0.24712
0.24923
0.2512000000000001
0.25014000000000014
0.24946000000000002
0.2490699999999999
0.24847999999999998
0.2492799999999998
0.24984999999999988
0.2504799999999999
0.25027
0.2487700000000001
0.2503599999999999
0.24930999999999998
0.24969000000000008
0.24888000000000002
0.2490400000000001
0.2499700000000001
0.24827000000000016
0.25023999999999996
0.25061000000000005
0.24888
0.24853999999999998
0.24658000000000013
0.24752999999999997
0.24765
0.24798
0.24556999999999998
0.24727999999999992
0.24747999999999998
0.24531
0.24700999999999992
0.2482
0.24722999999999995
0.24894999999999995
0.24947
0.2501
0.24882
0.25004000000000004
0.25031
0.2501999999999999
0.2505
0.25105
0.25140000000000007
0.2524600000000001
0.25478
0.2523
0.25072000000000005
0.2532399999999999
0.24914000000000006
0.24721000000000007
0.24732999999999997
0.24865999999999996
0.24863000000000007
0.24911000000000003
0.24927000000000002
0.24936
0.25044
0.2499500000000001
0.24957999999999994
0.2511600000000001
0.2498200000000001
0.25167
0.25284
0.2512400000000001
0.25075000000000003
0.24986000000000008
0.2512100000000001
0.2508800000000001
0.25188000000000005
0.25056000000000006
0.24750000000000003
0.25134999999999996
0.25021
0.24952000000000008
0.24937000000000004
0.24912000000000006
0.24818
0.24779000000000007
0.2497900000000001
0.24951999999999994
0.24916
0.2503500000000001
0.25132
0.24958000000000016
0.24788
0.2512299999999999
0.25042
0.24775000000000008
0.24802999999999997
0.24588999999999994
0.24780000000000016
0.25005000000000005
0.24821
0.24749000000000002
0.24943
0.24839
0.24931999999999988
0.25174
0.25073999999999996
0.25039
0.25189000000000006
0.25281
0.2525699999999999
0.25115000000000004
0.25252999999999987
0.25218
0.24985999999999997
0.25042000000000003
0.25193
0.2519200000000001
0.24914999999999998
0.24832999999999994
0.24912999999999985
0.25136
0.24976000000000004
0.24980999999999995
0.25189999999999996
0.24902000000000002
0.24726999999999996
0.24885000000000013
0.24905999999999998
0.24819
0.2472600000000001
0.24849000000000004
0.24977999999999997
0.24824000000000013
0.24958999999999992
0.24987
0.24967000000000006
0.24889
0.25049
0.2510900000000001
0.25037
0.24929
0.24936000000000016
0.25038000000000005
0.24873
0.2515099999999999
0.25209000000000004
0.25042999999999993
0.2506299999999999
0.24979000000000012
0.2506400000000001
0.24858000000000008
0.24973999999999985
0.24988000000000002
0.24998
0.2507600000000001
0.25420000000000015
0.2529599999999999
0.25117000000000006
0.24928999999999996
0.24986000000000005
0.24958000000000005
0.25094000000000005
0.24966000000000002
0.25153
0.24891999999999995
0.24863
0.24753
0.24902999999999992
0.24737999999999993
0.24555999999999997
0.24640000000000004
0.24672999999999998
0.24810000000000001
0.2503200000000001
0.25053000000000014
0.24961999999999995
0.24974000000000005
0.25163
0.25111000000000017
0.2509400000000001
0.2519700000000001
0.25187999999999994
0.2503200000000001
0.25033
0.24915000000000004
0.24911000000000005
0.24931
0.2491200000000001
0.24679
0.24833000000000002
0.25075
0.25281
0.2497999999999999
0.24973999999999996
0.25081000000000003
0.2509999999999999
0.24984999999999996
0.25040999999999997
