0.19999999999999962
0.20817000000000005
0.24474999999999997
0.26697
0.28312
0.29567000000000004
0.30122999999999994
0.30461000000000005
0.30803
0.30728999999999995
0.30992000000000003
0.3101799999999999
0.30956
0.3104099999999999
0.3101
0.31043
0.30870000000000014
0.30608
0.3079
0.3111099999999999
0.30949999999999994
0.31151
0.30720000000000003
0.30690000000000006
0.3067599999999999
0.30566000000000004
0.30915
0.30865999999999993
0.31035999999999997
0.30630000000000007
0.30707000000000007
0.30701999999999996
0.3073699999999999
0.3070399999999999
0.3066800000000001
0.30702999999999997
0.30934999999999985
0.30791
0.30871000000000015
0.30883999999999995
0.30738
0.30887
0.31013999999999997
0.31125
0.30854999999999994
0.3077399999999999
0.30929
0.30748000000000014
0.31023000000000006
0.30995000000000006
0.3076900000000001
0.30925
0.30944000000000005
0.30843
0.3097100000000001
0.3096499999999999
0.3093600000000001
0.30783000000000005
0.30637000000000003
0.31101
0.30995000000000006
0.31019
0.30679
0.30589000000000005
0.30686000000000013
0.3097100000000001
0.30748999999999993
0.3081299999999999
0.30945999999999996
0.3080499999999998
0.3104999999999999
0.31265999999999994
0.31182999999999983
0.30926
0.30884
0.30954
0.30817
0.30836999999999987
0.31117000000000006
0.31109000000000003
0.30867999999999995
0.3095
0.30944000000000005
0.30890000000000006
0.30794000000000005
0.3091199999999999
0.30677999999999994
0.30846999999999997
0.31051999999999996
0.30988000000000004
0.30945999999999996
0.30976
0.30695999999999984
0.30884000000000006
0.3086399999999999
0.3080300000000001
0.30738
0.3061999999999999
0.30883000000000005
0.30907000000000007
0.31131
0.30919
0.30931000000000003
0.30809999999999993
0.3099899999999998
0.30899999999999994
0.31183
0.30966000000000005
0.3084
0.3097100000000001
0.30995000000000017
0.30868999999999996
0.30870000000000003
0.3098499999999999
0.30877999999999994
0.30955999999999995
0.30877000000000016
0.30702000000000007
0.3094800000000001
0.30847999999999987
0.3087499999999998
0.31094
0.3094100000000001
0.30696
0.30822000000000016
0.31001999999999996
0.30723000000000006
0.30781
0.30823999999999996
0.3067299999999999
0.30673
0.30666000000000004
0.30561000000000005
0.30848000000000003
0.30867000000000006
0.30922
0.30741999999999997
0.30564
0.30818000000000006
0.30907000000000007
0.30965
0.30802
0.31168
0.31201000000000007
0.3124800000000002
0.3142400000000001
0.31151
0.30962999999999996
0.3111100000000001
0.30943000000000004
0.3104900000000001
0.30936
0.30937000000000014
0.30728
0.31024000000000007
0.3116299999999999
0.3090899999999999
0.3084000000000001
0.30970000000000003
0.30839999999999995
0.30938
0.30961999999999995
0.30781
0.30895000000000006
0.3089300000000001
0.30938999999999994
0.3104599999999999
0.30949
0.3102000000000001
0.30718
0.30858
0.30787
0.3089100000000001
0.30957000000000007
0.3069899999999999
0.3090200000000001
0.3088799999999998
0.3077200000000001
0.3071999999999999
0.30724
0.3115300000000001
0.31137999999999993
0.3099400000000001
0.30715999999999993
0.30818000000000006
0.30408
0.3061
0.3073699999999999
0.30737
0.30776999999999993
0.30746999999999997
0.3063599999999999
0.30637000000000003
0.3074499999999999
0.30647999999999986
0.3081999999999999
0.30894
0.3115699999999999
0.30908999999999986
0.31041
0.3064999999999999
0.30588000000000004
0.30966999999999995
0.31010000000000004
0.3099700000000001
0.3127
0.3113900000000001
0.31021999999999983
0.30963
0.30779
0.3094200000000001
0.30799000000000004
0.30838
0.3059200000000001
0.30810000000000004
0.31119
0.31074000000000007
0.3109199999999999
0.3111999999999999
0.3100599999999999
0.30766000000000004
0.30573999999999985
0.3046699999999999
0.30700999999999984
0.30856
0.30806999999999995
0.30627000000000004
0.3063999999999999
0.30811
0.30996000000000007
0.3087499999999999
0.30982
0.31222000000000005
0.31140999999999996
0.31217999999999996
0.30889000000000005
0.31026999999999993
0.30781000000000003
0.31074000000000007
0.3076899999999998
0.3077
0.30665
0.3096400000000001
0.31148999999999993
0.31067999999999996
0.3085200000000001
0.30687000000000003
0.3086200000000001
0.30623
0.30896
0.30719000000000013
0.30933999999999995
0.30881000000000003
0.31097
0.31102
0.30982000000000004
0.30948
0.30859999999999993
0.3104999999999999
0.30863
0.31161999999999995
0.30821999999999994
0.3076399999999999
0.30756
0.3075900000000001
0.3076600000000001
0.30597999999999986
0.30632999999999994
0.30586
0.30716
0.3079399999999999
0.3069300000000002
0.30606999999999995
0.30482
0.30499999999999994
0.30317000000000005
0.30748
0.30610000000000004
0.30827000000000004
0.30765999999999993
0.3089599999999999
0.3082600000000001
0.3083499999999999
0.30831
0.3067399999999999
0.30741
0.30704
0.30641999999999997
0.3084300000000001
0.30894000000000016
0.30667999999999995
0.30492
0.3057899999999999
0.30542999999999987
0.3075799999999999
0.30838000000000004
0.31073000000000006
0.31075000000000014
0.30963000000000007
0.30605000000000004
0.30723
0.30618
0.3075500000000001
0.31071000000000004
0.3118699999999999
0.3067299999999999
0.3099399999999999
0.3069599999999999
0.30659999999999993
0.3073400000000001
0.31057
0.3097400000000001
0.30944999999999995
0.31154999999999994
0.3116
0.30871000000000004
0.30941000000000013
0.30839000000000005
0.30834000000000006
0.3065
0.30729
0.3088200000000001
0.30884999999999996
0.3116200000000001
0.3097900000000001
0.30873000000000006
0.30920000000000014
0.3087000000000002
0.31029999999999996
0.3083799999999999
0.3086499999999999
0.30719000000000013
0.30751000000000006
0.3095399999999998
0.31119999999999987
0.31056000000000006
0.31139
0.31063999999999997
0.3089900000000001
0.30804
0.30507999999999996
0.3041699999999999
0.3051099999999998
0.30596
0.30666
0.30632999999999994
0.3076699999999999
0.30870000000000003
0.30958999999999987
0.30983000000000005
0.3100300000000001
0.3079199999999999
0.30883999999999995
0.30918999999999985
0.30816999999999994
0.30485999999999996
0.30698999999999993
0.3049600000000001
0.30723000000000006
0.30588000000000004
0.3064500000000001
0.30573
0.30648000000000003
0.30638000000000004
0.30677999999999994
0.3077500000000001
0.31090000000000007
0.3099
0.3075399999999999
0.30534999999999984
0.30772000000000005
0.3070400000000001
0.30743999999999994
0.30864999999999987
0.3103500000000001
0.31255000000000005
0.3108000000000001
0.30789999999999995
0.3078100000000001
0.30757000000000007
0.3088499999999999
0.30975
0.3077300000000001
0.30743000000000004
0.30896999999999997
0.30869
0.30894
0.3064400000000001
0.3093700000000001
0.30835999999999997
0.30491999999999986
0.30656000000000005
0.30623
0.30653999999999987
0.3069999999999999
0.30879000000000006
0.30859
0.305
0.30393000000000003
0.3076899999999999
0.3079500000000001
0.30687
0.30676000000000003
0.30725
0.30664999999999987
0.30712999999999996
0.3051400000000001
0.30487000000000003
0.30602999999999997
0.3073999999999999
0.3077700000000001
0.30873
0.3085500000000001
0.31148000000000003
0.30921000000000004
0.3087300000000001
0.30805999999999994
0.30633000000000005
0.3058500000000001
0.30766999999999994
0.30782000000000004
0.30433000000000004
0.3059999999999999
0.3022099999999999
0.30299999999999994
0.3061199999999998
0.30562000000000006
0.3073699999999999
0.30759999999999993
0.3071299999999999
0.30643
0.30624999999999997
0.30894000000000005
0.30785
0.30995999999999985
0.30859000000000014
0.3090900000000001
0.30961
0.30827000000000004
0.30883999999999995
0.30794999999999995
0.3097
0.30921999999999994
0.30427999999999994
0.3064300000000001
0.30903999999999987
0.30867
0.3080799999999999
0.30597999999999986
0.3060500000000001
0.30744000000000005
0.30717999999999984
0.30922
0.31078
0.3098100000000001
0.3093599999999999
0.3090700000000001
0.30974999999999997
0.31128
0.3086099999999998
0.3088700000000001
0.3084500000000002
0.30727
0.30713000000000007
0.3084600000000001
0.3077100000000001
0.30649999999999994
0.30783999999999995
0.3102500000000001
0.30783
0.30874
0.3061199999999999
0.30716999999999994
0.30752999999999997
0.31005
0.31006999999999996
0.30868999999999996
0.30724999999999997
0.30762999999999996
0.30806
0.30797999999999986
0.3059899999999999
0.30856999999999984
0.30963999999999997
0.30678000000000005
0.30884999999999996
0.30863
0.3080499999999999
0.30889
0.30739000000000005
0.31105999999999995
0.3093600000000001
0.30896999999999986
0.30846999999999997
0.30700999999999995
0.30539000000000005
0.30569999999999997
0.30687
0.30977999999999994
0.3074199999999999
0.30851
0.3102999999999999
0.30946000000000007
0.3099
0.30904999999999994
0.30896999999999997
0.30905
0.3093
0.30791
0.30759000000000003
0.30945999999999996
0.30901
0.30923
0.30999999999999994
0.3066100000000001
0.30685999999999997
0.30774999999999997
0.30572999999999995
0.30748
0.30617999999999995
0.3071099999999998
0.30739
0.31077000000000005
0.3085599999999999
0.31047000000000013
0.30836
0.30700999999999995
0.30914
0.30834
0.3071100000000001
0.30687000000000014
0.30654000000000003
0.30582999999999994
0.30774999999999997
0.3068800000000001
0.30803
0.3106799999999999
0.30873000000000006
0.30772
0.31224000000000013
0.3114799999999999
0.31047
0.3093099999999999
0.3078400000000001
0.30716
0.3067399999999998
0.3082000000000001
0.30711
0.3089700000000001
0.30581
0.30595999999999984
0.30649999999999994
0.30689999999999995
0.3093799999999998
0.3091700000000001
0.30856
0.31031000000000003
0.3088499999999999
0.30746999999999997
0.30754999999999993
0.31024
0.30700000000000005
0.30727000000000004
0.30555
0.30768000000000006
0.3086299999999999
0.30739999999999995
0.30918
0.30962
0.3095700000000001
0.3082299999999999
0.30786999999999987
0.30654000000000003
0.3064499999999999
0.30646999999999996
0.3094100000000002
0.30818000000000006
0.3061199999999999
0.3068599999999999
0.30914
0.3081400000000001
0.3066500000000001
0.30532999999999993
0.3056399999999998
0.3034700000000001
0.30344999999999994
0.30722
0.31076
0.30933000000000005
0.30963999999999986
0.30938000000000004
0.30826999999999993
0.30694999999999995
0.3075
0.30722
0.30694000000000016
0.30784
0.3099800000000001
0.3090300000000002
0.30766999999999994
0.3092499999999999
0.30892000000000003
0.308
0.3089399999999999
0.30943999999999994
0.3107499999999999
0.31001999999999996
0.31043
0.30966000000000005
0.31066
0.30838
0.30720999999999987
0.3089699999999999
0.30778
0.30710999999999994
0.3050599999999999
0.30498000000000014
0.307
0.30729999999999996
0.3105099999999999
0.30914
0.3068600000000002
0.30767999999999984
0.3089999999999999
0.30934000000000006
0.3104200000000001
0.30910999999999994
0.30827999999999994
0.30770000000000003
0.30985000000000007
0.30638999999999994
0.30696000000000007
0.30644000000000005
0.30910999999999994
0.3078399999999999
0.30974
0.3088599999999999
0.30881000000000003
0.30759000000000003
0.30905
0.30686
0.30663999999999997
0.30733000000000005
0.3087999999999999
0.30865000000000004
0.31109000000000014
0.31043000000000004
0.30994
0.31131000000000003
0.30956000000000006
0.30993000000000004
0.31186
0.30823000000000006
0.30834000000000006
0.3103500000000002
0.3118099999999998
0.31147000000000014
0.31194
0.30920999999999993
0.3104400000000001
0.30862999999999985
0.31011000000000016
0.3096399999999999
0.31006000000000017
0.30918999999999985
0.3092399999999999
0.3100399999999999
0.30616999999999994
0.3061299999999999
0.30566000000000004
0.3048
0.30801999999999996
0.30760999999999994
0.30818999999999996
0.30751000000000006
0.30840999999999996
0.3089299999999999
0.31001000000000006
0.30768000000000006
0.30706
0.3073599999999999
0.30693000000000015
0.30841
0.30815000000000003
0.30800999999999995
0.3080900000000001
0.30805999999999994
0.3076
0.30640999999999996
0.3092
0.3093600000000001
0.30770000000000003
0.30698000000000003
0.3081100000000001
0.30719000000000013
0.30757999999999996
0.3062399999999999
0.3067499999999999
0.30434000000000005
0.3049900000000001
0.30798000000000003
0.30928
0.30733000000000005
0.3067499999999998
0.30813000000000007
0.3066300000000001
0.30739000000000005
0.3067399999999999
0.30696000000000007
0.30948999999999993
0.3087199999999999
0.3069099999999999
0.30563999999999997
0.30698999999999993
0.30800999999999984
0.3086899999999999
0.3076400000000001
0.3053900000000001
0.3051300000000002
0.30507000000000006
0.30465000000000003
0.3037099999999999
0.30489
0.3069299999999999
0.3056100000000001
0.30783000000000016
0.30619
0.30816
0.30695000000000006
0.30878999999999995
0.30899000000000004
0.3079099999999999
0.30691999999999997
0.3079600000000001
0.30516000000000004
0.3079100000000001
0.30554000000000003
0.3067599999999998
0.3079400000000001
0.30589
0.30712
0.30832
0.30876999999999977
0.30833
0.30592999999999987
0.3043299999999999
0.3071400000000001
0.3090400000000001
0.31018999999999997
0.3103099999999998
0.3098400000000001
0.30760000000000004
0.3106099999999999
0.3110999999999999
0.31074999999999986
0.30977000000000005
0.30956000000000006
0.30768999999999996
0.3091000000000001
0.3094800000000001
0.3099099999999999
0.30934999999999996
0.31148000000000003
0.30951
0.3098400000000001
0.30876
0.31066000000000005
0.30838
0.3080300000000001
0.30709
0.30802
0.3064300000000001
0.30703999999999987
0.3046500000000001
0.30661
0.30709
0.30398
0.30404
0.30584
0.3047599999999999
0.30933999999999995
0.30670000000000003
0.30849999999999994
0.3080199999999999
0.3069800000000001
0.30512000000000006
0.30860999999999994
0.3082100000000001
0.30718999999999996
0.30885000000000007
0.30699
0.30739
0.30872000000000005
0.30898
0.31043000000000004
0.30854000000000015
0.30896999999999986
0.30803000000000014
0.30772000000000005
0.30760999999999994
0.30717999999999995
0.30539
0.30623
0.30671000000000004
0.30756000000000006
0.30981
0.30789000000000005
0.30742000000000014
0.30755
0.30924
0.3103200000000001
0.30956000000000006
0.3070100000000001
0.30694999999999995
0.3054800000000001
0.3044099999999999
0.30596999999999996
0.30784
0.3100900000000001
0.30885000000000007
0.3067300000000001
0.30704000000000004
0.30862999999999996
0.30884000000000006
0.30910999999999983
0.30885
0.30844
0.30796
0.3097899999999999
0.30882
0.3083499999999999
0.30781
0.30809
0.30938000000000004
0.30709999999999993
0.3051299999999999
0.30569
0.30562000000000006
0.30726
0.30998000000000003
0.3100799999999999
0.30867999999999995
0.3091500000000001
0.31139000000000006
0.30726
0.30822000000000005
0.30986000000000014
0.3101500000000001
0.30861000000000005
0.30772
0.30695000000000006
0.30649
0.30919000000000013
0.30938999999999994
0.30633999999999995
0.30913
0.3088599999999999
0.30991
0.3068699999999999
0.30957999999999997
0.30946000000000007
0.3093999999999999
0.3100799999999999
0.30779
0.30844
0.30812000000000006
0.30790000000000006
0.30691
0.30568
0.30356
0.3065500000000001
0.30776999999999993
0.31153
0.30921
0.31061999999999995
0.30909000000000003
0.3088600000000001
0.3084899999999999
0.30965000000000004
0.30895999999999996
0.31406000000000006
0.3124199999999999
0.31085999999999997
0.30954
0.30868000000000007
0.30841999999999997
0.31023999999999996
0.3102700000000002
0.30977
0.3077600000000001
0.30704
0.30827999999999994
0.30784999999999996
0.30620999999999987
0.30648999999999993
0.30837
0.30798
0.3049699999999999
0.30715
0.30463999999999986
0.3049000000000001
0.3055299999999999
0.30582000000000015
0.3072300000000001
0.30785999999999997
0.3054599999999999
0.30793
0.3109
0.3107600000000001
0.31004999999999994
0.3065400000000001
0.3084300000000001
0.3078099999999999
0.30872000000000005
0.30895000000000006
0.30776000000000014
0.3092700000000001
0.30787000000000014
0.30462
0.30449000000000004
0.3045
0.30574999999999997
0.3056300000000001
0.30400999999999995
0.3062
0.30777999999999994
0.30647999999999986
0.3072999999999999
0.30553
0.30721
0.3074999999999999
0.3071900000000001
0.30846
0.30761999999999995
0.30698999999999993
0.30666000000000004
0.30788999999999994
0.30659999999999993
0.30544999999999994
0.30436
0.3053400000000001
0.3062199999999999
0.3061800000000001
0.30890999999999996
0.31003000000000003
0.3102100000000001
0.3084
0.3067799999999999
0.30900999999999995
0.30861999999999984
0.30768999999999985
0.30539000000000005
0.3045199999999999
0.31041
0.3121700000000001
0.31089999999999995
0.3128000000000003
0.31388999999999984
0.3122899999999999
0.30984999999999996
0.30772999999999995
0.30657999999999985
0.30752
0.3044
0.30655
0.3085799999999999
0.30917000000000006
0.3068200000000001
0.30732000000000004
0.3080299999999999
0.30871000000000004
0.3084400000000001
0.30858
0.3089900000000001
0.30928999999999995
0.31017999999999996
0.31035000000000024
0.31055999999999995
0.3127200000000001
0.3085999999999999
0.31140000000000007
0.3096400000000001
0.30768000000000006
0.30942
0.30741999999999997
0.30865000000000004
0.30715
0.30651000000000006
0.3078899999999999
0.30634999999999984
0.3063099999999998
0.30558
0.30783
0.30872999999999995
0.3068200000000001
0.3080899999999998
0.3080599999999999
0.30807
0.31103000000000003
0.3106600000000001
