0.19999999999999962
0.16391999999999998
0.14764
0.13706999999999994
0.1310300000000001
0.12568000000000004
0.12076000000000002
0.11823
0.11385000000000003
0.11346000000000002
0.11168000000000004
0.11091000000000001
0.11122000000000004
0.10967000000000002
0.10903000000000002
0.10888000000000007
0.10923
0.10827
0.10874
0.10887999999999998
0.10933000000000005
0.10885000000000002
0.10902
0.10990999999999997
0.10988000000000005
0.11052000000000001
0.11068000000000007
0.10998999999999999
0.10865
0.10865
0.10947000000000004
0.1114400000000001
0.11067000000000003
0.11173999999999998
0.11226000000000003
0.11107999999999997
0.10935000000000004
0.10958000000000002
0.10875000000000001
0.10825000000000004
0.10815000000000001
0.10878000000000006
0.10803000000000003
0.10697000000000007
0.10690000000000005
0.10732999999999998
0.10845999999999996
0.10779999999999999
0.10989000000000004
0.10844
0.10793000000000003
0.10560000000000004
0.10606000000000002
0.10572999999999999
0.10650000000000003
0.10751999999999995
0.10718000000000001
0.10881000000000002
0.10680999999999999
0.10543000000000002
0.10447
0.10474000000000001
0.10508000000000002
0.10432000000000002
0.10369000000000002
0.10558000000000003
0.10560999999999997
0.10607000000000005
0.10675000000000004
0.1064
0.10601
0.10694000000000002
0.10686000000000004
0.10768000000000003
0.10921000000000002
0.10747999999999999
0.10837999999999999
0.10709000000000002
0.10762
0.10976000000000002
0.10849
0.10818000000000001
0.10727000000000007
0.10842000000000002
0.11044999999999999
0.11163000000000003
0.11090000000000004
0.1104
0.10986999999999998
0.10958000000000004
0.10894
0.11086000000000004
0.11078999999999996
0.11128999999999996
0.10927000000000003
0.11068000000000006
0.11057000000000002
0.10985000000000003
0.10965000000000001
0.10977
0.11109
0.11122000000000005
0.11164000000000002
0.11127000000000002
0.11107000000000006
0.11063000000000008
0.11026999999999998
0.11022999999999998
0.11114999999999997
0.11208000000000007
0.11218999999999997
0.11133999999999997
0.11091999999999999
0.11075000000000002
0.11138999999999999
0.11005
0.10916000000000002
0.10848999999999996
0.10936000000000004
0.11020999999999999
0.11026000000000004
0.10960000000000004
0.10862000000000002
0.10884000000000008
0.10980000000000006
0.11008000000000003
0.10954000000000004
0.10863000000000003
0.10805000000000003
0.10895000000000006
0.10854000000000003
0.10915000000000007
0.10887000000000001
0.10928000000000003
0.10955000000000012
0.10977
0.11008000000000001
0.10924000000000002
0.10785000000000004
0.10786000000000003
0.10804999999999998
0.10778000000000004
0.10791000000000002
0.10846
0.10671999999999998
0.10604999999999999
0.10658000000000006
0.10522000000000001
0.10357000000000001
0.10574000000000006
0.10721000000000006
0.10831000000000003
0.10896999999999998
0.10816
0.10901000000000001
0.1091
0.10987999999999999
0.11034000000000002
0.11102999999999998
0.11001999999999997
0.10923999999999996
0.10756999999999999
0.10642999999999998
0.10632000000000003
0.10421000000000005
0.10403000000000004
0.10455000000000003
0.10672000000000001
0.10596000000000001
0.10729000000000002
0.10576000000000002
0.10595
0.10711000000000004
0.10858999999999996
0.11070000000000006
0.10822
0.11013999999999997
0.10816000000000002
0.10861000000000005
0.10792999999999997
0.10771000000000008
0.10937000000000005
0.10937000000000001
0.10761000000000001
0.10771000000000008
0.10486000000000001
0.10503000000000005
0.10634999999999999
0.10703000000000004
0.10727999999999999
0.10685000000000003
0.10623
0.1061000000000001
0.10753
0.10804
0.10840999999999998
0.10976
0.10910000000000009
0.10880000000000009
0.10823
0.10717000000000003
0.10583000000000005
0.10502999999999998
0.10515000000000002
0.10642
0.10580000000000006
0.10602000000000002
0.10496000000000004
0.10527000000000003
0.10636000000000005
0.10758000000000006
0.10716999999999999
0.10790000000000005
0.10755
0.10906
0.10992000000000005
0.11142999999999999
0.11237000000000004
0.11170000000000008
0.11179999999999995
0.10968999999999998
0.10917000000000009
0.10997000000000001
0.10869000000000004
0.10810000000000006
0.10943000000000003
0.10848000000000001
0.10979000000000008
0.10970000000000002
0.11247000000000003
0.11130000000000002
0.11064000000000007
0.11022
0.11075000000000011
0.11038
0.11035000000000003
0.10912
0.10908000000000005
0.10817999999999998
0.11025999999999994
0.11009000000000002
0.10791000000000006
0.10904
0.10905000000000001
0.11001000000000005
0.10947
0.11026000000000005
0.11027999999999995
0.11178000000000005
0.11231000000000002
0.11106000000000009
0.11146000000000006
0.10988999999999996
0.11120000000000002
0.11084999999999999
0.11154000000000006
0.10968999999999998
0.11052000000000006
0.10979000000000003
0.11033000000000001
0.11108000000000011
0.10949999999999997
0.11013999999999999
0.11008000000000003
0.11153999999999999
0.11069000000000007
0.11034000000000002
0.11009000000000004
0.11003999999999997
0.10952
0.11039000000000002
0.11064000000000007
0.11196000000000002
0.11134000000000008
0.10865000000000002
0.10829000000000005
0.10858000000000001
0.10750000000000004
0.10875000000000001
0.10754000000000002
0.10801000000000002
0.10832999999999998
0.10773000000000003
0.10828000000000007
0.10842999999999997
0.10765000000000007
0.10793000000000001
0.10763000000000006
0.1076
0.10737000000000002
0.10920999999999999
0.1084
0.10975000000000001
0.10999000000000006
0.11030000000000002
0.11137000000000001
0.11124
0.11223000000000002
0.11110000000000003
0.11217000000000006
0.11068000000000006
0.11226000000000001
0.11130999999999998
0.11042
0.11009999999999995
0.11022000000000004
0.10939999999999998
0.10867000000000003
0.10765000000000001
0.10822000000000007
0.10849999999999999
0.10966999999999999
0.10875
0.10932000000000003
0.10760000000000007
0.10671
0.10873000000000001
0.10881000000000003
0.10869
0.10887000000000006
0.10886
0.10887000000000004
0.10878000000000002
0.10797000000000004
0.10858999999999996
0.10942000000000006
0.11091999999999999
0.10973000000000001
0.10945
0.10915000000000002
0.11007000000000006
0.10981999999999995
0.10978000000000003
0.11063000000000006
0.11051000000000005
0.10921000000000004
0.10832000000000001
0.10883000000000008
0.11019000000000002
0.11106000000000009
0.11162
0.1114
0.10980000000000002
0.10905999999999999
0.10780000000000003
0.10764000000000007
0.10883
0.11219000000000008
0.11202000000000004
0.11108000000000003
0.11031000000000002
0.11169000000000008
0.11155
0.11066000000000008
0.11091000000000002
0.11040000000000003
0.11024
0.10941000000000002
0.10947
0.10811000000000004
0.10669000000000001
0.10491000000000002
0.10483000000000002
0.10556000000000011
0.10665000000000002
0.10644999999999999
0.10729000000000008
0.10810000000000006
0.10921000000000003
0.11014999999999993
0.10862000000000005
0.10845000000000002
0.10881000000000006
0.11016000000000004
0.11027000000000003
0.11138000000000005
0.11075999999999998
0.11130000000000001
0.11043000000000003
0.11093
0.11085999999999997
0.10987000000000002
0.10976999999999996
0.10928
0.10911000000000005
0.10912000000000002
0.11018
0.10809000000000005
0.10741000000000005
0.10811000000000005
0.10923999999999999
0.10924000000000005
0.10898000000000005
0.10739999999999998
0.10869000000000005
0.10842000000000006
0.10841999999999999
0.10963000000000003
0.11026
0.10971000000000003
0.10899
0.10793000000000004
0.10713
0.10708000000000002
0.10831000000000002
0.10813000000000002
0.10788000000000003
0.10631000000000002
0.10632000000000003
0.10734000000000002
0.10640000000000006
0.10844000000000004
0.10903999999999998
0.10976999999999996
0.10995
0.10971999999999998
0.10986000000000005
0.11025
0.10858000000000001
0.10890999999999995
0.10917000000000004
0.10976000000000002
0.11022000000000003
0.10949999999999997
0.10856000000000002
0.10782
0.10725000000000003
0.10804999999999998
0.10778000000000004
0.10746000000000003
0.10736000000000007
0.10833999999999999
0.10848000000000006
0.10802999999999999
0.10659000000000005
0.10803000000000001
0.10884000000000002
0.10918000000000003
0.11078000000000002
0.11123
0.10908000000000002
0.10819999999999999
0.10867000000000003
0.10934999999999999
0.10943000000000001
0.10911000000000003
0.10837
0.10881000000000003
0.10880000000000005
0.10966
0.10943000000000006
0.10992
0.10987999999999999
0.10913000000000009
0.10799000000000002
0.10826000000000004
0.1093
0.10805000000000002
0.10869000000000001
0.10882000000000006
0.10766999999999997
0.10946000000000002
0.10945000000000002
0.10929000000000007
0.10923999999999998
0.10783000000000004
0.10744000000000004
0.10598000000000005
0.10669000000000001
0.10582000000000003
0.10685
0.10528000000000004
0.10578
0.10665000000000001
0.10699000000000006
0.10620000000000003
0.10380000000000005
0.10352000000000006
0.10592000000000007
0.10657000000000007
0.10657999999999998
0.10647000000000002
0.10854000000000004
0.10792000000000003
0.10801999999999998
0.10815999999999999
0.10809000000000003
0.10869000000000001
0.10892000000000003
0.11036000000000001
0.10932000000000004
0.10784
0.10821
0.10773000000000003
0.10684000000000003
0.10617000000000003
0.10839
0.10920999999999999
0.10927000000000002
0.11065000000000003
0.11162000000000001
0.11162999999999997
0.11091
0.11134000000000001
0.11076000000000004
0.10938000000000002
0.10871000000000006
0.10959999999999999
0.10792000000000003
0.10788
0.10554999999999999
0.10692000000000004
0.10679000000000005
0.10665
0.10713000000000006
0.10666999999999996
0.10811000000000001
0.10849000000000003
0.10911999999999997
0.10939000000000006
0.11012000000000004
0.11055
0.10980000000000002
0.11035999999999997
0.10848
0.10706000000000003
0.10608000000000002
0.10672999999999998
0.10765000000000004
0.10836
0.10883000000000001
0.10857000000000004
0.10771000000000001
0.10721000000000001
0.10667000000000001
0.10836000000000007
0.10986000000000001
0.10859
0.10943
0.11010000000000003
0.10891
0.11044000000000005
0.11148000000000004
0.11069000000000001
0.11039000000000003
0.11011999999999995
0.10968000000000004
0.11032
0.1091
0.10854
0.10830999999999999
0.10950000000000004
0.11023000000000001
0.11227000000000005
0.11170000000000009
0.11081000000000009
0.11180000000000004
0.11104000000000003
0.10936000000000005
0.10869000000000004
0.10913
0.10809000000000003
0.10821
0.10791000000000002
0.10676999999999999
0.10658000000000004
0.10523000000000003
0.10583000000000002
0.10838000000000009
0.10845
0.10829000000000001
0.1073
0.10882999999999997
0.10845000000000006
0.10700000000000004
0.10666000000000003
0.10678999999999998
0.10647000000000004
0.10649999999999996
0.10641
0.10670000000000002
0.10678999999999998
0.10796000000000003
0.10667000000000001
0.1067
0.10796000000000004
0.11002000000000006
0.11096000000000002
0.11064999999999997
0.10919000000000004
0.10842999999999998
0.10880000000000005
0.10844999999999998
0.10810000000000003
0.10899999999999997
0.10902999999999997
0.10809
0.10840999999999999
0.10836000000000003
0.10846000000000006
0.10919000000000008
0.10844000000000004
0.10838000000000005
0.10787000000000002
0.10909999999999996
0.10736000000000007
0.10785000000000002
0.10768000000000005
0.10827000000000002
0.10854000000000003
0.10892000000000004
0.11052999999999999
0.11211000000000004
0.11081999999999996
0.11074000000000002
0.10946000000000007
0.10912
0.11010000000000003
0.11005
0.10984000000000002
0.10972000000000003
0.10884000000000009
0.10877000000000002
0.10856000000000002
0.10865
0.10894
0.10738999999999999
0.10802000000000009
0.10905000000000001
0.10794000000000001
0.10878999999999994
0.11059999999999999
0.10919000000000001
0.10785999999999998
0.10817000000000006
0.10766000000000002
0.10632000000000001
0.10797000000000004
0.10762000000000004
0.10643000000000001
0.10603000000000001
0.10569
0.10748000000000005
0.10825000000000007
0.10719000000000004
0.10667999999999997
0.10709000000000005
0.11026
0.11028
0.10978000000000004
0.10908999999999999
0.10987000000000002
0.11026000000000001
0.11011000000000004
0.11020000000000005
0.10962000000000001
0.10856000000000002
0.10775000000000005
0.10645000000000002
0.10530000000000009
0.10468999999999994
0.10482000000000001
0.10561
0.10503000000000001
0.10448000000000006
0.10365999999999996
0.10441999999999997
0.10645000000000003
0.10729000000000001
0.1074
0.10708000000000002
0.10699000000000006
0.10755000000000005
0.10746000000000004
0.10879999999999997
0.10801000000000004
0.11069000000000001
0.10978000000000002
0.1107500000000001
0.10902
0.11112999999999998
0.11050000000000006
0.11250000000000003
0.11373000000000007
0.11205999999999994
0.11273000000000007
0.11263999999999998
0.11122
0.10931000000000003
0.10803000000000003
0.10736000000000007
0.10835000000000006
0.10861000000000003
0.10926000000000004
0.10724000000000006
0.10751
0.10686000000000004
0.10668000000000005
0.10500999999999999
0.10603000000000007
0.10645000000000002
0.10694000000000002
0.10861999999999998
0.11077000000000008
0.11068000000000001
0.11217000000000006
0.11118000000000001
0.11128000000000003
0.11123999999999999
0.10947000000000003
0.10836999999999998
0.10950000000000004
0.11078000000000003
0.11002999999999996
0.10969000000000005
0.10938000000000005
0.11064000000000003
0.11196000000000007
0.11065000000000005
0.11162000000000007
0.11126000000000005
0.10959000000000002
0.10883000000000004
0.10921999999999998
0.1107
0.11151000000000001
0.11098000000000006
0.11075000000000004
0.11092
0.11089
0.10830999999999998
0.10792000000000006
0.10704000000000002
0.10573
0.10632000000000003
0.10716000000000005
0.1081
0.10865999999999999
0.10881000000000002
0.10887999999999996
0.10735999999999998
0.10760999999999997
0.10758
0.10871
0.10776999999999999
0.10643000000000007
0.10716999999999997
0.10682999999999998
0.10753000000000004
0.10695000000000005
0.10604000000000002
0.10655
0.10611999999999998
0.10668000000000007
0.10580000000000003
0.10686000000000005
0.10854
0.10721
0.10765999999999998
0.10696000000000003
0.10679
0.10649000000000002
0.10493000000000002
0.10701000000000002
0.10786000000000001
0.10843000000000001
0.10824000000000009
0.10891999999999996
0.10898000000000002
0.11157999999999997
0.10983000000000005
0.10957999999999998
0.10982000000000003
0.10959999999999996
0.10665000000000002
0.10622999999999998
0.10619000000000005
0.10612000000000005
0.10701000000000001
0.10671000000000001
0.10684
0.10894000000000004
0.10781000000000002
0.10740000000000002
0.10652
0.10720000000000002
0.10754000000000001
0.10814000000000001
0.10865000000000004
0.10962999999999999
0.11030000000000005
0.10980000000000004
0.11057000000000006
0.10962000000000004
0.10812000000000004
0.10997000000000007
0.10975000000000007
0.10983000000000001
0.10989000000000003
0.11162
0.11025999999999994
0.10933
0.10984000000000002
0.10809000000000005
0.10774000000000004
0.11021
0.10893000000000001
0.10981000000000009
0.10956000000000003
0.10902000000000003
0.10980000000000002
0.10966999999999998
0.11127000000000001
0.10944000000000002
0.10897
0.10926999999999996
0.10836
0.10871
0.10872000000000005
0.10799000000000009
0.10784
0.10855000000000008
0.10852000000000003
0.10949000000000003
0.10948000000000004
0.10988000000000002
0.10875000000000001
0.10889000000000001
0.10862999999999998
0.10797999999999998
0.1075
0.10853000000000007
0.10961000000000004
0.11049000000000002
0.10974000000000002
0.10894000000000004
0.10916000000000006
0.10860000000000002
0.10874999999999999
0.1082
0.10645000000000004
0.10708999999999999
0.10787000000000002
0.10786
0.10812000000000004
0.10840999999999999
0.10907000000000001
0.10773000000000003
0.10765000000000002
0.10745000000000003
0.10560000000000003
0.10602000000000006
0.10530000000000003
0.10661
0.10669000000000002
0.10522000000000005
0.10350999999999999
0.10429000000000002
0.10432000000000002
0.10444000000000005
0.1042
0.10394000000000003
0.10708000000000001
0.10612000000000003
0.10665000000000001
0.10513000000000006
0.10536000000000001
0.10755000000000005
0.11020999999999999
0.11064999999999997
0.11038000000000006
0.11043000000000001
0.11257999999999997
0.11201
0.11245000000000005
0.11126
0.10955
0.10927999999999997
0.10897
0.10900999999999998
0.11027000000000006
0.11065
0.11194000000000004
0.11170000000000004
0.10934
0.10818000000000007
0.10792000000000003
0.10864000000000001
0.10835000000000004
0.10746000000000003
0.10787000000000005
0.10725000000000003
0.10793
0.10826999999999998
0.10914000000000003
0.10683000000000002
0.10657000000000001
0.10619000000000003
0.10800999999999998
0.10813
0.10896000000000003
0.10816000000000005
0.10733000000000002
0.10736000000000007
0.11011999999999995
0.11017999999999996
0.10949000000000005
0.10886000000000001
0.10950000000000004
0.10868000000000003
0.10799000000000003
0.10932000000000007
0.11017000000000003
0.10858999999999995
0.10960000000000009
0.10863999999999996
0.10843
0.10970000000000005
0.10842000000000004
0.10951000000000005
0.11126000000000001
0.11167000000000007
0.11019999999999998
0.11044000000000002
0.10944999999999994
0.10929000000000005
0.10715999999999996
0.10714999999999994
0.10806
0.10937000000000006
0.10977999999999996
0.10902
0.10726999999999999
0.10904
0.11016000000000002
0.10919000000000006
0.10794000000000002
0.10643000000000007
0.10892000000000003
0.10762000000000004
0.10775000000000004
0.10751
0.10672000000000002
0.10674000000000002
0.10790000000000001
0.10766000000000009
0.10887000000000001
0.10876999999999998
0.10834000000000005
0.10923999999999999
0.10951999999999998
0.10953999999999998
0.10962000000000005
0.10861000000000005
0.10876
0.10774999999999998
0.10905999999999993
0.10894999999999999
0.10893000000000005
0.10973000000000008
0.10925000000000001
0.10828000000000003
0.10906000000000005
0.1086400000000001
0.10844000000000004
0.10854000000000008
0.10856000000000007
0.10856000000000007
0.11038000000000003
0.11032000000000002
0.11003000000000003
0.10951000000000001
0.11178000000000006
0.11180000000000004
0.11069000000000004
0.11026000000000004
0.11033000000000005
0.11013000000000008
0.10979000000000003
0.11016000000000002
0.1093300000000001
0.11064
0.10912000000000005
0.10965000000000001
0.10876000000000006
0.10771999999999997
0.10807000000000003
0.10825000000000001
0.10888000000000003
0.10753
0.10668000000000005
0.10691000000000006
0.10717000000000004
0.10660000000000007
0.10682
0.10831000000000002
0.10894999999999999
0.10933000000000001
0.10887999999999998
0.11006000000000003
