0.19999999999999962
0.6172299999999997
0.6853399999999997
0.6518800000000005
0.6668200000000002
0.6572500000000001
0.66195
0.6623699999999999
0.6620199999999999
0.65842
0.66258
0.6609700000000006
0.6604899999999998
0.6604599999999999
0.66134
0.6609800000000002
0.6643599999999998
0.6578
0.6638900000000001
0.65944
0.66263
0.6613
0.6604800000000001
0.66173
0.6629499999999997
0.6584699999999999
0.65973
0.6633600000000002
0.6590300000000003
0.6640399999999996
0.65779
0.6622599999999997
0.66326
0.6591699999999997
0.6654399999999998
0.6600700000000002
0.6599600000000002
0.6635
0.6636699999999998
0.6603399999999999
0.6616899999999998
0.6588100000000001
0.66274
0.6602999999999998
0.6605500000000001
0.66238
0.6622000000000002
0.6612499999999997
0.6616700000000002
0.66326
0.66043
0.6625199999999997
0.66057
0.6628200000000001
0.6625799999999998
0.6603099999999997
0.6616399999999999
0.6609500000000003
0.66169
0.65885
0.6596000000000001
0.6638299999999998
0.66102
0.6610700000000004
0.65982
0.6613400000000003
0.66191
0.6606400000000001
0.6617700000000001
0.66265
0.6621200000000002
0.6623399999999998
0.6605899999999996
0.6594499999999996
0.6650699999999999
0.6578800000000002
0.6623800000000004
0.6589000000000002
0.6620999999999997
0.6613800000000001
0.6636699999999999
0.6624599999999999
0.6631
0.6600100000000001
0.6600899999999997
0.66159
0.6605599999999998
0.6606200000000001
0.6628699999999997
0.6613699999999999
0.6595600000000001
0.66203
0.6610999999999997
0.6627900000000001
0.65949
0.6621200000000002
0.6604300000000003
0.6624800000000002
0.6609000000000002
0.6643799999999997
0.6607999999999999
0.6632399999999997
0.6587599999999998
0.6619900000000001
0.6604700000000001
0.66216
0.6602
0.6609900000000001
0.6599300000000001
0.66348
0.66207
0.6586200000000001
0.6632300000000001
0.65912
0.66133
0.6619500000000003
0.6604800000000002
0.66266
0.6594400000000001
0.6605
0.6626299999999999
0.6596599999999995
0.66313
0.6596999999999997
0.66512
0.6619100000000002
0.6583700000000003
0.6647700000000001
0.65974
0.6613899999999999
0.66037
0.66234
0.6604700000000002
0.6628200000000001
0.6607700000000001
0.6605
0.6601699999999998
0.6630099999999999
0.66043
0.66157
0.66018
0.6619400000000002
0.66109
0.6608600000000001
0.6633900000000001
0.6638199999999999
0.6589800000000002
0.66287
0.66069
0.6600599999999999
0.6604300000000002
0.6600800000000001
0.6613699999999999
0.66067
0.6639999999999999
0.6595500000000004
0.6623800000000002
0.6619399999999999
0.6608099999999999
0.6640700000000002
0.6615000000000001
0.6630700000000002
0.6600799999999997
0.6630899999999998
0.6595599999999999
0.6609600000000003
0.6634899999999998
0.6581199999999999
0.66402
0.6578099999999999
0.6629200000000001
0.6619600000000002
0.6632300000000001
0.6612099999999999
0.66161
0.66112
0.6604700000000004
0.6615600000000001
0.6636799999999998
0.6559299999999999
0.66443
0.6589299999999999
0.66258
0.6604599999999996
0.6597600000000001
0.66168
0.6616200000000001
0.6605
0.6628399999999999
0.6578200000000001
0.66212
0.6610600000000001
0.6626000000000003
0.6582700000000001
0.6624299999999999
0.6611599999999997
0.6615200000000001
0.6612999999999998
0.6604000000000003
0.6607299999999996
0.6594
0.66128
0.6653000000000003
0.6595200000000002
0.66322
0.6627099999999999
0.65973
0.6650299999999999
0.6614
0.6622200000000003
0.6606900000000002
0.6600599999999999
0.6622199999999998
0.6630300000000002
0.6593300000000003
0.6611899999999999
0.6607699999999999
0.6600699999999999
0.6606399999999999
0.66259
0.6591499999999998
0.66216
0.6599600000000001
0.6598300000000001
0.6632199999999999
0.66102
0.6580799999999999
0.6609400000000001
0.6618099999999997
0.6626099999999999
0.6613200000000002
0.6606399999999999
0.6623600000000002
0.6601899999999999
0.6631
0.6625199999999998
0.6594000000000002
0.6608899999999999
0.66206
0.6625099999999999
0.6593900000000003
0.66322
0.66114
0.6617000000000001
0.6615000000000002
0.66256
0.65897
0.6619700000000001
0.6606700000000002
0.6598300000000001
0.66437
0.6584400000000001
0.6620500000000002
0.65978
0.66147
0.6611899999999999
0.6599700000000002
0.66165
0.6607999999999999
0.6607799999999997
0.66227
0.6604999999999999
0.6626299999999999
0.6603300000000004
0.6604500000000002
0.6632200000000004
0.6618599999999999
0.66059
0.6611600000000004
0.6643399999999999
0.6619999999999997
0.65996
0.6639299999999999
0.65884
0.6600799999999998
0.6622100000000002
0.6610300000000002
0.6629200000000001
0.6605200000000002
0.66204
0.6592100000000002
0.66443
0.6582699999999996
0.6643800000000003
0.6603099999999997
0.6613899999999998
0.6619999999999997
0.6603599999999997
0.6612799999999999
0.6598499999999998
0.6613
0.6603900000000001
0.6620199999999999
0.6619199999999998
0.6622600000000002
0.6615000000000002
0.6597500000000001
0.66348
0.6618500000000002
0.66019
0.66216
0.66167
0.6598900000000001
0.6614400000000004
0.6624399999999997
0.6621399999999998
0.6616599999999999
0.6632699999999998
0.66143
0.6587700000000001
0.6616699999999998
0.6624199999999999
0.6607400000000001
0.6622100000000001
0.66314
0.6624700000000001
0.6624500000000001
0.6610700000000002
0.66282
0.66082
0.6619699999999997
0.6609300000000001
0.6607299999999996
0.6619600000000002
0.6634499999999999
0.6611500000000006
0.6619900000000003
0.6600899999999998
0.66199
0.6602899999999999
0.66132
0.6616599999999999
0.6636600000000001
0.6618199999999997
0.6618499999999998
0.65937
0.6614299999999999
0.6618100000000001
0.66217
0.6625899999999997
0.6615299999999997
0.6591200000000002
0.66339
0.6623300000000001
0.66207
0.6598400000000001
0.66089
0.6614399999999999
0.6611300000000003
0.6629500000000003
0.6587700000000004
0.6617500000000003
0.6618499999999997
0.66071
0.66104
0.6626300000000002
0.6613600000000003
0.6605700000000003
0.6624899999999999
0.6598500000000003
0.6616600000000001
0.6591199999999999
0.6591599999999996
0.6625700000000002
0.65992
0.6640200000000002
0.66026
0.6636699999999999
0.6612299999999999
0.6611899999999999
0.6617000000000001
0.6604699999999997
0.6609000000000002
0.6611600000000002
0.6621700000000003
0.6616900000000002
0.6619800000000002
0.6605999999999999
0.6606399999999999
0.66206
0.6623399999999999
0.6596600000000002
0.66297
0.66164
0.6616599999999997
0.6609100000000001
0.6619600000000002
0.66227
0.65862
0.6643200000000001
0.6598400000000001
0.6608200000000001
0.6630999999999997
0.6578199999999998
0.66258
0.6590400000000001
0.6631199999999998
0.6632399999999997
0.6612
0.6629199999999998
0.6604400000000002
0.66314
0.6611199999999999
0.6596100000000001
0.6637400000000001
0.66191
0.6605600000000001
0.6628200000000001
0.6608799999999999
0.6650799999999998
0.6620600000000002
0.66238
0.6590299999999999
0.6645200000000002
0.6623599999999997
0.6606100000000003
0.66199
0.65846
0.6624600000000003
0.6636500000000001
0.6598300000000001
0.65956
0.66118
0.66143
0.65927
0.66098
0.6605599999999999
0.66194
0.66137
0.6641099999999999
0.6607800000000001
0.6644699999999998
0.6604500000000002
0.6599499999999999
0.66067
0.6621600000000001
0.66227
0.6620300000000001
0.6616900000000001
0.6635500000000002
0.6602100000000002
0.6618200000000003
0.6626900000000003
0.6592000000000003
0.6612799999999999
0.6619200000000002
0.6618400000000001
0.6633800000000004
0.6604099999999999
0.6601200000000002
0.6620400000000004
0.6621300000000002
0.6629299999999999
0.6612399999999998
0.6628399999999999
0.6582600000000005
0.6619600000000002
0.6621700000000001
0.6628900000000002
0.65927
0.6611700000000001
0.6632600000000002
0.6583800000000001
0.6658200000000002
0.66072
0.66066
0.6636099999999999
0.66128
0.6615800000000002
0.6629000000000002
0.65949
0.6619899999999999
0.6627699999999999
0.65967
0.66403
0.6586
0.6608399999999999
0.6621699999999997
0.6603500000000001
0.6622999999999999
0.65988
0.6627799999999999
0.6610099999999999
0.6589000000000002
0.6628399999999999
0.65877
0.6607599999999998
0.6633
0.6630299999999998
0.6633099999999998
0.65828
0.6645300000000002
0.6611400000000001
0.6602000000000003
0.6622500000000001
0.6639799999999996
0.6622600000000002
0.66117
0.6603800000000003
0.6624199999999998
0.6589100000000002
0.6620199999999999
0.6604999999999999
0.6612800000000001
0.6619300000000001
0.6638500000000004
0.6595800000000003
0.6612100000000001
0.6575600000000003
0.66386
0.6617900000000003
0.6620099999999998
0.6631700000000003
0.65848
0.66396
0.6604700000000001
0.6621100000000001
0.66305
0.6606200000000001
0.66093
0.6632100000000001
0.6598999999999999
0.6616
0.6597700000000001
0.6637900000000002
0.6637400000000002
0.6593800000000002
0.66148
0.66112
0.6616600000000002
0.6605699999999999
0.6641699999999999
0.66008
0.66239
0.6618700000000001
0.6598300000000001
0.66133
0.66057
0.6619599999999997
0.66089
0.66124
0.66081
0.65972
0.66191
0.6624900000000002
0.6614100000000002
0.6618200000000004
0.6629400000000003
0.6593800000000003
0.66033
0.6621200000000002
0.6591400000000001
0.66113
0.66311
0.66149
0.6586000000000002
0.6643800000000002
0.6590799999999999
0.6632699999999998
0.6605099999999999
0.6635100000000002
0.65903
0.6606400000000001
0.6627500000000004
0.6582499999999999
0.66287
0.66265
0.6617999999999998
0.6616099999999996
0.6619099999999998
0.6601400000000001
0.6610099999999999
0.6638100000000002
0.66081
0.6592399999999998
0.6634399999999998
0.6578900000000002
0.6612199999999998
0.66032
0.6612300000000001
0.6616900000000001
0.66107
0.6627900000000001
0.6605199999999999
0.66193
0.6630399999999999
0.6619700000000002
0.6605500000000002
0.6627500000000001
0.6635099999999997
0.6591099999999999
0.6640300000000002
0.6587299999999999
0.6633699999999999
0.6608299999999997
0.6612100000000001
0.6625999999999999
0.6624199999999998
0.6603800000000001
0.6615300000000001
0.6616699999999999
0.66377
0.66286
0.6609
0.66102
0.6612700000000002
0.6635800000000001
0.6592599999999998
0.6601499999999997
0.66055
0.6620499999999998
0.6619899999999997
0.6625
0.6606800000000002
0.6613600000000001
0.6596000000000001
0.6644599999999998
0.6590699999999998
0.66252
0.6623800000000003
0.6610400000000003
0.6607900000000001
0.6612099999999999
0.6622199999999999
0.6611800000000001
0.6618900000000001
0.6611799999999998
0.6595500000000003
0.6620300000000001
0.6622099999999997
0.65972
0.6605600000000001
0.6606599999999999
0.6600900000000003
0.66069
0.6611099999999999
0.66323
0.6604300000000001
0.6601400000000001
0.6624699999999999
0.6601600000000001
0.6610100000000001
0.66262
0.6619500000000003
0.6609
0.6623699999999999
0.6623399999999999
0.65943
0.6618700000000001
0.6617599999999999
0.6622699999999999
0.6639700000000001
0.6605
0.6625899999999999
0.6602299999999999
0.6640699999999998
0.6589800000000001
0.6643899999999999
0.6611100000000001
0.6611100000000002
0.6613899999999999
0.6606899999999998
0.6630699999999997
0.6599300000000001
0.66374
0.6602100000000004
0.6607499999999998
0.6613999999999999
0.6589699999999997
0.6642399999999999
0.6607999999999999
0.6587999999999999
0.6601299999999998
0.6599299999999999
0.6606799999999998
0.6636900000000001
0.6609200000000003
0.6592899999999999
0.6593899999999999
0.6606400000000003
0.6612399999999999
0.6626100000000003
0.6606900000000002
0.6594700000000003
0.66265
0.6631199999999998
0.6578600000000001
0.66085
0.6594900000000001
0.6618299999999998
0.6609500000000001
0.6616499999999996
0.66096
0.6626599999999999
0.6611999999999999
0.6620200000000002
0.6602800000000002
0.6614899999999999
0.65986
0.6632400000000004
0.65995
0.6608200000000001
0.6619300000000001
0.66027
0.6620199999999998
0.65994
0.6623799999999999
0.6624800000000002
0.6585500000000002
0.6609900000000002
0.6616900000000004
0.6619100000000002
0.6613100000000003
0.6617400000000001
0.6606099999999998
0.6617999999999999
0.6592699999999998
0.66229
0.6608200000000001
0.6609899999999999
0.6598600000000002
0.6617299999999999
0.66175
0.6615700000000001
0.6601300000000001
0.66054
0.6607500000000001
0.6629700000000003
0.6598300000000001
0.6632399999999999
0.6600300000000001
0.66108
0.6631200000000002
0.6617600000000001
0.65937
0.6611100000000001
0.6592800000000001
0.6639900000000002
0.66063
0.6617000000000002
0.66003
0.6635399999999998
0.6591699999999999
0.6608600000000002
0.6611800000000001
0.6607499999999997
0.6623300000000002
0.66133
0.6641000000000002
0.6601199999999998
0.6620400000000002
0.66378
0.6597399999999998
0.6646699999999999
0.6604900000000002
0.6628899999999999
0.6633200000000001
0.6608199999999997
0.6623999999999998
0.6625599999999997
0.6606099999999999
0.6608200000000002
0.6618200000000001
0.6627199999999996
0.6610700000000002
0.66112
0.66184
0.6607199999999999
0.6600000000000003
0.6626599999999998
0.6606899999999998
0.66152
0.6591600000000001
0.66262
0.6616599999999999
0.65986
0.6616400000000003
0.65943
0.66287
0.6605199999999998
0.6627800000000001
0.66212
0.6594199999999999
0.6616500000000001
0.6586
0.6614900000000001
0.6615700000000001
0.6627800000000001
0.6615899999999999
0.6628899999999999
0.6592000000000001
0.6619600000000002
0.6612000000000002
0.6613899999999999
0.6621699999999998
0.6592200000000001
0.6636699999999999
0.6625499999999999
0.66136
0.6599000000000003
0.6628699999999997
0.65972
0.6643800000000003
0.6610999999999998
0.6622299999999999
0.6606100000000004
0.6649799999999999
0.6618600000000003
0.6617700000000001
0.6616400000000001
0.6601600000000002
0.6625899999999999
0.6607200000000002
0.6644800000000001
0.6605200000000002
0.6616599999999999
0.6628800000000001
0.6620600000000002
0.66105
0.66263
0.66141
0.6612200000000001
0.6587899999999999
0.6612499999999994
0.66133
0.66169
0.66129
0.6631
0.6620799999999996
0.6591700000000001
0.6624600000000003
0.6598799999999998
0.6636300000000002
0.66062
0.6628799999999999
0.6598999999999999
0.6621999999999997
0.65963
0.6650899999999998
0.6593300000000001
0.6635
0.6616900000000001
0.6608099999999999
0.6606899999999999
0.6626299999999999
0.65901
0.6634700000000001
0.6609299999999999
0.6631499999999998
0.6600600000000001
0.6628699999999997
0.6606000000000002
0.6613600000000001
0.6597699999999996
0.6628399999999999
0.6613800000000002
0.6603800000000001
0.6612800000000001
0.6618300000000003
0.6609700000000001
0.6603300000000002
0.66183
0.66071
0.6615300000000002
0.66145
0.6629500000000002
0.6617400000000001
0.6611400000000003
0.6611499999999999
0.66254
0.6612700000000004
0.66085
0.6647399999999999
0.6595400000000001
0.6607400000000001
0.6618700000000001
0.6599100000000004
0.66185
0.6611599999999999
0.6614000000000001
0.6627299999999999
0.6629600000000001
0.6601199999999998
0.6627200000000001
0.6595200000000001
0.6626000000000001
0.6599899999999999
0.6587300000000001
0.66243
0.6617700000000002
0.6599499999999998
0.6633999999999999
0.65999
0.6635900000000003
0.6609599999999999
0.6606000000000001
0.6626799999999998
0.6587799999999998
0.6632899999999998
0.6606100000000003
0.66011
0.6629100000000001
0.6614899999999999
0.6614100000000002
0.66104
0.6622899999999998
0.66189
0.6607600000000001
0.6613099999999998
0.6615199999999999
0.6613199999999998
0.66321
0.6614800000000004
0.6622699999999998
0.66006
0.6621499999999998
0.6596500000000002
0.6638000000000001
0.6614100000000002
0.6606699999999998
0.66169
0.6618800000000001
0.6600099999999999
0.6649899999999999
0.6586200000000002
0.66231
0.66173
0.6618499999999998
0.6612499999999997
0.65995
0.6613
0.6614800000000003
0.6614000000000003
0.6597300000000001
0.6615199999999999
0.6596200000000002
0.6623900000000004
0.6610299999999999
0.6620299999999999
0.6638899999999999
0.65878
0.6608900000000001
0.66101
0.66223
0.6603900000000001
0.66168
0.6612100000000001
0.6612700000000001
0.6595099999999998
0.6625
0.6596
0.6604599999999998
0.6630000000000001
0.6597
0.6594599999999999
0.66445
0.6606000000000002
0.66282
0.6607199999999999
0.6623999999999997
0.6616000000000003
0.6610499999999996
0.6607700000000001
0.6623299999999998
0.6611399999999997
0.6622699999999998
0.66145
0.6595500000000001
0.6640900000000001
0.6632899999999999
0.6617300000000002
0.66207
0.6620999999999999
0.66019
0.6633699999999998
0.66169
0.6616699999999999
0.66256
0.6582500000000002
0.6622399999999999
0.66258
0.66019
0.6611699999999999
0.6617999999999999
0.6603000000000001
0.6622499999999999
0.6599300000000001
0.6643100000000001
0.6596899999999998
0.6627500000000001
0.6617299999999997
0.66114
0.66079
0.6633700000000001
0.6605900000000002
0.66077
0.6637400000000002
0.6614999999999998
0.6626500000000002
0.6595799999999999
