0.19999999999999962
0.18748
0.20111000000000018
0.2076100000000001
0.21775000000000014
0.22188000000000002
0.22597
0.22941000000000006
0.23197000000000012
0.23322999999999997
0.23153
0.23357000000000006
0.23592000000000005
0.23523999999999998
0.23304999999999995
0.23032999999999995
0.23064999999999988
0.23016999999999996
0.23148000000000007
0.23214999999999994
0.22987000000000013
0.23106000000000002
0.23134000000000007
0.23137999999999997
0.22986000000000004
0.23044999999999993
0.23063000000000014
0.23080000000000012
0.23298000000000008
0.23348999999999998
0.23260999999999993
0.23493000000000006
0.23140999999999998
0.23270000000000002
0.2315
0.2335600000000001
0.2313699999999999
0.23160000000000003
0.23174
0.23393999999999995
0.23476
0.23531
0.23247000000000004
0.2310100000000001
0.23013000000000006
0.2331300000000001
0.23432000000000003
0.23341000000000003
0.23418000000000014
0.23341
0.23203
0.23279000000000002
0.2328400000000001
0.23306000000000013
0.23201999999999995
0.23514
0.23376000000000002
0.23223999999999997
0.23302999999999996
0.2346299999999999
0.2347299999999999
0.23589999999999997
0.23555999999999996
0.23692000000000007
0.23442000000000005
0.23334999999999997
0.23519000000000012
0.23465999999999998
0.23314000000000001
0.23398000000000013
0.23286
0.23099
0.22941000000000003
0.22990999999999995
0.2288199999999999
0.22943000000000005
0.23095000000000007
0.23218000000000014
0.22981000000000004
0.23282
0.23224999999999996
0.23370999999999983
0.23418
0.23179000000000013
0.23131999999999997
0.2309699999999999
0.2340800000000001
0.23300000000000007
0.23106999999999997
0.2319699999999999
0.22944000000000006
0.23164000000000012
0.23349999999999999
0.23178000000000004
0.23070999999999994
0.23152000000000006
0.23360999999999993
0.23348999999999998
0.23257999999999998
0.23315000000000005
0.23369000000000006
0.23575999999999997
0.2334900000000001
0.23486
0.23491000000000006
0.23463999999999996
0.23546000000000003
0.23431999999999992
0.23264999999999997
0.22991000000000014
0.23006999999999994
0.23351
0.23185000000000003
0.2311
0.23283999999999996
0.23303000000000007
0.23209
0.23453999999999997
0.23284999999999997
0.23233999999999994
0.23390000000000008
0.23319999999999996
0.23385
0.23356999999999992
0.23532
0.23217
0.23209000000000007
0.23232000000000003
0.23471999999999998
0.23671000000000006
0.23648000000000008
0.23581000000000002
0.23725
0.23519000000000012
0.2359
0.23476999999999998
0.23443000000000006
0.23659
0.23393
0.23525000000000013
0.23235000000000006
0.23342
0.23284999999999992
0.23432000000000003
0.23351000000000002
0.23228000000000001
0.23323999999999995
0.23074999999999998
0.23355999999999988
0.23329999999999998
0.23510000000000006
0.23329000000000005
0.23300000000000007
0.23305
0.23109999999999997
0.23338
0.23174999999999987
0.2346900000000001
0.23426000000000016
0.23232000000000003
0.23199999999999998
0.2297299999999999
0.2294499999999999
0.23064999999999994
0.23150000000000012
0.23424000000000003
0.2339
0.23609999999999995
0.2363400000000001
0.23357000000000003
0.23462000000000013
0.23410000000000009
0.23417000000000004
0.23673000000000002
0.23764
0.23284
0.23486
0.23401
0.23418000000000003
0.23345000000000016
0.23547000000000007
0.23410000000000017
0.2321399999999999
0.23209999999999995
0.2318
0.2339699999999999
0.23405000000000012
0.23267
0.23071000000000016
0.2297200000000001
0.23060999999999995
0.23003
0.22988000000000006
0.23099000000000014
0.23257999999999995
0.23650000000000002
0.23667000000000005
0.23681000000000005
0.23659000000000005
0.23542000000000005
0.23554000000000008
0.23562999999999998
0.2364700000000001
0.23399000000000011
0.23356000000000005
0.23422999999999994
0.23333
0.23418000000000003
0.23319999999999996
0.23370000000000005
0.23428000000000015
0.23561000000000007
0.23568000000000006
0.23241000000000003
0.23308000000000015
0.23156000000000007
0.23364000000000001
0.23442000000000005
0.23335
0.2353099999999999
0.23574
0.23473
0.23245000000000007
0.23165999999999998
0.2326900000000001
0.23325000000000007
0.23344000000000012
0.23473000000000005
0.23369000000000004
0.2343700000000001
0.23337999999999998
0.23016000000000006
0.2334800000000001
0.23260999999999998
0.23207999999999993
0.23234000000000005
0.23256999999999997
0.2327600000000001
0.23515999999999995
0.23380000000000004
0.23122999999999996
0.23157999999999998
0.23295000000000002
0.23289000000000004
0.23321000000000008
0.23457000000000006
0.2321700000000001
0.23287999999999998
0.23274999999999998
0.23284000000000002
0.23527
0.23403
0.23196999999999984
0.23047000000000006
0.23028999999999997
0.2300600000000001
0.23222000000000004
0.23207000000000005
0.23378000000000007
0.23357999999999998
0.23370999999999995
0.23267999999999997
0.23297000000000007
0.23305999999999996
0.23156000000000007
0.23146999999999998
0.2317000000000001
0.23429000000000008
0.23308000000000004
0.23264000000000007
0.23287000000000002
0.23193000000000016
0.23186000000000004
0.23112000000000002
0.23405999999999988
0.23249999999999996
0.2326000000000001
0.23156999999999997
0.23091000000000006
0.23349999999999993
0.2335600000000001
0.23329000000000005
0.23200000000000004
0.23347999999999988
0.2352200000000001
0.23254999999999992
0.23403999999999991
0.23422000000000007
0.23195
0.23167000000000015
0.23190000000000008
0.23612000000000002
0.23477000000000006
0.23438999999999996
0.23212999999999995
0.23514999999999997
0.23323000000000005
0.23327
0.23432000000000006
0.23472000000000004
0.23420000000000005
0.23241000000000017
0.23265999999999992
0.23124000000000014
0.23174000000000003
0.23408000000000012
0.2320200000000001
0.23207999999999995
0.23326
0.23302000000000017
0.23211
0.23117000000000004
0.23006999999999997
0.23189
0.2331500000000001
0.23505999999999994
0.23422000000000007
0.23615000000000014
0.23563999999999993
0.23626000000000005
0.23614999999999992
0.23509
0.23319999999999974
0.23372999999999994
0.23296000000000003
0.23444999999999996
0.23175000000000004
0.23391999999999996
0.23246000000000006
0.23400999999999994
0.23505000000000006
0.23376999999999998
0.2320600000000001
0.23099000000000008
0.23087000000000002
0.23151999999999995
0.23213000000000011
0.23389999999999997
0.23299999999999998
0.23146999999999995
0.23082
0.23071999999999998
0.23296
0.23357999999999998
0.23232
0.23385000000000006
0.23222999999999996
0.23205
0.23243000000000003
0.23331000000000002
0.23435000000000009
0.23448000000000008
0.23286000000000004
0.2359400000000001
0.23454999999999998
0.23268000000000005
0.23328999999999997
0.23495000000000005
0.23388999999999996
0.2324799999999999
0.23134000000000005
0.23144000000000006
0.23322999999999997
0.23273000000000002
0.23398
0.23309000000000016
0.23107
0.23244000000000006
0.23359999999999992
0.23613999999999996
0.23743999999999998
0.2354900000000001
0.23502999999999996
0.23462000000000008
0.23470999999999986
0.23435000000000003
0.2333300000000001
0.23003999999999994
0.23166
0.23340999999999998
0.23439000000000004
0.23532000000000003
0.23398000000000002
0.23524999999999996
0.23455
0.23409
0.23444999999999996
0.2323100000000001
0.23304
0.23457000000000008
0.23358000000000004
0.23301999999999992
0.23302999999999996
0.2329900000000001
0.23001000000000002
0.23211000000000007
0.23101
0.23220999999999997
0.2316800000000001
0.23153
0.23252999999999996
0.23258000000000004
0.23190999999999992
0.23114
0.23187999999999992
0.23306999999999994
0.23270000000000007
0.23436000000000004
0.23483000000000004
0.23581
0.23495000000000002
0.23508000000000007
0.2346500000000001
0.23343999999999998
0.23285999999999998
0.23502000000000012
0.23370999999999997
0.2325100000000001
0.23248999999999997
0.23121
0.23052000000000017
0.23391000000000017
0.23434000000000005
0.23394999999999996
0.23599000000000003
0.23517000000000002
0.23375000000000004
0.23325000000000007
0.23392
0.23451999999999998
0.2351
0.23404000000000003
0.23173000000000002
0.23253999999999997
0.23198999999999997
0.23203
0.23218000000000008
0.23453
0.23268000000000005
0.23070000000000004
0.22978
0.23240000000000013
0.23205999999999993
0.23117000000000015
0.23372999999999997
0.23397000000000012
0.23326999999999995
0.23436999999999997
0.23270000000000013
0.2327
0.2313300000000001
0.23085999999999987
0.23273000000000013
0.2322
0.23441000000000006
0.23617000000000002
0.23580000000000007
0.23412
0.2340600000000001
0.23539000000000004
0.23604999999999998
0.23445
0.23460000000000011
0.23202000000000025
0.23248000000000005
0.23436999999999997
0.23249000000000009
0.23141999999999996
0.23218000000000003
0.23379999999999998
0.23316000000000003
0.2349499999999999
0.2336900000000001
0.2347
0.2340900000000001
0.23346000000000008
0.23359999999999995
0.23379000000000008
0.23405
0.2326300000000001
0.23192000000000004
0.23191000000000017
0.23115000000000005
0.2303700000000001
0.22881
0.23185000000000003
0.23049
0.23145999999999997
0.2321500000000001
0.23182
0.23282
0.23386999999999994
0.23183
0.2314800000000001
0.23124000000000008
0.23027999999999996
0.2314
0.23194000000000004
0.23287
0.2333199999999999
0.23314000000000007
0.23188999999999996
0.23543000000000006
0.23470000000000005
0.23327
0.23344999999999996
0.23359
0.23375000000000007
0.23400999999999988
0.23139999999999994
0.23195
0.2348
0.23386999999999994
0.23163999999999998
0.23126000000000013
0.23085999999999998
0.23130999999999996
0.235
0.2338900000000001
0.23209000000000002
0.23346999999999998
0.23113000000000006
0.23329999999999995
0.2337299999999999
0.23349999999999999
0.23218
0.23537
0.23417999999999992
0.23448
0.23441999999999996
0.23482999999999998
0.23532000000000008
0.23323999999999998
0.2339500000000001
0.23232000000000003
0.2316100000000001
0.23245000000000005
0.23562999999999995
0.23583999999999994
0.23367000000000013
0.23484999999999995
0.23445000000000008
0.2337299999999999
0.23310999999999996
0.23376000000000005
0.23232999999999998
0.2324400000000001
0.23276
0.2348
0.23513000000000006
0.2339
0.23334000000000002
0.23231000000000013
0.23213999999999996
0.2289700000000001
0.2299799999999999
0.2312099999999999
0.23273999999999997
0.23245999999999994
0.23422000000000007
0.23421000000000006
0.23288
0.2329200000000001
0.23404999999999998
0.23315000000000005
0.23331000000000013
0.2337900000000001
0.23317
0.23441999999999996
0.23663999999999993
0.23444000000000007
0.23389999999999994
0.23471000000000025
0.23447000000000007
0.2328900000000001
0.23065999999999995
0.23139999999999997
0.23089
0.23035
0.23019999999999996
0.23180000000000006
0.23145999999999997
0.23279999999999995
0.23238000000000006
0.23390999999999995
0.23414000000000001
0.23353000000000004
0.23304000000000002
0.23360999999999993
0.23363
0.23338000000000003
0.23304000000000002
0.23138000000000006
0.23143
0.23138000000000009
0.23179000000000005
0.22960999999999998
0.23095000000000002
0.23271999999999998
0.23330999999999993
0.23142999999999997
0.22837000000000005
0.22899999999999995
0.23104999999999998
0.23166000000000012
0.23370000000000005
0.23377000000000006
0.23307999999999995
0.23432000000000006
0.23292
0.23229
0.23091999999999996
0.23219
0.23405
0.23365
0.23564000000000007
0.23560999999999999
0.23454999999999998
0.23492999999999992
0.23513000000000012
0.23492999999999997
0.23333
0.23582999999999996
0.23494
0.23587000000000014
0.23510999999999993
0.23488999999999988
0.23436999999999997
0.23342999999999986
0.23090000000000002
0.23458000000000007
0.2312700000000001
0.23444999999999996
0.23607000000000014
0.23587999999999998
0.23515000000000005
0.23502000000000003
0.23263
0.23262000000000005
0.23323
0.23336999999999994
0.23537
0.2359200000000001
0.23543000000000006
0.23438999999999993
0.23394000000000006
0.2375
0.23574
0.23551000000000005
0.23655000000000015
0.23571
0.2358400000000001
0.23609
0.23632
0.23426000000000008
0.23352000000000003
0.23346999999999998
0.23316000000000006
0.2335400000000002
0.23547000000000004
0.23295999999999994
0.2334
0.23376000000000005
0.23279000000000002
0.23317000000000004
0.23182000000000016
0.23177000000000011
0.23394
0.23488
0.23501000000000002
0.23147
0.23256
0.2327399999999999
0.23268000000000005
0.23180000000000006
0.23441000000000006
0.23363000000000006
0.23580000000000015
0.23279000000000014
0.23385000000000009
0.23445999999999995
0.23350999999999988
0.23368000000000005
0.23209000000000007
0.23247999999999994
0.23345000000000005
0.23329999999999995
0.23181000000000007
0.23019000000000006
0.22927000000000006
0.23022999999999993
0.23213999999999987
0.23292
0.23270000000000002
0.2347500000000001
0.23528
0.23413000000000006
0.23349000000000003
0.2328800000000001
0.23248999999999995
0.23197000000000018
0.23041
0.23238
0.23145000000000004
0.23052000000000006
0.23321999999999998
0.23079000000000005
0.2321800000000001
0.23207000000000008
0.23364999999999994
0.23427000000000003
0.23432000000000008
0.23207000000000005
0.23144000000000006
0.23030999999999988
0.2301300000000002
0.22958
0.22905000000000006
0.23104
0.23505999999999994
0.23347999999999988
0.23402999999999988
0.23586000000000007
0.23623000000000002
0.23424000000000006
0.23437000000000005
0.23513
0.23299000000000003
0.23087999999999995
0.22863000000000003
0.23223999999999992
0.2351499999999999
0.23477000000000003
0.23273
0.2328600000000001
0.23283000000000004
0.23374999999999996
0.2325700000000001
0.2306
0.23114000000000004
0.23339999999999997
0.23200000000000004
0.2310000000000001
0.23191000000000014
0.23216
0.23096
0.23137
0.22938
0.2307199999999999
0.23036
0.23253000000000004
0.23230000000000015
0.23306000000000007
0.23338000000000012
0.23207999999999995
0.23019999999999993
0.23328
0.2346499999999999
0.23478999999999994
0.23531
0.23273999999999984
0.23042999999999997
0.23062000000000005
0.23170999999999997
0.23349
0.23213999999999999
0.23343000000000003
0.23266999999999988
0.23304000000000014
0.23378999999999997
0.23573999999999998
0.23409999999999997
0.23472000000000004
0.23278000000000013
0.23258000000000006
0.23502000000000003
0.23377000000000003
0.23335000000000006
0.23163999999999996
0.23124000000000014
0.23340000000000002
0.23115999999999995
0.22893
0.22961
0.23118999999999995
0.23123000000000005
0.23144000000000006
0.23273000000000002
0.23420999999999995
0.23453999999999994
0.23502000000000003
0.23553999999999997
0.23321000000000006
0.23064999999999994
0.22966999999999999
0.23230999999999993
0.23097000000000004
0.23183000000000017
0.23331
0.2339400000000001
0.2333700000000001
0.23329999999999998
0.2340200000000001
0.23026000000000008
0.22905000000000006
0.23167
0.23225000000000004
0.23214999999999997
0.23124000000000003
0.23281
0.23178
0.2329200000000001
0.23242999999999983
0.23254000000000005
0.23310000000000014
0.23426
0.23441000000000004
0.23305000000000003
0.23592000000000002
0.23612000000000005
0.23445000000000005
0.23512000000000005
0.23542000000000013
0.23285000000000008
0.23377999999999993
0.23393999999999998
0.23434000000000008
0.23621000000000017
0.23517999999999994
0.23223000000000005
0.23208000000000006
0.23443000000000003
0.23490000000000003
0.23494000000000015
0.23505000000000006
0.2351600000000001
0.23615000000000008
0.23667000000000024
0.23667000000000002
0.23423999999999995
0.23553999999999992
0.23232999999999998
0.23319000000000006
0.23520000000000008
0.23565000000000003
0.23432999999999995
0.23381000000000007
0.2351100000000001
0.23499999999999996
0.23528000000000004
0.23383999999999994
0.23405999999999996
0.23623999999999995
0.23514999999999986
0.23698000000000022
0.23483000000000015
0.23390000000000005
0.2323400000000001
0.23215000000000008
0.23181999999999994
0.23314000000000007
0.2325300000000001
0.23149999999999987
0.23163999999999998
0.23151
0.23195000000000005
0.23344000000000012
0.23357999999999998
0.23655999999999996
0.23640000000000005
0.23367000000000013
0.23357999999999998
0.23303999999999994
0.2317599999999999
0.23301999999999995
0.23351999999999998
0.23262
0.23297000000000012
0.23246000000000008
0.23337999999999998
0.23322000000000007
0.23421000000000003
0.23154
0.23220999999999992
0.23348999999999998
0.2334999999999999
0.23143000000000005
0.23145
0.23209999999999997
0.23274999999999996
0.23386000000000004
0.23402000000000003
0.23296000000000003
0.23392999999999994
0.23527
0.23481999999999992
0.23625000000000004
0.2356000000000001
0.23628000000000007
0.23588
0.23613000000000006
0.23393
0.23143000000000008
0.22981
0.23171000000000005
0.23128000000000004
0.23116
0.23372999999999994
0.2344000000000001
0.23449999999999996
0.23415000000000002
0.23218000000000008
0.23167000000000001
0.23056
0.23302000000000003
0.23393
0.23479000000000005
0.23420000000000005
0.23518
0.2366100000000001
0.23528
0.2327000000000002
0.23373000000000002
0.23137
0.2338300000000001
0.23308000000000018
0.23333999999999994
0.23351999999999992
0.2346000000000001
0.23521999999999996
0.23386000000000004
0.23688999999999993
0.2344199999999999
0.23229999999999998
0.23143
0.22988999999999998
0.22963
0.23079999999999998
0.23091
0.23407000000000008
0.23310000000000003
0.23392000000000002
0.23261999999999997
0.23416000000000006
0.23589
0.23503000000000004
0.23509
0.23561000000000004
0.23559000000000008
0.23643
0.23142999999999994
0.23249999999999996
0.23424000000000011
0.2365200000000001
0.2342
0.23385999999999996
0.23499999999999996
0.23764
0.23584999999999998
0.23553000000000016
0.23560000000000003
0.23526000000000008
0.23528999999999992
0.23475999999999997
0.23281000000000002
0.23245000000000013
0.23147000000000006
0.23503000000000004
0.2361599999999999
0.23418999999999998
0.23537999999999998
0.2359700000000001
0.23619999999999994
0.23614000000000004
0.23477999999999993
0.23344999999999996
0.23212
0.23485000000000011
0.23448000000000008
0.23424000000000011
0.23562999999999998
0.23529000000000014
0.23552
0.2335100000000001
0.23226000000000002
0.23213000000000006
0.23280000000000003
0.2334299999999999
0.23305
0.23452
0.2326600000000001
0.23104999999999998
0.23293000000000003
0.23160000000000008
0.23409999999999997
0.23421000000000006
0.23345000000000005
0.23201000000000008
0.23428000000000007
0.23260999999999998
