0.19999999999999962
0.28096000000000004
0.3955200000000001
0.44133
0.4648899999999998
0.46779000000000004
0.47086999999999973
0.4756199999999998
0.47746999999999984
0.4765500000000003
0.4746999999999998
0.47559000000000007
0.4760299999999998
0.4754499999999999
0.4712399999999998
0.47497000000000006
0.47779000000000005
0.47838
0.4769100000000001
0.47741
0.47683000000000014
0.4741299999999999
0.47442999999999996
0.47290999999999994
0.47544
0.47583000000000003
0.4742700000000001
0.47415000000000007
0.47450000000000003
0.4739100000000001
0.4744100000000001
0.47658000000000006
0.47212
0.47395
0.46836
0.4716899999999999
0.4754499999999997
0.47606000000000004
0.47254000000000007
0.4756099999999999
0.47586000000000006
0.47367
0.47424000000000016
0.4748800000000001
0.47326999999999997
0.47389000000000003
0.47656999999999977
0.47412
0.47361000000000003
0.47165999999999997
0.47284
0.4731
0.47652999999999984
0.4754799999999999
0.47541000000000005
0.47693000000000035
0.4772099999999998
0.47523
0.4741199999999999
0.47275
0.4752699999999999
0.47592
0.4747599999999999
0.4758199999999999
0.4753599999999999
0.47529999999999994
0.4732699999999997
0.47397000000000006
0.47393999999999986
0.47329999999999983
0.4727799999999999
0.47680000000000006
0.47729000000000005
0.4740700000000001
0.47399999999999975
0.47419000000000006
0.47731
0.47755000000000003
0.47563999999999995
0.4731200000000001
0.4713599999999999
0.4736000000000001
0.47597000000000017
0.4736799999999998
0.47321999999999986
0.47373000000000004
0.4756700000000001
0.4732799999999998
0.4727000000000001
0.4741800000000002
0.4752999999999999
0.47446
0.47258000000000033
0.4748099999999998
0.4743700000000002
0.47617999999999994
0.4761400000000001
0.47813
0.47492999999999985
0.4754500000000002
0.47484000000000004
0.47397999999999996
0.47526000000000024
0.4752399999999997
0.4750600000000001
0.47376999999999997
0.47312000000000026
0.47598000000000007
0.47333
0.4712399999999998
0.4773900000000001
0.47599
0.4744699999999999
0.4737200000000001
0.4750700000000002
0.47263999999999967
0.4731000000000001
0.4739300000000001
0.4736000000000001
0.4738100000000001
0.4771299999999998
0.4752899999999998
0.47323000000000015
0.4728
0.47295999999999994
0.47275999999999985
0.47304999999999997
0.47570000000000007
0.4725500000000002
0.47338000000000013
0.4738700000000001
0.47496999999999995
0.4757499999999999
0.4770200000000001
0.47394000000000003
0.4731200000000001
0.47523000000000004
0.4737200000000001
0.4737899999999998
0.4736100000000001
0.47399000000000013
0.47347000000000017
0.47719000000000006
0.47683999999999993
0.4767699999999998
0.47828
0.47556000000000004
0.47113000000000005
0.4715699999999999
0.47505
0.47340000000000027
0.47681999999999997
0.4752500000000001
0.4765900000000002
0.47826
0.4763199999999997
0.4746599999999999
0.47487999999999997
0.47685000000000016
0.47628999999999977
0.47503000000000006
0.47454
0.47489000000000003
0.4732700000000001
0.4743400000000001
0.47087999999999997
0.47475000000000006
0.4751799999999999
0.47526999999999986
0.4758099999999997
0.4733499999999997
0.47504000000000024
0.47433
0.47446000000000005
0.4749299999999998
0.47351000000000004
0.4762899999999999
0.47354000000000007
0.4769600000000002
0.47563999999999984
0.4738100000000001
0.47479
0.47550000000000003
0.47733999999999993
0.47388999999999976
0.47487
0.47546
0.47773999999999994
0.47681999999999997
0.47240000000000004
0.47442
0.4741599999999999
0.4801299999999999
0.47690999999999995
0.4768099999999999
0.47602999999999995
0.4741800000000002
0.47767999999999994
0.4772699999999998
0.47525
0.47624999999999984
0.4751000000000001
0.47339000000000014
0.47431000000000006
0.4724200000000001
0.4745799999999999
0.4747000000000001
0.47559000000000007
0.4761199999999997
0.47421
0.47767000000000004
0.47687000000000007
0.47943999999999987
0.4774199999999999
0.4745000000000001
0.4727899999999999
0.47320000000000007
0.47623999999999983
0.47380999999999984
0.47454999999999997
0.47696999999999995
0.47775999999999996
0.47784999999999994
0.4734999999999999
0.47789999999999994
0.4746300000000001
0.4764100000000002
0.4769000000000003
0.47653
0.47737999999999997
0.47619
0.47454000000000013
0.47485999999999995
0.4755300000000002
0.47553999999999985
0.4770200000000001
0.47592999999999996
0.47630999999999996
0.4778899999999996
0.47345000000000015
0.47525999999999996
0.47617
0.47296999999999983
0.47524
0.47402999999999984
0.47703999999999985
0.47396999999999984
0.4745700000000001
0.4761900000000001
0.47686
0.47506
0.4746500000000001
0.4745799999999998
0.4739599999999999
0.47413000000000016
0.4765500000000001
0.4733799999999998
0.4727699999999998
0.4773600000000001
0.4774600000000001
0.47365999999999997
0.4756100000000001
0.47575999999999985
0.4748599999999998
0.47405
0.47585
0.47566000000000025
0.4782
0.4750200000000001
0.47271999999999986
0.4735500000000002
0.4727000000000002
0.4724599999999999
0.4701100000000002
0.47605999999999987
0.4758499999999999
0.47669999999999996
0.47550999999999993
0.4717800000000003
0.4749700000000003
0.47478999999999993
0.47347000000000006
0.47544999999999993
0.4754599999999997
0.4767
0.47585
0.47670999999999986
0.47398999999999986
0.4762799999999997
0.47644999999999976
0.47620000000000023
0.47354000000000007
0.47528999999999977
0.47134999999999994
0.4728899999999999
0.47450000000000003
0.4745700000000001
0.4736499999999999
0.4767200000000001
0.4753
0.47281000000000006
0.4741
0.4726099999999998
0.4758399999999999
0.47705000000000003
0.4782199999999998
0.47326
0.4766099999999998
0.4758799999999999
0.47595
0.47490000000000004
0.47791999999999996
0.47659999999999997
0.47598
0.47301999999999983
0.47203999999999996
0.47419000000000006
0.47578
0.47492999999999985
0.47686999999999996
0.47794000000000003
0.47662999999999994
0.4759799999999999
0.47492000000000006
0.4757100000000001
0.4722299999999999
0.47278999999999977
0.47497
0.47374000000000005
0.47300000000000003
0.4745099999999999
0.47672
0.4778499999999999
0.47342999999999974
0.47261
0.4737199999999999
0.47412999999999983
0.4746000000000001
0.47315999999999997
0.47245
0.47185000000000005
0.47148
0.47365999999999997
0.47656000000000015
0.4764699999999999
0.4774699999999998
0.4758599999999999
0.4774899999999998
0.4766399999999998
0.47268
0.47365999999999997
0.47320999999999996
0.4756899999999999
0.4757700000000002
0.47390000000000015
0.47509999999999986
0.4732200000000001
0.4744999999999998
0.4768700000000002
0.4721100000000002
0.47418
0.4752700000000001
0.47603
0.47637
0.47664
0.4747600000000003
0.47521000000000024
0.4757999999999999
0.4780300000000001
0.47664000000000006
0.47455
0.47450999999999977
0.47694
0.47510999999999987
0.4767699999999999
0.47597
0.4763099999999998
0.47490000000000004
0.47389999999999993
0.4738299999999998
0.4752800000000002
0.47477999999999987
0.47315999999999975
0.4767400000000002
0.47325999999999985
0.4754
0.47552000000000016
0.47714000000000006
0.4765099999999998
0.47235999999999995
0.4735400000000002
0.47250999999999993
0.47611999999999993
0.47637999999999997
0.47497
0.47414000000000006
0.47324999999999995
0.47584000000000015
0.47548
0.47508000000000017
0.4800899999999999
0.47741999999999973
0.4755599999999999
0.4758599999999999
0.4733
0.47165000000000007
0.47093999999999986
0.4728799999999999
0.47452999999999995
0.4756
0.47487000000000007
0.47546999999999995
0.47450999999999993
0.47379
0.4764500000000001
0.47559999999999997
0.4741099999999999
0.4751300000000001
0.47686999999999985
0.47629000000000027
0.4738400000000001
0.47381999999999996
0.4748000000000001
0.47687999999999997
0.47571999999999987
0.47437000000000007
0.47577999999999987
0.47837
0.47585999999999984
0.47503999999999974
0.4769599999999999
0.47787999999999997
0.4752499999999999
0.47334
0.47424999999999995
0.4764899999999999
0.47562999999999994
0.4726100000000002
0.47442000000000006
0.47326999999999997
0.47371
0.4783200000000001
0.4754099999999999
0.47556
0.47393000000000013
0.47487000000000007
0.4757899999999999
0.47442999999999996
0.47379999999999983
0.4740300000000001
0.4767000000000002
0.47388999999999987
0.47515999999999986
0.4772999999999999
0.4744300000000001
0.4733600000000001
0.47575
0.47164
0.47262999999999983
0.4726000000000001
0.47593000000000013
0.47464
0.4722299999999999
0.47303000000000006
0.47375
0.4728
0.47309999999999997
0.47294000000000014
0.47406000000000015
0.47411999999999993
0.47635000000000005
0.47708
0.4783999999999999
0.4751500000000001
0.4755599999999999
0.47401999999999994
0.47564999999999985
0.4750800000000001
0.47512000000000015
0.47376000000000024
0.47376000000000007
0.4753
0.47419000000000017
0.4711800000000001
0.47453999999999985
0.47404
0.47503999999999996
0.4747800000000001
0.47526
0.4735299999999998
0.4746599999999998
0.47345000000000015
0.47512
0.4751400000000002
0.4744200000000003
0.47663999999999995
0.4744
0.4768800000000002
0.47602000000000017
0.4738
0.47518999999999983
0.47278
0.47458
0.47453999999999996
0.47501000000000004
0.47372999999999993
0.47397999999999985
0.47485999999999967
0.47705
0.47692
0.47546000000000005
0.47590999999999994
0.4705399999999999
0.47379999999999994
0.4763299999999998
0.47317999999999993
0.4764100000000001
0.4762700000000002
0.4748800000000001
0.4754299999999999
0.4739099999999999
0.47398
0.4759800000000002
0.4760899999999999
0.4765399999999999
0.47731
0.4759599999999998
0.47496000000000016
0.47586000000000006
0.4756099999999999
0.4775699999999998
0.47631999999999997
0.47757000000000027
0.47387999999999986
0.47743
0.47542
0.4736899999999998
0.4746799999999999
0.47484999999999983
0.47672
0.47608999999999996
0.47482999999999975
0.47559999999999997
0.4757100000000001
0.47338999999999987
0.47552
0.47706999999999994
0.47869999999999985
0.47668999999999984
0.4761599999999999
0.4731899999999999
0.47390999999999983
0.4761499999999998
0.4740699999999999
0.4770199999999999
0.47626000000000007
0.47471999999999975
0.4768399999999998
0.47456999999999994
0.4786900000000001
0.47304
0.4736599999999997
0.47454999999999997
0.47490999999999983
0.47482000000000013
0.4737899999999997
0.47631999999999985
0.47636999999999985
0.47561999999999993
0.47592000000000007
0.4745
0.4737600000000002
0.47381000000000023
0.47403
0.4729399999999999
0.47523000000000015
0.4752299999999999
0.4764299999999999
0.47275
0.4740299999999998
0.47482
0.47487000000000007
0.4743400000000002
0.47534000000000004
0.4755099999999998
0.47260999999999986
0.47387
0.4754999999999998
0.4743900000000004
0.47432999999999986
0.47273999999999977
0.47501999999999994
0.47550999999999993
0.4758399999999998
0.47647000000000006
0.47480000000000006
0.47393999999999986
0.47564999999999985
0.4750799999999999
0.4769400000000001
0.47439000000000014
0.47639
0.4734799999999999
0.47212999999999994
0.47246999999999983
0.4761899999999997
0.4746999999999999
0.47586000000000006
0.47678
0.47746999999999984
0.47646000000000016
0.47433
0.4759600000000001
0.4721099999999999
0.47506000000000015
0.47633999999999993
0.4742199999999998
0.4745999999999999
0.4741499999999999
0.4736800000000001
0.47224
0.4741700000000001
0.47594999999999976
0.4735499999999999
0.47563999999999995
0.4766099999999999
0.4763
0.47719
0.47829999999999984
0.4754800000000002
0.47478999999999993
0.47336000000000006
0.4730300000000002
0.47462999999999994
0.4769499999999999
0.4734199999999998
0.4760900000000002
0.47245999999999966
0.47309999999999997
0.47616000000000014
0.47548000000000007
0.47444999999999987
0.4745200000000001
0.4763300000000001
0.4737300000000001
0.4738
0.4730099999999999
0.47381
0.47147
0.47342999999999974
0.4727299999999998
0.4730799999999998
0.4737899999999998
0.4747399999999999
0.4710899999999999
0.47481
0.4748300000000001
0.47657999999999995
0.47555000000000036
0.47635999999999973
0.47441999999999995
0.47547999999999996
0.4754699999999999
0.47373000000000004
0.47291000000000016
0.47674
0.47446999999999967
0.4745600000000001
0.47581
0.4756
0.47729999999999984
0.47318000000000005
0.47463000000000016
0.4754699999999999
0.47467
0.4740699999999998
0.47756000000000015
0.4739800000000001
0.4745999999999999
0.4768200000000002
0.47562999999999994
0.47508999999999996
0.4734299999999999
0.47488000000000014
0.47694999999999993
0.4738499999999999
0.47536999999999985
0.4764800000000001
0.4746300000000001
0.47387999999999975
0.4739100000000001
0.4746300000000001
0.47318000000000005
0.47359000000000023
0.47702
0.4767200000000002
0.4791299999999998
0.47659000000000007
0.4757599999999998
0.4784399999999998
0.47780000000000006
0.47533000000000003
0.47548999999999964
0.47275999999999996
0.4751899999999999
0.47548000000000007
0.4737700000000002
0.47515999999999997
0.4749200000000001
0.47368999999999983
0.4752999999999998
0.47551999999999983
0.47412000000000004
0.47570000000000007
0.47575000000000034
0.47601
0.4735099999999999
0.4766099999999999
0.47544999999999993
0.47409000000000007
0.47399
0.4751400000000001
0.47702
0.4766500000000001
0.4743699999999999
0.4751899999999999
0.4767200000000001
0.47603999999999985
0.4771299999999999
0.47423000000000004
0.47606999999999994
0.47477000000000014
0.47497999999999985
0.4721200000000001
0.47642999999999974
0.4756700000000001
0.4774500000000002
0.4760499999999998
0.47454999999999997
0.4737100000000001
0.47265999999999975
0.4735499999999999
0.47717
0.4732000000000001
0.47407999999999995
0.4744100000000001
0.47639
0.4793399999999999
0.47422999999999993
0.4762799999999999
0.47513999999999995
0.47553999999999985
0.47414999999999985
0.47514
0.4736000000000003
0.4728500000000001
0.4743900000000001
0.47532000000000013
0.47263
0.47206
0.4771399999999999
0.47694000000000003
0.47586000000000006
0.47463
0.47541999999999995
0.4780999999999998
0.47538
0.4753200000000002
0.4729999999999998
0.4759299999999999
0.4753900000000001
0.47389000000000003
0.47306000000000004
0.4736099999999999
0.4724299999999998
0.47498999999999997
0.47584
0.47595999999999994
0.47609000000000007
0.4756000000000001
0.47395000000000004
0.4731299999999999
0.47391
0.47539000000000003
0.4744899999999999
0.47705
0.47719999999999985
0.47654
0.4746699999999999
0.4749499999999998
0.47465
0.47371999999999986
0.4755099999999998
0.4721699999999999
0.4758199999999998
0.4772599999999999
0.4775
0.4768300000000001
0.47462
0.4742399999999998
0.47468999999999995
0.4749900000000002
0.47618999999999995
0.47606000000000004
0.47458999999999996
0.47437999999999986
0.47553000000000006
0.4759500000000002
0.47278000000000003
0.4741299999999998
0.47447999999999957
0.47540000000000016
0.47354999999999997
0.47233000000000014
0.47376999999999986
0.47596000000000016
0.4764399999999999
0.4795599999999999
0.4752699999999999
0.47718000000000005
0.47565000000000024
0.47294
0.4729999999999998
0.47468999999999995
0.4759199999999999
0.4741799999999998
0.4719300000000001
0.47477
0.4765899999999999
0.4746100000000002
0.4766800000000002
0.4756800000000001
0.4736700000000001
0.47527999999999987
0.4743499999999999
0.47366999999999976
0.47563000000000016
0.47840999999999995
0.47424000000000016
0.47613
0.47884000000000015
0.4770700000000001
0.4755100000000002
0.4766099999999998
0.47607999999999995
0.47538
0.4767599999999998
0.4746599999999999
0.47473999999999983
0.47552000000000005
0.4759099999999998
0.47394
0.47381000000000006
0.47484000000000004
0.47537
0.47653999999999996
0.4744399999999998
0.47696
0.47469
0.47327000000000014
0.4724499999999999
0.47485
0.47664000000000006
0.4745300000000001
0.47206000000000004
0.47190999999999994
0.4769699999999999
0.47768999999999984
0.47741
0.4731499999999999
0.4762700000000001
0.47536000000000017
0.47886999999999985
0.47694999999999976
0.47620000000000007
0.47828999999999994
0.4759
0.4730099999999999
0.4755300000000001
0.4752500000000001
0.4755499999999997
0.47369000000000006
0.47570000000000034
0.4740999999999999
0.47593999999999986
0.47601000000000004
0.47604000000000013
0.4781500000000002
0.4757600000000001
0.47542
0.47363000000000016
0.47551999999999994
0.4739799999999999
0.4737499999999998
0.47420999999999985
0.4725000000000001
0.4723599999999999
0.4739399999999999
0.4747700000000002
0.47379999999999994
0.47839000000000004
0.47731999999999997
0.47380999999999995
0.4740399999999999
0.47623999999999983
0.4774399999999999
0.4755000000000002
0.4757900000000001
0.47553999999999985
0.4771700000000002
0.4721400000000001
0.4737800000000002
0.47491000000000017
0.4761900000000001
0.47264
0.4760500000000001
0.47809999999999997
0.47654
0.47578000000000004
0.4735999999999998
0.47576999999999986
0.47588999999999987
0.4756700000000001
0.4778299999999998
0.4774899999999998
0.47363000000000005
0.47642
0.4764000000000001
0.4754399999999998
0.47506000000000026
0.4749300000000002
0.4745699999999997
0.4757100000000001
0.47590000000000027
0.4728899999999998
0.47386999999999974
0.47512
0.47527999999999987
0.47523000000000015
0.47537000000000007
0.47783999999999965
0.47645
0.4741599999999999
0.4766799999999998
0.47633
0.47625
0.47385
0.47438
0.47674000000000016
0.4730099999999997
0.47584
0.4752400000000001
0.4753899999999999
0.47645000000000026
0.47503999999999996
0.4767000000000002
0.4776199999999999
0.47375999999999996
0.47654999999999986
0.47531000000000007
0.4746400000000003
0.47319999999999984
0.47545000000000004
0.4750700000000001
0.47509999999999997
0.4752600000000001
0.47670000000000007
0.47540000000000004
0.47533999999999976
0.4758200000000001
0.47434999999999994
0.4749799999999996
0.47320000000000007
0.4748699999999999
0.47383
0.4717099999999999
0.47301000000000015
0.47778
0.4767000000000002
0.4731000000000001
0.47273000000000026
0.47684
0.47759
0.4776499999999999
0.47569
0.4754700000000001
0.4749900000000002
0.4744
0.47343
0.47552000000000005
0.47509000000000023
0.47496999999999984
0.47558
0.47401999999999994
0.47740999999999995
0.4755000000000001
0.4733600000000001
0.4722699999999998
0.4744900000000002
0.47247
