0.0
0.0
0.0
0.0
0.0
0.0
0.0
0.032092699999999995
0.06369300000000001
0.08603260000000004
0.10654930000000001
0.12749570000000005
0.14746399999999996
0.1663347
0.18461619999999995
0.2018569
0.21879220000000008
0.2344106000000002
0.2491824000000002
0.26358210000000004
0.2774319
0.2905709
0.30288890000000007
0.3146248
0.3260732000000002
0.336865
0.3474056999999998
0.35730239999999996
0.3670321999999999
0.3760915999999998
0.38483750000000017
0.3932567999999999
0.40143910000000005
0.4091657999999999
0.416566
0.4236735999999998
0.43043050000000016
0.4370485000000003
0.4437407000000001
0.4497553000000002
0.45565830000000007
0.46140440000000005
0.4668638999999999
0.47211659999999994
0.4772961
0.4824251999999997
0.4871239000000002
0.4917959000000001
0.4962822
0.5006645000000003
0.5050756999999999
