0.19999999999999962
0.2857499999999999
0.4944399999999998
0.3946100000000002
0.4884499999999998
0.4020100000000001
0.48129999999999973
0.41102000000000005
0.47125
0.41816999999999993
0.46718
0.42255
0.4625600000000002
0.42682000000000014
0.4591100000000001
0.42998999999999993
0.4572400000000002
0.4302199999999997
0.45533
0.4349799999999999
0.4540100000000001
0.4338299999999999
0.4506999999999999
0.43668
0.4487700000000001
0.4394200000000001
0.4457700000000001
0.44356000000000023
0.44597999999999993
0.4407300000000001
0.4464699999999999
0.4400900000000001
0.44485000000000013
0.4423100000000001
0.44598000000000027
0.44370000000000026
0.4424300000000003
0.44479
0.44128999999999996
0.4442999999999999
0.44349999999999995
0.44343999999999995
0.44463
0.44362
0.44498999999999994
0.44227999999999995
0.4465199999999999
0.4398499999999999
0.44896000000000014
0.44077999999999984
0.44628999999999996
0.44158000000000014
0.44507000000000024
0.44412999999999997
0.44117999999999974
0.44782999999999973
0.44183
0.44655
0.4417899999999999
0.4450700000000002
0.4425100000000001
0.44703000000000004
0.44096999999999975
0.44418000000000013
0.4414200000000001
0.44490999999999997
0.44396000000000013
0.44340999999999975
0.44139000000000034
0.44473
0.44238
0.4432799999999999
0.4423500000000001
0.44483999999999996
0.4423000000000002
0.4451799999999999
0.44323
0.44625000000000015
0.44177999999999995
0.4460900000000001
0.44181000000000004
0.44399000000000016
0.4427
0.43996
0.4445500000000003
0.44335999999999987
0.4445900000000001
0.44525
0.4432999999999999
0.4455799999999998
0.44243999999999983
0.4462100000000001
0.4433799999999998
0.4439400000000001
0.44504
0.44432999999999984
0.44320000000000015
0.4445500000000001
0.44449
0.4440199999999998
0.4428600000000001
0.44352
0.44184999999999985
0.4441799999999998
0.4437000000000001
0.44237000000000004
0.4447700000000001
0.44150000000000006
0.4444200000000004
0.44293000000000005
0.44170000000000004
0.4427200000000001
0.44362
0.44705
0.4413700000000001
0.44420000000000015
0.44521000000000016
0.4423200000000002
0.44289000000000006
0.44282999999999995
0.4417499999999999
0.44492
0.44449000000000005
0.44613000000000014
0.4422100000000001
0.4435099999999999
0.44301999999999997
0.4460299999999999
0.4420400000000001
0.4458400000000002
0.4423
0.44693999999999984
0.44059000000000004
0.44535999999999987
0.4423599999999998
0.44529999999999986
0.4434000000000001
0.4437000000000002
0.44538000000000005
0.4408399999999999
0.44628000000000023
0.4423700000000001
0.44551
0.44131
0.44323999999999986
0.4434900000000003
0.44610999999999995
0.4396300000000001
0.44599000000000016
0.439
0.4476600000000001
0.4389100000000002
0.44428000000000006
0.44316000000000016
0.44675999999999993
0.44029999999999986
0.44498999999999994
0.4434200000000002
0.44238999999999995
0.44482000000000016
0.4457200000000001
0.4436699999999999
0.44465000000000005
0.4426900000000002
0.44476
0.4424600000000001
0.44756999999999986
0.4445900000000001
0.44377000000000016
0.44409000000000004
0.4425999999999999
0.44235
0.4434999999999999
0.4428499999999999
0.44266
0.4445400000000002
0.44243999999999994
0.44405999999999984
0.44313000000000025
0.4424000000000002
0.4437099999999999
0.4424
0.44451999999999997
0.44432000000000005
0.44229999999999997
0.4457
0.44174000000000013
0.44660999999999995
0.44299
0.4438000000000002
0.44023999999999996
0.44487999999999983
0.4416000000000001
0.44589999999999974
0.44184999999999997
0.4444500000000001
0.4415100000000003
0.4470100000000001
0.43815999999999994
0.4470999999999999
0.44258000000000003
0.4436900000000001
0.4422899999999999
0.44550000000000023
0.44349000000000005
0.44465000000000016
0.4434399999999999
0.44496000000000024
0.44159
0.4435800000000001
0.44493000000000005
0.44458000000000025
0.44298000000000004
0.4453400000000001
0.44168
0.4443000000000001
0.44284000000000007
0.4463999999999999
0.4426699999999999
0.44377999999999984
0.4434500000000001
0.44314999999999993
0.4434300000000001
0.4454100000000001
0.4396899999999999
0.4457699999999999
0.4417400000000001
0.4452700000000002
0.4421600000000003
0.4427700000000002
0.4428700000000002
0.44645
0.44000000000000006
0.44370000000000026
0.4424700000000001
0.4446199999999999
0.44175000000000025
0.44489000000000006
0.44331999999999977
0.4455300000000002
0.4410300000000001
0.44502999999999987
0.44159000000000004
0.4441200000000001
0.44319999999999987
0.44506999999999997
0.44162999999999997
0.4454100000000001
0.43957
0.44365999999999983
0.44516000000000006
0.4443000000000001
0.44176000000000004
0.44362000000000007
0.4447
0.44211
0.44436
0.44493000000000005
0.4447999999999999
0.44317000000000006
0.44253999999999977
0.4423600000000001
0.44489000000000006
0.44467
0.4418400000000001
0.44506
0.4413900000000001
0.44737999999999994
0.44146000000000035
0.4441999999999999
0.44295000000000007
0.4432
0.4442000000000001
0.44159000000000004
0.4455000000000001
0.44252
0.4479300000000002
0.4411400000000001
0.4491400000000002
0.4414099999999999
0.4482700000000001
0.4385799999999999
0.4465699999999999
0.44063
0.44411999999999985
0.4430600000000001
0.44506000000000007
0.44228
0.44253000000000015
0.44311000000000006
0.44324999999999987
0.44314
0.44577999999999995
0.44201999999999986
0.44471000000000005
0.4405200000000003
0.44638
0.44272
0.44251000000000007
0.44546000000000013
0.4421100000000001
0.4462
0.44183999999999996
0.44465999999999994
0.44129000000000024
0.44190999999999986
0.4445400000000001
0.44244999999999995
0.44229999999999997
0.44420000000000015
0.4442800000000002
0.44223
0.44282000000000027
0.44327000000000005
0.4424100000000002
0.4458300000000001
0.44323000000000007
0.44696
0.44142000000000003
0.4455900000000002
0.44221
0.4462999999999998
0.44007999999999997
0.44518000000000024
0.44192999999999977
0.4445500000000002
0.4428900000000002
0.4418399999999999
0.4433400000000001
0.4416999999999999
0.44346000000000024
0.4436700000000001
0.4440399999999998
0.44251999999999986
0.44583000000000017
0.4417299999999999
0.44423000000000024
0.44256000000000023
0.4436500000000001
0.44144999999999973
0.44604000000000005
0.44108999999999976
0.4445900000000001
0.4414200000000001
0.44728999999999997
0.4417100000000002
0.4450499999999997
0.44345999999999997
0.44514000000000037
0.44255000000000033
0.44307
0.4419300000000001
0.4429799999999998
0.4429200000000002
0.44389999999999996
0.44399
0.44439000000000006
0.44453000000000004
0.44339999999999996
0.44199
0.44370000000000004
0.44504
0.44355999999999973
0.4430600000000002
0.44478
0.44461999999999974
0.44227000000000005
0.44463
0.44549000000000005
0.44396
0.4444600000000002
0.44300000000000006
0.4455000000000001
0.4421399999999999
0.44715000000000005
0.44238000000000016
0.44299999999999995
0.4446900000000001
0.44179000000000007
0.4450799999999998
0.44349000000000005
0.44317000000000023
0.44012999999999997
0.44659000000000026
0.44179999999999997
0.4449700000000002
0.44129999999999997
0.44566000000000017
0.44383999999999996
0.4438100000000001
0.44464000000000004
0.44415
0.4433800000000003
0.44384999999999997
0.4420599999999999
0.4460899999999998
0.44159000000000004
0.44364999999999993
0.4423399999999998
0.44378999999999996
0.4431300000000001
0.4438800000000001
0.44305000000000005
0.44299
0.4434499999999999
0.44501000000000007
0.44625
0.44122999999999984
0.4458999999999999
0.4425999999999999
0.44419
0.44075
0.44392
0.44409
0.44250999999999996
0.44401
0.44312999999999997
0.4430000000000001
0.44443
0.44354
0.44546000000000013
0.44303
0.44637
0.4424
0.44240999999999986
0.44287999999999994
0.4446100000000001
0.44365000000000004
0.4449700000000001
0.44265000000000027
0.4445499999999999
0.44345
0.44308000000000014
0.44673000000000007
0.4419100000000002
0.4445799999999997
0.44184000000000007
0.44608000000000003
0.4404200000000001
0.4477699999999999
0.43967999999999974
0.4452800000000001
0.4402900000000002
0.44698999999999983
0.44228000000000006
0.4455800000000002
0.44426000000000004
0.4426099999999999
0.4443500000000001
0.44195
0.44494999999999985
0.4424099999999997
0.4455399999999999
0.44216
0.4446800000000002
0.4455700000000001
0.44329000000000024
0.4422200000000003
0.44301999999999997
0.44100000000000017
0.44476999999999994
0.4415599999999999
0.44859999999999994
0.43876999999999994
0.44637
0.44050000000000017
0.44795999999999997
0.4399699999999999
0.44672000000000006
0.4377900000000001
0.44868999999999987
0.44011
0.4444300000000001
0.44041000000000013
0.4462100000000001
0.4413100000000002
0.4458400000000001
0.4413899999999999
0.4449700000000002
0.4411799999999998
0.4461700000000001
0.44061999999999996
0.4443999999999999
0.4413000000000001
0.44596
0.4435700000000001
0.44450999999999996
0.44520000000000026
0.44569000000000003
0.4421299999999999
0.44344000000000006
0.44427999999999995
0.44224000000000013
0.44430000000000036
0.44319999999999987
0.44146999999999986
0.4441200000000001
0.44262000000000007
0.44225999999999993
0.4441500000000002
0.4447300000000003
0.44276999999999994
0.44474000000000014
0.44173
0.44343000000000016
0.44338
0.44391000000000036
0.44403
0.4451000000000001
0.4409799999999999
0.4463499999999999
0.44105999999999995
0.4442199999999998
0.44366000000000005
0.44453
0.44221
0.44589
0.44486
0.44275000000000014
0.44486
0.4411500000000001
0.4492400000000001
0.44122999999999984
0.44602
0.44181
0.44751999999999986
0.44170000000000004
0.44267000000000023
0.4431999999999999
0.4427600000000001
0.4442700000000002
0.44239000000000006
0.44398000000000004
0.44510999999999995
0.44457
0.44307999999999986
0.44267
0.4433500000000001
0.44291000000000014
0.4438800000000001
0.44441
0.44289000000000006
0.44526
0.4445000000000002
0.44325000000000003
0.44345000000000007
0.44387000000000015
0.44347000000000003
0.44196999999999986
0.44497
0.4435800000000002
0.44587000000000016
0.4425299999999998
0.44423999999999997
0.44244999999999984
0.44242999999999993
0.4450999999999998
0.4434100000000001
0.44530999999999976
0.4427800000000001
0.44397000000000003
0.44449999999999995
0.4468500000000001
0.44084
0.4453999999999999
0.44149999999999984
0.44462
0.44250000000000006
0.4457999999999999
0.44393
0.4413600000000001
0.44211000000000006
0.4457800000000002
0.44103000000000003
0.4464699999999999
0.43910000000000005
0.44550000000000006
0.4423499999999999
0.44514
0.44073000000000007
0.44732000000000005
0.44128999999999996
0.4437500000000002
0.44282000000000005
0.44388
0.4440400000000001
0.44433999999999985
0.4431199999999999
0.4439899999999999
0.44295
0.4437100000000001
0.44660000000000005
0.44252
0.4450399999999999
0.44218999999999986
0.4445
0.4399300000000001
0.44394
0.4432900000000003
0.44372999999999996
0.44421
0.4447799999999999
0.44345
0.4419599999999999
0.44398
0.44331000000000015
0.44316
0.44207999999999975
0.44271
0.44686
0.4414
0.44492999999999994
0.44020000000000026
0.4472299999999999
0.442
0.44587000000000004
0.44390999999999975
0.44365999999999994
0.44085000000000024
0.4478299999999999
0.4397199999999997
0.44809999999999994
0.44176000000000004
0.4433499999999999
0.4433399999999999
0.44433999999999974
0.44489999999999996
0.44093000000000016
0.4456400000000002
0.44207
0.44452999999999987
0.4450200000000002
0.44323999999999997
0.44428000000000006
0.44502000000000025
0.44329000000000024
0.445
0.4428200000000001
0.4416800000000001
0.44588000000000017
0.44201999999999997
0.4458600000000002
0.44481000000000004
0.44556999999999997
0.4426100000000001
0.44234000000000007
0.44567999999999997
0.4435900000000001
0.44407
0.44099999999999995
0.4408000000000001
0.44438
0.44369
0.4432399999999999
0.44554000000000005
0.44228000000000023
0.44464
0.4413800000000002
0.44551
0.4402599999999999
0.4445499999999999
0.4451200000000001
0.44386000000000003
0.44171999999999983
0.4446999999999999
0.44260000000000005
0.44317
0.44410999999999995
0.44499
0.44364999999999993
0.44433000000000006
0.44309
0.44402000000000014
0.44254999999999994
0.44413
0.44376
0.44232999999999995
0.4431400000000001
0.44387
0.44317000000000023
0.44273999999999986
0.44662999999999997
0.43982999999999994
0.4458200000000001
0.44231000000000004
0.4454600000000002
0.4428300000000002
0.4439500000000001
0.44231000000000004
0.44460000000000016
0.44494999999999996
0.4426100000000001
0.44546000000000013
0.44304999999999994
0.4440100000000002
0.4449200000000001
0.4438099999999999
0.44449000000000005
0.44334000000000023
0.44175999999999993
0.44544000000000017
0.4413699999999998
0.44349000000000005
0.44396999999999975
0.43949999999999995
0.44804
0.4426000000000001
0.44240000000000007
0.4437000000000002
0.44379999999999986
0.4450200000000002
0.44382
0.44142
0.4445200000000002
0.44333999999999985
0.4466199999999999
0.44385999999999987
0.44375
0.4441200000000001
0.44131000000000015
0.4451100000000002
0.44220000000000004
0.44531
0.4414899999999997
0.4442400000000001
0.4414299999999999
0.44371000000000016
0.4445400000000001
0.4434700000000001
0.44389999999999985
0.4436300000000001
0.44648999999999994
0.43981999999999993
0.4465799999999999
0.44136999999999993
0.44536000000000003
0.44374999999999987
0.44660999999999995
0.44386000000000014
0.44426000000000004
0.4401100000000001
0.44598000000000004
0.4451600000000002
0.44355999999999995
0.44367999999999985
0.4429600000000001
0.44426000000000015
0.4439500000000001
0.4461700000000001
0.4421
0.4451700000000001
0.4393499999999999
0.44794999999999985
0.44007999999999986
0.4440400000000001
0.44220000000000004
0.4466800000000002
0.4415999999999999
0.4450099999999999
0.44219
0.44455
0.44425
0.4431600000000001
0.44376
0.44168999999999997
0.44567000000000007
0.4417500000000002
0.44496999999999987
0.44079
0.44484
0.4426999999999998
0.44544999999999996
0.4414
0.4427600000000001
0.44409000000000015
0.4410299999999999
0.44576
0.44270000000000004
0.44392000000000026
0.44229000000000007
0.4446900000000001
0.4424300000000001
0.44588000000000005
0.44282000000000005
0.4455400000000001
0.44193
0.4453599999999999
0.4423
0.4442200000000001
0.44639
0.44485000000000013
0.44316
0.44563
0.44427000000000005
0.44206
0.44536000000000003
0.4440199999999999
0.4446699999999999
0.44377
0.44401999999999986
0.4430199999999999
0.4418500000000001
0.44256
0.44505
0.44250000000000006
0.4467100000000002
0.44083
0.44552000000000014
0.44115999999999983
0.4474100000000002
0.4405700000000001
0.44541000000000003
0.44099000000000016
0.44494
0.4419899999999998
0.44665
0.4416200000000001
0.4436699999999999
0.44256999999999985
0.44490000000000024
0.44120999999999994
0.44715000000000027
0.43996999999999997
0.4454600000000001
0.4398600000000002
0.44591999999999987
0.44232000000000016
0.44214
0.44317000000000023
0.44640000000000013
0.44397000000000025
0.44549
0.4419000000000001
0.4447
0.44292000000000015
0.44482000000000005
0.44393999999999983
0.44412000000000007
0.44221
0.44473
0.4430600000000002
0.4449800000000002
0.44177
0.44530000000000014
0.44161000000000006
0.44516000000000006
0.44465000000000005
0.44351000000000007
0.44576
0.44205000000000005
0.44743000000000016
0.4387000000000001
0.44574999999999987
0.4419899999999999
0.44648999999999994
0.4410700000000001
0.44762999999999975
0.44040000000000007
0.44602999999999987
0.4409899999999999
0.44741000000000014
0.4417600000000002
0.4456900000000001
0.44198
0.4417500000000001
0.44282000000000005
0.4443299999999998
0.44421000000000005
0.4434199999999999
0.44413000000000014
0.44470000000000004
0.4448600000000002
0.44174999999999975
0.44467000000000007
0.44286999999999993
0.44630000000000003
0.44118999999999997
0.44562000000000024
0.44126999999999983
0.4432199999999999
0.4406000000000001
0.4468
0.44153
0.44670000000000004
0.4397600000000002
0.4455300000000002
0.44249999999999995
0.44458000000000003
0.4432400000000001
0.4457600000000001
0.44132000000000005
0.44616000000000006
0.4420799999999999
0.44530000000000003
0.4396
0.44775
0.4418500000000002
0.4438899999999999
0.4418700000000001
0.4463700000000002
0.44249000000000005
0.44263000000000036
0.4448499999999997
0.44364999999999993
0.4443800000000001
0.44219999999999976
0.4423099999999999
0.4469400000000002
0.4426099999999999
0.44402000000000014
0.4415200000000001
0.44584999999999986
0.4437500000000003
0.44596
0.44324000000000013
0.44382999999999995
0.4439099999999999
0.44195999999999996
0.44364000000000003
0.44588999999999984
0.4434499999999998
0.4452000000000001
0.4430100000000002
0.4431800000000001
0.44248000000000004
0.44544000000000006
0.4420399999999999
0.4444699999999997
0.44295
0.4439499999999999
0.44459000000000026
0.44166999999999995
0.44374
0.4418000000000002
0.44520000000000004
0.4432900000000001
0.4439200000000001
0.44204999999999983
0.44360000000000016
0.4431899999999998
0.44434000000000007
0.4425700000000001
0.44328999999999985
0.4409600000000002
0.44573
0.44284000000000007
0.44763000000000014
0.44122999999999984
0.44331000000000004
0.4430800000000003
0.4447700000000001
0.44186000000000014
0.4449800000000004
0.44162999999999997
0.4448100000000001
0.44163
0.4423099999999999
0.4428499999999998
0.44522000000000006
0.4439199999999998
0.44534
0.44221000000000005
0.4456499999999999
0.4431600000000001
0.44419000000000003
0.44545999999999986
0.44260000000000005
0.4447699999999999
0.44200000000000017
0.44404000000000005
0.4423599999999999
0.4457400000000002
0.44445999999999997
0.4441100000000002
0.4421300000000001
0.4434899999999999
0.44402
0.44370000000000004
0.44569
0.4435500000000001
0.4452300000000001
0.4437000000000001
0.4455599999999999
0.4427300000000002
0.44610000000000005
0.44403000000000015
0.44317999999999985
0.44530000000000003
0.4427700000000001
0.4457899999999999
0.44354000000000005
0.44616000000000006
0.44256000000000006
0.4448000000000002
0.4421499999999999
0.4446299999999998
0.44539000000000006
0.4427399999999999
0.44510000000000005
0.44013000000000013
