0.19999999999999962
0.23816999999999997
0.3960100000000001
0.33705999999999997
0.40457999999999994
0.3507899999999999
0.39729
0.35668999999999984
0.39520999999999984
0.3604999999999999
0.38769000000000015
0.36436
0.3869
0.36821999999999994
0.3838200000000001
0.36858999999999986
0.38531000000000015
0.36873
0.38462999999999986
0.36794999999999994
0.38460000000000005
0.37250999999999984
0.3807000000000001
0.3733799999999999
0.37911000000000017
0.37443
0.37789
0.3739700000000001
0.38029
0.3753499999999999
0.37726000000000015
0.37337000000000004
0.37751000000000007
0.37680000000000013
0.3790499999999999
0.3753699999999999
0.37648
0.37500000000000006
0.37656000000000006
0.37641000000000013
0.37618
0.37731000000000003
0.37572000000000005
0.3735099999999999
0.37584999999999996
0.37614
0.37548000000000004
0.37526000000000004
0.3759599999999999
0.37639999999999996
0.37695000000000006
0.37614999999999993
0.3765399999999998
0.37436
0.3781199999999999
0.3742600000000003
0.3760500000000001
0.3754499999999999
0.37746999999999986
0.3747099999999999
0.3738799999999998
0.3753900000000001
0.3761099999999999
0.37580000000000013
0.37589000000000006
0.37471000000000004
0.37457999999999997
0.37372
0.3767799999999999
0.37486
0.37913
0.3755099999999998
0.3783000000000002
0.37327000000000005
0.37555000000000005
0.37345000000000006
0.3792499999999999
0.3748299999999999
0.3795000000000002
0.3765200000000001
0.37507000000000007
0.3750900000000001
0.3759899999999999
0.3744700000000001
0.3748400000000003
0.3791000000000001
0.37734
0.3758599999999999
0.37505000000000016
0.37559000000000003
0.37799
0.3746600000000001
0.37693000000000004
0.3763100000000001
0.37985
0.3732000000000002
0.3790799999999999
0.37118000000000007
0.3781999999999998
0.37276999999999993
0.3774600000000001
0.37648000000000004
0.37817999999999996
0.37695999999999985
0.3790800000000001
0.3758600000000001
0.37778
0.375
0.3781000000000001
0.37480000000000024
0.37683000000000005
0.37471
0.3752
0.37618
0.3743099999999998
0.37651999999999997
0.37408
0.3786400000000001
0.37454999999999994
0.37737000000000015
0.37518999999999997
0.3765200000000001
0.37555000000000005
0.37636
0.3767399999999999
0.37748000000000026
0.37570000000000014
0.3747999999999999
0.37776000000000004
0.3764399999999999
0.37573000000000006
0.37449999999999994
0.37538
0.37945
0.3752000000000001
0.37656999999999996
0.3776700000000001
0.37375000000000014
0.37776000000000026
0.37654
0.37663
0.37825000000000003
0.37492
0.3759399999999999
0.3756399999999999
0.37548000000000004
0.37615999999999994
0.37595
0.37709999999999994
0.3735300000000001
0.3762
0.3758600000000001
0.37760000000000005
0.3778299999999998
0.37570999999999993
0.3762
0.3783300000000002
0.3753399999999999
0.37866999999999995
0.3768400000000001
0.3764100000000002
0.37536000000000014
0.37905
0.3753300000000001
0.3777400000000001
0.37608
0.3759299999999999
0.3744299999999998
0.37658
0.37643
0.37483
0.3779400000000003
0.37537
0.37496000000000007
0.37627000000000016
0.3749799999999999
0.3742500000000002
0.3757199999999997
0.3779800000000001
0.3772400000000002
0.3774600000000001
0.37921000000000005
0.37793
0.3745000000000001
0.3741700000000001
0.37734000000000006
0.37776999999999994
0.37522
0.37736999999999987
0.37403000000000014
0.37935
0.37368000000000007
0.3774700000000003
0.3764
0.37594
0.3759699999999999
0.37864999999999993
0.37573999999999996
0.37843000000000016
0.3725799999999998
0.37687
0.3739299999999999
0.37625
0.3774699999999999
0.37485
0.37353000000000003
0.38096999999999986
0.37493000000000015
0.37701999999999997
0.3735799999999999
0.37982999999999983
0.37301000000000006
0.3807800000000001
0.37671000000000004
0.37767
0.37489999999999996
0.37824999999999986
0.3749100000000001
0.37792000000000003
0.37704
0.37726000000000004
0.3754799999999999
0.3777900000000001
0.3746900000000001
0.3771800000000001
0.37323
0.3756100000000002
0.37371999999999994
0.37821
0.3720600000000001
0.38000999999999996
0.37372999999999995
0.3805200000000001
0.37561999999999995
0.37591999999999987
0.3772499999999999
0.37738000000000016
0.37569999999999987
0.37457999999999997
0.3762800000000002
0.37406999999999985
0.3764499999999999
0.37532000000000004
0.37587999999999977
0.3758899999999999
0.37926999999999983
0.3767199999999999
0.37762
0.37499000000000005
0.37648999999999994
0.37499000000000005
0.37667000000000006
0.37322999999999995
0.3787099999999998
0.37239000000000005
0.37686
0.3744399999999999
0.3792199999999999
0.37230000000000013
0.37913
0.37490000000000007
0.37841
0.3722000000000001
0.37961000000000006
0.3736899999999999
0.38084
0.37187000000000014
0.37867999999999996
0.3714200000000002
0.3790699999999999
0.37238
0.37948
0.37462999999999985
0.37878999999999996
0.3725999999999998
0.37849000000000016
0.37210999999999994
0.38047999999999993
0.37593999999999994
0.37891999999999987
0.37245000000000006
0.3808599999999997
0.37153000000000025
0.3805700000000001
0.3722399999999999
0.37901
0.37527999999999984
0.3756400000000001
0.3753
0.37587
0.37565999999999994
0.37628000000000006
0.37717
0.3743600000000001
0.37779999999999986
0.3738299999999999
0.3789800000000001
0.37435999999999986
0.37665000000000004
0.37534999999999974
0.3776999999999997
0.37474000000000013
0.3779400000000001
0.3726700000000001
0.37801
0.37172000000000005
0.3788700000000002
0.3751100000000001
0.3761899999999999
0.37478
0.37714000000000003
0.37654999999999994
0.37694000000000005
0.3751299999999999
0.3759799999999999
0.37322999999999984
0.3785899999999999
0.37400000000000005
0.37648
0.37306999999999996
0.3780900000000002
0.3733800000000002
0.3762499999999998
0.3759799999999999
0.3773699999999999
0.37557000000000007
0.3756000000000001
0.3756599999999999
0.37732999999999983
0.37700999999999996
0.37811999999999996
0.37768
0.37547
0.37733000000000017
0.3740200000000001
0.37560999999999994
0.37457000000000007
0.37471999999999994
0.37784999999999996
0.37498999999999993
0.37844
0.37532000000000004
0.3796299999999999
0.3744599999999999
0.3748099999999998
0.3772699999999999
0.37688999999999995
0.3721500000000001
0.37390999999999985
0.3753400000000001
0.3765099999999999
0.37384000000000006
0.37778999999999996
0.37287000000000003
0.3802300000000001
0.3733600000000001
0.37881
0.37220000000000014
0.37722999999999973
0.37373999999999996
0.37646000000000013
0.3728099999999997
0.3769600000000001
0.37429
0.37773
0.3778499999999998
0.3763700000000001
0.3759799999999999
0.37543
0.3744100000000001
0.37651999999999997
0.37515000000000015
0.3782100000000001
0.37315
0.37932000000000005
0.37279999999999985
0.37610000000000005
0.37208999999999987
0.3764600000000001
0.37491
0.37577999999999995
0.37550000000000006
0.3780099999999999
0.37438000000000005
0.37827
0.37581999999999993
0.3776699999999999
0.37539999999999984
0.37742000000000003
0.37236999999999987
0.3793900000000001
0.37168999999999996
0.3797300000000001
0.37179999999999985
0.3791599999999999
0.37540999999999997
0.37749999999999995
0.3740699999999999
0.38008
0.37209999999999993
0.37878999999999985
0.37352000000000013
0.3774900000000001
0.3749799999999998
0.37685999999999986
0.3727900000000001
0.37626999999999994
0.37310999999999994
0.3785899999999998
0.37482
0.37815000000000004
0.37465999999999994
0.3780399999999999
0.37527
0.3765100000000001
0.37487000000000004
0.37671000000000016
0.3750400000000001
0.3776500000000001
0.37600000000000017
0.3737999999999999
0.3747
0.37587
0.37709999999999994
0.3745600000000001
0.37731000000000003
0.37428999999999996
0.37865000000000004
0.37622000000000005
0.37818999999999986
0.37616999999999984
0.3757
0.37497
0.37694000000000005
0.37565000000000004
0.37393
0.37616999999999995
0.37884000000000007
0.37550000000000006
0.37796
0.37636000000000003
0.3756399999999999
0.37579999999999997
0.37841999999999987
0.37622000000000005
0.37448999999999993
0.3738000000000001
0.3796999999999999
0.37639
0.37535
0.37736
0.3761
0.37860999999999995
0.3751
0.37528000000000006
0.3773299999999999
0.37712999999999985
0.37481000000000003
0.37664999999999993
0.3766500000000002
0.37647000000000014
0.37906
0.37488000000000005
0.37600000000000017
0.3736700000000001
0.37837000000000004
0.37467
0.3763699999999997
0.37182000000000004
0.3764300000000002
0.37337000000000004
0.3768799999999999
0.37555000000000016
0.3783899999999999
0.37496000000000007
0.3760499999999999
0.3738100000000001
0.37627999999999984
0.37639999999999985
0.37560999999999994
0.37381
0.3760300000000001
0.37572000000000005
0.3751600000000001
0.3759400000000001
0.3782500000000002
0.37471000000000004
0.37544
0.37556999999999996
0.3761799999999998
0.37661
0.37662999999999996
0.37703000000000003
0.3757199999999999
0.3763300000000001
0.3769399999999999
0.37486999999999987
0.3748900000000001
0.37637999999999994
0.37682000000000004
0.3751099999999999
0.37753
0.3754399999999999
0.37663
0.37521
0.37562000000000006
0.37640000000000007
0.3737599999999998
0.37933
0.3742400000000001
0.37902999999999976
0.3730299999999999
0.37658000000000014
0.37381
0.3790299999999999
0.3736500000000001
0.37681000000000003
0.37770000000000004
0.37764000000000003
0.3758700000000001
0.3783199999999999
0.3759400000000001
0.37682999999999994
0.37714000000000003
0.3758799999999997
0.3747399999999999
0.3762700000000001
0.37571999999999994
0.37496
0.37789000000000006
0.37467000000000006
0.3775
0.3726799999999998
0.3784300000000001
0.37347
0.37666000000000005
0.3736400000000002
0.3779800000000001
0.37361000000000005
0.3771099999999999
0.3750900000000001
0.3739899999999999
0.37584
0.37639
0.3766800000000001
0.37601999999999997
0.37538000000000005
0.37650000000000006
0.3751500000000001
0.3764999999999999
0.37640999999999986
0.37632
0.3762000000000001
0.37650999999999996
0.3749
0.3742099999999999
0.3759699999999999
0.37562000000000006
0.3752400000000001
0.3771399999999999
0.37578999999999996
0.3771399999999999
0.3765799999999999
0.37585999999999986
0.3754
0.3755799999999997
0.3780199999999999
0.37510000000000004
0.37507999999999997
0.37449
0.3761400000000002
0.3763600000000001
0.37640999999999997
0.37620000000000003
0.3762899999999997
0.37514999999999993
0.37595000000000006
0.37693000000000004
0.37687999999999994
0.37607999999999997
0.37401999999999996
0.3758899999999998
0.37716999999999984
0.3738
0.3752800000000001
0.37577
0.3733600000000001
0.37712999999999997
0.3767000000000001
0.37587000000000004
0.37588000000000016
0.37350000000000017
0.3777700000000001
0.37624
0.37698
0.3770100000000001
0.37497
0.37996999999999986
0.37424999999999997
0.3773499999999999
0.37549999999999994
0.3778299999999998
0.37532000000000004
0.37595999999999996
0.3753900000000001
0.3774899999999999
0.37472
0.37556000000000006
0.37742000000000003
0.37565999999999994
0.3742800000000001
0.37792999999999993
0.3754399999999999
0.37528
0.37483
0.37786000000000003
0.37570999999999993
0.3758800000000001
0.37187999999999993
0.3799500000000002
0.37455999999999995
0.37837
0.37695999999999985
0.37562000000000034
0.37393999999999994
0.3775500000000001
0.37822999999999996
0.3738900000000001
0.37759000000000015
0.37656999999999996
0.37666000000000005
0.37655
0.37711
0.37525000000000014
0.37748000000000004
0.37703999999999993
0.3733300000000001
0.37771999999999983
0.3751099999999999
0.3779999999999999
0.37515
0.37689
0.3750699999999999
0.37572000000000005
0.3769800000000001
0.37549
0.37479
0.3752600000000001
0.37335999999999986
0.3748900000000001
0.3759500000000001
0.3792099999999998
0.37449999999999983
0.37626999999999994
0.38018
0.3769300000000001
0.3755999999999999
0.3779100000000002
0.37415000000000015
0.3781599999999999
0.37277
0.3782700000000001
0.37495000000000006
0.37947999999999993
0.37413999999999986
0.37559
0.3777499999999999
0.37739000000000006
0.37432000000000004
0.3761900000000001
0.37566000000000016
0.37593999999999994
0.37587999999999994
0.37789000000000017
0.3742899999999998
0.3771399999999999
0.37625
0.37831
0.37488000000000005
0.3778900000000002
0.37488
0.37567000000000006
0.37229
0.37761999999999984
0.37487000000000004
0.37688999999999984
0.37431
0.3760500000000001
0.3773399999999999
0.37644999999999984
0.37442
0.37447999999999987
0.37806999999999996
0.3740499999999999
0.37614
0.37547000000000014
0.37833
0.36982000000000026
0.3806200000000001
0.37150000000000005
0.37706999999999985
0.37399
0.37866
0.3730199999999999
0.37914000000000003
0.37471999999999994
0.3766399999999999
0.37507999999999986
0.3772699999999999
0.3750299999999999
0.37868000000000024
0.3771199999999999
0.3771100000000002
0.37544999999999995
0.37642
0.37610999999999994
0.37673000000000006
0.37514999999999993
0.3767400000000001
0.3746399999999999
0.37484000000000006
0.37638999999999984
0.37416000000000005
0.37467000000000006
0.37858
0.3726499999999999
0.37773999999999985
0.3752100000000001
0.37715
0.37591
0.38074000000000013
0.37605999999999995
0.37472
0.3774800000000001
0.3767899999999999
0.37693999999999994
0.3742699999999999
0.3793199999999999
0.37677000000000005
0.37409000000000003
0.37488999999999995
0.37781000000000003
0.37732
0.37517000000000017
0.37382
0.3762499999999999
0.3759899999999999
0.3757000000000001
0.37679
0.3743199999999998
0.37471000000000004
0.3743500000000002
0.37964000000000003
0.3748
0.37865999999999983
0.37373000000000006
0.3775100000000002
0.37737000000000004
0.37954
0.37317000000000017
0.37731000000000003
0.3756299999999999
0.3796700000000001
0.3759400000000001
0.37639
0.37636000000000003
0.37401
0.37661999999999984
0.37638000000000005
0.37433000000000005
0.3779499999999999
0.37455999999999995
0.37827999999999995
0.37724
0.3768299999999997
0.37935
0.37829
0.3744100000000001
0.37857999999999997
0.3755200000000001
0.3778700000000002
0.3743200000000001
0.3773599999999999
0.37562000000000006
0.3721200000000001
0.37766000000000005
0.37607000000000007
0.3799500000000001
0.37589999999999996
0.3750499999999999
0.3746999999999999
0.37673
0.3750700000000001
0.37621000000000016
0.37337000000000004
0.37837999999999977
0.37432000000000004
0.3758599999999999
0.3739500000000001
0.3768000000000001
0.37675000000000003
0.37515
0.37495000000000006
0.37775000000000014
0.3768799999999999
0.37829000000000007
0.37405999999999984
0.37977000000000016
0.37539000000000017
0.37993999999999983
0.3722399999999999
0.37882000000000005
0.3743499999999998
0.37666000000000005
0.37431
0.3747
0.37292000000000014
0.3770599999999999
0.37256000000000006
0.37920999999999977
0.3743899999999998
0.37746999999999986
0.3777999999999999
0.3739099999999999
0.37680000000000013
0.37798999999999994
0.37748
0.37862
0.3774799999999999
0.3769200000000001
0.37559
0.37694000000000016
0.3779700000000002
0.3763099999999999
0.3757100000000001
0.37596999999999986
0.3750800000000002
0.3757199999999999
0.3760499999999999
0.37457999999999997
0.37603999999999993
0.3759599999999999
0.37370999999999993
0.37760000000000005
0.3762900000000002
0.3752400000000001
0.37879000000000007
0.3731299999999998
0.3763000000000001
0.37478999999999985
0.37466
0.3793700000000001
0.3727699999999998
0.3768799999999998
0.37644999999999995
0.3769300000000001
0.3757599999999998
0.37725999999999993
0.3758000000000001
0.3770099999999998
0.3766199999999998
0.3740499999999999
0.37699
0.37428999999999996
0.3753500000000002
0.37707000000000007
0.3751000000000001
0.37660000000000005
0.37323000000000006
0.37892
0.3698400000000002
0.3798999999999998
0.37179
0.3776100000000001
0.37250999999999995
0.3763599999999998
0.37449000000000005
0.37677000000000005
0.37361000000000005
0.37684999999999996
0.3728099999999999
0.3761499999999999
0.37555
0.3759700000000001
0.37506000000000017
0.37795000000000006
0.3785500000000001
0.37625
0.3773999999999998
0.3752599999999998
0.37435
0.3761999999999999
0.37626000000000004
0.37760999999999995
0.3763200000000001
0.3772999999999998
0.3772500000000001
0.37587000000000015
0.37668
0.37394
0.3767300000000002
0.37372
0.3733000000000001
0.37488
0.37648
0.37556999999999996
0.3767400000000001
0.37736
0.3752700000000001
0.37610000000000005
0.37469
0.3775899999999999
0.37560000000000004
0.37708999999999976
0.37400999999999973
0.3776899999999999
0.37524
0.3770800000000002
0.37467000000000006
0.3773499999999999
0.37706
0.3769100000000001
0.37398999999999993
0.3755199999999999
0.37680000000000013
0.37765
0.37699
0.37516000000000005
0.3743800000000001
0.3760799999999999
0.37709000000000004
0.37766999999999973
0.3764300000000001
0.3754299999999997
0.37825999999999993
0.37626000000000004
0.37778000000000006
0.3775099999999999
0.37608999999999987
0.37566999999999995
0.37852999999999987
0.37516000000000005
0.3756500000000002
0.3738200000000001
0.3759600000000001
0.37505999999999995
0.37729
0.37548000000000004
0.37757999999999997
0.37399000000000016
0.3757500000000001
0.37304999999999994
0.3756500000000001
0.37609000000000015
0.37542999999999976
0.3788900000000001
0.37518999999999997
0.37361000000000005
0.3763500000000001
0.37603999999999993
0.37569
0.37763999999999975
0.3750900000000001
0.3777499999999999
0.37385000000000007
0.3779699999999999
0.3721399999999999
0.3774899999999999
0.37577999999999995
0.37811999999999996
0.37648000000000004
0.3779199999999998
0.37372000000000016
0.37759
0.37416000000000016
0.37659000000000004
0.3768499999999999
0.37712000000000023
0.3742000000000001
0.37723
0.37401
0.3776600000000001
0.3747000000000002
0.3764999999999999
0.37580000000000013
0.37787000000000015
0.37345
0.3772000000000002
0.37444000000000005
0.37797000000000025
0.37511000000000005
0.37858000000000014
0.3753699999999999
0.37714
0.37635999999999986
0.37773999999999985
0.37494000000000005
0.37724000000000013
0.37666
0.37658
