0.19999999999999962
0.32096
0.4682999999999998
0.6119799999999999
0.7167600000000002
0.7842400000000005
0.8202799999999999
0.8354799999999998
0.8423799999999992
0.8437199999999996
0.8459399999999995
0.8455599999999996
0.8461799999999999
0.8471399999999997
0.8477999999999996
0.8482599999999995
0.8479399999999999
0.8464799999999993
0.8467999999999996
0.8481599999999996
0.8471199999999994
0.8453999999999995
0.8472599999999999
0.84726
0.8483599999999994
0.8474999999999998
0.8472799999999997
0.8476199999999997
0.8458799999999997
0.8461199999999997
0.84474
0.8479800000000003
0.8465399999999998
0.8480199999999998
0.8469199999999998
0.8467
0.8451599999999998
0.8449399999999997
0.8505400000000002
0.8469799999999996
0.8461599999999995
0.8465999999999992
0.8472599999999996
0.8476999999999997
0.8470399999999997
0.8465199999999998
0.8445599999999993
0.8460799999999995
0.8436399999999995
0.8457799999999999
0.8479599999999999
0.8471599999999991
0.8459999999999995
0.8455999999999997
0.8468799999999997
0.8486199999999995
0.8473199999999997
0.8473000000000002
0.8450199999999997
0.8435599999999994
0.8445199999999998
0.8480599999999996
0.8501199999999994
0.8490799999999996
0.8486799999999995
0.84734
0.8460999999999999
0.8470799999999998
0.8470200000000001
0.8473399999999992
0.8467599999999996
0.8452999999999996
0.8436599999999999
0.8442799999999998
0.8458199999999994
0.8478
0.8493599999999997
0.8484199999999997
0.8496799999999997
0.8490799999999993
0.8470799999999998
0.8483599999999997
0.84828
0.8462199999999995
0.8479999999999996
0.8469799999999998
0.8468199999999996
0.8463799999999995
0.8445399999999994
0.8451999999999997
0.8443799999999995
0.8457199999999997
0.8462199999999995
0.8463999999999995
0.8456599999999999
0.8466999999999993
0.8456599999999999
0.8470799999999996
0.8452799999999998
0.8442000000000004
0.8485799999999997
0.8474999999999997
0.8496399999999998
0.8501599999999995
0.8508399999999996
0.8489199999999997
0.8453599999999993
0.8455199999999995
0.8469399999999996
0.8479199999999996
0.8498399999999995
0.8492599999999996
0.8464199999999997
0.8474799999999998
0.8458199999999997
0.8462199999999999
0.8498799999999997
0.8509599999999997
0.8472599999999999
0.8457799999999996
0.8453799999999997
0.8466799999999998
0.8492399999999998
0.8468399999999996
0.8450800000000003
0.8446999999999996
0.8462399999999992
0.8463999999999998
0.8485599999999998
0.8471199999999993
0.8454399999999999
0.8474199999999995
0.8453599999999993
0.8486999999999996
0.8468799999999996
0.8454199999999998
0.84564
0.8426600000000001
0.8432199999999997
0.8423999999999998
0.8461599999999996
0.8447399999999999
0.8463599999999998
0.8468599999999995
0.84608
0.8456399999999996
0.8447199999999998
0.84392
0.8443399999999996
0.8448199999999995
0.8439999999999995
0.8471599999999997
0.8465599999999993
0.8462399999999997
0.8474799999999999
0.8459400000000001
0.8456000000000001
0.8452999999999997
0.8468399999999999
0.84652
0.8475199999999999
0.8458
0.8444799999999998
0.8453599999999993
0.8440399999999997
0.8444999999999995
0.8460999999999995
0.8479799999999993
0.8443799999999999
0.8467999999999996
0.8433399999999994
0.8444599999999995
0.8452399999999994
0.8443799999999997
0.8469599999999994
0.8464199999999993
0.8483999999999999
0.8445599999999998
0.8459399999999999
0.8462199999999995
0.8460799999999999
0.84612
0.8452599999999996
0.8446399999999998
0.8449199999999998
0.8480199999999997
0.8460599999999998
0.8502999999999996
0.8481000000000003
0.8468999999999994
0.84446
0.8474800000000002
0.8459599999999995
0.8476599999999995
0.8474799999999995
0.8475599999999998
0.8473599999999999
0.8468600000000001
0.8454199999999997
0.8474599999999995
0.8462199999999998
0.8469
0.8482999999999999
0.8475999999999996
0.8468399999999997
0.8448799999999997
0.8453999999999996
0.8476199999999996
0.8480999999999994
0.8489999999999999
0.8521
0.8494199999999994
0.8507799999999998
0.8489399999999996
0.8476599999999993
0.8481599999999995
0.8455399999999993
0.8472399999999998
0.8458799999999996
0.84792
0.8465399999999996
0.8489999999999995
0.8505399999999999
0.8498199999999995
0.8506999999999998
0.8495599999999996
0.8475399999999995
0.8471600000000004
0.8485799999999994
0.8471999999999998
0.8469999999999994
0.8454799999999996
0.8463399999999999
0.8434399999999991
0.8439799999999995
0.8482799999999994
0.8466199999999998
0.8477199999999999
0.8469799999999998
0.8461599999999996
0.8478199999999998
0.8478399999999996
0.8440599999999998
0.8453599999999994
0.8452399999999995
0.8445799999999997
0.8448199999999996
0.8464999999999998
0.8476799999999998
0.8485799999999994
0.8477799999999996
0.8465199999999996
0.8478399999999998
0.8486599999999994
0.8487399999999994
0.8453999999999998
0.8452599999999993
0.8466999999999998
0.8459799999999997
0.8443199999999996
0.84882
0.8470799999999997
0.8514799999999997
0.8509599999999996
0.8497199999999997
0.8508200000000001
0.8526799999999998
0.8505400000000001
0.8491799999999999
0.8481199999999995
0.8484999999999997
0.8485399999999993
0.8487999999999998
0.8478999999999993
0.8458599999999998
0.8465799999999999
0.8461199999999997
0.8494400000000003
0.8476199999999996
0.8464999999999999
0.84596
0.84586
0.8436799999999991
0.8446999999999996
0.8436399999999995
0.8431599999999996
0.8444999999999999
0.8467999999999998
0.8483600000000004
0.8459999999999998
0.8457999999999997
0.8458399999999997
0.8485199999999995
0.8475999999999995
0.8468799999999997
0.8469999999999993
0.8478199999999998
0.8473199999999995
0.8500999999999993
0.8467800000000001
0.8475799999999998
0.84478
0.8432199999999999
0.8444799999999997
0.8466599999999995
0.8437199999999998
0.8464799999999998
0.8463799999999996
0.8469399999999996
0.8464399999999996
0.8473599999999998
0.8473399999999996
0.8460400000000001
0.84854
0.8470199999999992
0.8466999999999996
0.8470799999999998
0.8464199999999998
0.8456200000000003
0.8482799999999999
0.8483799999999998
0.8469199999999998
0.8464199999999995
0.8425199999999994
0.84348
0.8448000000000003
0.8450199999999997
0.84466
0.8456199999999998
0.8477199999999999
0.84678
0.8455999999999997
0.8516600000000001
0.8487199999999993
0.8472799999999997
0.8482999999999999
0.8476199999999995
0.8451999999999993
0.8468000000000001
0.8505599999999995
0.8488399999999995
0.8477199999999998
0.8467199999999997
0.8470599999999996
0.8489
0.8501199999999999
0.8469199999999999
0.8461400000000002
0.8487399999999995
0.8477799999999996
0.8473399999999998
0.8484599999999994
0.8463199999999993
0.8479999999999996
0.8470599999999995
0.8462800000000001
0.8475799999999996
0.8450999999999997
0.8437999999999998
0.8463200000000002
0.8477799999999992
0.8499599999999999
0.84938
0.8464199999999994
0.8473799999999996
0.8431799999999996
0.8450999999999996
0.8422399999999998
0.8467599999999996
0.8496399999999995
0.8486599999999999
0.8457799999999996
0.8453599999999996
0.8494399999999999
0.8472199999999998
0.8484199999999997
0.8505399999999993
0.84506
0.8472599999999996
0.846
0.8447
0.8467799999999999
0.8482999999999998
0.8479799999999997
0.8495400000000001
0.84758
0.8455999999999997
0.8478599999999994
0.8438599999999999
0.8472999999999996
0.8469199999999991
0.8473999999999997
0.8501999999999995
0.8466399999999996
0.8451799999999997
0.8471799999999997
0.8462399999999997
0.8479999999999996
0.8465199999999996
0.8462999999999997
0.8511799999999995
0.8491999999999997
0.8491799999999995
0.8467399999999998
0.84588
0.8451600000000002
0.8450599999999996
0.8466199999999999
0.8474399999999994
0.8511599999999995
0.8492799999999994
0.8463599999999998
0.8473799999999996
0.8467799999999995
0.84658
0.8479399999999992
0.8481599999999995
0.8476799999999998
0.8476799999999995
0.8480199999999999
0.84854
0.8458999999999998
0.8469199999999997
0.8476000000000002
0.8454799999999996
0.8474599999999998
0.8449199999999994
0.8465999999999997
0.8452399999999993
0.8453399999999995
0.8455199999999994
0.8451400000000002
0.8478799999999999
0.8469199999999995
0.8467199999999999
0.8476600000000003
0.84564
0.8438799999999997
0.8448999999999997
0.8456799999999997
0.8431199999999993
0.8463999999999996
0.8460999999999997
0.8458800000000001
0.8485399999999997
0.84768
0.8463799999999995
0.8499199999999995
0.8480599999999996
0.8480799999999995
0.8494399999999996
0.8488999999999999
0.8460799999999997
0.8444399999999994
0.8471600000000001
0.8473999999999995
0.8479999999999995
0.8489599999999996
0.8469399999999997
0.84678
0.8467199999999994
0.8475799999999997
0.8469199999999998
0.8449799999999996
0.8450399999999995
0.84544
0.8462199999999998
0.8427399999999996
0.8450399999999998
0.8479399999999997
0.84788
0.8489199999999998
0.8484199999999997
0.8484999999999998
0.8467599999999993
0.8471199999999998
0.8465999999999997
0.8477599999999998
0.8479799999999993
0.8473199999999992
0.8485999999999997
0.8453399999999998
0.8440599999999996
0.8454399999999996
0.8452599999999993
0.8441599999999996
0.8489199999999996
0.8456999999999997
0.8465799999999996
0.8462399999999998
0.84658
0.8481799999999997
0.8451800000000003
0.8481399999999999
0.8463999999999993
0.8469399999999995
0.8459999999999996
0.84584
0.8417999999999997
0.8443799999999999
0.8431199999999994
0.8468799999999996
0.8469599999999997
0.8477399999999996
0.8468799999999997
0.8458799999999997
0.8461199999999997
0.8459999999999996
0.8454599999999999
0.8457799999999998
0.8455199999999999
0.8423999999999997
0.8426799999999995
0.8438599999999997
0.8480800000000001
0.852
0.8463799999999996
0.8480999999999999
0.8457799999999998
0.8478799999999999
0.8466799999999999
0.8448199999999995
0.8467199999999999
0.8465799999999999
0.8484799999999992
0.8482399999999995
0.8472600000000002
0.8464599999999999
0.8434600000000003
0.8435799999999998
0.8432
0.8470799999999997
0.8440799999999998
0.8434199999999996
0.8454599999999995
0.8447399999999999
0.8459199999999997
0.8478199999999994
0.8479599999999999
0.8461199999999994
0.84416
0.8458599999999996
0.84324
0.8428599999999998
0.8452600000000001
0.8455399999999996
0.8461399999999998
0.8458799999999996
0.8475999999999996
0.8456200000000001
0.8477199999999999
0.8463600000000001
0.8459199999999999
0.8456399999999998
0.8470999999999995
0.8448399999999995
0.8465599999999998
0.85002
0.8484400000000002
0.8458799999999996
0.8428599999999993
0.8452799999999999
0.8462599999999998
0.84808
0.8466800000000001
0.8494399999999994
0.8474799999999999
0.8480199999999999
0.8479999999999999
0.8449200000000002
0.84698
0.8460599999999994
0.8492199999999991
0.8476599999999999
0.8451599999999996
0.8445199999999996
0.8439199999999996
0.8464399999999997
0.8453000000000004
0.8475399999999996
0.8498800000000002
0.8449999999999999
0.8461599999999995
0.8479399999999997
0.8466599999999994
0.84854
0.8471799999999999
0.8461199999999994
0.8468400000000001
0.8496799999999997
0.8459399999999999
0.8466199999999996
0.8492799999999994
0.8500999999999999
0.8453199999999996
0.8460199999999994
0.8455799999999998
0.8488599999999993
0.8471
0.8435599999999996
0.8431799999999998
0.8448599999999997
0.8457799999999994
0.8474799999999999
0.8447399999999999
0.8454399999999995
0.8464799999999998
0.8482399999999997
0.8474799999999993
0.8453799999999992
0.8473399999999995
0.8463999999999996
0.8477799999999998
0.8481199999999997
0.8482999999999998
0.8486999999999998
0.84914
0.8480199999999993
0.8465999999999996
0.8469
0.8464199999999995
0.8476999999999996
0.8457599999999995
0.8479199999999993
0.8487799999999999
0.8479799999999997
0.8447599999999997
0.8442999999999998
0.8437999999999997
0.8471199999999998
0.8467199999999997
0.8474600000000001
0.84598
0.8430199999999995
0.8442799999999996
0.8455999999999997
0.8453599999999993
0.8445399999999998
0.8438800000000001
0.8441799999999996
0.8468599999999996
0.8458999999999998
0.8469399999999996
0.8459799999999995
0.8482999999999997
0.8469999999999994
0.8455799999999993
0.8474399999999997
0.847479999999999
0.8478599999999996
0.8463999999999997
0.8453399999999992
0.8469799999999994
0.8453200000000001
0.8466599999999994
0.8471199999999997
0.8485999999999998
0.8465999999999996
0.8435999999999997
0.8459399999999999
0.8442199999999994
0.8469399999999999
0.8464
0.8474999999999998
0.8472199999999992
0.8473999999999997
0.8480599999999998
0.8475999999999998
0.8464599999999998
0.8456999999999999
0.8456799999999995
0.8472799999999997
0.8473400000000001
0.84746
0.8464999999999995
0.8443599999999997
0.8447599999999995
0.8468399999999999
0.8439199999999997
0.8455399999999998
0.8438399999999997
0.84614
0.8462000000000001
0.8457399999999998
0.8451000000000002
0.8463399999999998
0.8469399999999999
0.8466999999999996
0.847959999999999
0.8459199999999997
0.8446199999999994
0.8464999999999996
0.8449999999999999
0.8458199999999992
0.8447200000000002
0.8474999999999997
0.8474999999999996
0.8473799999999997
0.8444599999999995
0.8456999999999998
0.8460799999999997
0.8465599999999996
0.8485399999999995
0.8495000000000004
0.8484000000000002
0.8462799999999998
0.8456799999999999
0.8455199999999999
0.8463799999999998
0.8464799999999997
0.8475599999999998
0.8464399999999993
0.8468399999999996
0.8464200000000001
0.8461999999999997
0.8483799999999995
0.8458599999999997
0.8427199999999996
0.84454
0.8456599999999997
0.8453
0.8481799999999997
0.84698
0.8462999999999995
0.8449599999999993
0.8455199999999998
0.8470999999999996
0.8480600000000003
0.84722
0.8479999999999996
0.84698
0.8473399999999996
0.8488199999999998
0.8463999999999997
0.8474799999999996
0.8459599999999996
0.8458199999999999
0.8472599999999996
0.8473199999999995
0.8487600000000002
0.8459999999999998
0.8466399999999993
0.8472599999999999
0.8473799999999998
0.84512
0.8452399999999998
0.84744
0.8444399999999996
0.8462000000000002
0.8476199999999996
0.8473799999999997
0.8465199999999996
0.8466399999999998
0.8484999999999999
0.8486799999999995
0.8491399999999996
0.8501399999999996
0.8466399999999998
0.8463799999999998
0.8483000000000002
0.8491599999999999
0.8484999999999997
0.8444199999999998
0.8474199999999996
0.84572
0.8475399999999997
0.8445799999999997
0.8453799999999992
0.8455599999999995
0.8466199999999999
0.8461199999999994
0.8494199999999994
0.8485199999999993
0.8484799999999999
0.8483799999999994
0.84906
0.8476600000000001
0.8466799999999997
0.8455999999999997
0.8459799999999995
0.8478599999999994
0.8475199999999999
0.8469799999999998
0.8459999999999995
0.8455799999999996
0.8459599999999992
0.8441
0.8452799999999996
0.8454599999999999
0.8466199999999996
0.8480399999999999
0.84744
0.8476199999999997
0.84616
0.8446999999999997
0.8461199999999995
0.844459999999999
0.8467199999999999
0.8479599999999996
0.8467199999999997
0.8461799999999998
0.8492399999999996
0.8483599999999997
0.8475399999999997
0.8473799999999998
0.8483999999999997
0.8508199999999998
0.8487199999999997
0.8470199999999997
0.8465999999999996
0.8475999999999995
0.8470799999999997
0.8476599999999993
0.8467399999999994
0.8425799999999996
0.8453799999999994
0.8451399999999997
0.8450799999999997
0.8469199999999997
0.8486799999999998
0.8480200000000003
0.84602
0.8471199999999998
0.8469599999999997
0.8482599999999998
0.8482199999999998
0.8467199999999998
0.8454599999999997
0.8459599999999996
0.8497199999999997
0.8477199999999996
0.8461999999999997
0.8451800000000003
0.8457599999999992
0.8445799999999992
0.8449799999999996
0.84834
0.8489599999999998
0.8504399999999996
0.8476599999999999
0.8441999999999996
0.8453199999999993
0.8442199999999994
0.84364
0.8403599999999996
0.8443399999999999
0.8443799999999996
0.8458999999999998
0.84488
0.8469599999999997
0.8470199999999996
0.8487399999999998
0.8470999999999996
0.8483599999999997
0.8450799999999999
0.8455399999999997
0.8473199999999997
0.8482999999999997
0.8457399999999997
0.8472199999999996
0.8468800000000001
0.8475599999999998
0.84776
0.84548
0.84698
0.8462399999999998
0.8477399999999996
0.8469999999999999
0.8466400000000001
0.8458199999999997
0.8453799999999998
0.8480199999999998
0.8477799999999998
0.8475199999999997
0.8466199999999994
0.8452399999999998
0.8441599999999998
0.8475799999999996
0.8469399999999996
0.8437799999999999
0.84552
0.8459399999999998
0.8445599999999994
0.8447199999999999
0.84784
0.8491599999999997
0.84738
0.84754
0.8474199999999996
0.8494599999999994
0.8492999999999995
0.8457399999999997
0.84658
0.8490799999999998
0.8494999999999995
0.8504799999999993
0.8482600000000002
0.8498599999999995
0.84678
0.8486999999999999
0.8490800000000001
0.8502799999999998
0.8494599999999995
0.8469399999999995
0.8490800000000001
0.8466800000000001
0.8470799999999998
0.8470799999999996
0.8473999999999999
0.8473599999999997
0.8467399999999999
0.8472399999999997
0.8471599999999997
0.8475599999999999
0.8465399999999998
0.8469399999999997
0.8458799999999996
0.8445199999999998
0.8462999999999998
0.8448999999999997
0.8460799999999996
0.8469199999999995
0.8502399999999991
0.8464599999999994
0.8453999999999999
0.84336
0.8422399999999998
0.8471599999999997
0.8453599999999998
0.8465999999999997
0.8446599999999995
0.8458799999999991
0.8468199999999997
0.8449999999999998
0.8467999999999997
0.8466399999999996
0.849959999999999
0.8491999999999998
0.8483800000000001
0.8448199999999999
0.8448799999999999
0.8405999999999993
0.8453999999999996
0.8475999999999996
0.8498999999999994
0.8486799999999995
0.8482999999999997
0.8473799999999995
0.8475799999999997
0.8463999999999995
0.8464999999999996
0.8472199999999995
0.8461599999999997
0.8463999999999998
0.84934
0.8487399999999994
0.8484799999999996
0.8472799999999998
0.8477799999999999
0.8488199999999999
0.8463799999999999
0.8479999999999991
0.8458799999999995
0.8478399999999994
0.8497799999999992
0.8492399999999996
0.8447399999999994
0.8463599999999998
0.8466199999999998
0.8447999999999993
0.8459399999999995
0.8485599999999994
0.8467399999999995
0.8465600000000002
0.8447799999999995
0.8455999999999996
0.8466800000000002
0.8470399999999998
0.8459799999999997
0.8487
0.8479000000000001
0.8452799999999998
0.84404
0.8473199999999999
0.8468199999999995
0.8474199999999995
0.8482599999999998
0.8446200000000001
0.8463799999999995
0.8460999999999997
0.8437999999999994
0.8453799999999998
0.8438399999999996
0.8473399999999998
0.84648
0.8448799999999997
0.84938
0.84758
0.8480799999999996
0.8471199999999997
