0.0
0.0
0.0
0.05718090000000002
0.123804
0.18111899999999997
0.2303593000000001
0.2722899
0.3071729
0.33667730000000007
0.3617041999999999
0.38263480000000016
0.4009380000000002
0.41649139999999996
0.42976519999999985
0.4411445
0.4513687999999999
0.46000699999999994
0.46759059999999986
0.47431750000000017
0.4801789000000001
0.48550969999999977
0.48983590000000016
0.4939106
0.4974868
0.5006597
0.5034384000000002
0.5057759
0.5080198000000002
0.5100031000000002
0.5116573000000001
0.5132854000000001
0.5146191000000002
0.5158854000000003
0.5169171000000001
0.5179218000000002
0.5187959000000002
0.5195789
0.5202701000000001
0.5209577000000002
0.5214964000000001
0.5221065
0.5225686000000004
0.5229548000000005
0.5233327000000002
0.5237207999999999
0.5240194000000005
0.5243713999999999
0.5246569
0.5248529
0.5251419000000003
