0.19999999999999962
0.13116999999999998
0.13899
0.12643000000000004
0.12837
0.12193999999999999
0.12632999999999997
0.1222
0.12345999999999999
0.12091000000000002
0.12287000000000006
0.1215
0.12316999999999996
0.12367000000000003
0.12409
0.12276000000000002
0.12387999999999996
0.12340000000000007
0.12326999999999996
0.12180999999999999
0.12248000000000006
0.12357
0.12326999999999998
0.12344000000000001
0.12278
0.12201000000000004
0.12286
0.12234000000000003
0.12293000000000003
0.12247000000000004
0.124
0.12275
0.12545999999999996
0.12413999999999997
0.12510000000000004
0.12624999999999997
0.12592000000000003
0.12448000000000002
0.12269000000000005
0.12166
0.12246000000000003
0.12407000000000001
0.12475000000000006
0.12578
0.12391000000000005
0.12492
0.12489000000000003
0.12387000000000002
0.12468000000000001
0.12443000000000003
0.12284
0.1237
0.12444000000000005
0.12121000000000005
0.12184999999999997
0.12127
0.12245000000000004
0.12218000000000001
0.12355000000000001
0.12219999999999999
0.12287000000000002
0.12532
0.12320000000000006
0.12247
0.12333999999999999
0.12192000000000006
0.12147999999999999
0.12173999999999997
0.12147000000000005
0.12423000000000002
0.12259000000000003
0.12395000000000003
0.12331999999999999
0.12266000000000003
0.12373999999999993
0.12355000000000001
0.12588
0.12442000000000002
0.12519000000000002
0.12311999999999998
0.12316000000000005
0.12221999999999995
0.12208000000000001
0.12492999999999997
0.12262
0.12279000000000007
0.12387000000000004
0.1227300000000001
0.12310000000000003
0.12308000000000005
0.12408000000000002
0.12353999999999997
0.12141999999999996
0.12270999999999997
0.12333999999999998
0.12215000000000004
0.12352000000000003
0.12276999999999999
0.12345999999999999
0.12330000000000003
0.12313
0.12536000000000003
0.12242000000000004
0.12342000000000007
0.12335000000000004
0.12108000000000006
0.12276999999999996
0.12335999999999997
0.12430999999999999
0.12204000000000007
0.12136000000000001
0.12132999999999998
0.12315000000000004
0.12291999999999996
0.12331000000000002
0.12081999999999998
0.12272000000000004
0.12301999999999995
0.12356000000000003
0.12374999999999997
0.12303999999999995
0.12247000000000004
0.1206400000000001
0.12100000000000001
0.12253
0.12415000000000002
0.12483000000000001
0.12499000000000002
0.12472000000000005
0.12282000000000004
0.12255999999999995
0.12165000000000002
0.12326999999999998
0.12449000000000005
0.12615999999999997
0.12575
0.12536000000000003
0.12427000000000003
0.12452
0.12396999999999993
0.12602
0.12150999999999999
0.12232000000000001
0.12180000000000005
0.12309999999999999
0.12374
0.12535999999999997
0.12370000000000005
0.12560000000000002
0.12334000000000002
0.12369000000000004
0.12371999999999998
0.12294000000000001
0.12488000000000002
0.1255
0.12437999999999999
0.12528999999999996
0.12530000000000005
0.12565000000000004
0.12619000000000002
0.12487999999999996
0.12362000000000002
0.12334000000000003
0.12296000000000007
0.12276000000000005
0.12285999999999994
0.12228
0.12326000000000001
0.12399000000000004
0.12403000000000004
0.12601000000000004
0.12422000000000005
0.12177999999999999
0.12430000000000005
0.12272999999999999
0.12168999999999999
0.12366000000000002
0.12449
0.12213000000000003
0.12381000000000006
0.1228
0.12253999999999998
0.12213999999999996
0.12329000000000004
0.12334000000000003
0.12331999999999996
0.12420999999999996
0.12240999999999995
0.12452000000000003
0.12508999999999998
0.12541
0.12416
0.12383000000000002
0.12627000000000002
0.12497000000000001
0.124
0.12414000000000003
0.12285999999999996
0.12237999999999999
0.12127000000000003
0.12098999999999997
0.12198000000000007
0.1236800000000001
0.12366999999999997
0.12324999999999997
0.12418000000000003
0.12490000000000005
0.12385999999999994
0.12350000000000007
0.12225000000000003
0.12389000000000004
0.12372
0.12500999999999995
0.12434
0.1242
0.12226
0.12415000000000007
0.12609
0.12477000000000008
0.12321000000000008
0.12501000000000012
0.12395000000000002
0.12375000000000011
0.12322000000000001
0.12319000000000002
0.12278
0.12541000000000005
0.12267999999999997
0.12499
0.12600000000000003
0.12434999999999999
0.12316000000000005
0.12220000000000006
0.12128999999999998
0.12131000000000004
0.12147000000000008
0.12291999999999997
0.12346999999999998
0.12463000000000003
0.12387000000000002
0.12303000000000004
0.12303999999999995
0.12630999999999998
0.12652000000000002
0.12472000000000003
0.12329000000000004
0.12416000000000003
0.12427000000000005
0.12323000000000002
0.12225000000000001
0.12380000000000006
0.12510000000000002
0.12333999999999999
0.12418999999999997
0.12308999999999999
0.12371000000000004
0.12272000000000008
0.12324000000000002
0.12300000000000003
0.12403
0.12372
0.12542
0.12489999999999996
0.12367
0.12329999999999998
0.12373000000000003
0.12458000000000004
0.12343000000000005
0.12161999999999995
0.12492000000000006
0.12358000000000002
0.12323999999999997
0.12257
0.12187
0.12123000000000003
0.12123999999999997
0.12340000000000005
0.12296
0.12365000000000004
0.12494999999999999
0.12476
0.12610000000000002
0.12593
0.12526999999999996
0.12477999999999996
0.12462
0.12428
0.12685000000000002
0.12480000000000009
0.12381999999999999
0.12097
0.12391000000000002
0.12277999999999999
0.12396000000000003
0.12337000000000006
0.12448999999999995
0.12446000000000003
0.12436000000000008
0.12316999999999999
0.12388000000000009
0.12383000000000001
0.12532000000000004
0.12399000000000003
0.12193000000000004
0.12160999999999994
0.12147000000000004
0.12118999999999999
0.12243000000000004
0.12216
0.12441
0.12257000000000003
0.12165000000000006
0.12279999999999996
0.12409000000000002
0.1228300000000001
0.12101
0.12096000000000005
0.12344000000000001
0.12386000000000001
0.12538
0.12401
0.12085999999999998
0.12193999999999999
0.12353000000000007
0.12205000000000002
0.12454000000000003
0.12216999999999997
0.12433000000000004
0.12367999999999998
0.12351000000000005
0.12620000000000003
0.12416000000000006
0.12376999999999995
0.12450000000000003
0.12321000000000003
0.12139000000000003
0.12298000000000003
0.12419000000000002
0.12494000000000004
0.12617000000000003
0.12365000000000002
0.12525
0.12423000000000003
0.12509
0.12217999999999993
0.12420000000000003
0.12379999999999995
0.12440999999999997
0.12543999999999997
0.12425999999999998
0.12435999999999998
0.12347
0.12255999999999999
0.12147000000000001
0.12308000000000004
0.12192
0.12446
0.12441000000000002
0.12528000000000003
0.12673
0.12365000000000004
0.12229
0.12344000000000001
0.12325999999999997
0.12484000000000003
0.12455999999999996
0.12352000000000002
0.12184
0.12317999999999998
0.12162000000000002
0.12437
0.12247999999999999
0.12283999999999998
0.12458999999999999
0.12426000000000002
0.12426
0.12346
0.12453999999999998
0.12464999999999994
0.12406999999999999
0.12278000000000007
0.12499000000000002
0.12378
0.12530999999999998
0.12483000000000004
0.12534999999999996
0.12244999999999999
0.12469000000000005
0.12122000000000004
0.12154000000000004
0.12212000000000003
0.12296000000000004
0.12444999999999999
0.12351
0.12177000000000002
0.12146999999999997
0.12335999999999998
0.12266
0.12431999999999999
0.12249
0.12403
0.12155000000000003
0.12302000000000002
0.12248000000000006
0.12202000000000003
0.12281000000000004
0.12335000000000002
0.12341000000000008
0.12192999999999998
0.12477000000000002
0.12234000000000002
0.12169000000000008
0.12274000000000002
0.12508999999999995
0.12404000000000005
0.12314000000000001
0.12206
0.12247000000000005
0.12236999999999995
0.12252999999999999
0.12227000000000002
0.12338000000000005
0.12502
0.12574000000000007
0.12365
0.12264000000000003
0.12221999999999995
0.12255999999999995
0.12404999999999994
0.12392000000000007
0.12337000000000002
0.12357000000000004
0.12223999999999999
0.12411
0.12240999999999996
0.12331000000000003
0.12240000000000004
0.12465000000000001
0.12139000000000001
0.12341000000000003
0.12323999999999996
0.12240999999999999
0.1229
0.12256000000000004
0.12518
0.12575000000000006
0.12318000000000003
0.12325
0.12233000000000001
0.12458000000000004
0.12516999999999998
0.12430000000000006
0.12395000000000003
0.12319000000000001
0.12382000000000003
0.12340000000000001
0.12190999999999998
0.12422999999999998
0.12348
0.12498000000000001
0.12641
0.12308000000000002
0.12294999999999998
0.12249000000000003
0.12126000000000005
0.12391999999999999
0.12382999999999997
0.12357000000000007
0.12348000000000005
0.12348000000000006
0.12234000000000006
0.12358999999999998
0.12465000000000005
0.12287999999999999
0.12220999999999997
0.12182000000000004
0.12253000000000004
0.12621999999999997
0.12546999999999994
0.12407000000000006
0.12646999999999997
0.12357000000000004
0.12309000000000003
0.12330000000000002
0.12203999999999998
0.12252000000000002
0.1199
0.12190999999999998
0.12318
0.12153999999999997
0.12258999999999999
0.12279
0.12346
0.12196000000000005
0.12367000000000004
0.12352000000000006
0.12387000000000001
0.12464999999999991
0.12364000000000001
0.12505000000000005
0.12197000000000005
0.12365999999999998
0.12285999999999998
0.12413000000000002
0.12455000000000004
0.12634
0.12434999999999999
0.12570000000000006
0.12494000000000004
0.12524000000000005
0.12532
0.12574
0.12250000000000004
0.1238
0.12273000000000002
0.12328999999999997
0.12364999999999997
0.12201000000000002
0.12156999999999997
0.12102
0.12120000000000004
0.12239000000000005
0.12292000000000003
0.12261000000000005
0.12268000000000001
0.12399999999999997
0.12264999999999998
0.12322000000000002
0.12453000000000007
0.12537
0.12466999999999999
0.12348999999999996
0.12050000000000007
0.12159000000000003
0.12334000000000006
0.12140000000000006
0.12069999999999999
0.12018000000000002
0.12222999999999998
0.12341000000000003
0.12432000000000006
0.12457999999999998
0.12382000000000003
0.12315000000000005
0.12357000000000007
0.12308000000000005
0.12276999999999999
0.12328000000000003
0.12261000000000001
0.12476999999999999
0.12172000000000001
0.12315999999999999
0.12298000000000003
0.12348999999999996
0.12346
0.12387000000000002
0.12463
0.12273000000000003
0.12546000000000002
0.12513999999999997
0.12370000000000003
0.12350999999999995
0.12325000000000003
0.12365
0.12373
0.12481000000000005
0.12566999999999995
0.12471000000000004
0.12504000000000004
0.12447999999999997
0.12190000000000001
0.12203999999999998
0.12222999999999998
0.12260000000000006
0.12170000000000006
0.12296000000000001
0.12071000000000001
0.12238000000000002
0.12192000000000001
0.12076
0.12469
0.12218000000000007
0.12249999999999994
0.12241000000000005
0.12329000000000004
0.12523
0.12527000000000002
0.12295000000000003
0.12302000000000007
0.12482000000000003
0.12236999999999996
0.12236999999999998
0.12437000000000001
0.12488999999999997
0.12516999999999995
0.12462000000000004
0.12493000000000003
0.12348000000000009
0.12309999999999995
0.12427000000000002
0.12327000000000005
0.12504
0.12413999999999996
0.12505000000000005
0.12655999999999998
0.12549000000000007
0.12492
0.12338000000000003
0.12334000000000003
0.12343000000000004
0.12158000000000006
0.12468999999999998
0.12491999999999999
0.12380000000000006
0.12505
0.12520000000000003
0.12435000000000006
0.12348000000000006
0.12453000000000002
0.12312000000000005
0.12386999999999995
0.12085999999999998
0.12246
0.12193000000000001
0.12312000000000003
0.12252000000000005
0.12419000000000006
0.12614000000000009
0.12521000000000007
0.12411000000000001
0.12416000000000003
0.12260000000000001
0.12457000000000001
0.12493
0.12400999999999997
0.12335000000000004
0.12334000000000002
0.12381999999999999
0.12458
0.12452999999999997
0.12274000000000003
0.12255000000000005
0.12185000000000007
0.12242000000000001
0.12284
0.12343
0.12287000000000001
0.12376999999999995
0.12098999999999997
0.12194
0.12183000000000015
0.12341000000000005
0.12199999999999997
0.12158999999999999
0.12225
0.12276000000000004
0.12300000000000004
0.12274999999999998
0.12431999999999997
0.12412
0.12140000000000004
0.12292000000000003
0.12193000000000001
0.12116000000000005
0.12280000000000003
0.12464000000000007
0.12273000000000002
0.12207000000000001
0.12217000000000006
0.12351999999999996
0.12193000000000007
0.12406000000000002
0.12425999999999998
0.12177000000000002
0.12261000000000002
0.12251000000000005
0.12364000000000001
0.12312
0.12210999999999997
0.12369000000000004
0.12321999999999995
0.12507000000000004
0.12650000000000006
0.12389000000000004
0.12321000000000007
0.12352000000000006
0.12087000000000002
0.12027000000000003
0.11980000000000002
0.12079
0.12185999999999997
0.12258999999999999
0.12345
0.12213999999999997
0.12237999999999995
0.12456000000000003
0.12383
0.12475000000000006
0.12298999999999999
0.12367
0.12225
0.12431999999999997
0.12315999999999999
0.12153000000000004
0.12298999999999999
0.12138000000000003
0.12264999999999998
0.12277000000000006
0.12351999999999999
0.12575999999999996
0.12235000000000001
0.12500999999999998
0.12340999999999998
0.12453999999999998
0.12406000000000005
0.12371
0.12195000000000002
0.12347
0.12386999999999997
0.12650999999999998
0.12416000000000008
0.12436000000000011
0.12451999999999996
0.12481000000000002
0.12610000000000002
0.12503999999999993
0.12522
0.12293000000000003
0.12252000000000005
0.12375000000000004
0.12377999999999999
0.12397000000000004
0.12238000000000002
0.12226000000000002
0.12207000000000001
0.12260999999999997
0.12408000000000001
0.12367000000000004
0.12382
0.12474
0.12282000000000004
0.12351999999999999
0.1213
0.12436999999999998
0.12391000000000002
0.12502999999999997
0.12410999999999998
0.1245900000000001
0.12339000000000004
0.12058000000000002
0.12176000000000008
0.12380000000000005
0.12365000000000005
0.12128000000000001
0.12181000000000008
0.12334999999999996
0.12346999999999995
0.12309000000000009
0.12507000000000004
0.12224
0.12386000000000001
0.12078
0.11999999999999998
0.12128000000000004
0.12312000000000001
0.12297999999999998
0.12272000000000004
0.12241000000000007
0.12202999999999996
0.12287000000000006
0.12304999999999996
0.12420000000000002
0.12519
0.12409000000000002
0.12464
0.12519
0.12406000000000002
0.12478999999999994
0.12622999999999995
0.12653000000000003
0.12561
0.12351
0.12402999999999997
0.12513000000000005
0.12676999999999994
0.12450000000000003
0.12563000000000002
0.12519999999999995
0.12551
0.12592000000000003
0.12505000000000002
0.12293999999999997
0.1223500000000001
0.12191
0.12414000000000003
0.12192000000000004
0.12193000000000005
0.12240000000000004
0.12285000000000004
0.12406999999999999
0.12491999999999999
0.12216999999999999
0.12401999999999996
0.12220000000000006
0.12311000000000007
0.12223000000000006
0.12237000000000002
0.12162000000000002
0.12415
0.12138000000000003
0.12156000000000003
0.12177000000000007
0.12451999999999998
0.12450000000000008
0.12603
0.12444000000000002
0.12498000000000005
0.12474000000000002
0.12484999999999997
0.12363000000000005
0.12147000000000001
0.12376000000000001
0.12426000000000004
0.12259999999999999
0.12186000000000002
0.12381
0.12258000000000001
0.12368000000000004
0.12486999999999998
0.12558000000000002
0.125
0.12244999999999999
0.12237000000000005
0.12256000000000004
0.12330000000000009
0.12188000000000003
0.12305000000000003
0.12382000000000006
0.12249000000000003
0.12148000000000002
0.12412000000000005
0.12318000000000005
0.12437999999999995
0.12419999999999996
0.12415999999999995
0.12556000000000003
0.12470000000000006
0.12441999999999999
0.12423999999999999
0.12355000000000001
0.12391
0.12374000000000004
0.12427000000000005
0.12603999999999999
0.12304000000000008
0.12342999999999998
0.12373000000000003
0.12550000000000008
0.12638000000000005
0.12439000000000001
0.12359000000000002
0.1230100000000001
0.1214199999999999
0.12125000000000004
0.12249
0.12324000000000002
0.12294000000000004
0.12136000000000005
0.12390000000000008
0.12374000000000002
0.12337000000000004
0.12350000000000008
0.12328000000000007
0.12183000000000002
0.12167000000000003
0.12043000000000001
0.12153000000000004
0.12176999999999995
0.12046000000000001
0.12295000000000003
0.12116000000000002
0.1227600000000001
0.12501
0.12375
0.12280000000000005
0.12239000000000004
0.12206000000000004
0.12360000000000003
0.12366000000000009
0.12340000000000005
0.12378
0.12193000000000001
0.12335000000000002
0.12244000000000002
0.12199999999999997
0.12105000000000005
0.12110000000000003
0.12008
0.12177000000000004
0.12401000000000001
0.12324000000000003
0.12373000000000005
0.12256
0.12441000000000008
0.12169000000000002
0.12309000000000003
0.12269999999999999
0.12345999999999996
0.12148000000000003
0.12136999999999999
0.12170000000000002
0.12435000000000006
0.12416000000000002
0.12572999999999998
0.12108000000000008
0.12359999999999996
0.1199
0.12315000000000001
0.12178000000000003
0.12189000000000001
0.12151000000000003
0.12658
0.12487999999999998
0.12581000000000003
0.12337000000000002
0.12508
0.12569000000000005
0.12376000000000001
0.12468000000000001
0.12442999999999999
0.12321000000000001
0.12511000000000005
0.12525000000000003
0.12419999999999998
0.12224000000000002
0.12210999999999998
0.12238000000000003
0.12182999999999998
0.12270000000000002
0.12340999999999998
0.12365000000000004
0.12474000000000002
0.12539999999999993
0.12479000000000001
0.12306999999999997
0.12272999999999999
0.12220000000000003
0.12258000000000006
0.12269999999999998
0.12395999999999999
0.12302000000000005
0.12318000000000005
0.12301000000000004
0.12388000000000005
0.12368000000000003
0.12326000000000006
0.12189000000000004
0.12315000000000004
0.12379000000000001
0.12312
0.12330999999999999
0.12362000000000009
0.12483000000000002
0.12440999999999999
0.12416000000000002
0.12326000000000004
0.12361999999999998
0.12554
0.12505000000000002
0.12431000000000003
0.12430999999999999
0.12247
0.12430000000000005
0.12460000000000004
0.12433000000000005
0.12503000000000003
0.12513000000000007
0.12470999999999999
0.12506000000000003
0.12420000000000005
0.12417999999999997
0.12297000000000008
0.12517000000000003
0.12421999999999996
0.12367999999999998
0.12315999999999998
0.12347
0.12366000000000005
0.1246200000000001
0.12600000000000003
0.12726000000000004
0.12577
0.12505000000000005
0.12591999999999998
0.12610000000000002
0.12533
0.12618999999999997
0.12371
0.12337999999999998
0.12321000000000007
