0.19999999999999962
0.23631000000000005
0.3400400000000001
0.31422000000000005
0.34703
0.3207000000000001
0.3445499999999999
0.32510999999999995
0.3411000000000001
0.32632
0.3415899999999999
0.3281599999999999
0.34023000000000003
0.32901999999999987
0.33846
0.3273500000000001
0.33837000000000006
0.3297400000000001
0.33886999999999995
0.33211000000000007
0.33587999999999996
0.33230000000000004
0.33686
0.33249
0.3380400000000001
0.3327199999999999
0.3337499999999999
0.33347
0.33751999999999993
0.33414999999999984
0.33504000000000017
0.3325999999999999
0.3359
0.33674000000000004
0.33326
0.33282999999999985
0.33260000000000006
0.33448999999999984
0.3341100000000001
0.33531000000000005
0.33285
0.3363900000000001
0.3350500000000002
0.33510999999999996
0.3331100000000001
0.3356299999999999
0.33586
0.33691999999999994
0.3305199999999999
0.33457000000000003
0.3330400000000001
0.33501999999999993
0.33148999999999995
0.33673
0.33232000000000006
0.3318899999999999
0.333
0.33268000000000003
0.33592
0.33248000000000005
0.3327900000000001
0.3369099999999999
0.33468000000000003
0.33364999999999995
0.3315800000000001
0.33326999999999996
0.3324199999999999
0.3335900000000001
0.33204000000000006
0.33697000000000005
0.33413
0.33391
0.3341999999999999
0.33623000000000003
0.33347999999999983
0.33612000000000014
0.33423000000000014
0.33429
0.33252000000000004
0.3325099999999999
0.3305900000000001
0.33327999999999997
0.33241
0.33552
0.33323
0.33751000000000003
0.33249
0.33596
0.33332
0.3352900000000001
0.33345999999999987
0.33386999999999994
0.33640000000000014
0.33358000000000004
0.33251
0.33403
0.3331900000000001
0.33366000000000007
0.3343800000000001
0.33462000000000003
0.3342799999999999
0.3361800000000001
0.3337700000000001
0.33458000000000004
0.33171000000000006
0.3343500000000001
0.3363899999999999
0.3358400000000001
0.33346000000000003
0.33465000000000006
0.33248
0.3349400000000001
0.33354999999999985
0.33326999999999996
0.33302
0.3312700000000001
0.33417
0.33210999999999996
0.33226999999999995
0.33421999999999996
0.3321500000000001
0.3347699999999999
0.3319299999999999
0.3356299999999999
0.3324900000000001
0.33466
0.3333700000000001
0.33401
0.33247
0.33524
0.33397
0.3347400000000001
0.3342099999999999
0.33403999999999995
0.33492000000000005
0.33519999999999994
0.3344500000000001
0.33146000000000003
0.33491
0.3331799999999998
0.3331499999999999
0.33181
0.33613
0.3329600000000001
0.33773
0.33118000000000003
0.33669000000000004
0.33188
0.33523999999999987
0.33240000000000025
0.33799999999999997
0.33187000000000016
0.33373
0.3315400000000001
0.33466999999999997
0.33033999999999997
0.33365
0.3341899999999999
0.3357600000000003
0.33571999999999996
0.3324
0.33033
0.33375000000000005
0.33419
0.33349000000000006
0.3360000000000001
0.3361599999999999
0.3328400000000001
0.33357
0.33318000000000003
0.33181000000000005
0.33241
0.33170999999999995
0.3357800000000002
0.33491000000000004
0.33402
0.33341
0.33265999999999996
0.3327200000000002
0.3353999999999999
0.33277000000000007
0.33338
0.33437999999999996
0.33503000000000005
0.33647
0.33489
0.33410999999999996
0.33194999999999986
0.3349000000000001
0.33537
0.33491
0.3319900000000001
0.3336
0.33427999999999997
0.33551000000000003
0.33541
0.33313000000000004
0.3353500000000001
0.33355
0.33263
0.33382999999999996
0.33265
0.33376000000000006
0.3324699999999999
0.33491000000000004
0.33497999999999983
0.3326999999999999
0.3343500000000001
0.33472999999999997
0.33529
0.3348799999999999
0.33606999999999987
0.3364500000000001
0.33658000000000016
0.3321200000000001
0.33471000000000006
0.3313099999999999
0.33514999999999995
0.33301000000000003
0.33342999999999995
0.33075999999999994
0.3341000000000001
0.33368000000000003
0.33458
0.3323599999999999
0.33671000000000006
0.3354299999999999
0.3350400000000001
0.33436
0.33566
0.3319299999999999
0.33194
0.33347000000000016
0.3323100000000001
0.33275000000000005
0.3313899999999999
0.3360700000000001
0.33247000000000004
0.33148000000000005
0.33445
0.3356000000000002
0.3327400000000001
0.33100999999999997
0.33378000000000013
0.33477
0.33324000000000026
0.33305999999999997
0.3337799999999999
0.33149000000000006
0.33421000000000006
0.33226999999999984
0.33555999999999997
0.3326600000000001
0.3356100000000001
0.3327999999999999
0.33555
0.33135000000000003
0.33581999999999995
0.3338200000000001
0.33647
0.3337100000000001
0.33538999999999997
0.33086000000000004
0.3345600000000001
0.33625000000000005
0.33602999999999994
0.33664
0.33249
0.33525999999999984
0.33313000000000004
0.33616
0.33304000000000017
0.33604999999999996
0.3318
0.33525
0.3323400000000001
0.33559999999999995
0.33194999999999986
0.3357499999999999
0.33482999999999996
0.33481
0.3325600000000001
0.33543
0.33302
0.33442
0.3327200000000001
0.3331299999999999
0.33541000000000004
0.33393999999999996
0.33220999999999995
0.33523999999999987
0.33431
0.3330900000000001
0.3345
0.3314399999999999
0.33280999999999994
0.33136999999999994
0.33353999999999995
0.3313299999999999
0.3344500000000001
0.33313000000000004
0.3344100000000001
0.33409999999999995
0.3344099999999998
0.33385999999999993
0.3330700000000001
0.33455999999999997
0.33244000000000007
0.33425999999999995
0.33149999999999996
0.33514999999999995
0.33020999999999995
0.33578
0.33128000000000024
0.33690000000000003
0.33403000000000005
0.3334500000000001
0.33159
0.33504000000000006
0.33255
0.33515000000000006
0.3337099999999998
0.3339199999999999
0.3353199999999999
0.33426
0.33532000000000006
0.3322500000000001
0.33390000000000003
0.33271999999999996
0.3332200000000002
0.3347900000000001
0.33429000000000014
0.33234
0.33522000000000013
0.3314499999999999
0.33501000000000003
0.3340100000000001
0.33364000000000005
0.33315000000000006
0.33434000000000014
0.33380000000000004
0.33395
0.33602000000000004
0.3334499999999999
0.33489
0.33222
0.3363499999999998
0.3300299999999999
0.3350600000000001
0.3332800000000001
0.3362399999999999
0.33153
0.3340700000000001
0.33486
0.33236999999999994
0.3343500000000001
0.33549000000000023
0.33356000000000013
0.3360100000000001
0.33486000000000005
0.33562999999999993
0.3335000000000001
0.33366000000000007
0.3354000000000001
0.3327900000000002
0.3335700000000001
0.33446
0.3345300000000001
0.33047000000000004
0.3341600000000002
0.33391000000000004
0.3316899999999999
0.3312
0.33442
0.3339900000000002
0.3341899999999999
0.33223999999999987
0.3333899999999999
0.33352
0.33472999999999986
0.3346699999999999
0.33281
0.33241
0.3343299999999999
0.33430000000000015
0.33338999999999996
0.3335700000000001
0.3327800000000001
0.3356499999999999
0.33422
0.33273
0.3345
0.33164999999999994
0.33409000000000005
0.3318500000000001
0.33690999999999993
0.3299100000000001
0.33504
0.3329799999999997
0.3374599999999999
0.33197000000000004
0.33553999999999995
0.3320499999999999
0.33413999999999994
0.3335499999999999
0.33487
0.33571999999999996
0.33288999999999996
0.3334
0.33364
0.33243
0.33078
0.3344899999999999
0.33214
0.33383
0.33220999999999995
0.33460999999999996
0.33582
0.3332399999999999
0.3342199999999999
0.3357700000000003
0.33366
0.3340200000000001
0.33247
0.33501999999999993
0.3324600000000001
0.33451000000000003
0.3337399999999999
0.3346400000000002
0.3347100000000002
0.33401
0.33463
0.3353200000000002
0.33568
0.33432
0.33456999999999987
0.3354900000000001
0.33291
0.33343000000000006
0.3344099999999998
0.33299
0.33258000000000004
0.3329200000000001
0.33595000000000014
0.33358
0.33455000000000007
0.3327200000000001
0.33382999999999996
0.33373000000000014
0.33422
0.33047999999999994
0.33377
0.33164999999999994
0.33326000000000006
0.33323
0.33298000000000016
0.33493
0.3333899999999999
0.33539000000000013
0.33584
0.33448
0.33244999999999997
0.33687000000000006
0.33431000000000005
0.33326999999999996
0.3337000000000001
0.33348999999999995
0.33637999999999996
0.33655999999999986
0.33312
0.3332499999999999
0.33427999999999997
0.33597999999999995
0.33481000000000016
0.33420000000000016
0.33516999999999997
0.33099999999999996
0.3324
0.3335400000000001
0.3358299999999999
0.3342799999999999
0.3346800000000001
0.3364500000000001
0.3345300000000001
0.33218
0.3352000000000001
0.33341999999999994
0.33459999999999984
0.3357300000000001
0.33324
0.33354000000000006
0.33671
0.33468
0.33155000000000007
0.33425
0.33571000000000006
0.33347999999999994
0.33385000000000004
0.33207999999999993
0.3345700000000001
0.33440000000000003
0.3344599999999999
0.3351299999999998
0.33451999999999993
0.3323700000000001
0.3326600000000001
0.33437000000000006
0.3354799999999999
0.33460000000000006
0.33093000000000017
0.3344
0.33314
0.33527000000000023
0.3328800000000002
0.3356900000000001
0.32974
0.3372400000000002
0.3333399999999998
0.33452000000000004
0.3317400000000001
0.33501000000000014
0.33268000000000014
0.33254
0.33099999999999996
0.33324999999999994
0.33298000000000016
0.3348300000000001
0.33297
0.33542
0.33427
0.33549999999999996
0.3354000000000001
0.3339800000000001
0.33376
0.33401000000000003
0.33252000000000004
0.3332799999999998
0.33318000000000003
0.3335000000000001
0.3321100000000001
0.3332800000000001
0.33368
0.33537999999999996
0.3311099999999999
0.3345
0.33228999999999975
0.3312100000000001
0.33381
0.3315099999999999
0.33494
0.33353999999999995
0.33479
0.3327800000000001
0.33497
0.33374000000000004
0.3328899999999998
0.33440000000000014
0.33207000000000003
0.3337200000000001
0.33478999999999987
0.33536
0.33085000000000003
0.33490999999999993
0.33327000000000007
0.33383000000000007
0.3343800000000001
0.3373299999999999
0.33397000000000004
0.33434999999999987
0.3345
0.33594999999999997
0.3305000000000001
0.3326600000000001
0.32986999999999994
0.33447000000000005
0.33282000000000017
0.33496000000000004
0.3309500000000001
0.33209999999999995
0.3337499999999999
0.3339399999999999
0.33631
0.3348000000000002
0.33294999999999997
0.33369
0.33484
0.33116999999999996
0.3340000000000001
0.33366000000000007
0.335
0.3344599999999999
0.3331300000000001
0.33611
0.33156000000000013
0.3349700000000002
0.3342
0.33415
0.3327799999999999
0.33692000000000016
0.3340200000000002
0.33427000000000007
0.33440000000000014
0.3342700000000001
0.33213000000000004
0.33427
0.33527000000000007
0.33427000000000007
0.33469999999999994
0.33225
0.3339500000000002
0.33372999999999986
0.33273
0.33391000000000015
0.3353999999999999
0.33588999999999997
0.33483
0.33569000000000004
0.33262
0.33443
0.33443999999999996
0.33249
0.33448000000000006
0.3342699999999999
0.33440999999999993
0.33214999999999995
0.33184
0.33305999999999997
0.3370199999999998
0.33316
0.33806
0.3336399999999998
0.3319
0.33546999999999977
0.33319000000000004
0.33619000000000016
0.33366000000000007
0.3341899999999999
0.33315000000000006
0.33434000000000014
0.33412
0.3323999999999998
0.33177000000000023
0.3356700000000001
0.33472999999999975
0.33330999999999994
0.33388000000000007
0.33625
0.3315400000000002
0.33309
0.33286
0.33584
0.3330199999999999
0.3354299999999999
0.33488
0.33498999999999995
0.33397000000000027
0.3336699999999999
0.33323
0.3353000000000001
0.3334200000000001
0.3343900000000001
0.3328900000000001
0.33348999999999995
0.3324200000000001
0.33352000000000004
0.33120000000000005
0.3352500000000001
0.33513
0.33484
0.33341999999999994
0.33315
0.3363400000000002
0.3341100000000001
0.33635999999999994
0.33226
0.33424
0.33116999999999996
0.33268999999999993
0.33140000000000003
0.33338000000000007
0.33509999999999995
0.3359900000000001
0.3345
0.3349900000000001
0.33214
0.33419999999999994
0.33281000000000005
0.3354
0.33129000000000003
0.3354100000000001
0.33314
0.33205000000000007
0.33486000000000005
0.33576999999999996
0.3323799999999999
0.33444000000000024
0.33126
0.33617
0.33393
0.3320799999999998
0.33093999999999996
0.3339700000000001
0.33505999999999986
0.33099000000000006
0.3328900000000001
0.33876999999999996
0.33366000000000007
0.3340199999999999
0.33313000000000004
0.3339499999999999
0.3315699999999999
0.3354299999999999
0.33042
0.33298000000000016
0.33192
0.33558
0.33241000000000015
0.33466999999999997
0.33318
0.3349900000000001
0.33439
0.33368000000000014
0.33547999999999994
0.33730000000000004
0.33173000000000014
0.33382
0.3352399999999999
0.33604000000000006
0.3327000000000001
0.3341900000000002
0.33048
0.33603000000000016
0.33353999999999995
0.33309000000000005
0.33481
0.33592999999999995
0.33364999999999995
0.33315000000000006
0.3344900000000002
0.33546
0.3364500000000001
0.33449999999999996
0.33672
0.33413999999999994
0.3334199999999998
0.33541000000000004
0.33515999999999996
0.3333299999999999
0.3338600000000001
0.33299
0.3370400000000002
0.3327400000000001
0.3359
0.33335999999999993
0.33565000000000017
0.33368
0.33702000000000004
0.33017
0.33625
0.33416
0.3360799999999999
0.3347500000000001
0.33192
0.33126999999999995
0.33485
0.3327399999999999
0.33694999999999986
0.3330499999999999
0.3354000000000001
0.33433000000000007
0.3375
0.32864000000000004
0.3349299999999998
0.33213000000000015
0.33193999999999996
0.33264999999999995
0.33254000000000006
0.33329000000000003
0.3349500000000002
0.33272000000000007
0.33372000000000007
0.3315800000000001
0.33452000000000004
0.33371
0.33316
0.33199000000000006
0.3338699999999998
0.33527
0.33207000000000003
0.3360100000000001
0.3329699999999999
0.33322
0.33352000000000004
0.33234
0.33395
0.33562
0.33495
0.33393000000000006
0.33142999999999995
0.33035999999999993
0.3337499999999999
0.3338000000000001
0.3340399999999999
0.33358
0.33452
0.3347100000000002
0.3330400000000001
0.3333
0.3333100000000001
0.3339099999999998
0.3341500000000002
0.33385
0.33149000000000006
0.33319999999999994
0.3329900000000001
0.33548
0.33329000000000003
0.33568999999999993
0.33421000000000006
0.3335400000000001
0.3332
0.33520000000000005
0.33379999999999993
0.33240000000000014
0.33409999999999984
0.3340599999999999
0.33271
0.33166000000000007
0.3324600000000001
0.3310100000000001
0.33683
0.33257
0.33565
0.33391000000000004
0.33462999999999987
0.33259000000000016
0.3348100000000001
0.3341199999999999
0.33361999999999986
0.33224000000000004
0.33313000000000015
0.33256
0.3357099999999999
0.33294999999999997
0.3347100000000001
0.33272000000000007
0.3355300000000001
0.3321899999999999
0.33458
0.3335799999999999
0.33470999999999995
0.33445
0.33076
0.33469
0.3331099999999999
0.33414
0.33191000000000015
0.3349399999999999
0.33443
0.33221000000000006
0.33285000000000003
0.33246999999999993
0.3344999999999999
0.3348199999999999
0.3319999999999999
0.3325800000000001
0.3336600000000001
0.33620000000000005
0.33061000000000007
0.33422999999999986
0.33137
0.33358
0.3328600000000001
0.3348400000000001
0.32874999999999993
0.33409000000000005
0.3328199999999999
0.3357699999999999
0.33110000000000006
0.33519999999999994
0.33346000000000026
0.33491
0.33331000000000005
0.33466
0.33154999999999996
0.33253
0.33130999999999994
0.3346500000000001
0.33401
0.3351000000000001
0.33244999999999997
0.33409000000000005
0.33496999999999993
0.3337399999999999
0.33624000000000004
0.3321
0.3331500000000001
0.33253000000000005
0.3345900000000001
0.33352999999999994
0.33614000000000005
0.33548
0.3371199999999998
0.33203999999999995
0.3345400000000002
0.33287999999999995
0.33281
0.33524999999999994
0.3304699999999999
0.3330400000000001
0.33105000000000007
0.3304600000000001
0.33418
0.33519999999999994
0.33235
0.3320899999999999
0.33291999999999994
0.3345000000000001
0.33509
0.33321999999999996
0.3337800000000001
0.3345000000000001
0.3348099999999999
0.33557999999999993
0.33309000000000005
0.33204
0.3300500000000001
0.33460000000000006
0.33062999999999976
0.33637999999999996
0.33434
0.33442
0.33299999999999996
0.33254999999999996
0.33445000000000014
0.335
0.3352199999999999
0.33580000000000004
0.33587999999999985
0.33622000000000013
0.33285
0.33410000000000006
0.3337700000000001
0.33448
0.33379000000000003
0.33629000000000014
0.33494999999999997
0.33567
0.33497000000000005
0.3298899999999999
0.33237
0.33237
0.33432
0.3341800000000001
0.33574999999999994
0.3338800000000001
0.3329899999999999
0.33383000000000007
0.3327299999999999
0.3359
0.3367900000000001
0.33441000000000026
0.33344000000000007
0.33508999999999994
0.33386000000000016
0.3309099999999999
0.33468000000000003
0.3359699999999999
0.33427000000000007
0.33444000000000024
0.33568
0.33443000000000017
0.3348000000000001
0.3333399999999998
0.33526000000000006
0.33444
0.33286
0.33386999999999994
0.33368000000000025
0.3338199999999999
0.33642999999999995
0.33265000000000017
0.3330399999999999
0.33414000000000016
0.3337399999999999
0.33309
0.33321000000000006
0.33409
0.33311999999999997
0.33459999999999984
0.33494999999999997
0.33485
0.33058000000000015
0.3352600000000001
0.3328700000000001
0.3358400000000001
0.33395
0.33559
0.33181000000000005
0.33483999999999997
