0.19999999999999962
0.15699000000000002
0.14544999999999997
0.14027999999999996
0.13608999999999996
0.13207999999999998
0.13099
0.13045
0.13020000000000004
0.12801999999999997
0.12848
0.12868999999999997
0.12829999999999997
0.12682
0.12788999999999992
0.12696000000000007
0.12673000000000012
0.12724000000000005
0.12848000000000004
0.13098000000000007
0.1299
0.13007000000000005
0.13198000000000001
0.13040000000000004
0.12943
0.12998999999999997
0.12926
0.12897
0.12775999999999998
0.12943999999999997
0.12744999999999995
0.12733999999999995
0.12699999999999997
0.12641
0.12669999999999998
0.12660000000000002
0.12743999999999997
0.12782999999999994
0.12844
0.12727000000000002
0.12830999999999995
0.12965999999999997
0.12645000000000006
0.12690000000000004
0.12741000000000002
0.12725
0.12636999999999998
0.12499
0.12656000000000003
0.12838999999999998
0.12779000000000001
0.12859999999999996
0.12744999999999998
0.12674999999999997
0.12733000000000003
0.12696
0.12935000000000008
0.12894000000000003
0.12762
0.12615
0.12575
0.12721000000000005
0.12790999999999994
0.12834999999999996
0.12901
0.12839000000000006
0.12984
0.12847999999999998
0.12865000000000004
0.12850999999999999
0.12866
0.12772000000000003
0.12566000000000005
0.12654000000000004
0.12641000000000002
0.12590999999999997
0.12631
0.12608000000000008
0.12603999999999999
0.12481000000000005
0.12728999999999996
0.12757000000000004
0.12922999999999998
0.12716000000000005
0.12709
0.12801
0.12965
0.12886999999999998
0.12877000000000002
0.12835000000000002
0.12935000000000002
0.13000000000000006
0.12891999999999998
0.12714000000000003
0.12616000000000002
0.12765
0.12670000000000006
0.12806999999999996
0.12820000000000004
0.12840000000000004
0.12777999999999995
0.12734
0.12877999999999998
0.12884000000000007
0.12869999999999998
0.12802000000000002
0.12896
0.12562000000000004
0.12694000000000003
0.12799000000000008
0.12614999999999996
0.12687000000000004
0.12926
0.13049999999999998
0.13067
0.12991999999999998
0.12808000000000003
0.12857999999999997
0.12941000000000008
0.12703999999999996
0.12501999999999996
0.12759000000000004
0.12672000000000008
0.12727
0.12721
0.12671000000000002
0.12448000000000001
0.12491000000000003
0.12540000000000004
0.12589
0.12585999999999997
0.12705000000000002
0.12588
0.12742
0.12727
0.12658999999999998
0.12663
0.12472000000000005
0.12590000000000004
0.12730999999999995
0.12696
0.12639000000000003
0.12722
0.12911000000000009
0.13008
0.12725000000000009
0.12671
0.12848000000000004
0.12943000000000007
0.12785999999999997
0.12727
0.13039
0.12872999999999996
0.12849000000000005
0.12918000000000002
0.12869000000000003
0.12952000000000002
0.12853000000000003
0.12902999999999995
0.13038999999999995
0.13024999999999998
0.12866000000000002
0.12952
0.12951000000000001
0.12792000000000003
0.12801
0.1275
0.1266
0.12727000000000005
0.12548
0.12526000000000004
0.12606
0.12818000000000002
0.12723000000000007
0.12660000000000005
0.12738000000000002
0.12871999999999997
0.12829000000000002
0.13040000000000007
0.12874000000000002
0.12666
0.12728000000000006
0.12832
0.12785999999999997
0.12671999999999997
0.12780000000000002
0.12777000000000002
0.12734
0.12612
0.12552000000000002
0.12649000000000007
0.12777000000000002
0.12874
0.12886
0.12830999999999995
0.12791000000000002
0.12864000000000003
0.12936000000000003
0.12960999999999995
0.12927
0.12883000000000003
0.12939
0.13051000000000001
0.12894
0.12859000000000007
0.12801
0.1287
0.12758
0.12811999999999998
0.13010999999999998
0.12837000000000004
0.12737999999999997
0.12574000000000002
0.12532
0.12632000000000002
0.12587
0.12607
0.12681000000000003
0.12656000000000006
0.12689
0.12847000000000003
0.12829000000000007
0.12729000000000001
0.12794999999999995
0.12764999999999996
0.12649999999999995
0.12819
0.12735000000000005
0.12895000000000004
0.12902999999999998
0.12866000000000002
0.12837999999999997
0.1273
0.12494999999999998
0.12694000000000005
0.12708
0.12908000000000003
0.12976
0.13143000000000002
0.12978000000000006
0.13011000000000003
0.12999999999999992
0.12819999999999995
0.12821000000000007
0.12745
0.12601
0.12691000000000002
0.12737
0.12800000000000003
0.12987000000000004
0.12993000000000005
0.12872000000000003
0.12758
0.12877000000000002
0.12751000000000004
0.12689000000000009
0.12629999999999997
0.12743000000000002
0.12752
0.12785999999999997
0.12756
0.12819
0.12798000000000004
0.12861
0.12901
0.12821999999999997
0.12786999999999998
0.12847
0.12765999999999994
0.12852000000000005
0.12801999999999997
0.12678
0.12608
0.12499000000000002
0.12872000000000003
0.12872000000000003
0.12944
0.12861999999999998
0.12580000000000002
0.12522
0.12524999999999997
0.12483999999999998
0.12584
0.12429999999999994
0.12623000000000004
0.12698000000000004
0.12741999999999998
0.12728
0.12637000000000004
0.1259
0.12749000000000005
0.12636000000000003
0.12587000000000004
0.12786
0.1273
0.12898999999999997
0.13002999999999998
0.12936999999999999
0.12916999999999995
0.12729000000000004
0.12808999999999998
0.12886000000000003
0.12930000000000005
0.12835000000000005
0.12917000000000003
0.12798000000000004
0.12834
0.12883
0.13017999999999996
0.12829
0.12927000000000002
0.12914
0.12727999999999995
0.12908000000000008
0.12940000000000002
0.13098999999999997
0.12816999999999998
0.12999000000000002
0.13067999999999996
0.12999999999999992
0.13
0.12889
0.12850000000000006
0.12714000000000003
0.12789000000000003
0.12703999999999996
0.12899999999999992
0.12743999999999997
0.12871000000000005
0.12922000000000006
0.12827
0.12684000000000004
0.12627
0.12449000000000005
0.12688999999999998
0.12825000000000003
0.12689
0.12888000000000002
0.12888999999999995
0.12921000000000007
0.12844999999999998
0.12906000000000004
0.1262699999999999
0.12773000000000004
0.12765000000000007
0.12769999999999998
0.12744999999999998
0.12752999999999998
0.12609000000000006
0.12700999999999998
0.12843000000000004
0.12639000000000006
0.12665999999999997
0.12732
0.12639000000000006
0.12484000000000003
0.12467999999999999
0.12746
0.12832000000000007
0.12859999999999996
0.12926000000000004
0.12831000000000004
0.12770999999999996
0.12795
0.12835000000000005
0.12834
0.12917000000000006
0.13025999999999993
0.12940000000000002
0.12965000000000002
0.12836000000000009
0.12874999999999998
0.12831
0.12991000000000003
0.12857000000000002
0.12829
0.12695
0.1279
0.1269099999999999
0.12611999999999998
0.12547000000000005
0.12714999999999999
0.12702999999999998
0.12659000000000004
0.12782000000000007
0.12786999999999996
0.12691
0.12697999999999998
0.12788000000000002
0.1268
0.12672
0.12703
0.12591000000000002
0.12641000000000002
0.12794000000000003
0.12752999999999992
0.12678000000000003
0.12898
0.12719000000000003
0.12734999999999996
0.12615000000000012
0.12667000000000003
0.12741999999999998
0.12619999999999998
0.12823999999999994
0.12934000000000004
0.13033000000000006
0.12958999999999998
0.13080000000000008
0.12920999999999996
0.12955
0.12985999999999995
0.12940000000000002
0.13076000000000007
0.13055999999999993
0.12853
0.12904000000000004
0.12853000000000003
0.12722999999999998
0.1266299999999999
0.12547999999999995
0.12593000000000007
0.12694000000000005
0.12642
0.12765
0.12786999999999998
0.12713
0.12651
0.12552999999999995
0.12419000000000002
0.12597000000000005
0.12657000000000004
0.12796000000000002
0.12788
0.12913
0.12757
0.12854000000000007
0.12585999999999997
0.12501000000000004
0.12303000000000014
0.12545
0.12728000000000006
0.12738
0.12612
0.12680000000000002
0.12580000000000005
0.12495999999999999
0.12745000000000004
0.12668000000000001
0.12514000000000006
0.12646999999999997
0.12589999999999996
0.12624000000000005
0.12699000000000002
0.12644000000000005
0.12686000000000003
0.12673000000000004
0.12772999999999995
0.12622000000000003
0.12513000000000005
0.12668000000000004
0.12796
0.12941000000000005
0.12913000000000002
0.12813
0.12827000000000002
0.12721000000000005
0.12665000000000004
0.12558
0.12788000000000005
0.13058000000000003
0.12887
0.12883999999999998
0.12701999999999997
0.12816
0.12778000000000006
0.12688999999999998
0.12733000000000003
0.12783
0.12732999999999994
0.12606
0.12663
0.12634
0.12711
0.12908
0.12788999999999998
0.12892999999999996
0.12958
0.12752
0.12865000000000004
0.12794
0.12801000000000007
0.12683999999999995
0.12813999999999998
0.12899
0.12811999999999998
0.12838000000000002
0.12814000000000003
0.12694000000000005
0.12572000000000005
0.1264
0.12736999999999996
0.12772000000000003
0.12810000000000007
0.12594999999999998
0.12473
0.12639999999999996
0.12682000000000002
0.12811000000000006
0.12777999999999995
0.12954999999999994
0.12944
0.12844999999999998
0.12751
0.12686000000000003
0.12907000000000005
0.12907000000000002
0.1285
0.12861
0.12674000000000002
0.12462
0.12578
0.12736999999999998
0.12821000000000005
0.12874999999999998
0.12937
0.12844000000000005
0.12939
0.12813999999999998
0.13019000000000008
0.12990000000000002
0.12974000000000005
0.12591000000000002
0.12614000000000003
0.12679000000000007
0.12827000000000002
0.12847000000000006
0.12766
0.1266
0.12612999999999994
0.12586000000000006
0.12467000000000006
0.12481
0.12441000000000002
0.12471000000000002
0.12626000000000004
0.12608
0.12437
0.12444999999999995
0.12546000000000002
0.1277900000000001
0.12860000000000002
0.12746999999999997
0.12702
0.12678999999999999
0.12889000000000006
0.12843000000000004
0.12962
0.12975000000000006
0.12872000000000003
0.12836999999999998
0.12890000000000001
0.12902000000000008
0.1284100000000001
0.12936
0.12801
0.12801000000000004
0.12711000000000003
0.12852999999999998
0.12730000000000002
0.12656999999999996
0.12508000000000002
0.12388000000000005
0.12562000000000004
0.12486000000000004
0.12555
0.12617
0.12432000000000003
0.12318000000000005
0.12650000000000003
0.12629999999999997
0.12614000000000003
0.12896000000000002
0.12838000000000002
0.12811000000000003
0.12671000000000007
0.12621000000000004
0.12672
0.1267800000000001
0.12908999999999998
0.12987
0.12635
0.12753999999999996
0.12655000000000008
0.12684000000000004
0.12461
0.12519000000000005
0.12592000000000003
0.12674
0.12814000000000003
0.12767000000000003
0.12775
0.12834
0.12911000000000006
0.12661000000000003
0.12755999999999995
0.12831000000000004
0.12864
0.12917
0.13082000000000002
0.12946999999999995
0.12805999999999998
0.12833000000000003
0.13031999999999996
0.12905000000000003
0.12891999999999998
0.12953
0.13036999999999996
0.13
0.12788
0.12627
0.12603
0.12538
0.12665000000000004
0.12632000000000004
0.12707000000000002
0.12733000000000003
0.12516999999999998
0.12709
0.12589999999999996
0.12722999999999998
0.12710000000000002
0.12709000000000004
0.1281
0.12558000000000002
0.12586999999999998
0.12663000000000005
0.12681
0.12764
0.12749999999999992
0.12604
0.12774000000000002
0.12847000000000006
0.12904000000000002
0.12879000000000002
0.12765
0.12751
0.1282000000000001
0.12861
0.12691999999999998
0.12673000000000004
0.12680999999999998
0.12570000000000003
0.1264
0.12687000000000004
0.12684999999999996
0.12712
0.12748000000000004
0.12808000000000003
0.12681000000000003
0.12663
0.12603999999999999
0.12791
0.12802999999999998
0.12678999999999999
0.12795000000000004
0.12563000000000007
0.12673999999999996
0.12658999999999998
0.12506000000000003
0.12769999999999995
0.12866
0.12895
0.12782999999999997
0.12750000000000003
0.12808000000000005
0.12806000000000003
0.1304799999999999
0.12821000000000005
0.12850999999999999
0.12850999999999999
0.12908000000000003
0.12883999999999998
0.12977
0.12841999999999998
0.12688999999999998
0.12657
0.12668000000000001
0.12485999999999997
0.12419999999999996
0.12609000000000004
0.12573000000000006
0.12592999999999996
0.12848000000000004
0.1298
0.12870000000000006
0.12826
0.12807000000000002
0.12872999999999996
0.12785
0.12823
0.12598000000000004
0.12515
0.12705
0.12676
0.12569
0.12576
0.12399999999999999
0.12589000000000006
0.12528
0.12475000000000003
0.12460999999999998
0.12755999999999998
0.12863999999999998
0.12779999999999997
0.12780000000000005
0.12901999999999997
0.12604
0.12844999999999998
0.12707999999999997
0.12701000000000007
0.12705000000000002
0.12832999999999997
0.12967999999999996
0.12742999999999996
0.12644
0.12674
0.12685999999999995
0.12542999999999996
0.12403999999999993
0.12655000000000002
0.12596
0.12314
0.12563999999999997
0.12610000000000002
0.12682000000000004
0.12775999999999998
0.12884000000000004
0.12886
0.12837000000000004
0.1292
0.12789
0.12841999999999998
0.12695
0.12665999999999994
0.12634
0.12891000000000002
0.12817
0.12793999999999997
0.12824000000000002
0.12763000000000005
0.12567
0.12644999999999998
0.12622999999999998
0.12516
0.12606000000000006
0.12573
0.12714999999999999
0.12652999999999992
0.12631999999999996
0.12784000000000004
0.12622
0.1265600000000001
0.12702999999999998
0.12829000000000002
0.12741000000000005
0.12728
0.12528000000000003
0.12604999999999997
0.12725000000000006
0.12764
0.12779999999999994
0.12707999999999997
0.12909999999999994
0.12683999999999998
0.12617000000000003
0.12702
0.12744
0.12801999999999997
0.1274
0.12627000000000002
0.12661
0.12627
0.12757999999999994
0.12793
0.12760999999999995
0.12792000000000006
0.12617000000000006
0.12635000000000005
0.1280900000000001
0.12764
0.12739999999999996
0.12484000000000005
0.12542
0.12446000000000002
0.12494
0.12536999999999998
0.12421999999999997
0.12429999999999998
0.12538000000000002
0.12610000000000002
0.1280900000000001
0.12816000000000002
0.12761000000000003
0.12664
0.12612000000000004
0.12638000000000008
0.12696000000000005
0.12765999999999994
0.12777
0.12865999999999997
0.1267
0.12788999999999995
0.12624000000000007
0.12686
0.12621999999999997
0.12795000000000004
0.12683999999999998
0.12737
0.12619999999999995
0.12534999999999996
0.12650000000000003
0.12726
0.12761999999999996
0.12698
0.12600000000000003
0.12409000000000002
0.12477000000000002
0.12486000000000001
0.12572
0.12725000000000003
0.1267
0.12733000000000003
0.12727000000000008
0.12620000000000003
0.12854000000000002
0.12923000000000007
0.1285
0.12919999999999995
0.12810000000000005
0.12906
0.12820999999999994
0.12949
0.12956999999999996
0.12898000000000004
0.13104000000000002
0.12976999999999997
0.12841
0.12732
0.12825000000000003
0.12655000000000005
0.12782
0.12616000000000002
0.12508
0.12703000000000006
0.12648000000000004
0.12591999999999998
0.12488000000000009
0.12687000000000007
0.12619000000000002
0.12760999999999995
0.12794999999999992
0.12729000000000007
0.1276
0.12734000000000006
0.12721000000000002
0.12797999999999998
0.12795
0.12892
0.12882000000000005
0.12863999999999998
0.12817
0.12864
0.12948000000000004
0.12894
0.12762000000000004
0.12675999999999998
0.12749000000000005
0.12787000000000004
0.12714000000000006
0.12765
0.12831999999999993
0.12964000000000003
0.12875
0.12925000000000003
0.12801
0.12714
0.12779
0.12764
0.12730999999999998
0.12805999999999998
0.12754000000000007
0.12722
0.12575999999999998
0.12768
0.12502000000000005
0.12542999999999993
0.12783
0.12663
0.12689999999999996
0.12601
0.12724000000000005
0.12728000000000006
0.12858
0.12741
0.12737000000000007
0.12657
0.12870000000000004
0.12758000000000008
0.1271800000000001
0.12794
0.12742
0.12773000000000004
0.12875999999999996
0.12852000000000002
0.12808999999999998
0.12932000000000005
0.12793999999999997
0.12985999999999998
0.13006
0.13172000000000003
0.13057000000000005
0.13072999999999999
0.13072999999999999
0.13116999999999998
0.12900999999999999
0.12703000000000006
0.12644
0.12821999999999995
0.12723
0.1277
0.12901000000000004
0.13006
0.12941
0.12816
0.12813999999999998
0.12572999999999998
0.12722
0.12823
0.12780999999999995
0.12672
0.12475999999999997
0.12514
0.12455000000000002
0.12559999999999996
0.12552999999999997
0.12747999999999995
0.12734
0.12783999999999998
0.13141000000000003
0.12733
0.12744
0.12649999999999997
0.12464000000000003
0.12551999999999996
0.12743000000000002
0.12949999999999992
0.12870999999999996
0.12805999999999998
0.12768000000000002
0.12647999999999998
0.12719000000000003
0.12600000000000003
0.12557999999999997
0.12677000000000002
0.12718999999999994
0.12622000000000003
0.12708000000000005
0.12705000000000002
0.12654000000000004
0.12589000000000003
0.12644
0.12579
0.12483000000000008
0.12613000000000002
0.12663000000000005
0.12694999999999998
0.12698
0.12613000000000002
0.12704
0.12734999999999996
0.12863000000000005
0.12771000000000002
0.12718999999999997
0.12774000000000002
0.12521999999999991
0.12648999999999996
0.12688999999999998
0.12764999999999996
0.12921
0.1279
0.12798000000000007
0.12664
0.12608999999999995
0.12571
0.12536999999999998
0.12646000000000002
0.12751000000000004
0.12704000000000001
0.12661000000000006
