0.19999999999999962
0.16005999999999998
0.15500000000000003
0.14746
0.14567999999999995
0.14329
0.1445
0.14259000000000002
0.14259
0.14237
0.14269000000000007
0.1421999999999999
0.14183999999999997
0.14055999999999996
0.14046000000000006
0.14180000000000006
0.14259999999999998
0.14353
0.14312999999999998
0.14207000000000003
0.13943000000000003
0.14094999999999996
0.14279999999999993
0.14368999999999996
0.14246999999999999
0.14291999999999994
0.14269999999999997
0.14401999999999998
0.14391
0.14515
0.14429999999999998
0.14208999999999997
0.14048000000000005
0.13949
0.13957999999999995
0.14100000000000004
0.14045999999999997
0.14231999999999997
0.14160999999999999
0.14129
0.14093999999999998
0.14106000000000002
0.14076999999999998
0.14082
0.1398
0.14064
0.14269000000000004
0.1418
0.13958999999999996
0.13992
0.14171999999999998
0.14075
0.14078000000000002
0.13995999999999995
0.14001999999999998
0.14062999999999998
0.14121999999999996
0.14265999999999993
0.14055
0.14101000000000002
0.14124999999999993
0.14305999999999994
0.14214000000000002
0.14216
0.13985999999999998
0.13864999999999994
0.14015
0.14027
0.14171
0.14254999999999998
0.14265000000000005
0.14169000000000004
0.14055000000000006
0.14018000000000003
0.14086999999999997
0.14014
0.14091000000000004
0.14006999999999997
0.14112000000000002
0.14174000000000003
0.14037000000000002
0.14339000000000005
0.14288
0.14128000000000002
0.14167999999999994
0.14135
0.14150999999999997
0.14042
0.14124000000000003
0.14173
0.14020999999999997
0.14032000000000003
0.14158000000000004
0.14045000000000005
0.14060000000000003
0.14124000000000003
0.14286
0.14290999999999998
0.14251
0.1410899999999999
0.14136999999999997
0.14080999999999996
0.13962999999999995
0.14237999999999995
0.14257999999999993
0.14158
0.14315000000000003
0.14435000000000003
0.14295999999999995
0.14397000000000004
0.14291
0.14241
0.14328999999999995
0.14354
0.14236000000000001
0.13977
0.14101000000000005
0.14195000000000005
0.14192999999999995
0.14089999999999997
0.14026000000000005
0.14187000000000002
0.14017999999999994
0.14042
0.14114000000000002
0.13910000000000003
0.13977
0.13992000000000007
0.13929999999999998
0.14016999999999996
0.13920999999999997
0.13865
0.14018999999999995
0.14194000000000004
0.14011000000000007
0.14000999999999994
0.14146999999999996
0.14094999999999996
0.14117
0.14082
0.14213
0.14264
0.14168000000000003
0.14179000000000003
0.13993
0.14107999999999998
0.14161000000000004
0.13993000000000003
0.13936000000000004
0.13878999999999997
0.13929000000000002
0.14148000000000005
0.14076
0.14126
0.1393999999999999
0.14134000000000002
0.14037999999999995
0.14112
0.13989
0.13973999999999998
0.13989000000000004
0.14026
0.13982999999999998
0.14051999999999995
0.14378999999999997
0.14078
0.14411000000000002
0.14345999999999998
0.14232000000000003
0.14461
0.14166
0.14299999999999996
0.14086
0.13946999999999998
0.14059999999999997
0.14116
0.14308000000000007
0.14159999999999998
0.14160999999999999
0.14146000000000006
0.14176000000000002
0.14111
0.13942
0.13890999999999998
0.14054000000000005
0.13917000000000002
0.13946999999999998
0.13906000000000002
0.14076
0.14134999999999995
0.14178999999999994
0.14226000000000003
0.14023999999999998
0.14245999999999998
0.14292999999999995
0.14143999999999995
0.14231999999999995
0.14321999999999993
0.14143999999999995
0.14159
0.14093999999999998
0.14178999999999997
0.14060999999999998
0.14195999999999998
0.14104000000000003
0.14329000000000006
0.14256000000000002
0.14157
0.14287999999999992
0.14265999999999995
0.14126
0.14238999999999996
0.14235999999999996
0.14251000000000003
0.14273999999999998
0.14376999999999993
0.14126999999999998
0.14031
0.14223
0.14132999999999998
0.14144999999999994
0.14161000000000004
0.14108999999999994
0.14041999999999993
0.14126999999999998
0.14056000000000002
0.14403999999999997
0.14295000000000002
0.14250000000000002
0.14206999999999995
0.14133
0.14159999999999998
0.14053000000000002
0.14027
0.14194999999999994
0.14195999999999998
0.14070000000000002
0.14228999999999992
0.14385
0.14282999999999996
0.1421
0.14245000000000008
0.14250999999999997
0.14168000000000003
0.1408900000000001
0.14248999999999995
0.14148
0.1411999999999999
0.14037999999999998
0.13778999999999997
0.13929999999999998
0.14096999999999996
0.14126999999999998
0.14167
0.14205999999999996
0.14187999999999995
0.14079
0.14221999999999999
0.14179
0.14149000000000003
0.14106999999999995
0.13972999999999997
0.14013
0.14098000000000005
0.14148999999999995
0.14281
0.14298999999999992
0.14093999999999998
0.14154000000000003
0.13873999999999997
0.13988999999999996
0.14053
0.13784999999999997
0.14003999999999997
0.13828
0.14088999999999993
0.1400899999999999
0.13848000000000008
0.13963000000000003
0.13999000000000003
0.13966999999999996
0.14078999999999992
0.13915
0.13835000000000003
0.13998999999999998
0.13883999999999996
0.13924
0.13787999999999997
0.13887
0.14266
0.14152999999999993
0.14176000000000002
0.14404
0.14163
0.14196999999999999
0.13921999999999998
0.14017999999999994
0.13967999999999997
0.13976999999999998
0.14107999999999996
0.14149000000000003
0.14198
0.14200000000000004
0.14255
0.14058999999999996
0.14051
0.13985
0.14073
0.14174999999999996
0.14162
0.14042
0.14096999999999998
0.14129999999999995
0.14321000000000006
0.14275999999999997
0.14196000000000009
0.14215999999999995
0.14243999999999993
0.14215999999999998
0.14185999999999999
0.1433399999999999
0.14167999999999992
0.13967000000000002
0.13996000000000003
0.14063999999999993
0.13821999999999998
0.13841000000000003
0.13846000000000003
0.13979
0.13971000000000003
0.14150000000000001
0.14319000000000007
0.14338000000000004
0.14082000000000006
0.14071999999999993
0.14119999999999996
0.14137000000000005
0.14049999999999996
0.13828
0.14009999999999995
0.13982999999999998
0.14310999999999996
0.14326
0.14386999999999997
0.14050000000000007
0.14093000000000003
0.14076999999999995
0.14021000000000006
0.14081000000000002
0.14142999999999997
0.14051999999999995
0.14081999999999997
0.14183999999999997
0.14077999999999996
0.14169
0.1403
0.14189999999999997
0.14027000000000003
0.14050999999999994
0.14097999999999997
0.13875000000000004
0.13969000000000006
0.13790999999999995
0.13990000000000005
0.13741
0.13606999999999997
0.13713999999999996
0.13760000000000003
0.1391499999999999
0.14089999999999991
0.13962000000000005
0.14061000000000004
0.14147
0.14048999999999995
0.13966
0.13999000000000003
0.14147999999999997
0.14138999999999996
0.13926
0.13885000000000003
0.13965
0.14031999999999994
0.14023999999999995
0.13996999999999996
0.13811000000000007
0.13938000000000003
0.13826999999999998
0.13962
0.13982999999999998
0.14143
0.14323999999999998
0.14322999999999994
0.14149000000000003
0.14248000000000002
0.14185000000000003
0.14092999999999992
0.14006999999999997
0.14004999999999998
0.14070999999999995
0.14093999999999995
0.14042999999999994
0.14029000000000005
0.14138
0.14068999999999995
0.14080000000000006
0.14270999999999995
0.14281
0.14356999999999998
0.14370999999999998
0.14286
0.14295
0.14102
0.14101000000000005
0.14134999999999995
0.14300000000000004
0.14152000000000003
0.14044999999999996
0.13932000000000003
0.14070000000000005
0.14074
0.14148999999999995
0.14146999999999996
0.14008
0.14164000000000007
0.14108
0.13979999999999998
0.13871
0.14009000000000008
0.14027999999999996
0.13991
0.13946999999999998
0.14001999999999995
0.13956999999999997
0.14040999999999995
0.14116999999999996
0.14253
0.14132999999999998
0.14231000000000002
0.14326999999999998
0.14357999999999996
0.14206999999999995
0.14034999999999997
0.14009000000000005
0.14074000000000003
0.14043999999999998
0.14086999999999997
0.14136999999999997
0.14144000000000004
0.14007
0.14044999999999994
0.14112999999999998
0.14017999999999994
0.14200999999999991
0.14242000000000005
0.14254
0.14275000000000002
0.14320000000000002
0.14232999999999996
0.14079999999999998
0.14018999999999995
0.14093999999999995
0.14117999999999994
0.14162999999999998
0.14118
0.14094
0.13963999999999996
0.14123000000000002
0.14248999999999998
0.14241
0.14470999999999998
0.14264000000000002
0.14332000000000003
0.14158999999999997
0.14159999999999995
0.14165
0.1423
0.1414
0.14068999999999995
0.14031000000000005
0.14037999999999998
0.13948000000000002
0.14082999999999996
0.14078
0.14260000000000006
0.14367999999999997
0.14295999999999992
0.14232000000000006
0.14083
0.13964000000000004
0.1398099999999999
0.14023000000000002
0.13862000000000005
0.13873000000000002
0.13996999999999993
0.14048000000000002
0.14082999999999998
0.14081999999999995
0.14144999999999996
0.14079999999999995
0.14135999999999993
0.14112
0.14218999999999998
0.14086
0.14170000000000005
0.14135
0.14144999999999994
0.14019
0.14223000000000002
0.14063999999999993
0.1423
0.14232000000000006
0.14248999999999998
0.14303000000000002
0.14088
0.13907999999999995
0.13867999999999997
0.14083
0.1412
0.14035
0.14086999999999997
0.13924000000000003
0.14028000000000002
0.14032
0.13984
0.14229999999999998
0.14105000000000006
0.14077999999999993
0.14112999999999998
0.14007999999999995
0.14188
0.14235000000000012
0.14195999999999998
0.14161999999999988
0.14016999999999996
0.14010999999999996
0.13847000000000004
0.13966
0.14065000000000003
0.14170999999999992
0.14152
0.14167000000000005
0.14072000000000004
0.14103999999999997
0.14042999999999997
0.13982999999999993
0.13942
0.14040999999999998
0.14091
0.13915999999999998
0.13852999999999993
0.1386
0.13866000000000006
0.14048999999999995
0.14079000000000005
0.14056000000000007
0.14082
0.14213999999999996
0.14125
0.13978
0.14096
0.13931
0.13923
0.13870000000000002
0.13935999999999996
0.13775
0.14127
0.14172
0.14256
0.14285999999999996
0.14141000000000004
0.14393
0.14124
0.14087000000000002
0.14094000000000007
0.14151000000000002
0.14251999999999998
0.14264
0.14158999999999994
0.14265
0.14280000000000004
0.14190000000000003
0.14225000000000002
0.14078000000000004
0.14246999999999999
0.14299000000000003
0.14184
0.14225000000000002
0.13995000000000007
0.13885
0.13793999999999998
0.13949
0.14073
0.14131999999999992
0.14405999999999997
0.14333999999999997
0.14412999999999995
0.14253999999999994
0.14251000000000003
0.14155000000000004
0.14051999999999992
0.14099
0.14065000000000005
0.14250000000000002
0.14074
0.14099000000000006
0.1395099999999999
0.14143999999999998
0.14092000000000007
0.14059000000000002
0.1387799999999999
0.14028
0.14073999999999998
0.14081000000000002
0.14058000000000004
0.14096999999999993
0.14342
0.14225999999999997
0.14100999999999997
0.13956
0.14089000000000007
0.14162999999999998
0.14192000000000002
0.14029999999999998
0.14023
0.14036999999999997
0.14226
0.14201999999999998
0.14228000000000002
0.14121999999999996
0.14191999999999994
0.14134999999999992
0.14009000000000002
0.14122
0.14179
0.14054
0.14196
0.14224000000000003
0.14136
0.14176999999999992
0.14205
0.14347999999999994
0.1428699999999999
0.14279999999999993
0.13996999999999996
0.14151000000000002
0.14065
0.14007
0.13962000000000005
0.14033
0.13912999999999998
0.13825000000000004
0.13966999999999996
0.13959
0.13868000000000003
0.13945999999999997
0.14193999999999998
0.13911000000000004
0.13761999999999996
0.13937
0.13795
0.13992999999999997
0.14014
0.14057
0.13932999999999995
0.13964000000000001
0.13847000000000004
0.14131999999999997
0.14074000000000003
0.14098999999999998
0.14079000000000005
0.13838000000000003
0.1389
0.1387799999999999
0.13870999999999994
0.14006999999999997
0.13983
0.13942000000000004
0.13918999999999998
0.14054000000000008
0.14077
0.14036999999999997
0.14134
0.14100000000000004
0.14145999999999997
0.14199
0.14304999999999995
0.1443399999999999
0.14395999999999998
0.14339000000000002
0.14170999999999997
0.13987999999999992
0.14125000000000004
0.14014
0.14096
0.14118999999999995
0.14142000000000002
0.14018
0.13942999999999997
0.14018999999999993
0.14114000000000007
0.14123999999999998
0.14388000000000004
0.14320999999999992
0.14201
0.14077000000000003
0.14260000000000006
0.14320999999999995
0.14224999999999996
0.14354
0.14253999999999997
0.14263
0.14392
0.14234000000000002
0.14101
0.14075
0.14044999999999994
0.14013999999999996
0.14029000000000003
0.14331000000000002
0.14136
0.14142999999999994
0.14108999999999994
0.14166000000000004
0.13785999999999995
0.13784000000000002
0.13869
0.14030000000000006
0.13895
0.1403699999999999
0.14044
0.14057999999999998
0.14055
0.14140999999999995
0.14097999999999997
0.14073
0.14029999999999995
0.14112
0.13882000000000005
0.13846999999999995
0.13629999999999998
0.13938999999999996
0.13984999999999997
0.14001999999999995
0.13871999999999995
0.1384400000000001
0.13924999999999998
0.14117999999999997
0.14363999999999996
0.14464
0.14500000000000005
0.14491
0.14232999999999998
0.14236000000000001
0.14110000000000003
0.1401
0.13943999999999998
0.14173000000000002
0.14038
0.14145000000000002
0.14188000000000003
0.14215000000000003
0.14222
0.14311000000000004
0.14140000000000003
0.14297
0.14150999999999997
0.14098000000000005
0.1400299999999999
0.14192999999999997
0.13872999999999996
0.13815000000000005
0.13841
0.13827000000000003
0.14016
0.13973000000000005
0.13990999999999995
0.14171999999999996
0.13942000000000004
0.13961999999999994
0.14006000000000002
0.14247
0.14131
0.14065999999999998
0.14059999999999997
0.14068999999999998
0.13912000000000002
0.13816000000000003
0.1405799999999999
0.14145999999999997
0.14046999999999996
0.13795999999999997
0.14055999999999993
0.13962999999999995
0.14000999999999994
0.14252999999999996
0.14239999999999997
0.14117
0.14014
0.14133999999999994
0.14118999999999995
0.14149999999999996
0.1412
0.14153999999999997
0.14131000000000002
0.14162000000000002
0.14144000000000004
0.14002999999999996
0.13927000000000003
0.14104000000000005
0.14144
0.14258999999999997
0.1406300000000001
0.14117999999999997
0.14048999999999995
0.14249999999999996
0.14221
0.14249000000000003
0.14172000000000004
0.14190000000000003
0.14145999999999997
0.14280000000000004
0.14238
0.14207999999999996
0.14126000000000002
0.14075
0.14120999999999997
0.14309999999999998
0.14253
0.14273999999999995
0.14423999999999998
0.14315
0.14326999999999998
0.14347
0.14229999999999995
0.14307999999999998
0.14311000000000004
0.14382999999999996
0.14418999999999998
0.14449
0.14253000000000005
0.14266000000000006
0.14143999999999995
0.14338000000000004
0.14115
0.14065000000000003
0.14159999999999998
0.14182
0.14297
0.14233
0.14319000000000007
0.14244
0.14172000000000007
0.14032999999999998
0.13987
0.13943999999999993
0.14001
0.14158000000000004
0.13949999999999999
0.14049000000000006
0.14198000000000002
0.14015999999999992
0.13982999999999998
0.13862
0.1389
0.14094999999999996
0.1417
0.14287
0.14312999999999998
0.14383
0.14204999999999995
0.14020999999999995
0.14041
0.1424
0.14090000000000005
0.14219
0.14292000000000005
0.14268000000000003
0.14215000000000005
0.13967000000000004
0.13905999999999996
0.1395200000000001
0.13957000000000003
0.13924
0.13989000000000004
0.14045999999999995
0.14094000000000004
0.14142000000000002
0.14117000000000002
0.14107
0.14231
0.14329
0.14176
0.14088999999999993
0.14145999999999995
0.14249999999999996
0.14101
0.14120000000000002
0.14117000000000002
0.1387700000000001
0.13870999999999997
0.13633999999999996
0.13748999999999997
0.13792000000000007
0.13991999999999996
0.13986
0.13885
0.13784999999999997
0.13921000000000003
0.13918999999999995
0.14054
0.14188000000000003
0.14063999999999993
0.14168
0.14262000000000002
0.14352999999999996
0.14112
0.14001000000000002
0.13885
0.1393
0.14083000000000004
0.14270999999999998
0.14253
0.14272000000000007
0.14249999999999993
0.14137999999999995
0.14228000000000002
0.14168
0.14118000000000008
0.14016999999999993
0.14057000000000006
0.14063999999999996
0.14063000000000006
0.14112
0.14086000000000004
0.14150999999999997
0.1414
0.14105
0.14104000000000005
0.13971999999999998
0.14074
0.13996000000000003
0.14065000000000003
0.14071999999999998
0.14046
0.14003
0.14180999999999994
0.14276999999999998
0.14041
0.14222
0.14289
0.14201000000000005
0.1411700000000001
0.14155
0.14071999999999998
0.14062999999999998
0.14332
0.14298000000000002
0.14356000000000002
0.14101999999999995
0.14178000000000002
0.14173999999999995
0.13869000000000004
0.14045000000000005
0.14049999999999993
0.14247000000000004
0.14042999999999997
0.1401799999999999
0.14173000000000002
0.14137
0.14210000000000003
0.14203
0.14295999999999995
0.14177999999999996
0.14258999999999997
0.1419
0.14078999999999994
0.14252000000000006
0.14167
0.14164
0.14265999999999995
0.14157999999999993
0.14393999999999998
0.14405000000000004
0.14281000000000005
0.14379999999999998
0.14228000000000005
0.14287
0.14157000000000003
0.14205999999999996
0.14074
0.14072
0.13986999999999997
0.14085
0.14279999999999998
0.14287
0.14110999999999996
0.1390800000000001
0.13766
0.13909999999999997
0.13811000000000007
