0.19999999999999962
0.2781600000000001
0.4207499999999999
0.4488499999999999
0.47273000000000004
0.47534000000000004
0.4777200000000002
0.4784399999999998
0.4784699999999999
0.4795
0.4803900000000001
0.48067
0.47787999999999997
0.4792699999999999
0.4798499999999998
0.48129
0.4834099999999999
0.48364999999999997
0.48225999999999986
0.47970999999999997
0.4794400000000001
0.48024
0.47946999999999984
0.47757
0.48004999999999987
0.47942999999999975
0.48052
0.4836800000000002
0.4820199999999999
0.48046
0.48273999999999995
0.48067
0.47981000000000007
0.4809299999999999
0.4818499999999999
0.4789600000000003
0.4783400000000001
0.48041999999999996
0.48101999999999967
0.47899999999999976
0.4791299999999998
0.4823700000000001
0.48095999999999994
0.48229999999999984
0.48218000000000005
0.4810900000000002
0.48017000000000015
0.48108999999999974
0.47822999999999977
0.4815899999999998
0.47998999999999997
0.4827699999999999
0.48279999999999995
0.4806800000000001
0.4839699999999999
0.4774299999999995
0.48052000000000006
0.4802700000000001
0.48289000000000015
0.48050999999999994
0.48195999999999983
0.4819699999999999
0.48062999999999984
0.4771899999999999
0.48243
0.4818999999999998
0.47941
0.4800599999999999
0.47780999999999985
0.48065999999999975
0.47995
0.4795599999999999
0.47907000000000005
0.47994
0.48131999999999986
0.4828299999999999
0.48218999999999995
0.48123999999999983
0.4818499999999996
0.4819799999999999
0.47820999999999997
0.4798900000000001
0.48036000000000006
0.48370000000000013
0.48443
0.4833700000000001
0.48084999999999994
0.4827700000000001
0.4835499999999999
0.4784600000000001
0.48451
0.48069999999999985
0.48100000000000004
0.47790999999999983
0.4806700000000001
0.48152000000000006
0.47958000000000006
0.48114000000000023
0.4822999999999999
0.4787100000000002
0.48353999999999986
0.4824
0.4827699999999999
0.48174999999999996
0.4803899999999999
0.47853999999999997
0.47789000000000004
0.47736999999999996
0.4791100000000001
0.47902999999999984
0.4815799999999999
0.48042
0.48062
0.4787700000000001
0.4782799999999998
0.48048
0.4803899999999999
0.48242000000000007
0.4837799999999999
0.48102999999999985
0.4791300000000003
0.4806799999999999
0.4797100000000002
0.48026999999999986
0.4810399999999999
0.48038999999999993
0.48109999999999997
0.4805099999999996
0.4779500000000001
0.4813000000000001
0.48378
0.4843999999999998
0.48178999999999994
0.4781800000000003
0.47961
0.4792199999999998
0.48015000000000013
0.4822399999999998
0.47846999999999973
0.48069999999999974
0.47966000000000003
0.4820300000000002
0.48028999999999994
0.48081999999999986
0.47912999999999994
0.47893000000000013
0.48103999999999986
0.48004000000000013
0.48401999999999995
0.4803899999999999
0.48084999999999994
0.4792900000000001
0.4803699999999998
0.48115
0.47905999999999993
0.4819999999999999
0.48077
0.48159999999999975
0.4815999999999998
0.47994
0.4817699999999999
0.4804999999999999
0.4805599999999996
0.48223000000000027
0.4836500000000001
0.4832000000000001
0.48107999999999973
0.47974999999999973
0.4790499999999998
0.48096999999999973
0.4814700000000001
0.48074999999999996
0.4817999999999998
0.4806700000000001
0.48030999999999985
0.48076000000000013
0.4809399999999999
0.4813899999999999
0.48125000000000007
0.4783800000000001
0.47883000000000014
0.48055
0.47795000000000004
0.47985999999999995
0.4790600000000002
0.4801499999999998
0.48056999999999994
0.47889000000000004
0.48112999999999995
0.4830699999999999
0.47996
0.48027000000000003
0.48204
0.48177
0.48240999999999995
0.48133
0.4802
0.48210999999999976
0.48006
0.48001999999999995
0.48078999999999994
0.48031999999999975
0.48326000000000024
0.48190999999999995
0.48059999999999997
0.4822800000000001
0.4799599999999999
0.4810599999999998
0.48068999999999973
0.4798199999999997
0.48199000000000014
0.4800000000000001
0.48068999999999995
0.4806199999999998
0.48058
0.4791299999999999
0.48376999999999987
0.4828899999999998
0.4808799999999999
0.48019000000000006
0.48050999999999994
0.4809099999999999
0.47907000000000005
0.4809999999999998
0.47781999999999997
0.4798700000000001
0.48111999999999994
0.48410000000000003
0.4785400000000002
0.48128
0.4821499999999999
0.4795199999999997
0.48033999999999993
0.4795099999999999
0.4804900000000001
0.4814499999999998
0.48023000000000016
0.4789099999999999
0.4831399999999999
0.47781000000000007
0.48124999999999984
0.48202999999999996
0.48047999999999985
0.47958999999999996
0.48260000000000003
0.48120000000000007
0.4804899999999999
0.48111
0.48107999999999984
0.48328999999999994
0.48056999999999994
0.48204000000000014
0.48038999999999993
0.48357999999999995
0.4808199999999998
0.47861000000000004
0.4803199999999998
0.4817299999999999
0.48086
0.48036999999999996
0.4815
0.48228000000000004
0.4842899999999999
0.47908
0.48173999999999984
0.47900000000000004
0.4810500000000002
0.48337999999999987
0.4837599999999999
0.48088999999999993
0.48274
0.4783
0.47916
0.48119999999999985
0.4797400000000001
0.48438000000000003
0.48363999999999974
0.4816700000000001
0.4819499999999999
0.4816799999999998
0.4817999999999998
0.48315
0.48359
0.48155999999999977
0.4774799999999999
0.4811700000000001
0.4810199999999999
0.48135
0.47742999999999997
0.48118999999999984
0.4796399999999998
0.4803799999999998
0.48025
0.47968999999999995
0.47934999999999994
0.48164000000000007
0.48241999999999996
0.48074999999999973
0.4830099999999999
0.4804699999999999
0.4788499999999999
0.4798600000000002
0.48015000000000013
0.4821000000000001
0.4809800000000002
0.48101999999999995
0.48381
0.48051
0.4785400000000001
0.47992999999999986
0.4807999999999998
0.48105999999999965
0.4813700000000001
0.48029999999999995
0.48259
0.4810599999999999
0.47958999999999974
0.4792199999999997
0.48072000000000015
0.4764600000000001
0.47755000000000003
0.4798800000000001
0.47864000000000007
0.4808100000000001
0.4786899999999998
0.48183
0.48286
0.48019000000000006
0.47839000000000004
0.4809299999999999
0.4820999999999999
0.48283999999999994
0.4839999999999998
0.48426999999999965
0.48185999999999996
0.4848100000000001
0.48176
0.48205
0.4837899999999999
0.48209
0.48144999999999966
0.4799799999999999
0.4829399999999997
0.4802899999999998
0.48071999999999987
0.47903999999999997
0.4807
0.47931999999999986
0.48018
0.48086999999999996
0.4807500000000001
0.48261999999999977
0.4838499999999999
0.48188000000000014
0.48269000000000006
0.4799000000000001
0.48093999999999965
0.48318000000000005
0.48182999999999987
0.48277999999999976
0.4777000000000001
0.4824899999999998
0.48127000000000014
0.4804899999999999
0.478
0.4795
0.4815999999999997
0.4818599999999998
0.4797399999999999
0.48025000000000007
0.47960000000000014
0.4813
0.4804599999999998
0.48174999999999973
0.48070999999999975
0.48019
0.4839900000000001
0.4797
0.4781700000000001
0.47887999999999975
0.48006999999999983
0.4794499999999999
0.4791700000000001
0.48361
0.47976000000000013
0.48166000000000025
0.4804799999999998
0.48142999999999986
0.47936000000000006
0.4786500000000001
0.4755700000000001
0.48054
0.4829899999999999
0.48158999999999985
0.4811399999999999
0.48398999999999986
0.4816599999999998
0.48055000000000014
0.47896000000000005
0.47916999999999993
0.4816300000000001
0.48190999999999995
0.47919999999999996
0.4807500000000001
0.48019000000000006
0.4806100000000001
0.48296000000000006
0.4809799999999999
0.4804299999999997
0.48118
0.4794299999999999
0.47929
0.48084000000000005
0.4812299999999999
0.47944999999999977
0.4785099999999998
0.48013000000000006
0.4796399999999999
0.48185999999999996
0.4839199999999998
0.4817199999999999
0.4821299999999998
0.4780600000000001
0.48138
0.48010999999999987
0.48038000000000003
0.47844000000000003
0.47923999999999983
0.48278999999999994
0.47999000000000014
0.48004999999999987
0.48092
0.4843299999999999
0.48071999999999987
0.47914999999999985
0.4817800000000002
0.4789400000000002
0.48216999999999977
0.4803999999999998
0.4803299999999997
0.48074
0.47995
0.4820000000000001
0.48038999999999993
0.48035999999999995
0.47960999999999976
0.4811799999999999
0.47934999999999994
0.48039999999999977
0.47706999999999994
0.47889000000000015
0.48228000000000004
0.48095999999999994
0.4814899999999999
0.48070999999999986
0.48391999999999996
0.478
0.48015
0.47932999999999987
0.48362999999999984
0.47952999999999996
0.48075
0.4853400000000001
0.48190999999999984
0.4807899999999999
0.48377000000000003
0.4818299999999997
0.4821999999999998
0.4782799999999998
0.4805499999999999
0.4784099999999999
0.47643000000000013
0.4803899999999998
0.47952999999999996
0.47902
0.4805899999999999
0.4829500000000001
0.48198999999999986
0.4797700000000001
0.48233999999999994
0.48090000000000005
0.4823899999999998
0.4804999999999999
0.48025000000000007
0.47886
0.4807299999999999
0.48103
0.48116000000000014
0.4788199999999999
0.47912999999999994
0.48028000000000004
0.4787800000000001
0.4816399999999998
0.47809999999999997
0.47835999999999984
0.4797199999999998
0.47815000000000013
0.48338000000000003
0.48381
0.4825399999999999
0.48308999999999996
0.48044
0.47816999999999993
0.4807599999999999
0.47995
0.4814799999999999
0.48163999999999985
0.48129
0.4809799999999997
0.48241
0.48209999999999986
0.4823500000000001
0.48180999999999996
0.48086
0.47904999999999986
0.4803899999999998
0.48326000000000013
0.4825199999999999
0.4815299999999999
0.48345
0.4813799999999999
0.48483000000000004
0.48262999999999984
0.4836999999999999
0.4824999999999999
0.4807
0.48103999999999997
0.4803199999999999
0.47862000000000005
0.4801299999999999
0.48286
0.4807899999999998
0.4808900000000002
0.47993000000000025
0.4792800000000001
0.4815299999999999
0.4767799999999999
0.48106999999999994
0.4813999999999998
0.4823999999999999
0.4818499999999999
0.48357999999999973
0.4815699999999998
0.48152
0.48147999999999996
0.47834
0.48212999999999995
0.48119999999999985
0.47790000000000016
0.48268000000000016
0.48038999999999993
0.47965999999999986
0.48180000000000023
0.4825199999999999
0.4832399999999999
0.4806699999999999
0.48008999999999974
0.48252
0.47990999999999984
0.48275
0.48150999999999966
0.4795900000000002
0.47989
0.4815799999999998
0.4828700000000002
0.48494
0.48222999999999977
0.4796599999999999
0.48223999999999995
0.47924999999999984
0.4805599999999999
0.48243
0.4789200000000002
0.4799399999999999
0.4802600000000002
0.48135999999999995
0.48206000000000004
0.4838699999999998
0.4826400000000002
0.48277000000000003
0.48074
0.48211000000000004
0.4815799999999999
0.48064999999999974
0.48351999999999984
0.47975999999999996
0.4797699999999998
0.48484999999999984
0.48324000000000017
0.48224000000000006
0.48158999999999985
0.48034999999999994
0.4794999999999998
0.4801100000000001
0.48052
0.4819599999999999
0.4809599999999999
0.47919999999999985
0.47928000000000004
0.48083
0.4803199999999998
0.47936
0.4811199999999998
0.48126999999999986
0.47851999999999983
0.4805700000000001
0.48075999999999985
0.48082999999999976
0.48055000000000014
0.48162
0.48118999999999995
0.4823399999999997
0.47983000000000026
0.4808199999999999
0.47747999999999996
0.48066999999999993
0.4810499999999998
0.48045999999999967
0.4817800000000001
0.4795400000000001
0.4796799999999999
0.48230999999999985
0.48069999999999985
0.4820299999999999
0.4794599999999999
0.48447999999999986
0.4847599999999999
0.4835600000000001
0.48214000000000007
0.48329
0.4835599999999998
0.48462999999999956
0.4805
0.48025999999999996
0.4806199999999999
0.4807099999999999
0.48215999999999987
0.4793399999999999
0.48074000000000006
0.48031
0.48185
0.4799400000000001
0.4810600000000001
0.48266999999999993
0.47988999999999976
0.4809199999999999
0.47816999999999993
0.4789099999999999
0.4793600000000003
0.4821899999999998
0.4792399999999998
0.4844299999999997
0.4821099999999998
0.4796100000000002
0.4788599999999997
0.48169999999999985
0.4795899999999999
0.47966999999999993
0.4771999999999998
0.47911000000000004
0.47924999999999995
0.4829499999999998
0.48069
0.48228999999999994
0.48045999999999994
0.47912
0.48035000000000005
0.48329000000000016
0.48163999999999985
0.47861
0.4803600000000003
0.4811499999999997
0.48051
0.4812900000000001
0.48193
0.4831700000000001
0.4829999999999999
0.4819999999999996
0.4796999999999999
0.4813699999999999
0.48106999999999994
0.48173
0.48291000000000006
0.48106999999999983
0.48062
0.48176
0.4797300000000002
0.47827999999999987
0.4800999999999999
0.4790899999999999
0.48199000000000014
0.4819099999999999
0.48276999999999987
0.47861
0.47728000000000015
0.47747
0.4770399999999998
0.4784399999999999
0.47829000000000016
0.4795
0.4795299999999999
0.4801100000000001
0.4805700000000001
0.48036999999999985
0.48187999999999986
0.4796699999999998
0.47917000000000004
0.48305999999999977
0.4834099999999999
0.4794799999999998
0.48019999999999974
0.48013
0.4770900000000001
0.4797399999999996
0.48063
0.48136999999999985
0.4776200000000002
0.48085999999999984
0.48068
0.4813599999999999
0.48358999999999996
0.48193000000000014
0.48116
0.4817200000000001
0.4818499999999997
0.4816599999999998
0.48122000000000015
0.4811699999999998
0.48166
0.48436
0.48359
0.48067
0.4835900000000002
0.4804299999999999
0.48178000000000026
0.4812299999999998
0.47956
0.4826400000000001
0.48202000000000017
0.48309999999999986
0.48304
0.4806900000000001
0.47973000000000016
0.4799499999999999
0.47943999999999987
0.4834299999999998
0.4785100000000002
0.4811899999999998
0.4812400000000002
0.4814200000000004
0.4791699999999997
0.4818999999999996
0.4778799999999998
0.4811099999999999
0.48250999999999983
0.48072999999999977
0.47839999999999994
0.48073999999999983
0.47868999999999995
0.4796800000000001
0.4792900000000001
0.48094000000000015
0.48194999999999993
0.4841500000000001
0.48253999999999997
0.4813099999999998
0.48069999999999985
0.48136999999999985
0.47737999999999986
0.48075999999999974
0.47964000000000007
0.47858999999999996
0.4804899999999999
0.48128
0.4814499999999999
0.4785099999999998
0.4804400000000001
0.4801499999999999
0.4824
0.4792000000000002
0.48095000000000004
0.47908000000000006
0.4809699999999999
0.48246999999999984
0.48067000000000015
0.48217999999999994
0.47648999999999986
0.48011000000000004
0.48151000000000005
0.48040000000000005
0.48369
0.4821399999999998
0.4817600000000001
0.48068000000000005
0.48226999999999975
0.4816399999999998
0.48234
0.47992999999999997
0.4832899999999997
0.4802099999999999
0.4807
0.47963000000000017
0.4828700000000001
0.4794799999999999
0.48174000000000006
0.48101999999999995
0.4836199999999996
0.48414000000000007
0.48189000000000015
0.4803499999999999
0.4804100000000001
0.48148999999999986
0.48099999999999987
0.47941
0.48086
0.4812200000000002
0.4803800000000001
0.48106000000000004
0.48322000000000004
0.4786299999999998
0.4780699999999997
0.4820800000000001
0.48129000000000005
0.47996999999999995
0.4797699999999999
0.47987
0.4801600000000002
0.47617000000000004
0.48216000000000014
0.4824100000000003
0.4813099999999999
0.4801699999999998
0.48014999999999985
0.4833399999999998
0.48376999999999987
0.48208
0.4808299999999999
0.48056999999999994
0.48232999999999976
0.48387
0.48024
0.47919999999999974
0.4795199999999998
0.4798299999999999
0.48089999999999994
0.4795299999999999
0.4832699999999997
0.47989999999999994
0.4809299999999999
0.4802699999999998
0.48239999999999983
0.48235
0.4801400000000001
0.48210000000000003
0.48121
0.48056
0.4824599999999997
0.48322999999999977
0.48173
0.48167999999999983
0.4793399999999996
0.4811800000000001
0.4791599999999998
0.4852299999999999
0.48277999999999993
0.4806199999999999
0.4815399999999999
0.4834900000000002
0.4830299999999999
0.4842199999999998
0.48116999999999976
0.48163000000000006
0.48249000000000025
0.48080000000000006
0.48035000000000005
0.4815199999999998
0.4816599999999999
0.48135000000000006
0.47992999999999997
0.4827499999999999
0.4828099999999999
0.48365999999999987
0.47979999999999995
0.47968999999999995
0.48204999999999987
0.48003000000000007
0.4821499999999999
0.4823799999999998
0.4817099999999998
0.48040999999999995
0.47980999999999985
0.4811000000000001
0.4792800000000001
0.48001999999999984
0.4789500000000001
0.48287000000000013
0.48374
0.47996999999999995
0.48182999999999987
0.48309999999999964
0.48128999999999983
0.48278999999999994
0.48211999999999977
0.4794500000000002
0.47859999999999986
0.47948999999999975
0.47832
0.4799899999999998
0.47933
0.48242999999999997
0.48186
0.47889999999999966
0.48239999999999983
0.4816299999999998
0.48293999999999976
0.48102999999999996
0.48028
0.47846000000000005
0.4816099999999999
0.4770599999999999
0.48019999999999996
0.47963000000000017
0.48420999999999964
0.48117999999999994
0.4842899999999999
0.4812899999999997
0.4806199999999998
0.48131000000000007
0.48191999999999985
0.4810899999999998
0.48113
0.4797299999999998
0.47888999999999987
0.48181999999999986
0.47873000000000004
0.4806999999999998
0.4821000000000001
0.48021999999999987
0.4787299999999999
0.4826899999999999
0.4825199999999999
0.48341999999999985
0.48132
0.4795599999999999
0.48058
0.4793400000000001
0.48121999999999976
0.4779700000000002
0.47872
0.48132999999999965
0.4802399999999997
0.48235000000000006
0.48184999999999995
0.48081999999999986
0.48098999999999975
0.48083999999999993
0.48003999999999997
0.48329
0.4844299999999999
0.4794599999999999
0.48019000000000006
0.48070999999999997
0.48359
0.48336999999999997
0.47668
0.4817399999999998
0.4793899999999999
0.4787800000000001
0.48301999999999984
0.48216999999999993
0.48142
0.48019
0.48301
0.47990999999999984
0.48501999999999973
0.4825600000000001
0.48160000000000003
0.4803099999999998
0.4794599999999998
0.47820000000000007
0.4791900000000001
0.47960000000000014
0.4808000000000003
0.4804799999999998
0.4828199999999999
0.4798999999999999
0.47959
0.4815399999999998
0.4808100000000001
0.4842299999999999
0.4828499999999998
0.48133000000000026
0.48103999999999997
0.47821000000000025
0.48227
0.48145999999999994
0.48500999999999983
0.47933000000000014
0.4828399999999998
0.48247000000000007
