0.19999999999999962
0.18110000000000004
0.2040300000000001
0.21163999999999997
0.21926
0.22440000000000013
0.22891000000000003
0.23218999999999995
0.23219999999999996
0.23443999999999995
0.23589
0.23336999999999997
0.2325400000000001
0.23196000000000003
0.23279000000000002
0.23382000000000003
0.23682999999999998
0.23741999999999985
0.2341199999999999
0.23324000000000006
0.23368000000000014
0.23368999999999984
0.23523999999999998
0.23573999999999998
0.23622000000000004
0.23594
0.23106999999999997
0.23154000000000008
0.23114000000000004
0.23285
0.23314000000000001
0.23410999999999998
0.23498999999999992
0.23590999999999998
0.2331300000000001
0.2353100000000001
0.23218000000000003
0.23270000000000002
0.23189999999999997
0.23114
0.23191000000000014
0.23181000000000002
0.23334000000000002
0.23429000000000003
0.23306000000000002
0.23409999999999997
0.23545000000000005
0.23552000000000003
0.2343699999999999
0.23179000000000002
0.23120999999999994
0.23215
0.23147000000000006
0.23114
0.23347000000000004
0.23492000000000002
0.23358000000000004
0.23395000000000007
0.23467999999999997
0.23556000000000005
0.23412999999999992
0.23358
0.23372999999999997
0.23239999999999994
0.23235999999999998
0.23231
0.23471000000000009
0.23655
0.23551
0.23430000000000006
0.23506999999999997
0.23349000000000023
0.23369999999999996
0.23568
0.23522
0.23605
0.23642000000000002
0.23570000000000008
0.2353900000000001
0.23555999999999996
0.23347
0.23028999999999994
0.23090999999999998
0.23349000000000003
0.23384999999999997
0.23169000000000006
0.23203000000000007
0.23080000000000006
0.23178000000000012
0.23380000000000006
0.23376000000000002
0.23378999999999994
0.23372
0.23279
0.22977999999999996
0.23153000000000007
0.23249999999999993
0.23303000000000004
0.23374999999999996
0.23360000000000014
0.23307000000000003
0.23260999999999996
0.2329499999999999
0.23317999999999997
0.23256999999999994
0.23574000000000006
0.2356500000000001
0.23623999999999995
0.23325000000000018
0.23526000000000002
0.23698999999999998
0.2346799999999999
0.23425000000000007
0.23321000000000006
0.23187000000000008
0.23268999999999998
0.23205
0.23236000000000007
0.23356
0.23224999999999998
0.23254000000000005
0.23351
0.23323999999999992
0.23219000000000004
0.23281000000000013
0.23385000000000009
0.23321000000000006
0.23356000000000002
0.23371000000000006
0.23375000000000004
0.23384000000000008
0.23166
0.23215000000000002
0.23551999999999992
0.2345500000000001
0.23579000000000008
0.23356999999999992
0.23518999999999998
0.23389
0.23445
0.23453999999999997
0.23515999999999995
0.23719999999999997
0.23439999999999986
0.23445000000000005
0.22976000000000002
0.23178
0.23241000000000003
0.23425999999999994
0.2322100000000001
0.23381000000000005
0.23418
0.23489000000000004
0.23272000000000007
0.23404
0.23278
0.23207999999999998
0.23332999999999993
0.23350000000000004
0.2344600000000002
0.23314000000000007
0.23281000000000007
0.23329000000000005
0.23476000000000002
0.23605000000000004
0.23657000000000006
0.23570000000000005
0.23567999999999986
0.23514000000000002
0.23318999999999998
0.23358000000000012
0.23320000000000005
0.23371999999999996
0.23238000000000006
0.23372999999999988
0.23447000000000007
0.23526
0.23539999999999994
0.23177
0.23194000000000015
0.23112000000000005
0.23043000000000002
0.23282
0.23545999999999995
0.2357300000000001
0.23573
0.23506999999999997
0.23414999999999997
0.23497
0.23484999999999995
0.23282999999999998
0.2346
0.23380000000000004
0.23315999999999998
0.23503000000000004
0.23747000000000004
0.23731999999999995
0.23660999999999993
0.23547000000000004
0.23526000000000016
0.23614000000000016
0.23408000000000012
0.2357900000000001
0.2342
0.23226000000000002
0.23011000000000004
0.23401000000000002
0.23323999999999992
0.23413000000000006
0.23265000000000005
0.23085999999999993
0.23311
0.2326800000000002
0.2329300000000001
0.23442000000000005
0.23539
0.23455
0.23420000000000005
0.23405000000000004
0.23557000000000006
0.23329999999999995
0.23494
0.23744000000000007
0.23473
0.23697999999999994
0.2359
0.23600000000000002
0.23501999999999992
0.23474000000000006
0.2336600000000001
0.23337999999999995
0.23368999999999995
0.23441000000000006
0.23611000000000004
0.23549000000000003
0.23639000000000002
0.23470999999999992
0.23467000000000002
0.23521000000000003
0.23298999999999995
0.23180000000000006
0.23362000000000005
0.23454000000000008
0.23162999999999992
0.23284000000000005
0.23620999999999998
0.23599000000000014
0.23483
0.23348999999999992
0.23320999999999995
0.23381000000000007
0.23340000000000008
0.2335399999999999
0.2352800000000001
0.23328000000000007
0.23407999999999998
0.23377000000000003
0.23359000000000002
0.23267
0.23171000000000003
0.23007000000000002
0.23094
0.23368000000000005
0.23470000000000002
0.23431000000000002
0.2346900000000001
0.23296999999999998
0.23261999999999994
0.23114
0.231
0.23058000000000006
0.23007000000000002
0.23343000000000003
0.23320999999999997
0.23325000000000004
0.23385999999999998
0.23368000000000005
0.23143999999999998
0.23323000000000016
0.23495000000000002
0.23479000000000005
0.23474000000000006
0.2364999999999999
0.23253999999999994
0.23159999999999986
0.23446
0.2346900000000001
0.23426000000000005
0.23383000000000007
0.23419000000000015
0.2341999999999999
0.2334900000000001
0.23241
0.23271999999999995
0.23104
0.23377999999999993
0.23390000000000008
0.23392000000000018
0.23375000000000004
0.23584999999999998
0.23543
0.23738999999999996
0.23607000000000003
0.23432000000000003
0.23413
0.2333900000000001
0.2336899999999999
0.23565999999999987
0.23752000000000006
0.23394999999999996
0.23658
0.23679000000000008
0.23661
0.23472999999999997
0.23487
0.2313699999999999
0.23352000000000003
0.23092999999999997
0.23174000000000006
0.23162000000000005
0.23127000000000003
0.23125999999999994
0.2319400000000001
0.23229
0.23283
0.23288
0.2350099999999999
0.2372699999999999
0.23625999999999997
0.23258999999999994
0.23296999999999998
0.2334500000000001
0.23580000000000007
0.23762000000000005
0.23655999999999988
0.23565999999999993
0.23424000000000003
0.23554000000000003
0.23260000000000003
0.2318700000000002
0.23165000000000005
0.23314999999999997
0.23687999999999992
0.23527000000000003
0.2353900000000001
0.23415999999999992
0.23392000000000002
0.2337600000000001
0.23344000000000012
0.2332300000000001
0.23498000000000008
0.23517000000000002
0.23373999999999995
0.23639000000000002
0.23581000000000008
0.23668000000000006
0.23497000000000004
0.23497000000000004
0.23508000000000004
0.23460999999999999
0.23385
0.23462000000000002
0.23421000000000003
0.23324
0.23169999999999993
0.2337799999999999
0.23401000000000002
0.23406999999999992
0.2327700000000001
0.23414000000000001
0.23442999999999994
0.23532
0.23599000000000003
0.23494000000000007
0.23454000000000005
0.2345100000000001
0.23546000000000014
0.2346000000000001
0.23322999999999994
0.23383999999999996
0.23146999999999995
0.2335600000000001
0.23490000000000003
0.23469
0.23596000000000003
0.2334500000000001
0.23347
0.23526000000000008
0.23532999999999993
0.23544000000000004
0.23625
0.23633999999999997
0.2338900000000001
0.23601999999999987
0.23453999999999997
0.2335100000000001
0.23297
0.23193000000000008
0.23335999999999996
0.2364099999999999
0.23604999999999993
0.23488000000000006
0.23564999999999994
0.23431999999999992
0.2338100000000001
0.23345999999999997
0.23325999999999994
0.23569999999999994
0.23584000000000013
0.23336000000000007
0.23426999999999992
0.2346599999999999
0.23437000000000002
0.23314999999999994
0.23326000000000008
0.23533999999999997
0.23605
0.2342
0.2358800000000002
0.23370000000000002
0.2352700000000001
0.23590000000000003
0.23517000000000007
0.2347300000000001
0.23464999999999997
0.23507999999999998
0.23484000000000005
0.2359999999999999
0.2342299999999999
0.23429000000000005
0.2338000000000001
0.23224000000000009
0.23407
0.23352
0.23354000000000003
0.23302000000000012
0.2335199999999999
0.23209000000000007
0.23353000000000002
0.23363999999999996
0.2330799999999999
0.23198
0.23434999999999992
0.23377999999999993
0.2351400000000001
0.23455999999999994
0.23502000000000003
0.23351000000000002
0.23399999999999999
0.23258999999999996
0.2335799999999999
0.23115000000000005
0.23313000000000006
0.23377999999999993
0.23306000000000002
0.23295000000000005
0.23221000000000008
0.2344600000000001
0.23218
0.23039
0.23356999999999994
0.23290000000000002
0.23388
0.2344200000000001
0.23413000000000003
0.23413000000000003
0.2327
0.23424
0.23421999999999998
0.2354899999999999
0.23556000000000007
0.23425000000000007
0.23485000000000011
0.23376000000000002
0.23436000000000004
0.23412000000000005
0.23312000000000016
0.23451000000000014
0.2356300000000001
0.23320000000000005
0.23430000000000004
0.23213999999999996
0.23322000000000007
0.23254000000000002
0.23065000000000002
0.23324999999999993
0.23205000000000006
0.2339000000000002
0.23232000000000003
0.23256000000000007
0.23391
0.2345300000000001
0.23437000000000005
0.23357000000000003
0.23503
0.23384
0.23177000000000014
0.23350999999999988
0.23430000000000006
0.23418000000000005
0.23572000000000004
0.23317
0.23390000000000014
0.23349999999999999
0.23423999999999992
0.23294
0.23292
0.23262000000000005
0.23404000000000003
0.2329000000000001
0.23411000000000004
0.23438000000000006
0.23474999999999993
0.23431999999999997
0.23353000000000004
0.23165000000000002
0.2325499999999999
0.2346
0.2364500000000001
0.23431000000000007
0.23330000000000006
0.23189
0.23476999999999998
0.23478
0.23567000000000005
0.23243000000000008
0.23287000000000005
0.23010000000000003
0.23266999999999993
0.23285999999999996
0.23340999999999998
0.23455
0.23535000000000006
0.23299000000000003
0.23433
0.23255000000000006
0.23401
0.23578
0.23369999999999996
0.23240000000000008
0.23148
0.23364000000000001
0.23535
0.23335000000000006
0.23412999999999998
0.23575
0.23603
0.23487
0.23563999999999996
0.23265999999999992
0.23389999999999997
0.23436000000000007
0.2333600000000001
0.23347999999999997
0.2349500000000001
0.23719999999999997
0.23454
0.23303999999999994
0.2350600000000001
0.23375
0.23485000000000011
0.23443000000000003
0.2352300000000001
0.2340500000000001
0.23292999999999991
0.23471000000000003
0.23307000000000005
0.23406000000000002
0.23318000000000003
0.23346999999999998
0.23220999999999997
0.23452000000000006
0.2342899999999998
0.23531
0.2360899999999999
0.2342
0.23571
0.23542999999999994
0.23667000000000005
0.23666
0.2351000000000001
0.23571
0.23434000000000005
0.2329200000000001
0.23477
0.23342000000000002
0.23305000000000015
0.23154000000000008
0.2319100000000001
0.23203000000000004
0.23286999999999997
0.2328200000000001
0.23363
0.23429999999999995
0.23517000000000002
0.2347599999999998
0.2353199999999999
0.23567000000000005
0.23599999999999993
0.23628
0.23634999999999992
0.23454999999999987
0.23306000000000007
0.23504000000000003
0.23517999999999997
0.23581000000000008
0.23396
0.23640999999999995
0.23536000000000004
0.23541000000000004
0.23494999999999996
0.23492000000000005
0.23393999999999993
0.23378000000000004
0.2327700000000001
0.2345000000000001
0.23485999999999996
0.23274999999999998
0.2329499999999999
0.23464999999999991
0.2348
0.23502000000000003
0.23331000000000007
0.23259000000000005
0.23224000000000014
0.23292000000000004
0.23419000000000004
0.23486
0.23374999999999993
0.23302
0.23432000000000003
0.23366000000000003
0.23278999999999997
0.23354000000000016
0.23524000000000003
0.2351900000000001
0.23393
0.23477000000000003
0.23431000000000005
0.2333900000000001
0.23386000000000004
0.23517000000000002
0.23481000000000005
0.23414999999999997
0.23564999999999997
0.23572000000000007
0.2346700000000001
0.23210000000000006
0.2340200000000001
0.23486000000000007
0.23466999999999996
0.23449000000000006
0.23422999999999983
0.23269999999999993
0.23279000000000002
0.23165000000000002
0.23129999999999995
0.23136000000000007
0.2316400000000001
0.23032
0.23264000000000007
0.23203
0.23615999999999993
0.23621999999999999
0.2371700000000001
0.2368600000000001
0.23562000000000002
0.23449000000000006
0.23571999999999999
0.23392
0.23475000000000001
0.23266000000000006
0.23341000000000003
0.23294000000000012
0.23287000000000005
0.23094000000000003
0.23263
0.22983999999999993
0.2309000000000001
0.23230000000000012
0.23309000000000002
0.23387000000000008
0.23371000000000017
0.23443000000000003
0.23382000000000006
0.23227000000000003
0.23325000000000007
0.23208999999999985
0.23290000000000005
0.23362000000000008
0.23162000000000005
0.23297999999999994
0.23543000000000003
0.23305999999999996
0.23536
0.23351000000000013
0.23284999999999997
0.23166
0.2315800000000001
0.23362999999999995
0.2320800000000002
0.23214000000000007
0.23211
0.23032000000000008
0.23144
0.23346000000000008
0.2339000000000001
0.23465999999999995
0.23642999999999995
0.2372900000000001
0.23898
0.23823999999999998
0.23800000000000007
0.23631000000000005
0.23453999999999997
0.23272999999999996
0.23496000000000009
0.2350700000000002
0.23276999999999998
0.23179000000000005
0.2341100000000001
0.23381000000000007
0.23423000000000002
0.23562000000000002
0.23505000000000012
0.23401
0.23320999999999995
0.23247999999999996
0.23380000000000004
0.23626000000000003
0.23611000000000007
0.23651000000000003
0.23487000000000002
0.23512
0.2346599999999999
0.23631999999999995
0.2359100000000001
0.2358100000000002
0.23503999999999997
0.23656999999999992
0.23523
0.23404999999999995
0.23263
0.23489000000000013
0.23779000000000006
0.23457000000000008
0.23744999999999994
0.23457999999999996
0.23421
0.23522999999999994
0.23341000000000003
0.23097000000000012
0.23375000000000007
0.23339000000000001
0.23486000000000007
0.23642
0.23470999999999992
0.23320000000000005
0.23291000000000003
0.23296000000000017
0.23223000000000016
0.23544000000000004
0.23412000000000002
0.23321000000000003
0.23509
0.23570000000000005
0.23333999999999996
0.2344099999999999
0.23539000000000002
0.23634000000000008
0.23543000000000014
0.23542000000000007
0.23403999999999997
0.23352000000000006
0.23311999999999997
0.23331000000000007
0.23385
0.23292
0.23486
0.23467999999999992
0.23481000000000002
0.23485000000000011
0.23549000000000003
0.23519999999999996
0.23292999999999997
0.23475000000000001
0.23315000000000005
0.23013000000000003
0.23146999999999995
0.23161000000000012
0.23443000000000006
0.23381
0.23267000000000004
0.23356000000000016
0.23359999999999995
0.23274
0.23335999999999998
0.23312000000000008
0.2325
0.23398000000000008
0.23476000000000014
0.23448
0.23357000000000003
0.23581000000000021
0.23654000000000008
0.23662
0.23602000000000004
0.23423000000000002
0.23132000000000005
0.2321000000000001
0.23296000000000003
0.23387000000000005
0.23369
0.23317000000000007
0.23368000000000003
0.23340000000000002
0.2341
0.23397999999999997
0.23520000000000002
0.2325700000000001
0.23245999999999994
0.2331299999999999
0.23201999999999998
0.2345900000000001
0.23438000000000003
0.23621000000000006
0.23427000000000006
0.23298999999999995
0.23380000000000006
0.23339000000000001
0.23468000000000003
0.23511000000000012
0.23541
0.23673
0.23485000000000011
0.23518000000000008
0.23314000000000001
0.23381
0.23533000000000004
0.23415000000000002
0.23337000000000002
0.2340800000000001
0.23057000000000002
0.23055000000000006
0.23316999999999996
0.23455000000000006
0.2346400000000002
0.23443999999999998
0.23359999999999995
0.23321000000000006
0.23232000000000005
0.2311
0.23027999999999993
0.23178999999999994
0.2308700000000001
0.23276999999999998
0.23260999999999993
0.23149999999999996
0.23315000000000008
0.23277000000000003
0.23238999999999999
0.23355000000000006
0.23329000000000005
0.23637999999999995
0.23506999999999997
0.23646
0.23532999999999998
0.233
0.2327200000000001
0.23119999999999996
0.23237000000000013
0.23029000000000002
0.22909
0.23152999999999999
0.2315000000000001
0.23399999999999996
0.23352000000000003
0.23283000000000012
0.23174000000000003
0.23568000000000006
0.23413000000000006
0.2364299999999999
0.23353
0.23652000000000004
0.23697000000000007
0.23441999999999982
0.2349500000000001
0.23377000000000003
0.23389
0.23325000000000012
0.2348200000000001
0.23615000000000003
0.23525000000000001
0.23354999999999998
0.23387000000000008
0.23475000000000001
0.23349000000000014
0.23369
0.23434000000000016
0.2337800000000001
0.23494000000000007
0.23653000000000002
0.23757
0.23479000000000005
0.23616999999999996
0.23304000000000002
0.23492000000000005
0.23324000000000006
0.23361000000000012
0.23593
0.23463000000000012
0.22992000000000004
0.23376999999999998
0.23264000000000007
0.23368000000000008
0.23148000000000007
0.2338300000000001
0.23380000000000004
0.2331499999999999
0.23383000000000004
0.23716999999999985
0.23593000000000008
0.23655000000000004
0.23481000000000002
0.23133000000000006
0.23176000000000002
0.2323099999999999
0.23439999999999997
0.23735
0.23729000000000006
0.23955000000000004
0.23597999999999997
0.23290000000000002
0.23293000000000003
0.23215999999999998
0.23382999999999998
0.23436999999999994
0.23342
0.23417
0.23163000000000009
0.23398999999999998
0.23266000000000006
0.23430000000000004
0.23321000000000003
0.23196000000000006
0.23336
0.23636999999999997
0.23620000000000008
0.23336999999999997
0.23457
0.23426000000000002
0.2332600000000002
0.23553999999999997
0.23397
0.23571000000000009
0.23603000000000013
0.23714000000000002
0.23516999999999988
0.23608000000000007
0.2341000000000001
0.23239000000000012
0.23567000000000007
0.2351
0.23528999999999997
0.23302000000000006
0.23748000000000002
0.23756
0.23572000000000004
0.23265999999999995
0.23176000000000002
0.23366000000000006
0.2321599999999999
0.23459
0.23496000000000006
0.23424000000000011
0.23303999999999991
0.23238000000000025
0.23500000000000007
0.23456
0.23568000000000008
0.23230000000000003
0.23296999999999998
0.23359
0.2342499999999999
0.23323
0.23421999999999998
0.23256000000000004
0.23334999999999995
0.23334999999999995
0.2316
0.23342000000000002
0.23414000000000004
0.23525000000000007
0.23244
0.23618000000000008
0.23485
0.23161999999999988
0.23300000000000012
0.23314000000000004
0.23379999999999995
