0.19999999999999962
0.14382
0.12005000000000003
0.10405000000000005
0.09637000000000003
0.08893000000000004
0.08347000000000002
0.08223999999999998
0.08033000000000003
0.07906000000000002
0.07797000000000001
0.07704000000000004
0.075
0.07615
0.07482000000000003
0.07189999999999999
0.07134000000000001
0.07035
0.06934000000000001
0.07027
0.07107000000000004
0.07143000000000001
0.07075000000000004
0.07129
0.06985999999999998
0.06981000000000001
0.071
0.07171000000000002
0.07178
0.07246999999999999
0.07247000000000002
0.07275
0.07140000000000005
0.07051000000000003
0.07068999999999998
0.0705
0.07063
0.07128000000000002
0.07146999999999999
0.07061000000000002
0.07036999999999997
0.07012999999999998
0.07161000000000001
0.07113
0.07224999999999997
0.07261000000000001
0.07367000000000001
0.07152999999999998
0.07084000000000001
0.07210000000000001
0.07308000000000002
0.07147000000000002
0.07096999999999999
0.07051
0.06951
0.07073999999999997
0.07110000000000002
0.07082000000000002
0.07017999999999999
0.07016
0.07049
0.07108999999999999
0.07044000000000002
0.07010000000000004
0.07001
0.06952000000000003
0.07032999999999999
0.06937
0.07055000000000003
0.06992
0.06921000000000002
0.06933
0.06915000000000002
0.06818
0.06801000000000001
0.06861999999999999
0.07014999999999998
0.07009999999999997
0.06890999999999997
0.06984000000000004
0.0699
0.06958999999999999
0.06813000000000004
0.06940000000000002
0.06936000000000005
0.06952000000000001
0.06992999999999998
0.07088
0.07103000000000004
0.07157
0.07184999999999998
0.07163
0.07150000000000001
0.07072
0.07064000000000005
0.06960999999999999
0.07081999999999998
0.07005
0.06857
0.06743999999999999
0.06824999999999998
0.06924
0.07033999999999999
0.07097
0.07169000000000002
0.07101
0.07081000000000001
0.07076000000000002
0.07014999999999998
0.07
0.06999999999999999
0.07225999999999999
0.07304000000000005
0.07122
0.07107000000000004
0.07133000000000002
0.07102999999999998
0.07194999999999999
0.07262
0.07236000000000001
0.07182000000000002
0.07074000000000003
0.07024
0.06963000000000001
0.07080999999999998
0.07075000000000002
0.07155999999999998
0.07193000000000001
0.07208
0.07197
0.07218999999999999
0.07126999999999997
0.07100000000000004
0.06936000000000003
0.06984999999999998
0.07013
0.07118000000000002
0.07106999999999998
0.07141000000000002
0.07026
0.07035000000000002
0.07077000000000001
0.07024000000000002
0.06952999999999998
0.06838000000000001
0.06871000000000001
0.06879999999999999
0.06942000000000002
0.07033
0.06936999999999999
0.06770000000000001
0.06731999999999999
0.06725000000000003
0.06688
0.06731000000000001
0.06741000000000003
0.06766000000000001
0.06736
0.06665000000000001
0.06884
0.06804000000000002
0.06768
0.06842000000000001
0.06869999999999998
0.06845
0.06895000000000003
0.06889999999999999
0.0682
0.06725999999999999
0.06731000000000001
0.06677
0.06796999999999999
0.06860000000000002
0.06769
0.06666
0.06758000000000003
0.06907
0.06902000000000004
0.06852000000000005
0.06913
0.06907
0.06881
0.06872
0.06876999999999998
0.06922000000000002
0.06896999999999999
0.07055000000000003
0.07132000000000004
0.06931999999999999
0.06851999999999997
0.06669
0.06555000000000001
0.06493999999999998
0.06670000000000004
0.06681
0.06695999999999999
0.06692
0.06859000000000001
0.06973
0.06980999999999998
0.06881999999999998
0.06889999999999999
0.06912000000000001
0.06954000000000002
0.06904
0.07117
0.07076000000000002
0.07275999999999999
0.07263000000000003
0.07284
0.07110999999999999
0.07019
0.07011
0.07046999999999999
0.06953
0.07069
0.07050000000000001
0.07113
0.07134
0.07125000000000001
0.07247999999999996
0.07244
0.07401
0.07271
0.07263000000000001
0.07285000000000003
0.07230000000000004
0.073
0.07095000000000001
0.07099000000000001
0.07128000000000001
0.07082000000000002
0.06940000000000003
0.06950000000000002
0.07066000000000004
0.07245
0.07250999999999999
0.07401000000000002
0.07320000000000002
0.07325999999999999
0.07294000000000002
0.07212
0.07150999999999998
0.07139000000000001
0.07168999999999998
0.07278999999999997
0.07135999999999998
0.07110000000000001
0.07169999999999996
0.07120000000000001
0.07076
0.07093999999999999
0.07114999999999994
0.07359000000000003
0.07273000000000002
0.07132999999999999
0.07166999999999998
0.07124
0.07196000000000001
0.07143999999999999
0.07204999999999996
0.07245000000000001
0.07489
0.07336999999999999
0.07209000000000003
0.073
0.07171
0.07185000000000001
0.07119000000000002
0.07037999999999998
0.07159
0.07151
0.07095000000000005
0.07132000000000002
0.07142000000000001
0.07067000000000002
0.06911000000000002
0.06938000000000002
0.06901000000000002
0.06876
0.06715000000000002
0.06858
0.06978
0.07094000000000002
0.07100000000000002
0.06986
0.07035
0.07045000000000001
0.07084000000000003
0.07199999999999998
0.07050000000000001
0.07069000000000002
0.07014999999999999
0.07051000000000002
0.06906000000000004
0.06979999999999999
0.06979999999999999
0.06867000000000001
0.06942000000000002
0.07008999999999997
0.07012000000000002
0.06984000000000004
0.06906999999999998
0.06897999999999999
0.07151000000000002
0.07305000000000002
0.07216999999999998
0.07173000000000003
0.07258
0.07112999999999997
0.07058000000000005
0.07294
0.07208000000000003
0.07221999999999999
0.07090999999999999
0.07021
0.07094
0.06914
0.06967
0.06775000000000002
0.06862000000000004
0.06967999999999999
0.07036
0.07022
0.07149999999999998
0.06921000000000005
0.07064000000000002
0.07083000000000002
0.07004
0.06905000000000004
0.06849999999999998
0.0693
0.06956999999999999
0.07017999999999996
0.07050000000000002
0.07096000000000004
0.07006000000000001
0.06855000000000006
0.07020000000000001
0.07046999999999999
0.06974
0.07085000000000002
0.07091000000000001
0.06999
0.07071000000000002
0.07030999999999998
0.06999000000000001
0.06904000000000002
0.06871
0.06821000000000003
0.06845000000000002
0.06876
0.06914000000000002
0.06896000000000001
0.06860999999999998
0.07048999999999998
0.06921000000000001
0.06892999999999999
0.06905000000000003
0.06989
0.06856
0.06760000000000002
0.06718999999999999
0.06899000000000001
0.06893999999999997
0.06946000000000001
0.06993
0.07103000000000001
0.06903000000000004
0.06973000000000001
0.06952000000000001
0.07025999999999998
0.07117000000000002
0.07018
0.07062999999999998
0.07081000000000003
0.07048000000000004
0.06966000000000004
0.06964000000000002
0.06897000000000002
0.06896999999999999
0.06742999999999996
0.06705999999999998
0.06840000000000002
0.06882000000000002
0.06891000000000001
0.06992
0.06979
0.06919999999999998
0.06916
0.06895000000000003
0.0688
0.06983
0.06810000000000002
0.06882999999999999
0.06845000000000001
0.06952999999999997
0.07003000000000002
0.06995000000000001
0.06960000000000001
0.07038
0.06859999999999998
0.07035999999999998
0.07039999999999996
0.07035000000000002
0.07115999999999999
0.07158999999999997
0.06985000000000001
0.06896000000000005
0.06996000000000001
0.07100999999999998
0.07146999999999999
0.0722
0.07314000000000004
0.07351
0.07221
0.07145
0.07162
0.07047000000000002
0.07068999999999998
0.07059
0.07042
0.06987000000000003
0.06971999999999996
0.06876000000000002
0.06949999999999998
0.06896000000000004
0.06954000000000003
0.07139000000000001
0.07273
0.07319999999999997
0.07226000000000003
0.07238
0.07190000000000002
0.0724
0.07178999999999998
0.07189
0.07169
0.07102999999999998
0.07093000000000002
0.07056999999999997
0.07179000000000002
0.07136
0.06988999999999998
0.07125999999999999
0.07074000000000001
0.07112000000000002
0.07139999999999998
0.07056000000000004
0.07150999999999998
0.07157000000000001
0.06971000000000002
0.07119999999999999
0.07138000000000001
0.06901000000000002
0.06993
0.07133000000000003
0.07155000000000002
0.07081
0.06979
0.06931000000000002
0.06847000000000002
0.06958000000000003
0.07025999999999999
0.07024
0.06951
0.06962000000000004
0.07018999999999999
0.06945000000000003
0.07020999999999998
0.06977000000000004
0.07126
0.07033000000000002
0.07103000000000001
0.07082
0.07171
0.07094000000000002
0.07032999999999999
0.07088999999999998
0.07006000000000003
0.07011999999999997
0.07124000000000003
0.07111000000000002
0.07143
0.07078000000000005
0.07250999999999999
0.07324999999999995
0.07254000000000001
0.07162000000000003
0.07014999999999998
0.06964999999999998
0.06957999999999999
0.07017999999999998
0.07020999999999998
0.06952000000000001
0.06968999999999999
0.07099000000000003
0.07091
0.07088
0.06961000000000003
0.07040999999999999
0.07101
0.07250999999999999
0.07227999999999998
0.07255
0.07080999999999998
0.06976
0.07141000000000002
0.07155999999999998
0.07138000000000001
0.07072999999999999
0.07126000000000003
0.07186000000000001
0.07142
0.07193000000000001
0.07148
0.07131000000000004
0.07038
0.07046999999999998
0.06892000000000004
0.07011
0.06749
0.06741000000000003
0.06927999999999998
0.06922000000000002
0.06773
0.06929999999999997
0.07123
0.07148000000000003
0.0711
0.07125999999999999
0.07277999999999998
0.07333
0.07312999999999997
0.07109000000000001
0.07164000000000001
0.07099000000000001
0.06992
0.06903999999999995
0.06883000000000002
0.06931000000000002
0.06918999999999999
0.06768
0.06760000000000002
0.06773
0.06885999999999998
0.06873000000000001
0.07129999999999999
0.07111000000000006
0.07181000000000001
0.07144
0.07067999999999998
0.06953
0.06914000000000001
0.07069
0.07058
0.069
0.06931
0.06877999999999998
0.06951999999999997
0.06953999999999998
0.07166
0.07164
0.07227
0.07379000000000004
0.07411000000000002
0.07488999999999998
0.07328
0.07321
0.07343000000000002
0.07312000000000002
0.07251999999999999
0.07267
0.07250999999999996
0.07198999999999998
0.0705
0.06946999999999998
0.06996
0.07100000000000002
0.07159000000000003
0.07060000000000001
0.07009999999999997
0.06865999999999998
0.06896000000000001
0.06809000000000001
0.06879999999999999
0.06896999999999998
0.06777000000000001
0.06973999999999995
0.07122
0.07157999999999996
0.07318
0.07265000000000003
0.07101
0.06974999999999995
0.06940000000000002
0.06806
0.06883999999999998
0.06898000000000003
0.06919
0.07099
0.07245
0.07235
0.07192
0.07157000000000002
0.07091000000000003
0.07071
0.07008
0.07179
0.07185000000000002
0.0725
0.07122000000000002
0.06991
0.07047000000000002
0.07092999999999999
0.07081
0.07247999999999999
0.07162
0.07046000000000001
0.06921000000000001
0.06874999999999999
0.06829
0.06849
0.06831000000000001
0.07050999999999999
0.07236999999999999
0.07236999999999999
0.07126
0.07101
0.07087000000000002
0.07167
0.07188000000000003
0.07152000000000001
0.07136
0.07089000000000002
0.07003000000000002
0.07056000000000001
0.07111999999999997
0.07030000000000003
0.06923
0.07012000000000002
0.07101
0.07035000000000002
0.07089999999999999
0.07131
0.07182000000000002
0.07027
0.06998000000000001
0.06897
0.06791000000000003
0.06734000000000004
0.06796
0.0683
0.06682999999999999
0.06645000000000002
0.06617
0.06786000000000002
0.06849999999999999
0.06805000000000003
0.06902999999999997
0.06951999999999998
0.07047000000000002
0.07080999999999998
0.06969
0.06883000000000002
0.07002000000000001
0.07003999999999999
0.06982
0.07108000000000002
0.07055
0.07122000000000002
0.06964
0.07021000000000004
0.06901
0.06907999999999997
0.06873999999999998
0.07003999999999999
0.07174999999999998
0.07147999999999999
0.06987000000000002
0.07102
0.07057999999999999
0.06934999999999998
0.06871
0.06848
0.07029
0.07075000000000001
0.071
0.07092999999999997
0.07114000000000002
0.0721
0.07138999999999998
0.07185000000000001
0.07196999999999996
0.07180000000000004
0.07067
0.07029
0.06985999999999998
0.07003000000000001
0.06962999999999998
0.06962
0.06878000000000001
0.06954999999999999
0.06995
0.06881000000000002
0.06858
0.06891000000000001
0.06887000000000001
0.06989000000000002
0.07007000000000002
0.07021000000000002
0.06985000000000001
0.07171
0.07059000000000001
0.07121999999999999
0.07046000000000001
0.0705
0.07131
0.07158000000000002
0.07135000000000001
0.07192000000000001
0.07157000000000001
0.07149999999999998
0.07054
0.07058000000000003
0.07053999999999999
0.07041999999999998
0.07185999999999998
0.07175000000000005
0.07181000000000001
0.07152000000000003
0.07012
0.07275
0.07234999999999997
0.07146000000000002
0.07268999999999999
0.07137000000000002
0.07112
0.07270000000000003
0.07130999999999998
0.07073999999999998
0.07053999999999998
0.06945
0.06997999999999999
0.06868999999999999
0.07023
0.07059999999999995
0.07107999999999999
0.06937000000000001
0.06885000000000004
0.06831000000000001
0.06907
0.06727000000000002
0.06735000000000001
0.06688000000000001
0.06742
0.06823000000000001
0.06564000000000003
0.06629000000000002
0.06623
0.06582
0.06638000000000002
0.06691000000000001
0.06675
0.06907
0.06878000000000001
0.06737000000000001
0.06878000000000002
0.06777
0.06873000000000001
0.06850000000000003
0.06820999999999999
0.06849000000000001
0.06806
0.06794
0.06737000000000001
0.06692999999999999
0.06673999999999998
0.06802999999999997
0.06910000000000002
0.06930999999999995
0.06923000000000001
0.07014000000000001
0.07124000000000001
0.07064999999999995
0.07171000000000002
0.07073000000000002
0.07035
0.07062
0.07003
0.07001
0.07113000000000003
0.07045
0.07165000000000002
0.07083000000000002
0.07114999999999999
0.07078000000000001
0.07194
0.07159
0.07100000000000002
0.07141000000000002
0.07034000000000003
0.06921000000000001
0.07092999999999999
0.07091000000000001
0.07118000000000001
0.07056000000000001
0.07119999999999997
0.07215999999999999
0.07102999999999997
0.06995
0.07021
0.07125000000000002
0.06893000000000002
0.06946
0.06928000000000001
0.06836
0.06788
0.06744
0.06729000000000003
0.06776000000000003
0.06849999999999999
0.06771000000000003
0.06835999999999999
0.06904999999999997
0.06978999999999998
0.06999000000000001
0.06961
0.06973
0.06942999999999999
0.07102
0.07003000000000005
0.07046999999999998
0.06924999999999999
0.07100000000000004
0.07055000000000003
0.06924999999999998
0.06987000000000003
0.07071000000000001
0.07019999999999996
0.0702
0.06993999999999999
0.06928000000000004
0.06927999999999998
0.06720000000000001
0.06835000000000002
0.06806999999999996
0.06948000000000003
0.06783000000000002
0.06985000000000001
0.06970000000000001
0.07002
0.07124000000000001
0.07138999999999995
0.07139000000000002
0.07216000000000003
0.07139999999999999
0.07066000000000006
0.07065000000000002
0.07309999999999998
0.07261999999999999
0.07265
0.07308999999999999
0.07345000000000002
0.07173
0.07216000000000002
0.07155000000000002
0.07329000000000002
0.07239
0.07228
0.07148
0.06997
0.07017000000000001
0.06967
0.06800000000000002
0.06914
0.07180000000000002
0.07076
0.07179999999999995
0.07167000000000001
0.07108999999999999
0.07123000000000002
0.07207000000000002
0.07093999999999999
0.06975
0.07059999999999998
0.07027
0.07062000000000002
0.07138000000000001
0.07132999999999999
0.07194
0.07153999999999998
0.07257000000000002
0.07251999999999999
0.07198
0.07229000000000001
0.07307000000000002
0.07143999999999999
0.07137000000000002
0.07223999999999997
0.07173000000000002
0.07319000000000005
0.07175
0.07175
0.07088000000000003
0.07100000000000002
0.07179999999999999
0.07278999999999998
0.07239999999999998
0.07221000000000001
0.07030999999999998
0.06874000000000002
0.06813000000000002
0.06908
0.07053999999999999
0.07131000000000007
0.07092000000000001
0.06971000000000002
0.07034000000000001
0.07127
0.07118000000000003
0.06974000000000001
0.07069000000000003
0.06988999999999998
0.07025
0.06838999999999999
0.06867
0.06938000000000004
0.07071000000000002
0.07032
0.07067000000000001
0.0703
0.07051999999999997
0.07045000000000001
0.07022
0.06946000000000005
0.06939999999999999
0.06986
0.06845000000000001
0.06815999999999998
0.06757999999999999
0.06726000000000001
0.06830999999999998
0.06981000000000001
0.06898
0.06974000000000002
0.07079000000000005
0.07034
0.06956000000000002
0.06889000000000003
0.06978
0.06875000000000002
0.07050999999999999
0.07130999999999997
0.07138999999999998
0.07155000000000002
0.07250000000000001
0.07276999999999999
0.07257
0.07218
0.07243000000000001
0.06969000000000003
0.07007999999999999
0.07006
0.07001000000000003
0.06970000000000003
0.07021000000000002
0.07040999999999999
0.06985999999999999
0.07067000000000001
0.07099
0.07090000000000003
0.07111999999999997
0.06963999999999998
0.07073
0.07129000000000002
0.07116000000000001
0.07068999999999998
0.07152
0.07136999999999996
0.07089999999999998
0.07067999999999998
0.07028999999999999
0.07143000000000002
0.07135000000000002
0.07015000000000002
0.07023
0.07104999999999999
0.07163000000000004
0.07083000000000002
0.0724
0.07309000000000002
0.07387999999999999
0.07325000000000002
0.07137999999999999
0.07140000000000002
0.07105
0.06945
0.06996000000000001
0.06898999999999997
