0.19999999999999962
0.33553
0.5425899999999998
0.5502999999999999
0.5675099999999997
0.56039
0.5636099999999999
0.5636099999999999
0.5646899999999999
0.5605899999999999
0.56381
0.56337
0.5631800000000002
0.5634400000000003
0.5612500000000002
0.5646799999999995
0.56625
0.5620799999999999
0.56202
0.5649699999999999
0.5642300000000002
0.5648700000000002
0.5617199999999998
0.5626300000000001
0.5606900000000001
0.56248
0.5648900000000001
0.5604599999999996
0.5653400000000004
0.56204
0.5605399999999999
0.56269
0.5620800000000002
0.5628599999999999
0.5607600000000001
0.5621499999999999
0.5649700000000002
0.56239
0.56194
0.5634799999999999
0.5635200000000001
0.5643600000000002
0.5626600000000002
0.56343
0.5623900000000001
0.5629500000000001
0.5628100000000001
0.5642799999999998
0.5655500000000001
0.56165
0.5611799999999999
0.5634799999999999
0.56686
0.5614900000000002
0.5604899999999999
0.56188
0.5634
0.5642799999999998
0.56362
0.56375
0.5627500000000001
0.5613799999999999
0.5645200000000002
0.56294
0.5610000000000002
0.5642599999999998
0.5647699999999998
0.5612100000000002
0.56212
0.5653200000000002
0.5642099999999998
0.5642600000000003
0.5620400000000001
0.56268
0.5645700000000001
0.5635199999999999
0.5647200000000001
0.5664000000000001
0.5662300000000001
0.5580899999999999
0.5637899999999999
0.5623900000000002
0.5618099999999998
0.5651299999999999
0.5646400000000001
0.5628299999999999
0.5620300000000001
0.5593199999999999
0.5635600000000001
0.5627199999999998
0.56159
0.5614100000000001
0.5603300000000001
0.5623
0.5609999999999998
0.56725
0.5630600000000004
0.5616099999999999
0.5617899999999998
0.5644699999999998
0.5622600000000001
0.5617
0.56324
0.5628900000000001
0.5622199999999998
0.5616299999999999
0.56178
0.563
0.5641099999999999
0.5628600000000001
0.5650400000000001
0.5607800000000002
0.5628699999999999
0.5629700000000002
0.56184
0.56304
0.5620200000000001
0.56328
0.56434
0.56299
0.56153
0.5631299999999999
0.5658900000000001
0.5648400000000001
0.5620899999999996
0.5650600000000001
0.56157
0.5629899999999997
0.5592199999999998
0.5644700000000001
0.5624200000000004
0.5660499999999997
0.56179
0.56124
0.5623999999999999
0.56318
0.56489
0.5609399999999998
0.5633699999999999
0.5599599999999999
0.5628200000000001
0.5623800000000001
0.5616800000000002
0.5668999999999997
0.5615900000000001
0.56174
0.5622800000000001
0.56064
0.5624700000000002
0.5626400000000001
0.5646100000000002
0.5640799999999999
0.5615800000000002
0.56147
0.5660400000000001
0.5660199999999999
0.5602099999999998
0.56242
0.5645100000000001
0.5613300000000001
0.5626099999999999
0.5628099999999999
0.5638200000000001
0.56439
0.56461
0.5632900000000001
0.56381
0.56281
0.5629999999999998
0.5635
0.5638799999999998
0.5601599999999999
0.5612599999999999
0.56157
0.5652600000000001
0.56467
0.56081
0.56475
0.5623200000000002
0.5630899999999999
0.56188
0.5643999999999999
0.5644199999999999
0.5611799999999999
0.5625000000000001
0.5655100000000003
0.56211
0.5637200000000003
0.5616599999999997
0.5614699999999997
0.5619999999999997
0.5664299999999998
0.5603699999999998
0.5636000000000002
0.5594999999999999
0.5609600000000001
0.56257
0.5637699999999999
0.5647300000000002
0.5632700000000002
0.5602600000000002
0.5611900000000002
0.5634499999999999
0.5609800000000001
0.5636900000000002
0.5621299999999999
0.56679
0.5641800000000001
0.5623999999999996
0.5643800000000001
0.5616900000000001
0.5608899999999998
0.5632900000000002
0.5614100000000001
0.56403
0.5619799999999998
0.5638799999999999
0.5634500000000003
0.5628099999999999
0.5638099999999998
0.5640700000000001
0.5634599999999998
0.5644899999999999
0.56581
0.56202
0.5632999999999999
0.56292
0.56411
0.56216
0.5646400000000003
0.5653899999999998
0.5628600000000001
0.5622699999999998
0.5635999999999999
0.5626800000000002
0.5632699999999999
0.5645000000000002
0.56399
0.5599700000000002
0.56471
0.5640999999999999
0.5622700000000003
0.5629500000000001
0.56009
0.5629700000000001
0.56088
0.5638799999999999
0.5606700000000001
0.55938
0.56335
0.5650000000000002
0.5596000000000002
0.5645100000000002
0.5638200000000002
0.5629300000000002
0.5621299999999996
0.56234
0.56522
0.5633099999999999
0.5623499999999999
0.5630099999999999
0.5594299999999999
0.5629399999999998
0.5637500000000001
0.56458
0.56233
0.5644700000000001
0.5629899999999999
0.56305
0.5629900000000003
0.56359
0.56379
0.5614099999999997
0.5640599999999999
0.5641200000000002
0.5622899999999998
0.56304
0.5624700000000001
0.5611999999999999
0.5624199999999999
0.5597999999999999
0.5625500000000004
0.5639600000000001
0.5617699999999999
0.56314
0.5619400000000002
0.5635100000000002
0.56113
0.5597499999999999
0.56274
0.56381
0.56196
0.5638700000000001
0.5618599999999998
0.56456
0.5636800000000002
0.5617
0.5619000000000001
0.5621400000000003
0.56066
0.5659099999999999
0.5618699999999999
0.5663499999999998
0.5622599999999999
0.5626800000000001
0.5608599999999999
0.5621700000000002
0.56316
0.5641700000000001
0.56251
0.56082
0.5585299999999999
0.5641
0.5599100000000004
0.5658500000000002
0.5656899999999999
0.5615600000000002
0.5646900000000001
0.5624500000000001
0.5631000000000005
0.5651099999999999
0.5660200000000001
0.5630699999999998
0.5605199999999999
0.5651400000000002
0.5622199999999999
0.5649199999999999
0.5642
0.5623800000000001
0.5626699999999998
0.56109
0.5600499999999997
0.5622199999999998
0.5628700000000002
0.5611400000000001
0.5637599999999999
0.5637099999999999
0.56179
0.5608099999999999
0.5641099999999999
0.5607899999999999
0.5638700000000001
0.5645999999999998
0.56648
0.5634900000000002
0.56256
0.56393
0.56255
0.5626599999999998
0.5634
0.5577099999999999
0.5625800000000001
0.5610200000000001
0.5621300000000001
0.5605000000000002
0.5607499999999999
0.5615499999999998
0.5653100000000003
0.56099
0.56387
0.5632499999999999
0.5639900000000003
0.5633399999999998
0.5629199999999998
0.5624199999999999
0.5632099999999999
0.5603499999999998
0.56229
0.5629299999999998
0.5667099999999996
0.5635299999999998
0.5633600000000001
0.5640799999999999
0.5619
0.5637900000000001
0.5667300000000002
0.56464
0.5626600000000004
0.5635800000000001
0.5627699999999998
0.5645999999999999
0.56196
0.5625399999999997
0.5683500000000001
0.5630700000000001
0.5638000000000003
0.5614999999999999
0.5649400000000001
0.5627900000000002
0.56193
0.5657000000000003
0.5639599999999999
0.56294
0.56064
0.56562
0.56406
0.5632100000000001
0.56275
0.5621299999999999
0.5640299999999998
0.5646599999999999
0.56107
0.5640899999999999
0.5644500000000001
0.5651699999999998
0.5612400000000001
0.5621600000000001
0.5641
0.5651200000000001
0.5622300000000002
0.56225
0.5617899999999999
0.5651600000000001
0.5600799999999999
0.5631799999999998
0.5629200000000003
0.5614500000000001
0.5621700000000002
0.56271
0.5647800000000001
0.5627700000000003
0.5632799999999999
0.5632099999999999
0.5642399999999999
0.56275
0.5614200000000004
0.5684300000000001
0.56085
0.56236
0.5606699999999999
0.5615899999999998
0.5631500000000002
0.5616400000000001
0.56255
0.56171
0.56543
0.5618499999999998
0.56314
0.5612000000000003
0.5634200000000001
0.5638300000000002
0.5636599999999999
0.5647100000000005
0.5620699999999998
0.56214
0.56393
0.56435
0.5633399999999998
0.5619500000000002
0.5624600000000001
0.5589599999999999
0.5620299999999998
0.5627899999999999
0.56298
0.5655500000000002
0.56484
0.56255
0.56399
0.5585899999999998
0.5623100000000001
0.5620899999999998
0.5632900000000001
0.56256
0.56263
0.56321
0.5635100000000002
0.5618899999999999
0.56046
0.56332
0.56379
0.5619100000000001
0.5627900000000001
0.5634999999999998
0.5618999999999998
0.55976
0.56403
0.5602799999999999
0.5626599999999998
0.5607500000000002
0.5620499999999999
0.5614100000000002
0.5658400000000001
0.5603300000000002
0.56218
0.5648799999999999
0.56131
0.5649500000000003
0.5644899999999999
0.5635500000000002
0.5640399999999997
0.5645100000000002
0.5641499999999999
0.5645400000000002
0.5597099999999999
0.56364
0.5640099999999998
0.5622799999999999
0.56514
0.56344
0.5636899999999999
0.5637000000000002
0.56377
0.56331
0.5631099999999998
0.5627299999999997
0.5621599999999998
0.5628199999999999
0.5642599999999998
0.5672400000000002
0.5639100000000002
0.56033
0.56484
0.56279
0.5623500000000002
0.5622199999999998
0.56365
0.56186
0.5632300000000001
0.5616799999999998
0.56532
0.5620400000000004
0.5637
0.5645399999999999
0.5622600000000001
0.5618300000000003
0.56399
0.56223
0.5647200000000001
0.5634100000000003
0.5629899999999999
0.5625799999999999
0.5625
0.5629100000000001
0.56169
0.5610399999999998
0.5656599999999997
0.5631099999999997
0.5611599999999999
0.5616400000000001
0.5644299999999999
0.5619999999999997
0.56526
0.56357
0.56244
0.5625000000000001
0.5614400000000002
0.56372
0.5622599999999999
0.56372
0.5638000000000001
0.56191
0.5639399999999999
0.5625600000000001
0.5618799999999999
0.5646500000000003
0.5630599999999999
0.5609199999999999
0.56198
0.5613899999999997
0.5648199999999999
0.5632400000000001
0.5680900000000001
0.5626200000000001
0.5614799999999999
0.5656699999999999
0.5637300000000001
0.56571
0.5655600000000001
0.5619900000000001
0.5632300000000001
0.5630299999999999
0.5655200000000001
0.56519
0.5629199999999998
0.56377
0.564
0.5633499999999999
0.5634700000000001
0.56617
0.56031
0.5638300000000002
0.56208
0.5611699999999997
0.5621
0.5619900000000001
0.5636799999999998
0.5622399999999997
0.5628500000000001
0.56373
0.5629100000000001
0.56231
0.5638299999999998
0.56188
0.5654500000000001
0.56263
0.5637599999999999
0.56099
0.5616500000000001
0.5635499999999999
0.5631799999999997
0.5627199999999997
0.5626200000000001
0.5651199999999998
0.56146
0.5649599999999999
0.56272
0.5651099999999998
0.563
0.56333
0.5603199999999999
0.5626000000000002
0.5634300000000003
0.5631899999999999
0.5657900000000002
0.5602299999999999
0.56289
0.56355
0.5626300000000001
0.56227
0.5589199999999999
0.5631699999999998
0.5659000000000001
0.5614400000000003
0.5588000000000002
0.5608999999999998
0.5617999999999999
0.5610400000000001
0.5632099999999999
0.56556
0.5664399999999999
0.56518
0.5636699999999999
0.5634599999999998
0.56084
0.5642000000000001
0.5632499999999999
0.5630699999999998
0.56304
0.5621299999999998
0.56125
0.5630499999999998
0.5630700000000001
0.5619999999999996
0.5623400000000001
0.56404
0.5638799999999999
0.56184
0.56038
0.5624399999999998
0.56316
0.5604
0.56405
0.56035
0.5629599999999999
0.5646100000000003
0.5601600000000001
0.5636100000000002
0.56298
0.5636800000000001
0.5634700000000001
0.56278
0.5647000000000001
0.5615599999999997
0.56236
0.5610400000000001
0.5644700000000001
0.56391
0.5617000000000002
0.56487
0.5625899999999998
0.5622400000000001
0.5624999999999999
0.56369
0.5627099999999998
0.5637000000000003
0.5625400000000002
0.56464
0.5670400000000001
0.5623900000000002
0.5646300000000001
0.5641
0.5624800000000002
0.5622800000000001
0.56493
0.5656599999999999
0.5614899999999998
0.56294
0.5636600000000002
0.56279
0.5622499999999999
0.5599199999999999
0.5625199999999999
0.56184
0.5634799999999998
0.56151
0.55932
0.5638400000000003
0.5615799999999999
0.5635300000000001
0.5634499999999998
0.5647199999999998
0.56376
0.5639699999999999
0.56249
0.56345
0.5651100000000002
0.5595500000000001
0.5600799999999998
0.5625799999999999
0.5641799999999998
0.5614900000000002
0.5611299999999999
0.5590099999999997
0.56349
0.5611400000000002
0.56108
0.5624199999999998
0.56609
0.56275
0.5646599999999999
0.5608899999999999
0.5619
0.5617799999999997
0.5626899999999998
0.5634799999999998
0.5645299999999999
0.5614100000000001
0.5638899999999999
0.56217
0.5618699999999996
0.5632699999999997
0.5628399999999999
0.5610599999999999
0.56168
0.56334
0.5615600000000001
0.5653199999999999
0.5634299999999999
0.5633400000000001
0.5622799999999998
0.5640000000000003
0.56207
0.5634199999999999
0.5632699999999999
0.5629400000000001
0.5682100000000001
0.5658100000000001
0.56704
0.5632599999999998
0.5652000000000001
0.56235
0.5629799999999999
0.5635500000000001
0.5654100000000001
0.56509
0.56659
0.5626600000000002
0.5649500000000001
0.5621700000000003
0.56278
0.5632799999999999
0.5629
0.5637000000000002
0.5648299999999999
0.5643
0.56253
0.56231
0.5634699999999999
0.56143
0.5634700000000001
0.5628399999999999
0.5615899999999998
0.5647599999999999
0.56006
0.56056
0.5636500000000001
0.5635100000000002
0.56046
0.5621300000000002
0.56248
0.5639500000000001
0.5652999999999999
0.5638599999999998
0.56146
0.56234
0.5573699999999999
0.56281
0.56629
0.5625800000000001
0.5627799999999996
0.56147
0.5608000000000002
0.5637599999999998
0.56499
0.5628000000000001
0.5640000000000003
0.56373
0.5635500000000002
0.5633999999999997
0.56121
0.5634999999999998
0.5631899999999999
0.5621199999999998
0.56036
0.5576999999999999
0.56273
0.56206
0.5644399999999997
0.5659099999999999
0.5626799999999998
0.5640499999999998
0.56223
0.56623
0.5622900000000002
0.5650900000000002
0.5640299999999998
0.5611200000000001
0.5622999999999998
0.5645099999999998
0.5624699999999999
0.5679
0.5628899999999999
0.56206
0.56322
0.56199
0.5615699999999998
0.5635899999999998
0.5667900000000001
0.56495
0.56409
0.5613199999999999
0.5634700000000001
0.56421
0.56485
0.5660400000000001
0.5644299999999999
0.56416
0.56371
0.5632
0.56366
0.56351
0.56243
0.5594600000000001
0.56063
0.56177
0.56453
0.5615399999999999
0.5640499999999997
0.5642099999999998
0.5633300000000001
0.5634599999999998
0.56601
0.5614399999999998
0.5640100000000002
0.5657900000000002
0.5638200000000001
0.5648399999999999
0.5627
0.56359
0.56265
0.5637300000000001
0.5629199999999999
0.56462
0.5644399999999998
0.56277
0.5643199999999999
0.56315
0.56513
0.5640000000000001
0.5618799999999999
0.5585200000000001
0.5608799999999996
0.5620700000000002
0.5635700000000002
0.5655900000000001
0.5620299999999998
0.5626200000000001
0.5668799999999998
0.5616300000000001
0.56465
0.5629099999999998
0.5650799999999999
0.5599600000000001
0.5653500000000001
0.56678
0.56721
0.5631700000000002
0.5622199999999999
0.56302
0.5633599999999999
0.5614600000000001
0.5615000000000002
0.5629699999999999
0.5640499999999999
0.5654400000000002
0.56387
0.5637500000000003
0.5641199999999997
0.5645699999999999
0.5613399999999996
0.5654600000000003
0.56401
0.56288
0.5618500000000001
0.5619499999999998
0.5611100000000002
0.56302
0.56274
0.56146
0.5636700000000002
0.5625200000000001
0.56399
0.5631200000000001
0.5619299999999999
0.5625299999999999
0.56123
0.5656099999999998
0.5623799999999999
0.5621400000000001
0.56534
0.56353
0.5630999999999998
0.5629500000000002
0.5646000000000001
0.5619200000000002
0.5608500000000002
0.5667899999999997
0.5643100000000003
0.5632500000000001
0.5591900000000001
0.55958
0.5636799999999998
0.56151
0.5684399999999998
0.5622299999999998
0.56305
0.56168
0.5630999999999999
0.5649299999999999
0.5634500000000001
0.5632199999999999
0.5643899999999998
0.5632399999999997
0.5614399999999997
0.5633100000000002
0.5609599999999998
0.5637200000000001
0.5629500000000003
0.5646299999999997
0.56093
0.5672200000000001
0.5598799999999999
0.5600099999999998
0.5630900000000001
0.5653799999999999
0.5620300000000001
0.5613800000000001
0.56442
0.5618000000000002
0.5639000000000001
0.5624300000000002
0.5624
0.5634800000000001
0.56392
0.5610500000000002
0.5661599999999999
0.5613400000000001
0.5624700000000002
0.56137
0.5662199999999998
0.564
0.5617900000000001
0.5621799999999999
0.5651700000000001
0.56743
0.5615299999999998
0.56269
0.5628800000000002
0.5644699999999998
0.5598500000000001
0.5633299999999999
0.5633100000000002
0.5634699999999999
0.5648199999999999
0.5616700000000001
0.5619999999999998
0.5598999999999998
0.5630100000000002
0.56192
0.5658699999999998
0.5620900000000002
0.5639299999999999
0.56305
0.56387
0.5613199999999998
0.5606600000000002
0.5647499999999999
0.5633199999999999
0.56331
0.5635499999999999
