0.19999999999999962
0.22979999999999992
0.26059999999999994
0.294
0.32580000000000003
0.34480000000000005
0.3458000000000002
0.3472000000000001
0.35420000000000007
0.3572000000000001
0.368
0.37799999999999995
0.38
0.3780000000000003
0.36800000000000016
0.37
0.37719999999999987
0.3738000000000002
0.3846000000000002
0.3826
0.3824000000000001
0.3676
0.382
0.37940000000000024
0.37620000000000003
0.38219999999999993
0.38280000000000025
0.38060000000000005
0.37859999999999994
0.3778000000000001
0.3856
0.37839999999999996
0.38140000000000024
0.3864
0.3928000000000001
0.3890000000000001
0.38080000000000014
0.3670000000000002
0.3790000000000003
0.36760000000000004
0.3688
0.3662
0.3648000000000001
0.3704
0.3742000000000001
0.37960000000000016
0.37860000000000016
0.38380000000000003
0.3850000000000001
0.38200000000000023
0.3862000000000002
0.3724000000000002
0.3836
0.3904000000000001
0.3848000000000002
0.3882000000000002
0.3884
0.38900000000000007
0.3962000000000003
0.3913999999999999
0.38760000000000006
0.3746000000000001
0.3674
0.3678000000000001
0.37400000000000005
0.3860000000000002
0.37280000000000024
0.3704000000000001
0.37220000000000014
0.3620000000000001
0.3594000000000001
0.3610000000000001
0.3586000000000002
0.3708000000000001
0.37100000000000016
0.38199999999999995
0.3741999999999999
0.3786
0.37420000000000014
0.3760000000000001
0.3780000000000001
0.3864000000000003
0.3778000000000001
0.3780000000000001
0.3789999999999999
0.37720000000000004
0.37440000000000007
0.3818000000000001
0.3716000000000001
0.3774
0.3809999999999998
0.39500000000000013
0.38500000000000023
0.3854000000000002
0.37280000000000013
0.38799999999999996
0.38100000000000006
0.38440000000000024
0.37559999999999993
0.37640000000000023
0.3764000000000001
0.3814
0.3774000000000003
0.37480000000000013
0.382
0.3810000000000002
0.38400000000000006
0.39080000000000015
0.382
0.38060000000000016
0.36820000000000014
0.3772
0.38520000000000004
0.3826
0.3872000000000002
0.3812000000000002
0.381
0.39260000000000034
0.39699999999999996
0.39260000000000017
0.38200000000000023
0.3706000000000001
0.3766000000000001
0.3746
0.36480000000000024
0.36500000000000005
0.36959999999999993
0.3712000000000002
0.3718
0.37120000000000014
0.3852000000000001
0.38660000000000005
0.392
0.3826000000000001
0.3818000000000001
0.3856000000000001
0.3912000000000002
0.39380000000000004
0.38559999999999994
0.37960000000000016
0.37579999999999997
0.3850000000000003
0.39540000000000025
0.3800000000000001
0.3848000000000001
0.37960000000000016
0.3726
0.38059999999999994
0.38580000000000014
0.37920000000000004
0.38460000000000005
0.3796000000000001
0.37820000000000015
0.36360000000000015
0.37120000000000014
0.36420000000000013
0.37460000000000016
0.3822
0.3812000000000002
0.38599999999999995
0.3850000000000001
0.38580000000000014
0.3802000000000001
0.3669999999999999
0.37060000000000015
0.3718000000000001
0.3652000000000002
0.37300000000000005
0.3728
0.384
0.3854000000000002
0.3688000000000004
0.38020000000000004
0.38080000000000025
0.389
0.38740000000000024
0.3728
0.368
0.3708000000000002
0.3778
0.38040000000000007
0.3798
0.36920000000000003
0.36920000000000014
0.3677999999999998
0.3724000000000002
0.3784000000000002
0.3886000000000001
0.3896
0.3868000000000001
0.3874
0.3864000000000003
0.37880000000000025
0.3706000000000001
0.3702000000000001
0.3702
0.37360000000000015
0.3744000000000003
0.3752000000000001
0.37240000000000006
0.3729999999999999
0.3728000000000001
0.3710000000000001
0.36740000000000017
0.37060000000000004
0.3784
0.3806000000000001
0.37180000000000013
0.37879999999999997
0.3792000000000002
0.3718000000000002
0.3730000000000001
0.3818000000000002
0.3932000000000002
0.3787999999999998
0.36240000000000017
0.3754000000000002
0.3784000000000001
0.39239999999999986
0.3876
0.36880000000000007
0.36400000000000005
0.37279999999999996
0.3725999999999998
0.3828000000000001
0.37040000000000006
0.3638000000000001
0.3624000000000001
0.3705999999999999
0.3646000000000001
0.3576
0.35840000000000016
0.35760000000000014
0.37500000000000017
0.3644000000000004
0.3666000000000001
0.3658000000000002
0.36940000000000006
0.37020000000000025
0.3664
0.3588000000000002
0.36840000000000017
0.3572000000000001
0.35660000000000025
0.3598000000000001
0.36959999999999993
0.38800000000000007
0.38000000000000045
0.37520000000000003
0.37420000000000014
0.3608
0.35640000000000005
0.35940000000000005
0.35200000000000026
0.36860000000000026
0.37300000000000005
0.3715999999999999
0.3684000000000001
0.37780000000000014
0.3718000000000001
0.36940000000000006
0.3738
0.3782000000000001
0.37180000000000013
0.37620000000000026
0.38040000000000007
0.3816000000000001
0.38900000000000007
0.3852000000000001
0.38580000000000014
0.3852000000000001
0.3784
0.3793999999999999
0.3823999999999998
0.38100000000000006
0.3802
0.38360000000000005
0.3780000000000001
0.37900000000000034
0.3748
0.3788000000000002
0.37900000000000006
0.3694000000000001
0.3739999999999999
0.37120000000000014
0.3642
0.3682
0.37280000000000024
0.37200000000000016
0.37420000000000003
0.38320000000000015
0.3802000000000001
0.3724
0.3702000000000001
0.38420000000000004
0.39500000000000013
0.3916000000000002
0.3770000000000001
0.36979999999999996
0.3744000000000001
0.3760000000000003
0.3782000000000002
0.3806000000000002
0.3817999999999998
0.39199999999999996
0.3852
0.36560000000000026
0.36880000000000007
0.3724000000000002
0.37320000000000014
0.3852000000000001
0.3816000000000001
0.37420000000000025
0.38520000000000004
0.3832
0.381
0.3776000000000003
0.38240000000000035
0.36840000000000017
0.3840000000000002
0.3840000000000003
0.3863999999999999
0.3858000000000002
0.3818
0.37780000000000014
0.3738
0.3770000000000001
0.3776
0.3818
0.38620000000000004
0.3762000000000001
0.3720000000000001
0.36640000000000017
0.3753999999999999
0.3642
0.3728000000000001
0.3709999999999999
0.37660000000000005
0.3711999999999999
0.3648000000000001
0.3582
0.3592000000000001
0.3506
0.3532
0.36379999999999996
0.3816000000000001
0.393
0.3744000000000003
0.35100000000000003
0.35700000000000004
0.36000000000000015
0.37220000000000014
0.3652000000000002
0.3676000000000002
0.36840000000000006
0.3718
0.36360000000000015
0.3724
0.3776
0.37300000000000016
0.37700000000000017
0.36760000000000015
0.37200000000000016
0.3718000000000001
0.3696000000000001
0.37800000000000006
0.3892000000000003
0.3854000000000001
0.38020000000000026
0.3824
0.3898000000000001
0.3874000000000001
0.3968000000000002
0.3838000000000001
0.3898
0.4030000000000002
0.3956
0.38720000000000004
0.38140000000000013
0.38420000000000015
0.38060000000000016
0.3806000000000001
0.38699999999999996
0.3826000000000001
0.37680000000000013
0.373
0.38440000000000013
0.3826000000000001
0.3822
0.38739999999999997
0.3794000000000001
0.38880000000000015
0.37860000000000005
0.3828000000000001
0.3760000000000002
0.37879999999999997
0.36240000000000017
0.3778000000000001
0.3720000000000001
0.37059999999999993
0.3730000000000001
0.37460000000000027
0.3762
0.37180000000000013
0.3710000000000001
0.36499999999999994
0.37359999999999993
0.3843999999999999
0.39280000000000004
0.3886000000000001
0.3848000000000002
0.3842000000000003
0.3718000000000002
0.3744000000000001
0.3692000000000001
0.36880000000000024
0.3688
0.38220000000000015
0.3784000000000002
0.3789999999999999
0.38660000000000017
0.3874000000000001
0.38740000000000024
0.3867999999999999
0.3818000000000002
0.3824000000000001
0.38620000000000004
0.38040000000000035
0.3812000000000002
0.375
0.3746000000000002
0.3608000000000001
0.37520000000000003
0.38079999999999997
0.37060000000000015
0.3762000000000001
0.3742000000000001
0.3820000000000001
0.3822
0.39199999999999996
0.3938000000000003
0.3884000000000002
0.37879999999999986
0.38520000000000026
0.3912000000000002
0.38140000000000013
0.38380000000000014
0.3798
0.38140000000000013
0.38340000000000013
0.38640000000000024
0.3836000000000002
0.38140000000000035
0.3724000000000002
0.38239999999999996
0.37380000000000024
0.37020000000000003
0.38520000000000015
0.3868000000000002
0.3806000000000002
0.3678
0.3878000000000002
0.3830000000000001
0.3795999999999999
0.3834000000000002
0.39100000000000007
0.3860000000000003
0.3846
0.3778000000000001
0.37480000000000013
0.3732000000000001
0.3772000000000004
0.37940000000000024
0.3818
0.3715999999999999
0.39000000000000007
0.3794000000000001
0.3791999999999999
0.3718000000000002
0.3856000000000002
0.38379999999999986
0.38600000000000007
0.3688000000000002
0.37360000000000015
0.38100000000000006
0.3900000000000001
0.38819999999999993
0.3839999999999999
0.3762000000000001
0.37700000000000017
0.3804
0.38840000000000025
0.37700000000000017
0.3762000000000002
0.3692000000000001
0.37700000000000017
0.38
0.3760000000000003
0.3872000000000002
0.3942
0.38040000000000035
0.3878000000000001
0.37739999999999996
0.37980000000000014
0.38739999999999997
0.38280000000000014
0.3790000000000001
0.3908000000000003
0.3866000000000001
0.3874
0.39260000000000006
0.3768
0.377
0.37140000000000023
0.3708000000000002
0.36999999999999994
0.3660000000000001
0.3736
0.36960000000000015
0.36500000000000016
0.3711999999999999
0.37199999999999994
0.38440000000000024
0.39420000000000016
0.3942
0.3868000000000001
0.3760000000000002
0.38219999999999993
0.3782000000000002
0.38580000000000003
0.37900000000000006
0.38540000000000013
0.3870000000000001
0.39060000000000017
0.39000000000000007
0.39180000000000015
0.395
0.3824000000000001
0.3782000000000001
0.38560000000000016
0.38440000000000024
0.3702000000000001
0.37920000000000015
0.3812000000000002
0.38520000000000004
0.3902000000000001
0.37979999999999997
0.3844000000000002
0.3892000000000001
0.39580000000000015
0.3914000000000002
0.3814
0.3794000000000001
0.3710000000000001
0.3722000000000001
0.3732000000000001
0.3720000000000001
0.3682000000000001
0.36280000000000007
0.3718000000000002
0.3692000000000001
0.3788000000000002
0.37259999999999993
0.3706000000000001
0.36300000000000004
0.3722000000000001
0.3696
0.36879999999999996
0.3686000000000002
0.3648000000000001
0.3732
0.37080000000000013
0.3806000000000004
0.36519999999999997
0.37500000000000017
0.3804000000000001
0.37780000000000025
0.3756000000000001
0.37920000000000004
0.3772000000000002
0.38020000000000026
0.3782
0.3658000000000001
0.3684000000000001
0.3628
0.36140000000000005
0.3624
0.37
0.37680000000000036
0.37540000000000034
0.3756000000000001
0.3744000000000001
0.3758000000000002
0.38400000000000006
0.38460000000000005
0.3800000000000002
0.3830000000000001
0.3886000000000001
0.3850000000000001
0.3886000000000003
0.37879999999999997
0.37920000000000015
0.36760000000000026
0.36640000000000017
0.3680000000000001
0.36280000000000007
0.37160000000000004
0.38300000000000006
0.3927999999999999
0.3870000000000001
0.3862
0.3922
0.38299999999999995
0.3734000000000001
0.36800000000000016
0.36860000000000004
0.37460000000000016
0.37000000000000016
0.3791999999999999
0.3796000000000001
0.37740000000000024
0.38660000000000017
0.3852000000000001
0.3816000000000001
0.38380000000000003
0.38120000000000004
0.38380000000000025
0.38160000000000033
0.3844000000000002
0.37460000000000016
0.3764000000000003
0.3822
0.38360000000000005
0.38540000000000013
0.38760000000000006
0.3930000000000001
0.3842000000000002
0.3826
0.3848
0.3856000000000002
0.3714
0.38000000000000006
0.3802000000000001
0.37379999999999997
0.38660000000000005
0.3854000000000002
0.3808
0.3938000000000001
0.39220000000000005
0.38640000000000024
0.39640000000000036
0.3954
0.3934
0.3788
0.3790000000000002
0.3730000000000001
0.38040000000000007
0.37760000000000027
0.3824000000000002
0.39679999999999993
0.3920000000000002
0.3918000000000002
0.39220000000000005
0.3830000000000001
0.37800000000000017
0.3820000000000001
0.3782000000000001
0.37000000000000005
0.36659999999999987
0.3746000000000001
0.3768000000000001
0.38420000000000004
0.39220000000000005
0.3930000000000002
0.3820000000000002
0.3793999999999999
0.3822000000000002
0.3794000000000001
0.37720000000000015
0.3894000000000002
0.3774
0.37060000000000015
0.37720000000000004
0.3730000000000001
0.38160000000000005
0.3694000000000001
0.3738000000000001
0.37160000000000004
0.37420000000000003
0.37279999999999996
0.373
0.3729999999999999
0.368
0.3734000000000002
0.36360000000000026
0.35960000000000014
0.36760000000000026
0.3776000000000001
0.37580000000000013
0.3796000000000002
0.3694000000000003
0.3648
0.3673999999999999
0.3800000000000001
0.3840000000000001
0.38960000000000006
0.3834
0.3898
0.3820000000000001
0.38280000000000014
0.38160000000000005
0.37539999999999984
0.38140000000000013
0.37980000000000025
0.37680000000000013
0.38219999999999993
0.38800000000000023
0.38320000000000015
0.3832000000000001
0.3870000000000001
0.38720000000000004
0.38500000000000023
0.37940000000000007
0.37480000000000013
0.37559999999999993
0.3752000000000002
0.3810000000000002
0.3804000000000001
0.38360000000000044
0.3775999999999998
0.3816000000000003
0.379
0.3778000000000001
0.37580000000000013
0.3744000000000001
0.37420000000000014
0.3828000000000001
0.3822000000000002
0.37540000000000007
0.3758000000000001
0.3625999999999999
0.3624
0.3728
0.38540000000000013
0.3922000000000002
0.37800000000000017
0.381
0.36100000000000015
0.36579999999999996
0.36640000000000006
0.3602000000000001
0.35820000000000013
0.3698
0.37799999999999995
0.36740000000000017
0.38160000000000005
0.3748000000000002
0.377
0.3856000000000001
0.38880000000000015
0.38299999999999995
0.3694000000000004
0.3740000000000001
0.36760000000000015
0.37679999999999986
0.38760000000000017
0.38040000000000007
0.3812000000000002
0.3792000000000001
0.37660000000000027
0.3684000000000001
0.37640000000000023
0.3768000000000003
0.3808000000000002
0.39020000000000016
0.3782
0.38220000000000026
0.3698
0.3766
0.3684000000000001
0.36920000000000003
0.3732000000000002
0.3738
0.3648000000000001
0.3704000000000003
0.37620000000000003
0.37080000000000013
0.3666000000000002
0.37020000000000003
0.38
0.37699999999999995
0.36419999999999997
0.3729999999999999
0.37280000000000013
0.37500000000000006
0.3818000000000002
0.37480000000000013
0.37240000000000006
0.37160000000000004
0.37500000000000017
0.3818000000000002
0.3843999999999999
0.38579999999999987
0.3876
0.3848000000000001
0.3786
0.3866000000000001
0.3768000000000001
0.37700000000000017
0.37800000000000017
0.37460000000000016
0.38580000000000014
0.3824
0.38100000000000006
0.3896
0.3864000000000001
0.3832000000000001
0.3866000000000001
0.39600000000000024
0.38960000000000006
0.38600000000000007
0.37660000000000016
0.3854000000000004
0.38460000000000016
0.38360000000000005
0.387
0.3812000000000004
0.38280000000000014
0.37459999999999993
0.38500000000000006
0.39080000000000015
0.3872000000000002
0.38819999999999993
0.38179999999999986
0.389
0.3875999999999999
0.37960000000000016
0.37760000000000005
0.37720000000000015
0.38580000000000003
0.376
0.3741999999999999
0.3724
0.37760000000000005
0.3776000000000001
0.37600000000000017
0.37920000000000015
0.37500000000000006
0.3734
0.38360000000000033
0.39140000000000036
0.3904000000000001
0.38600000000000007
0.38820000000000016
0.37640000000000007
0.37960000000000016
0.37920000000000004
0.37140000000000006
0.38080000000000025
0.3861999999999999
0.38420000000000015
0.3820000000000001
0.38460000000000005
0.3868000000000002
0.37860000000000016
0.37100000000000016
0.36700000000000016
0.3588000000000001
0.3784000000000001
0.37919999999999987
0.37279999999999996
0.38140000000000013
0.3862000000000003
0.39260000000000017
0.3796000000000001
0.3746000000000002
0.3742000000000001
0.3847999999999999
0.3844000000000002
0.38720000000000043
0.3697999999999999
0.36619999999999997
0.37820000000000015
0.39080000000000015
0.37860000000000005
0.38860000000000006
0.3833999999999998
0.38299999999999995
0.3744000000000001
0.38520000000000026
0.3874
0.38500000000000023
0.37279999999999996
0.37560000000000016
0.37360000000000027
0.3764000000000001
0.36880000000000007
0.3752
0.3786000000000002
0.3748
0.3726000000000002
0.3770000000000001
0.3800000000000001
0.3934000000000002
0.403
0.3770000000000001
0.36979999999999996
0.36060000000000003
0.3596000000000002
0.3704000000000001
0.37560000000000016
0.37280000000000013
0.36700000000000005
0.3759999999999999
0.37820000000000015
0.36640000000000006
0.36920000000000003
0.3710000000000001
0.3726000000000002
0.3668
0.3710000000000001
0.3670000000000002
0.37280000000000013
0.37519999999999987
0.3798000000000002
0.3906000000000002
0.39039999999999997
0.3856
0.3880000000000001
0.38160000000000016
0.3766000000000001
0.37379999999999997
0.38160000000000005
0.391
0.3814000000000003
0.3746
0.3702000000000001
0.3782
0.37420000000000003
0.3740000000000003
0.3744000000000001
0.3912000000000002
0.39419999999999994
0.3916000000000004
0.37560000000000016
0.3866000000000001
0.3812000000000001
0.3770000000000001
0.37580000000000013
0.3790000000000001
0.38720000000000043
0.37860000000000027
0.3720000000000001
0.37860000000000005
0.38140000000000024
0.3808000000000002
0.3803999999999999
0.3792000000000002
0.3736
0.3740000000000003
0.3682000000000002
0.3650000000000002
0.3659999999999999
0.36160000000000025
0.35559999999999986
0.36300000000000004
0.36620000000000014
0.3776000000000001
0.366
0.36480000000000024
0.3646000000000001
0.36760000000000004
0.35739999999999994
0.3758000000000001
0.3762
0.3780000000000003
0.3759999999999999
0.37360000000000004
0.36900000000000005
0.37240000000000006
0.3714000000000002
0.3642
0.3719999999999999
0.3792000000000001
0.36300000000000027
0.3678
0.3678
0.3682
0.37640000000000007
0.37240000000000006
0.36600000000000016
0.3704
0.3732000000000002
0.37420000000000003
0.3816000000000001
0.3804000000000002
0.3918000000000001
0.3876000000000001
0.3746
0.36000000000000015
