0.19999999999999962
0.21488074957410552
0.24760647359454868
0.2601277683134583
0.2720528109028962
0.2743867120954002
0.28017035775127763
0.27979557069846683
0.2843696763202726
0.2810647359454855
0.2859880749574107
0.2837819420783646
0.2848551959114139
0.2823253833049403
0.2858688245315161
0.2825894378194207
0.2843611584327086
0.2829982964224872
0.28258091993185686
0.2807921635434412
0.28435264054514486
0.28268313458262356
0.28412265758092003
0.28086030664395234
0.28349233390119255
0.2829897785349234
0.2825127768313458
0.2807836456558772
0.28105621805792147
0.2815672913117545
0.2836286201022147
0.2824446337308347
0.2811754684838159
0.28147359454855203
0.2808773424190802
0.2804429301533219
0.28331345826235077
0.2797955706984667
0.2800596252129473
0.28016183986371385
0.28043441226575805
0.2806814310051109
0.2808773424190801
0.2818057921635435
0.2798637137989778
0.28068143100511067
0.2799659284497445
0.2787904599659285
0.2797018739352641
0.28082623509369664
0.2790034071550255
0.27843270868824527
0.279267461669506
0.27898637137989785
0.2790289608177173
0.2787649063032369
0.2794463373083476
0.2810647359454856
0.2805792163543443
0.2801873935264054
0.27994889267461665
0.2807240204429301
0.2794378194207836
0.28008517887563883
0.27931005110732543
0.27930153321976137
0.2802385008517887
0.27946337308347524
0.27948892674616704
0.27789608177172065
0.28059625212947187
0.27970187393526397
0.28025553662691666
0.2793356047700173
0.28155877342419083
0.280511073253833
0.2816098807495741
0.27974446337308334
0.27942930153321976
0.27867972742759817
0.2785349233390119
0.27947189097103914
0.27891822827938667
0.2793611584327088
0.27855195911413977
0.2800511073253834
0.27893526405451446
0.2792930153321975
0.2777342419080067
0.2797444633730835
0.27948040885860315
0.2815843270868826
0.27977001703577514
0.27974446337308356
0.2790545144804089
0.27908858603066444
0.28149914821124367
0.2805962521294718
0.27965928449744476
0.277793867120954
0.2786626916524703
0.28094548551959125
0.28091141396933567
0.2790459965928449
0.28045996592844985
0.2792589437819421
0.27713798977853493
0.2785775127768313
0.2781686541737649
0.27737649063032366
0.2775979557069846
0.27978705281090294
0.2776660988074958
0.2780153321976151
0.27649914821124355
0.27804940374787057
0.27657580919931857
0.2778449744463374
0.2765587734241909
0.27758091993185685
0.27601362862010215
0.2766269165247018
0.2749744463373084
0.27609880749574106
0.27761499148211244
0.2779386712095401
0.2763032367972742
0.2770017035775127
0.2770613287904601
0.2775042589437819
0.27522998296422485
0.2760902896081771
0.2779045996592846
0.27672061328790454
0.27706132879045997
0.2794548551959114
0.2759284497444634
0.2778449744463372
0.27692504258943773
0.27736797274275987
0.27484667802385004
0.27656729131175467
0.2776490630323679
0.277725724020443
0.2752810902896082
0.2761499148211243
0.2789097103918229
0.27692504258943773
0.2788074957410562
0.2772487223168655
0.2775809199318568
0.27663543441226573
0.27509369676320267
0.2767035775127768
0.27673764906303255
0.2761839863713799
0.2762862010221465
0.27554514480408854
0.27518739352640537
0.2782282793867122
0.27841567291311764
0.2750936967632027
0.2776660988074957
0.27603066439523
0.27922487223168657
0.27781090289608196
0.27884156729131176
0.27710391822827934
0.27765758091993176
0.27698466780238507
0.27619250425894376
0.2763458262350937
0.27908006814310043
0.27925894378194205
0.27879897785349245
0.279923339011925
0.2792674616695059
0.27903747870528106
0.280442930153322
0.27934412265758096
0.2793781942078364
0.27874787052810895
0.2794463373083475
0.2773679727427598
0.27980408858603056
0.2813884156729132
0.2787223168654175
0.279914821124361
0.27776831345826225
0.2777683134582623
0.27750425894378195
0.2786541737649063
0.2781005110732539
0.27573253833049394
0.277052810902896
0.2787819420783646
0.2757836456558773
0.2776660988074957
0.278228279386712
0.2772657580919931
0.27475298126064746
0.27609880749574117
0.2756218057921635
0.27797274275979555
0.2784582623509369
0.27834752981260635
0.2758773424190801
0.2776149914821123
0.2766524701873934
0.27751277683134584
0.2765672913117547
0.27809199318569
0.27776831345826236
0.27892674616695073
0.2797785349233391
0.27948040885860315
0.2797870528109028
0.2799744463373082
0.2791311754684837
0.27857751277683124
0.27802385008517877
0.2773594548551958
0.2780408858603067
0.2791993185689949
0.2783901192504259
0.2765672913117546
0.2774872231686542
0.2782708688245315
0.279991482112436
0.27865417376490637
0.27697614991482117
0.27810051107325373
0.2774190800681431
0.27902044293015327
0.27804940374787057
0.2790971039182282
0.2768739352640544
0.2773509369676319
0.27753833049403753
0.27614991482112433
0.2773764906303239
0.27873083475298127
0.27558773424190797
0.27623509369676325
0.27660988074957404
0.2779471890971039
0.27580919931856906
0.27704429301533223
0.2768398637137991
0.2771294718909711
0.2765672913117546
0.27419931856899493
0.2766780238500852
0.2768313458262349
0.2774105621805792
0.27804940374787057
0.27888415672913114
0.27872231686541726
0.2794293015332199
0.2796592844974446
0.27698466780238495
0.27676320272572397
0.2775042589437819
0.275954003407155
0.277129471890971
0.2745485519591139
0.27683986371379904
0.2760051107325383
0.2769591141396933
0.2762350936967632
0.27614139693356055
0.2779982964224872
0.27522146507666095
0.2761073253833049
0.277197614991482
0.2762010221465077
0.27594548551959114
0.27628620102214674
0.2758262350936968
0.2753492333901192
0.2757069846678023
0.2756729131175469
0.2757666098807496
0.2754940374787054
0.2761669505962521
0.2762436115843272
0.2770102214650767
0.2760391822827939
0.27414821124361155
0.2750425894378195
0.2739437819420783
0.2744293015332199
0.27593696763202735
0.2740374787052811
0.2747274275979556
0.2749148211243612
0.27455706984667805
0.2745826235093697
0.27382453151618397
0.27588586030664397
0.2743867120954004
0.2749574105621806
0.2763713798977853
0.27526405451448044
0.27617546848381597
0.27563884156729135
0.276848381601363
0.2764991482112436
0.2775468483816013
0.2771805792163543
0.27613287904599665
0.2758177172061329
0.2765928449744463
0.2766695059625214
0.27569846678023846
0.275579216354344
0.27566439522998293
0.27431856899488927
0.2741652470187393
0.2744804088586031
0.27534923339011924
0.27278534923339015
0.275954003407155
0.27463373083475295
0.2752129471890971
0.27452299829642246
0.2753662691652471
0.27509369676320267
0.2764991482112437
0.27823679727427597
0.2765843270868824
0.2777172061328791
0.27631175468483815
0.2752555366269165
0.2753066439522998
0.2747870528109031
0.2738074957410562
0.2730068143100511
0.2745400340715503
0.27475298126064734
0.2764650766609882
0.2748892674616695
0.2750255536626915
0.2753662691652469
0.27597955706984667
0.2763287904599659
0.2727683134582623
0.2776149914821125
0.2743356047700171
0.2747955706984668
0.2744974446337308
0.2768654173764906
0.27651618398637134
0.2768398637137989
0.2771294718909709
0.27514480408858605
0.2757069846678024
0.2741993185689948
0.2733560477001704
0.2747103918228278
0.27403747870528106
0.2747700170357751
0.274701873935264
0.2742930153321977
0.2757495741056218
0.2759114139693356
0.27547700170357753
0.27500851788756386
0.27621805792163534
0.2755706984667803
0.27621805792163534
0.27541737649063025
0.27613287904599654
0.27431005110732537
0.2766695059625214
0.2772487223168654
0.2758262350936967
0.2741141396933561
0.27421635434412256
0.2764821124361158
0.2748551959114139
0.276618398637138
0.274105621805792
0.2751873935264054
0.2757240204429302
0.27728279386712107
0.2762862010221466
0.2760732538330494
0.2788415672913117
0.2776405451448042
0.27751277683134584
0.27432708688245316
0.27471890971039187
0.27534071550255534
0.2754855195911415
0.27492333901192506
0.2745144804088586
0.27426746166950605
0.2742589437819421
0.274420783645656
0.27352640545144785
0.27424190800681425
0.2743270868824531
0.27293015332197607
0.2740885860306643
0.2746422487223169
0.27447189097103913
0.27363713798977857
0.2745315161839863
0.27382453151618413
0.2733134582623509
0.2752896081771721
0.2741056218057921
0.2744548551959114
0.274488926746167
0.2734327086882453
0.2727512776831346
0.2730323679727427
0.27279386712095405
0.2764310051107326
0.27258943781942085
0.27512776831345825
0.2766524701873936
0.2773083475298126
0.27689948892674626
0.2762265758091993
0.27660988074957416
0.2760562180579217
0.27537478705281093
0.2751277683134583
0.2746763202725723
0.2747359454855195
0.2768483816013628
0.27499999999999997
0.27487223168654173
0.27445485519591134
0.27406303236797286
0.27664395229982963
0.2741396933560477
0.2758262350936968
0.274412265758092
0.2732708688245314
0.27557069846678034
0.2727768313458262
0.27605621805792174
0.2738500851788757
0.27436967632027265
0.2722146507666099
0.2748807495741057
0.27511073253833057
0.2743867120954004
0.2731856899488927
0.27707836456558776
0.27531516183986376
0.2753918228279387
0.2730323679727427
0.27532367972742766
0.27239352640545145
0.27342419080068137
0.27233390119250417
0.2739182282793867
0.2731345826235094
0.2746422487223168
0.2727512776831346
0.2733986371379898
0.2728449744463373
0.2748722316865418
0.27427597955706984
0.2743952299829643
0.2760647359454853
0.2764991482112436
0.27517035775127774
0.27549403747870527
0.27588586030664375
0.2750681431005111
0.2753492333901194
0.27647359454855197
0.2742078364565587
0.2741396933560477
0.2754855195911414
0.2751959114139693
0.273824531516184
0.27493185689948907
0.27292163543441217
0.274403747870528
0.2758177172061329
0.2760988074957411
0.2737904599659284
0.2760221465076661
0.2769250425894379
0.2787137989778535
0.27614991482112433
0.27574957410562184
0.2749148211243611
0.27574957410562184
0.27436115843270864
0.2747274275979558
0.27522146507666106
0.27321976149914823
0.27651618398637134
0.27572402044293004
0.27540034071550257
0.275357751277683
0.2751873935264054
0.27512776831345837
0.2746507666098808
0.27505962521294725
0.27438671209540044
0.2749914821124361
0.2756047700170357
0.2756218057921636
0.27692504258943784
0.2741056218057921
0.2746081771720613
0.2751788756388416
0.2748892674616696
0.27659284497444614
0.2760647359454856
0.2746422487223169
0.2763202725724021
0.27541737649063025
0.2732879045996593
0.2746166950596252
0.27313458262350937
0.2733986371379898
0.27229982964224864
0.27337308347529815
0.2741141396933561
0.274480408858603
0.2741141396933561
0.27456558773424183
0.2737904599659286
0.2716098807495741
0.27294718909710397
0.2719591141396933
0.272495741056218
0.2715843270868825
0.27369676320272573
0.2747274275979557
0.2742589437819421
0.2751703577512776
0.27334752981260646
0.27363713798977846
0.2729216354344122
0.2729386712095401
0.27492333901192506
0.2744463373083475
0.27172913117546843
0.2739778534923339
0.27448892674616693
0.2729045996592846
0.27465928449744453
0.2769761499148211
0.27548551959114137
0.2761413969335605
0.27378194207836437
0.274778534923339
0.27442078364565586
0.27529812606473597
0.2734241908006813
0.27346678023850096
0.2746763202725723
0.2741822827938671
0.275298126064736
0.2758347529812607
0.2744633730834754
0.2746933560477001
0.2746763202725724
0.2765332197614991
0.2745315161839864
0.2748892674616695
0.27494889267461675
0.2738841567291311
0.27531516183986365
0.2757751277683135
0.27547700170357753
0.2742504258943781
0.2759795570698468
0.2759369676320272
0.27522146507666095
0.2745229982964225
0.27496592844974443
0.2748977853492335
0.2755281090289607
0.27461669505962527
0.2753662691652471
0.275298126064736
0.2752725724020442
0.2748040885860307
0.2745059625212946
0.2749914821124362
0.27817717206132875
0.2739522998296421
0.27572402044293026
0.2744293015332198
0.27602214650766616
0.2751618398637138
0.2754003407155026
0.27515332197615
0.2753066439522998
0.2752299829642249
0.27768313458262356
0.2758347529812607
0.2750085178875638
0.27515332197615
0.2746507666098807
0.27361158432708693
0.2752810902896082
0.2761839863713799
0.27545996592844973
0.27521294718909717
0.2748040885860305
0.2744718909710391
0.27482964224872225
0.2740459965928449
0.2748381601362862
0.27588586030664397
0.27494889267461653
0.27287904599659285
0.27333049403747867
0.27552810902896085
0.27596252129471893
0.2755110732538332
0.2747614991482113
0.27517887563884136
0.27598807495741057
0.27333049403747867
0.2733730834752981
0.27214650766609866
0.27537478705281093
0.2737649063032368
0.27367972742759794
0.2735093696763202
0.2746763202725724
0.2739948892674618
0.2758858603066439
0.27375638841567285
0.27414821124361166
0.27414821124361155
0.27464224872231696
0.2737904599659285
0.2752214650766611
0.27561328790459966
0.2760732538330493
0.2733986371379898
0.2745315161839864
0.2738415672913118
0.2728705281090289
0.2739778534923338
0.2746166950596251
0.27270017035775124
0.274565587734242
0.2744974446337308
0.2747189097103918
0.27481260647359457
0.27511925042589436
0.27449744463373077
0.2749148211243611
0.2740034071550255
0.2755962521294719
0.2726916524701872
0.27473594548551955
0.27425042589437815
0.2735860306643953
0.2755792163543441
0.2773424190800682
0.2757836456558773
0.27460817717206126
0.2743441226575809
0.2767035775127768
0.27659284497444625
0.27720613287904583
0.27596252129471893
0.2761669505962521
0.2751277683134582
0.2753066439522998
0.27482964224872236
0.2764735945485521
0.2747018739352641
0.27517887563884175
0.2734327086882453
0.27484667802385016
0.2731005110732537
0.2726575809199319
0.2739097103918229
0.27528960817717213
0.27559625212947186
0.2751277683134583
0.2759454855195912
0.27533219761499156
0.2737819420783646
0.27296422487223176
0.27462521294718906
0.2729216354344124
0.27356047700170366
0.2734838160136286
0.27546848381601363
0.27408006814310054
0.27473594548551966
0.2752044293015332
0.27552810902896085
0.2743867120954003
0.2742419080068144
0.27441226575809197
0.2739948892674617
0.2745741056218058
0.2757240204429301
0.2755706984667802
0.2767206132879044
0.27723168654173763
0.27560477001703587
0.27322827938671196
0.27440374787052807
0.2735519591141397
0.27439522998296423
0.2737137989778536
0.27410562180579223
0.2759454855195911
0.27464224872231685
0.2751873935264054
0.2729216354344124
0.27416524701873934
0.2733475298126065
0.2751107325383304
0.27498296422487223
0.2736371379897786
0.2755025553662693
0.27458262350936957
0.2747189097103917
0.2754770017035775
0.27671209540034075
0.2754344122657581
0.274412265758092
0.2754003407155025
0.27560477001703576
0.27376490630323685
0.27504258943781945
0.2730834752981261
0.27436115843270864
0.2755451448040886
0.2767291311754685
0.2744548551959113
0.276763202725724
0.27475298126064723
0.27541737649063025
0.2747274275979556
0.27450596252129467
0.2749403747870527
0.275
0.27493185689948896
0.27620102214650766
0.27516183986371373
0.2745741056218057
0.27442930153321976
0.2743526405451449
0.27388415672913136
0.27439522998296445
0.27546848381601363
0.2749318568994889
0.2723339011925043
0.27386712095400323
0.27512776831345814
0.2741311754684838
0.27465928449744464
0.2741908006814311
0.273296422487223
0.2709114139693355
0.27323679727427597
0.27176320272572385
0.2727512776831345
0.2733901192504259
0.27673764906303233
0.27540034071550257
0.2771635434412265
0.27545144804088584
0.27699318568994885
0.2761413969335606
0.27569846678023846
0.2742930153321977
0.2744633730834753
0.27482112436115846
0.2742248722316865
0.2748126064735947
0.278381601362862
0.27902044293015327
0.27644804088586045
0.27659284497444625
0.27622657580919935
0.2762265758091994
0.2754344122657581
0.27856047700170367
0.27687393526405457
0.2778279386712094
0.2766439522998297
0.27415672913117556
0.2755877342419081
0.2745144804088586
0.275221465076661
0.2775298126064737
0.27762350936967634
0.2775979557069847
0.2759795570698467
0.27737649063032366
0.27549403747870527
0.27551959114139696
0.27667802385008516
0.27655025553662704
0.27730834752981276
0.27494889267461664
0.2748892674616696
0.2764395229982964
0.2743100511073255
0.27376490630323685
0.27383304940374775
0.2756303236797273
0.2753066439522998
0.2728790459965928
0.27300681431005125
0.27563884156729124
0.27361158432708693
0.27492333901192484
0.2752470187393527
0.2754599659284499
0.27678875638841566
0.27730834752981265
0.27668654173764917
0.276533219761499
0.2746848381601364
0.2742844974446337
0.27541737649063014
0.2749318568994888
0.27585178875638844
0.2761413969335605
0.2758347529812605
0.27746166950596257
0.27620954003407155
0.27609880749574084
0.2757410562180579
0.27632027257240205
0.2751362862010221
0.27705281090289596
0.27454855195911415
0.27477001703577525
0.2751959114139695
0.2764650766609882
0.27488074957410563
0.27648211243611603
0.2752044293015332
0.2754855195911414
0.27500851788756386
0.27428449744463373
0.2748381601362861
0.27438671209540044
0.27356047700170355
0.2748381601362862
0.27386712095400334
0.2751959114139693
0.2742844974446336
0.27573253833049405
0.2732623509369676
0.27562180579216344
0.27666950596252143
0.2757069846678023
0.2750766609880748
0.2755621805792163
0.2753747870528108
0.2753151618398636
0.2749574105621806
0.2725724020442929
0.2741482112436115
0.2751788756388416
0.2753236797274276
0.27350936967632034
0.27356047700170355
0.2760817717206133
0.2752555366269166
0.27434412265758096
0.274778534923339
0.274923339011925
0.27454855195911404
0.27320272572402055
0.2735775127768312
0.2729642248722317
0.2749829642248722
0.27333049403747867
0.2727086882453152
0.272197614991482
0.2713543441226576
0.27333901192504256
0.27489778534923326
0.27207836456558776
0.2716950596252128
0.27304088586030656
0.275885860306644
0.2760817717206134
0.2751107325383305
0.2745059625212947
0.2752129471890971
0.27396081771720615
0.27543441226575816
0.27620954003407155
0.27349233390119254
0.273441226575809
0.27272572402044304
0.27492333901192495
0.27436967632027254
0.27377342419080075
0.27349233390119254
0.2736626916524702
0.27257240204429306
0.27340715502555357
0.2728875638841567
0.2734752981260646
0.27355195911413965
0.27465076660988075
0.27576660988074947
0.2735349233390119
0.2752555366269165
0.27655025553662693
0.2759880749574105
0.2751277683134582
0.2740800681431005
0.2721635434412266
0.27554514480408865
0.27342419080068137
0.2741141396933561
0.27404599659284495
0.2737649063032368
0.27396933560477
0.27408858603066444
0.2736456558773423
0.2736115843270869
0.27212095400340724
0.2728109028960817
0.27366269165247026
0.2730919931856899
0.275212947189097
0.2748551959114139
0.2739097103918228
0.27300681431005114
0.2736115843270868
0.27494037478705285
0.27489778534923337
0.2764224872231687
0.27545996592844973
0.2737223168654174
0.27475298126064746
0.27484667802385016
0.2762350936967633
0.2755195911413968
0.2746763202725723
0.275519591141397
0.2755706984667803
0.27506814310051114
0.27461669505962527
0.2742759795570697
0.27380749574105634
0.2761584327086882
0.27469335604770007
0.274855195911414
0.2731516183986372
0.2733645655877343
0.2741482112436116
0.2765843270868823
0.2761669505962521
0.27593696763202724
0.2754684838160136
0.2752299829642249
0.27580068143100506
0.27737649063032366
0.2773594548551959
0.27674616695059623
0.27782793867120964
0.2762947189097104
0.2757155025553663
0.276618398637138
0.2754258943781942
0.2743015332197616
0.27538330494037466
0.274557069846678
0.27396933560476994
0.27295570698466787
0.2735434412265757
0.27423339011925046
0.2732793867120955
0.27155877342419066
0.27201022146507664
0.2720954003407155
0.27385860306643955
0.27332197614991466
0.27420783645655883
0.2738245315161839
0.2732197614991483
0.2732793867120953
0.2736626916524702
0.2708432708688246
0.2726405451448042
0.2720868824531516
0.2726746166950596
0.2724190800681431
