0.19999999999999962
0.23908858603066435
0.2926660988074957
0.3137137989778534
0.3339437819420783
0.3379131175468483
0.3459199318568995
0.34527257240204423
0.3493867120954001
0.34478705281090294
0.3506218057921636
0.3474446337308347
0.3490545144804088
0.3477683134582623
0.3502810902896082
0.34671209540034076
0.34898637137989774
0.34677172061328787
0.3491567291311755
0.3449659284497445
0.3483390119250426
0.3476746166950594
0.3461499148211244
0.3448551959114139
0.34595400340715493
0.34680579216354346
0.34553662691652454
0.34714650766609884
0.34886712095400335
0.3457580919931856
0.3448296422487223
0.3466439522998297
0.3450340715502556
0.345579216354344
0.34474446337308334
0.3469335604770017
0.34592844974446335
0.34648211243611593
0.34458262350936963
0.34728279386712096
0.34629471890971053
0.3473253833049404
0.3463458262350938
0.34695911413969327
0.3455110732538331
0.3474105621805792
0.34620102214650766
0.3489608177172059
0.34695059625212943
0.3467206132879046
0.3470528109028961
0.34750425894378184
0.34741056218057914
0.3461413969335604
0.3449574105621806
0.34701022146507676
0.34505110732538335
0.34608177172061333
0.34416524701873946
0.34483816013628626
0.34628620102214647
0.34800681431005104
0.34642248722316865
0.34800681431005126
0.34648211243611576
0.34671209540034065
0.3453833049403747
0.34702725724020456
0.3459028960817718
0.34626064735945483
0.34358603066439514
0.3445826235093696
0.34430153321976137
0.34603066439523
0.34559625212947176
0.3456729131175469
0.34458262350936975
0.34408006814310055
0.34575809199318563
0.3456558773424189
0.345298126064736
0.34666098807495743
0.34879045996592856
0.3453918228279388
0.3456643952299831
0.3446848381601362
0.34441226575809203
0.3440289608177172
0.34454855195911427
0.34277683134582626
0.34495741056218043
0.3455621805792163
0.3464054514480408
0.34471890971039193
0.3430068143100511
0.3445741056218056
0.3447103918228278
0.3433304940374786
0.34448040885860315
0.3439437819420783
0.34522998296422486
0.34442078364565576
0.3433390119250426
0.3433390119250425
0.34319420783645654
0.3431345826235095
0.34494037478705286
0.34435264054514486
0.3441737649063033
0.34505962521294725
0.3414480408858602
0.34363713798977846
0.3436115843270868
0.343373083475298
0.34353492333901203
0.34309199318568984
0.342350936967632
0.34308347529812616
0.34477853492333915
0.3437734241908007
0.34500851788756376
0.34462521294718923
0.34275127768313446
0.34436967632027254
0.34315161839863717
0.3426660988074957
0.34373083475298133
0.3467802385008518
0.34123509369676314
0.34256388415672895
0.3436115843270868
0.3435945485519591
0.34299829642248725
0.34257240204429307
0.34379897785349234
0.34277683134582626
0.34259795570698465
0.3436541737649065
0.34278534923339016
0.34541737649063026
0.3444122657580922
0.3437393526405452
0.3428790459965928
0.3439778534923339
0.34355195911413994
0.3438245315161839
0.3437734241908008
0.3425979557069847
0.3436201022146506
0.34530664395229993
0.3450425894378194
0.34575809199318575
0.3432538330494037
0.3435349233390121
0.3437393526405451
0.34271720613287904
0.3416950596252129
0.34414821124361145
0.34419080068143093
0.3456984667802384
0.34344974446337295
0.34493185689948885
0.3431686541737649
0.3436882453151619
0.34612436115843276
0.343228279386712
0.34189097103918215
0.34377342419080065
0.3433219761499148
0.34461669505962517
0.34312606473594554
0.3452810902896082
0.344335604770017
0.34356899488926734
0.34402044293015327
0.3454258943781942
0.34386712095400346
0.3456814310051108
0.3433219761499149
0.3438160136286201
0.34342419080068126
0.3442333901192503
0.3441482112436118
0.34363713798977846
0.3437649063032368
0.3448551959114139
0.3420698466780239
0.34429301533219764
0.3439693356047702
0.34386712095400346
0.3444804088586029
0.3444633730834752
0.3437734241908006
0.34490630323679716
0.3456388415672913
0.346243611584327
0.34528960817717225
0.3442248722316866
0.34371379897785337
0.3467206132879045
0.34597955706984684
0.3452044293015332
0.34482112436115847
0.34485519591141395
0.34454003407155015
0.343390119250426
0.3425979557069848
0.34385860306643956
0.344701873935264
0.34412265758092003
0.3450851788756389
0.343475298126065
0.3425298126064735
0.3425638841567291
0.34385860306643934
0.34313458262350927
0.3424446337308349
0.3432112436115844
0.3421379897785349
0.3430494037478703
0.34373083475298133
0.3416950596252128
0.34398637137989785
0.34151618398637135
0.3435775127768315
0.3446507666098808
0.34293867120953997
0.34190800681431005
0.3443100511073254
0.3432708688245316
0.3423679727427599
0.3441737649063034
0.34261499148211244
0.3425809199318568
0.343313458262351
0.34438671209540045
0.34289608177172054
0.34477853492333893
0.3431431005110732
0.3439437819420785
0.34356899488926745
0.3434923339011926
0.34210391822827935
0.3439778534923339
0.34459965928449754
0.3442930153321974
0.34289608177172065
0.3432453151618398
0.3435349233390119
0.3437137989778535
0.3438330494037479
0.34338160136286205
0.34311754684838164
0.3438415672913117
0.34360306643952304
0.34350936967632045
0.34525553662691666
0.34616695059625235
0.3451022146507666
0.34513628620102227
0.34520442930153317
0.34430153321976165
0.3446763202725724
0.34424190800681437
0.34316865417376485
0.34336456558773426
0.34435264054514475
0.34458262350936975
0.34548551959114127
0.34375638841567285
0.3428109028960818
0.34321124361158434
0.34186541737649057
0.34309199318568995
0.34298126064735923
0.3427257240204428
0.34348381601362865
0.34375638841567296
0.34298126064735934
0.3435519591141397
0.3456303236797274
0.3417632027257239
0.3446507666098806
0.3429727427597956
0.34427597955706996
0.3413713798977854
0.34452299829642236
0.34214650766609883
0.3416439522998296
0.34349233390119244
0.34229982964224864
0.34189948892674615
0.3435775127768315
0.3438160136286202
0.34316013628620096
0.3413117546848381
0.342717206132879
0.3436712095400341
0.3439182282793867
0.3425979557069848
0.34333901192504257
0.34344122657580917
0.34351788756388435
0.34407155025553654
0.34449744463373067
0.3430408858603067
0.3429812606473595
0.3418909710391822
0.3422402044293015
0.3426490630323679
0.343236797274276
0.34462521294718906
0.34389267461669504
0.34437819420783633
0.34334752981260636
0.34464224872231675
0.3435349233390119
0.34203577512776845
0.34408006814310044
0.34316865417376485
0.3420698466780238
0.34334752981260636
0.342563884156729
0.3444804088586032
0.34425894378194216
0.3425298126064737
0.34212095400340714
0.344420783645656
0.3448040885860306
0.3434241908006813
0.34605621805792147
0.34544293015332206
0.34451448040885857
0.3418483816013628
0.3445229982964225
0.3426575809199319
0.34439522998296423
0.34340715502555363
0.34505962521294725
0.3446933560477001
0.34445485519591146
0.3430408858603067
0.34505110732538324
0.34367972742759795
0.34346678023850097
0.34441226575809203
0.3429557069846679
0.3431345826235093
0.3436115843270868
0.3437989778534922
0.3430323679727429
0.34196763202725733
0.34303236797274267
0.34349233390119266
0.344045996592845
0.3433730834752982
0.3415502555366268
0.3431345826235093
0.34465928449744465
0.3437052810902896
0.3426660988074957
0.34341567291311753
0.34465928449744454
0.3432793867120953
0.3434667802385008
0.3443696763202724
0.34289608177172054
0.3439352640545143
0.3447870528109028
0.34432708688245306
0.34440374787052797
0.3437223168654174
0.3442333901192505
0.3448807495741057
0.3428705281090288
0.3427597955706984
0.34458262350936975
0.3445400340715502
0.3431175468483816
0.3446422487223168
0.34433560477001707
0.34150766609880745
0.3430579216354343
0.34229982964224875
0.3456388415672911
0.3446252129471892
0.3441822827938672
0.34425894378194216
0.34355195911413966
0.34348381601362865
0.3414480408858603
0.34289608177172065
0.34358603066439536
0.34278534923339005
0.34120102214650766
0.3437137989778535
0.3419591141396933
0.34695059625212926
0.34331345826235093
0.34326235093696766
0.34140545144804085
0.34293867120953997
0.3420954003407155
0.3437649063032369
0.3430153321976149
0.34279386712095394
0.34206132879046014
0.3440034071550254
0.3434582623509369
0.342555366269165
0.3438926746166951
0.34528960817717197
0.34351788756388424
0.3439437819420783
0.3435178875638842
0.34436967632027254
0.3420783645655878
0.34457410562180596
0.3425638841567292
0.3451448040885861
0.34396933560476994
0.3436967632027257
0.34392674616695046
0.34078364565587727
0.3437649063032366
0.3424105621805793
0.34237649063032355
0.3429045996592843
0.34183986371379893
0.34199318568994874
0.34159284497444625
0.3445144804088586
0.34361158432708694
0.3429045996592845
0.3443441226575809
0.34349233390119255
0.3445229982964224
0.34456558773424184
0.34400340715502564
0.3420868824531515
0.3436201022146508
0.3416354344122658
0.3408091993185689
0.3416609880749575
0.342640545144804
0.34347529812606453
0.34287052810902874
0.3420102214650766
0.3413798977853494
0.34160988074957416
0.3426149914821124
0.34419080068143104
0.3432197614991482
0.34231686541737644
0.3436286201022147
0.34230834752981254
0.3411413969335603
0.34304088586030657
0.3430238500851789
0.3429216354344122
0.3427172061328791
0.3409965928449744
0.34530664395229993
0.3440289608177173
0.34284497444633744
0.34297274275979556
0.343747870528109
0.34166950596252127
0.3414650766609881
0.34365417376490626
0.3433049403747871
0.3433304940374786
0.3432197614991484
0.3424701873935265
0.3449829642248721
0.34419080068143104
0.3445229982964225
0.3425638841567291
0.33959114139693347
0.3430238500851788
0.3438500851788757
0.3429812606473596
0.3432282793867121
0.34542589437819415
0.3441737649063032
0.34435264054514475
0.3443185689948893
0.34344122657580917
0.3430749574105622
0.3413373083475297
0.3433475298126066
0.3439182282793866
0.342649063032368
0.34257240204429307
0.34317717206132875
0.3417120954003407
0.3426746166950596
0.34085178875638844
0.3425553662691651
0.3435519591141397
0.34035775127768325
0.3425553662691652
0.34266609880749577
0.34385008517887555
0.34324531516183976
0.3450255536626917
0.34352640545144797
0.3450596252129472
0.3436712095400341
0.3452385008517888
0.34545996592844974
0.3460136286201022
0.34312606473594537
0.3431771720613289
0.3426149914821125
0.3431260647359454
0.34143952299829633
0.34306643952299837
0.3428534923339012
0.3443015332197615
0.34380749574105623
0.3458432708688246
0.3432793867120955
0.34180579216354345
0.3424701873935264
0.3423935264054514
0.34215502555366284
0.34447189097103914
0.34407155025553665
0.34607325383304954
0.34334752981260636
0.34491482112436117
0.34379045996592844
0.3437052810902896
0.34410562180579196
0.3441226575809199
0.3438415672913117
0.34311754684838164
0.34252129471890974
0.34303236797274267
0.3420357751277682
0.3415332197614991
0.34349233390119255
0.3433134582623511
0.3429045996592843
0.34298977853492324
0.3418824531516184
0.3429727427597956
0.3427597955706984
0.3411499148211244
0.34283645655877343
0.34298977853492324
0.34256388415672917
0.343228279386712
0.3443015332197616
0.3417972742759796
0.3423168654173764
0.34296422487223177
0.34360306643952293
0.34270868824531514
0.343373083475298
0.34177172061328803
0.3448637137989779
0.3427512776831346
0.3439011925042591
0.34311754684838147
0.3428364565587735
0.34376490630323675
0.34369676320272563
0.3441141396933559
0.3435349233390121
0.34379045996592855
0.34268313458262356
0.3437052810902897
0.3432793867120953
0.3421379897785349
0.34310902896081785
0.34267461669505955
0.34424190800681437
0.34316013628620096
0.3458943781942077
0.3425979557069846
0.34487223168654174
0.34559625212947204
0.3443867120954004
0.34550255536626906
0.3445911413969334
0.3428364565587733
0.34383304940374787
0.34455706984667805
0.34439522998296423
0.3428109028960817
0.3440885860306642
0.34212095400340714
0.3443781942078364
0.3432027257240204
0.34297274275979556
0.34286201022146523
0.3427342419080068
0.34383304940374787
0.3439863713798977
0.34462521294718895
0.34288756388415664
0.34497444633730845
0.3433816013628619
0.3429301533219761
0.3409880749574106
0.3420613287904601
0.3421550255536626
0.3447018739352641
0.3423935264054514
0.34518739352640543
0.3454258943781941
0.34340715502555363
0.3451107325383304
0.3438074957410564
0.3432708688245315
0.34438671209540045
0.34398637137989785
0.3441737649063033
0.3431942078364566
0.34313458262350915
0.34428449744463374
0.3429216354344124
0.34419931856899466
0.3430238500851788
0.34379897785349234
0.3450425894378194
0.34521294718909723
0.3430749574105621
0.34585178875638833
0.3441311754684838
0.34332197614991466
0.34406303236797287
0.3434667802385008
0.34281090289608185
0.34412265758092
0.3437989778534922
0.3421379897785349
0.34235945485519587
0.34195911413969327
0.3412180579216356
0.3422316865417375
0.34300681431005114
0.3419250425894378
0.3445485519591143
0.3433049403747871
0.3407836456558773
0.34206132879046
0.34274275979557084
0.3426320272572401
0.34379897785349234
0.3426575809199317
0.34265758091993187
0.3410051107325384
0.34296422487223166
0.3418739352640545
0.34270017035775113
0.3435604770017037
0.34431856899488933
0.3420357751277682
0.34447189097103925
0.3437819420783645
0.3443100511073254
0.3448040885860306
0.3450170357751279
0.3466695059625212
0.3428364565587734
0.3438074957410561
0.3416354344122658
0.34175468483816035
0.3401959114139693
0.34045996592844974
0.34288756388415675
0.34329642248722325
0.34312606473594526
0.3417461669505963
0.3429471890971038
0.3418228279386712
0.34320272572402055
0.3422487223168654
0.34327938671209546
0.34130323679727426
0.3427597955706985
0.34252129471890974
0.3419591141396933
0.3425383304940376
0.34167802385008517
0.3424701873935265
0.3430323679727428
0.3429216354344123
0.3416354344122656
0.3435860306643952
0.34273424190800683
0.34337308347529805
0.34435264054514464
0.3414480408858603
0.34171209540034053
0.34190800681431005
0.3439182282793866
0.34325383304940366
0.34397785349233395
0.3446933560477002
0.3426831345826234
0.34384156729131155
0.34253833049403737
0.3451533219761498
0.3447870528109028
0.34363713798977846
0.3429471890971039
0.34258091993185685
0.3429897785349234
0.34206132879046
0.3429557069846678
0.34262350936967634
0.34277683134582626
0.34277683134582626
0.3414139693356048
0.3421976149914821
0.3415758091993186
0.3425468483816013
0.3420783645655877
0.34465076660988075
0.34236797274275976
0.3427001703577512
0.34350936967632006
0.344403747870528
0.343381601362862
0.3433219761499148
0.34314310051107333
0.3432367972742762
0.3419420783645657
0.3414906303236797
0.3433219761499148
0.34359454855195926
0.3422487223168654
0.34426746166950584
0.3441226575809199
0.3447359454855195
0.3451192504258943
0.34344122657580933
0.34209540034071556
0.34338160136286205
0.34234241908006824
0.3431175468483817
0.3451873935264054
0.3441056218057923
0.3441056218057921
0.3417035775127768
0.3430749574105624
0.34389267461669526
0.3438074957410561
0.34537478705281077
0.34375638841567285
0.34401192504258943
0.34390971039182283
0.34342419080068154
0.3428620102214651
0.3443270868824532
0.34296422487223177
0.3436201022146509
0.3431005110732539
0.34253833049403754
0.3438926746166951
0.34400340715502553
0.34189948892674626
0.3434156729131173
0.34542589437819415
0.3413628620102214
0.3439267461669505
0.34361158432708694
0.34450596252129473
0.3424787052810904
0.34286201022146484
0.34253833049403754
0.3458773424190801
0.3431856899488927
0.347274275979557
0.3446422487223169
0.3438330494037477
0.3440545144804088
0.3426660988074957
0.342052810902896
0.3429642248722315
0.34440374787052797
0.34297274275979556
0.343977853492334
0.3442333901192505
0.34212095400340714
0.3428364565587733
0.3434497444633731
0.34348381601362854
0.3427597955706985
0.34477001703577514
0.3434752981260647
0.34309199318568984
0.34335604770017036
0.3441482112436116
0.34444633730834767
0.3428790459965928
0.34377342419080065
0.3424616695059627
0.3437478705281089
0.34575809199318563
0.34316865417376496
0.34293015332197613
0.3446507666098807
0.34662691652470184
0.3431090289608177
0.34484667802385005
0.3422827938671208
0.3440885860306644
0.34263202725724023
0.3444378194207837
0.34376490630323686
0.346252129471891
0.34440374787052813
0.34233390119250423
0.34094548551959114
0.3414139693356047
0.3414224872231686
0.34197614991482106
0.3421805792163544
0.34221465076660995
0.3418398637137989
0.34091141396933566
0.34286201022146495
0.3437734241908008
0.3436797274275979
0.34447189097103903
0.34306643952299815
0.3424361158432708
0.34012776831345826
0.3438586030664396
0.3443526405451449
0.3417802385008517
0.34426746166950584
0.34188245315161836
0.3424446337308348
0.33974446337308345
0.3425638841567291
0.3406984667802384
0.34187393526405435
0.3410732538330494
0.34369676320272563
0.3418654173764905
0.3430153321976148
0.3420868824531517
0.3427427597955706
0.34081771720613285
0.34319420783645654
0.3443015332197615
0.3433134582623507
0.34339863713798985
0.34328790459965947
0.34080919931856907
0.34414821124361156
0.34190800681431005
0.3422572402044294
0.3436286201022146
0.3428705281090288
0.34281090289608174
0.3442504258943783
0.34255536626916533
0.3424020442930154
0.3430238500851789
0.3424787052810904
0.3430494037478705
0.3434838160136286
0.3424872231686541
0.3449744463373085
0.34203577512776834
0.3424105621805791
0.34091141396933544
0.3431601362862009
0.34181431005110724
0.3428023850085179
0.34275127768313446
0.34448040885860287
0.3412947189097104
0.34427597955707
0.3424361158432711
0.3419420783645656
0.3439437819420785
0.34371379897785337
0.343526405451448
0.34300681431005103
0.3430919931856898
0.34422487223168635
0.34363713798977863
0.34285349233390106
0.3430408858603068
0.3441396933560478
0.34307495741056226
0.3420954003407154
0.34096252129471893
0.34179727427597956
0.34350085178875633
0.34447189097103925
0.3429982964224872
0.344114139693356
0.34423339011925047
0.3422402044293016
0.34201873935264054
0.34297274275979556
0.3418143100511073
0.3431771720613288
0.3423935264054514
0.341686541737649
0.3427172061328791
0.34289608177172054
0.3431686541737651
0.34253833049403737
0.3421379897785349
0.3425127768313459
0.3418143100511073
0.342563884156729
0.34432708688245306
0.342197614991482
0.3428875638841569
0.3437649063032368
0.3441993185689949
0.3418483816013629
0.34560477001703566
0.3435519591141396
0.34473594548551956
0.3429642248722316
0.3425979557069846
0.34249574105621816
0.3431856899488927
0.3435945485519591
0.34306643952299815
0.3421890971039183
0.3419591141396933
0.3418739352640546
0.342862010221465
0.3436456558773424
0.34390971039182294
0.34310902896081763
0.3422742759795572
0.34321124361158434
0.34379897785349245
0.3440289608177173
0.344412265758092
0.34473594548551967
0.3450511073253832
0.34418228279386703
0.3454684838160136
0.3458943781942078
0.3448551959114139
0.3439863713798978
0.3441567291311754
0.3434497444633731
0.34195059625212937
0.34373083475298133
0.3429897785349234
0.3433816013628621
0.3425638841567291
0.34216354344122657
0.3441311754684836
0.34202725724020433
0.3435519591141396
0.34406303236797264
0.34631175468483816
0.3444633730834752
0.34203577512776834
0.34367120954003405
0.34300681431005114
0.34265758091993187
0.3425553662691654
0.34311754684838164
0.34149914821124355
0.34399488926746163
0.34206132879046003
0.3437904599659285
0.3429045996592845
0.3416695059625214
0.3437308347529812
0.34499148211243613
0.3435775127768316
0.3439778534923339
0.3428449744463374
0.3420102214650768
0.3428449744463374
0.34391822827938673
0.34344974446337295
0.34260647359454843
0.3444122657580921
0.3437989778534923
0.3450766609880749
0.3424020442930153
0.3433304940374788
0.34310051107325384
0.34530664395229993
0.34563884156729124
0.3464310051107325
0.34369676320272563
0.34273424190800683
0.3443526405451449
0.3439182282793867
