0.19999999999999962
0.12385860306643952
0.09358603066439523
0.07281942078364566
0.0598296422487223
0.04960817717206132
0.043006814310051114
0.036805792163543447
0.033109028960817716
0.030357751277683125
0.027802385008517897
0.024437819420783637
0.02281090289608177
0.021098807495741053
0.01989778534923339
0.018543441226575804
0.01777683134582623
0.01694207836456558
0.015664395229982954
0.015042589437819411
0.013875638841567289
0.01322827938671209
0.012691652470187387
0.012223168654173763
0.011737649063032365
0.011218057921635428
0.010332197614991472
0.010187393526405446
0.00966780238500851
0.008722316865417374
0.00840715502555366
0.007725724020442925
0.007938671209540027
0.0075298126064735895
0.007163543441226577
0.0067376490630323685
0.006712095400340715
0.006149914821124361
0.00563032367972743
0.005102214650766612
0.004965928449744466
0.004659284497444636
0.004182282793867123
0.0038415672913117566
0.00390971039182283
0.0035604770017035794
0.003850085178875641
0.003603066439523
0.003381601362862012
0.00350085178875639
0.0036286201022146525
0.003287904599659286
0.003032367972742761
0.0031090289608177186
0.0029897785349233402
0.0029557069846678037
0.0027427597955706996
0.0027427597955706996
0.0022572402044293027
0.002299829642248723
0.0020698466780238512
0.0019761499148211246
0.001746166950596253
0.0018994889267461674
0.0017461669505962523
0.001601362862010222
0.001601362862010222
0.0015843270868824534
0.0016439522998296426
0.0015928449744463378
0.0016865417376490635
0.001575809199318569
0.0014821124361158434
0.0015332197614991482
0.0014821124361158436
0.0016524701873935265
0.0017120954003407157
0.0015247018739352645
0.0013543441226575809
0.0012947189097103917
0.0012606473594548554
0.0012521294718909712
0.0012095400340715503
0.001183986371379898
0.0010817717206132878
0.0011584327086882453
0.001073253833049404
9.71039182282794E-4
8.688245315161841E-4
7.751277683134583E-4
7.495741056218058E-4
6.303236797274276E-4
6.814310051107325E-4
7.240204429301533E-4
6.5587734241908E-4
5.96252129471891E-4
4.94037478705281E-4
4.429301533219762E-4
5.36626916524702E-4
5.025553662691652E-4
4.5996592844974455E-4
4.8551959114139697E-4
5.281090289608176E-4
4.2589437819420784E-4
4.8551959114139697E-4
4.940374787052809E-4
5.025553662691652E-4
6.643952299829642E-4
5.792163543441227E-4
5.706984667802386E-4
5.281090289608178E-4
4.5144804088586036E-4
5.281090289608178E-4
5.451448040885861E-4
4.940374787052812E-4
4.599659284497445E-4
5.025553662691652E-4
5.110732538330494E-4
4.34412265758092E-4
4.173764906303237E-4
3.6626916524701877E-4
3.151618398637138E-4
2.896081771720613E-4
2.9812606473594546E-4
2.7257240204429305E-4
2.810902896081772E-4
2.810902896081772E-4
2.385008517887564E-4
2.2998296422487225E-4
2.0442930153321976E-4
2.7257240204429305E-4
2.6405451448040885E-4
3.151618398637138E-4
2.7257240204429305E-4
2.555366269165247E-4
1.8739352640545145E-4
2.1294718909710392E-4
1.5332197614991482E-4
1.788756388415673E-4
2.0442930153321978E-4
1.6183986371379896E-4
1.5332197614991482E-4
1.5332197614991482E-4
1.4480408858603066E-4
1.788756388415673E-4
1.7035775127768313E-4
1.4480408858603066E-4
1.3628620102214652E-4
1.5332197614991482E-4
1.7035775127768313E-4
1.2776831345826236E-4
1.3628620102214652E-4
8.517887563884156E-5
1.1925042589437818E-4
1.2776831345826236E-4
1.1925042589437818E-4
1.2776831345826236E-4
1.1073253833049404E-4
1.2776831345826236E-4
6.814310051107326E-5
6.814310051107326E-5
5.962521294718909E-5
8.517887563884156E-5
9.369676320272573E-5
1.1073253833049404E-4
1.192504258943782E-4
1.6183986371379896E-4
2.2998296422487225E-4
1.9591141396933562E-4
1.788756388415673E-4
2.2998296422487225E-4
1.8739352640545145E-4
1.3628620102214652E-4
1.1073253833049404E-4
1.1925042589437818E-4
1.2776831345826236E-4
1.3628620102214652E-4
1.788756388415673E-4
1.788756388415673E-4
1.61839863713799E-4
1.5332197614991482E-4
1.4480408858603066E-4
1.6183986371379896E-4
1.533219761499148E-4
1.4480408858603066E-4
1.5332197614991482E-4
1.4480408858603066E-4
1.2776831345826236E-4
1.2776831345826236E-4
1.3628620102214652E-4
1.533219761499148E-4
1.6183986371379896E-4
9.369676320272573E-5
1.0221465076660989E-4
8.517887563884156E-5
1.4480408858603066E-4
1.6183986371379896E-4
1.3628620102214652E-4
1.4480408858603066E-4
1.0221465076660988E-4
6.814310051107326E-5
3.407155025553663E-5
1.7035775127768315E-5
2.555366269165247E-5
1.7035775127768315E-5
1.7035775127768315E-5
1.7035775127768315E-5
8.517887563884158E-6
0.0
0.0
0.0
0.0
0.0
0.0
0.0
0.0
0.0
0.0
0.0
0.0
0.0
0.0
0.0
0.0
0.0
0.0
0.0
0.0
0.0
0.0
0.0
0.0
0.0
0.0
0.0
0.0
0.0
0.0
0.0
0.0
0.0
0.0
0.0
0.0
0.0
0.0
0.0
0.0
0.0
0.0
0.0
0.0
0.0
0.0
0.0
0.0
0.0
0.0
0.0
0.0
0.0
0.0
0.0
0.0
0.0
0.0
0.0
0.0
0.0
0.0
0.0
0.0
0.0
0.0
0.0
0.0
0.0
0.0
0.0
0.0
0.0
0.0
0.0
0.0
0.0
0.0
0.0
0.0
0.0
0.0
0.0
0.0
0.0
0.0
0.0
0.0
0.0
0.0
0.0
0.0
0.0
0.0
0.0
0.0
0.0
0.0
0.0
0.0
0.0
0.0
0.0
0.0
0.0
0.0
0.0
0.0
0.0
0.0
0.0
0.0
0.0
0.0
0.0
0.0
0.0
0.0
0.0
0.0
0.0
0.0
0.0
0.0
0.0
0.0
0.0
0.0
0.0
0.0
0.0
0.0
0.0
0.0
0.0
0.0
0.0
0.0
0.0
0.0
0.0
0.0
0.0
0.0
0.0
0.0
0.0
0.0
0.0
0.0
0.0
0.0
0.0
0.0
0.0
0.0
0.0
0.0
0.0
0.0
0.0
0.0
0.0
0.0
0.0
0.0
0.0
0.0
0.0
0.0
0.0
0.0
0.0
0.0
0.0
0.0
0.0
0.0
0.0
0.0
0.0
0.0
0.0
0.0
0.0
0.0
0.0
0.0
0.0
0.0
0.0
0.0
0.0
0.0
0.0
0.0
0.0
0.0
0.0
0.0
0.0
0.0
0.0
0.0
0.0
0.0
0.0
0.0
0.0
0.0
0.0
0.0
0.0
0.0
0.0
0.0
0.0
0.0
0.0
0.0
0.0
0.0
0.0
0.0
0.0
0.0
0.0
0.0
0.0
0.0
0.0
0.0
0.0
0.0
0.0
0.0
0.0
0.0
0.0
0.0
0.0
0.0
0.0
0.0
0.0
0.0
0.0
0.0
0.0
0.0
0.0
0.0
0.0
0.0
0.0
0.0
0.0
0.0
0.0
0.0
0.0
0.0
0.0
0.0
0.0
0.0
0.0
0.0
0.0
0.0
0.0
0.0
0.0
0.0
0.0
0.0
0.0
0.0
0.0
0.0
0.0
0.0
0.0
0.0
0.0
0.0
0.0
0.0
0.0
0.0
0.0
0.0
0.0
0.0
0.0
0.0
0.0
0.0
0.0
0.0
0.0
0.0
0.0
0.0
0.0
0.0
0.0
0.0
0.0
0.0
0.0
0.0
0.0
0.0
0.0
0.0
0.0
0.0
0.0
0.0
0.0
0.0
0.0
0.0
0.0
0.0
0.0
0.0
0.0
0.0
0.0
0.0
0.0
0.0
0.0
0.0
0.0
0.0
0.0
0.0
0.0
0.0
0.0
0.0
0.0
0.0
0.0
0.0
0.0
0.0
0.0
0.0
0.0
0.0
0.0
0.0
0.0
0.0
0.0
0.0
0.0
0.0
0.0
0.0
0.0
0.0
0.0
0.0
0.0
0.0
0.0
0.0
0.0
0.0
0.0
0.0
0.0
0.0
0.0
0.0
0.0
0.0
0.0
0.0
0.0
0.0
0.0
0.0
0.0
0.0
0.0
0.0
0.0
0.0
0.0
0.0
0.0
0.0
0.0
0.0
0.0
0.0
0.0
0.0
0.0
0.0
0.0
0.0
0.0
0.0
0.0
0.0
0.0
0.0
0.0
0.0
0.0
0.0
0.0
0.0
0.0
0.0
0.0
0.0
0.0
0.0
0.0
0.0
0.0
0.0
0.0
0.0
0.0
0.0
0.0
0.0
0.0
0.0
0.0
0.0
0.0
0.0
0.0
0.0
0.0
0.0
0.0
0.0
0.0
0.0
0.0
0.0
0.0
0.0
0.0
0.0
0.0
0.0
0.0
0.0
0.0
0.0
0.0
0.0
0.0
0.0
0.0
0.0
0.0
0.0
0.0
0.0
0.0
0.0
0.0
0.0
0.0
0.0
0.0
0.0
0.0
0.0
0.0
0.0
0.0
0.0
0.0
0.0
0.0
0.0
0.0
0.0
0.0
0.0
0.0
0.0
0.0
0.0
0.0
0.0
0.0
0.0
0.0
0.0
0.0
0.0
0.0
0.0
0.0
0.0
0.0
0.0
0.0
0.0
0.0
0.0
0.0
0.0
0.0
0.0
0.0
0.0
0.0
0.0
0.0
0.0
0.0
0.0
0.0
0.0
0.0
0.0
0.0
0.0
0.0
0.0
0.0
0.0
0.0
0.0
0.0
0.0
0.0
0.0
0.0
0.0
0.0
0.0
0.0
0.0
0.0
0.0
0.0
0.0
0.0
0.0
0.0
0.0
0.0
0.0
0.0
0.0
0.0
0.0
0.0
0.0
0.0
0.0
0.0
0.0
0.0
0.0
0.0
0.0
0.0
0.0
0.0
0.0
0.0
0.0
0.0
0.0
0.0
0.0
0.0
0.0
0.0
0.0
0.0
0.0
0.0
0.0
0.0
0.0
0.0
0.0
0.0
0.0
0.0
0.0
0.0
0.0
0.0
0.0
0.0
0.0
0.0
0.0
0.0
0.0
0.0
0.0
0.0
0.0
0.0
0.0
0.0
0.0
0.0
0.0
0.0
0.0
0.0
0.0
0.0
0.0
0.0
0.0
0.0
0.0
0.0
0.0
0.0
0.0
0.0
0.0
0.0
0.0
0.0
0.0
0.0
0.0
0.0
0.0
0.0
0.0
0.0
0.0
0.0
0.0
0.0
0.0
0.0
0.0
0.0
0.0
0.0
0.0
0.0
0.0
0.0
0.0
0.0
0.0
0.0
0.0
0.0
0.0
0.0
0.0
0.0
0.0
0.0
0.0
0.0
0.0
0.0
0.0
0.0
0.0
0.0
0.0
0.0
0.0
0.0
0.0
0.0
0.0
0.0
0.0
0.0
0.0
0.0
0.0
0.0
0.0
0.0
0.0
0.0
0.0
0.0
0.0
0.0
0.0
0.0
0.0
0.0
0.0
0.0
0.0
0.0
0.0
0.0
0.0
0.0
0.0
0.0
0.0
0.0
0.0
0.0
0.0
0.0
0.0
0.0
0.0
0.0
0.0
0.0
0.0
0.0
0.0
0.0
0.0
0.0
0.0
0.0
0.0
0.0
0.0
0.0
0.0
0.0
0.0
0.0
0.0
0.0
0.0
0.0
0.0
0.0
0.0
0.0
0.0
0.0
0.0
0.0
0.0
0.0
0.0
0.0
0.0
0.0
0.0
0.0
0.0
0.0
0.0
0.0
0.0
0.0
0.0
0.0
0.0
0.0
0.0
0.0
0.0
0.0
0.0
0.0
0.0
0.0
0.0
0.0
0.0
0.0
0.0
0.0
0.0
0.0
0.0
