0.19999999999999962
0.48079999999999984
0.5229999999999998
0.4835999999999999
0.5199999999999997
0.4866
0.5181999999999999
0.48140000000000005
0.5201999999999998
0.48019999999999996
0.5207999999999999
0.4866000000000001
0.5219999999999999
0.4826000000000002
0.5063999999999999
0.4952000000000002
0.5050000000000001
0.5024000000000002
0.4998000000000002
0.4961999999999998
0.5148000000000001
0.48900000000000005
0.5124
0.4971999999999999
0.5038000000000001
0.4949999999999999
0.5072
0.5034000000000002
0.5046
0.4996
0.5095999999999999
0.5047999999999997
0.49560000000000015
0.5060000000000001
0.48840000000000006
0.5062000000000001
0.49980000000000013
0.5078000000000003
0.4988
0.5054
0.4972000000000001
0.5056
0.5045999999999999
0.5032000000000002
0.49399999999999994
0.5012
0.5028
0.49660000000000004
0.4989999999999997
0.5042
0.49520000000000003
0.5047999999999999
0.5014
0.5071999999999998
0.49160000000000004
0.5120000000000001
0.49939999999999984
0.5009999999999999
0.4966
0.49899999999999983
0.5102
0.5026000000000002
0.5019999999999998
0.5019999999999999
0.5088000000000001
0.501
0.5034000000000001
0.49780000000000013
0.502
0.49839999999999995
0.49779999999999985
0.5052
0.4993999999999999
0.5102
0.49420000000000014
0.5055999999999998
0.5018000000000001
0.5017999999999998
0.5014
0.5047999999999999
0.49900000000000005
0.5084
0.49819999999999987
0.5003999999999998
0.5000000000000002
0.5054000000000001
0.5015999999999999
0.5005999999999999
0.49980000000000013
0.5026000000000002
0.5054
0.4981999999999999
0.5048
0.49879999999999997
0.5022
0.5004000000000001
0.5056
0.4988000000000001
0.4984000000000001
0.5006
0.5051999999999999
0.4988
0.5068
0.5
0.503
0.4996000000000002
0.5000000000000001
0.5068000000000003
0.4992000000000001
0.5021999999999999
0.5044000000000001
0.49739999999999995
0.5074000000000002
0.5021999999999999
0.4960000000000001
0.5088
0.5011999999999998
0.5022000000000002
0.5004000000000002
0.5022000000000001
0.5062000000000001
0.5000000000000003
0.4978000000000001
0.49919999999999964
0.5075999999999997
0.5018
0.5046000000000003
0.5048000000000001
0.49920000000000003
0.5022000000000001
0.5007999999999999
0.5025999999999999
0.5021999999999998
0.5054000000000001
0.5007999999999999
0.5040000000000001
0.49419999999999986
0.5118
0.4983999999999999
0.5034000000000001
0.4984000000000001
0.5025999999999998
0.5042
0.4998
0.5019999999999998
0.5050000000000003
0.49500000000000005
0.5041999999999999
0.496
0.5036
0.5066000000000002
0.5074000000000001
0.4893999999999996
0.5129999999999999
0.4953999999999998
0.5116000000000003
0.5005999999999998
0.49979999999999997
0.5050000000000001
0.4988000000000002
0.5025999999999999
0.5046000000000003
0.4953999999999999
0.5037999999999997
0.5004
0.5052
0.49999999999999994
0.49760000000000004
0.5079999999999999
0.4947999999999999
0.4974
0.5099999999999999
0.4984
0.5032
0.5057999999999999
0.4936
0.5146
0.49300000000000005
0.5106000000000002
0.4907999999999999
0.5038
0.5037999999999999
0.49460000000000015
0.49859999999999993
0.5026000000000002
0.5075999999999996
0.4976
0.5096
0.49979999999999974
0.4964
0.5009999999999998
0.4979999999999999
0.507
0.5014000000000002
0.4972
0.5042000000000002
0.495
0.5094
0.49920000000000003
0.49199999999999966
0.5076000000000002
0.4997999999999998
0.4996000000000001
0.49660000000000004
0.5146000000000002
0.4880000000000002
0.5135999999999997
0.48000000000000015
0.5149999999999999
0.4828
0.5118
0.49679999999999985
0.5116
0.49060000000000015
0.5127999999999999
0.5028000000000001
0.4926000000000002
0.5006
0.4988000000000001
0.5098000000000001
0.49240000000000017
0.5015999999999999
0.5028000000000001
0.4961999999999999
0.5044000000000001
0.5042
0.5032000000000001
0.49460000000000015
0.5032000000000002
0.49920000000000003
0.5021999999999999
0.498
0.4968000000000002
0.5092000000000002
0.4931999999999998
0.5086000000000002
0.4973999999999998
0.5009999999999999
0.49620000000000003
0.5099999999999997
0.4973999999999999
0.5080000000000001
0.4984000000000001
0.5054
0.49040000000000006
0.5066
0.5000000000000001
0.5045999999999999
0.4943999999999999
0.5104
0.49480000000000013
0.49880000000000024
0.5034000000000001
0.5016
0.5059999999999998
0.5037999999999999
0.49380000000000007
0.5136
0.4914000000000003
0.5096
0.4916000000000002
0.5025999999999999
0.5006
0.49640000000000006
0.5029999999999999
0.4950000000000002
0.5028000000000001
0.5008
0.5013999999999998
0.49360000000000015
0.5114000000000001
0.49620000000000003
0.5031999999999999
0.49699999999999994
0.5060000000000001
0.49360000000000004
0.5066000000000003
0.5001999999999999
0.48380000000000023
0.5138
0.49499999999999994
0.5078
0.4945999999999999
0.5109999999999998
0.4882000000000002
0.5032
0.5015999999999996
0.5032000000000002
0.4968
0.49579999999999996
0.5116000000000003
0.49860000000000027
0.495
0.5131999999999999
0.49820000000000014
0.49760000000000026
0.5027999999999998
0.49919999999999987
0.5023999999999998
0.5002000000000001
0.5110000000000001
0.49939999999999984
0.49820000000000014
0.4971999999999997
0.5006
0.5064000000000002
0.49640000000000006
0.5049999999999999
0.4968
0.5054
0.4978
0.5075999999999998
0.4992000000000003
0.4979999999999999
0.49699999999999994
0.5075999999999999
0.4940000000000001
0.5074000000000001
0.5016000000000002
0.49899999999999983
0.4995999999999995
0.5057999999999998
0.502
0.503
0.5077999999999999
0.5005999999999999
0.4997999999999998
0.5018
0.5029999999999998
0.49579999999999996
0.5136000000000001
0.4938000000000002
0.5094000000000001
0.4909999999999999
0.5089999999999998
0.49679999999999985
0.5042
0.4986
0.5125999999999998
0.4982
0.5016000000000002
0.5066000000000002
0.49439999999999984
0.5196000000000002
0.4837999999999999
0.5154
0.49039999999999984
0.5041999999999999
0.4952000000000005
0.4982000000000001
0.504
0.4976000000000001
0.5055999999999999
0.49620000000000014
0.5112000000000001
0.4964
0.5042000000000001
0.49559999999999993
0.503
0.49800000000000005
0.5001999999999999
0.4996
0.5056
0.49879999999999997
0.5054000000000001
0.5027999999999999
0.49640000000000006
0.5062
0.4955999999999999
0.5092000000000002
0.49660000000000004
0.4989999999999999
0.4997999999999999
0.502
0.5058
0.49260000000000026
0.5074000000000001
0.4987999999999999
0.49800000000000005
0.5016
0.5067999999999999
0.5014
0.49859999999999993
0.5014000000000002
0.4998
0.5064000000000002
0.5017999999999996
0.5016000000000003
0.49300000000000005
0.5071999999999999
0.49479999999999985
0.5065999999999998
0.49660000000000015
0.5074000000000002
0.4971999999999999
0.5047999999999999
0.5044
0.5004000000000001
0.5014
0.5035999999999998
0.49860000000000015
0.49339999999999995
0.5022000000000001
0.5036
0.49339999999999984
0.5100000000000001
0.49260000000000004
0.5096
0.5046
0.49519999999999986
0.5064000000000004
0.5028000000000001
0.5039999999999999
0.49499999999999994
0.5102000000000001
0.5022000000000002
0.5015999999999999
0.4994000000000002
0.5034000000000001
0.4990000000000001
0.5078000000000001
0.48599999999999993
0.5061999999999999
0.4982
0.5108
0.49519999999999986
0.496
0.5056
0.49740000000000006
0.5052000000000001
0.5048000000000001
0.5034000000000003
0.49979999999999997
0.49859999999999993
0.5072000000000003
0.5011999999999999
0.5004
0.49640000000000006
0.49999999999999994
0.5000000000000001
0.5099999999999997
0.4966000000000003
0.5046000000000002
0.4964000000000002
0.4947999999999999
0.5046
0.49300000000000016
0.5081999999999999
0.49639999999999984
0.5050000000000001
0.4996
0.4991999999999998
0.4966000000000003
0.5062000000000001
0.4964
0.49680000000000013
0.505
0.4925999999999999
0.5031999999999998
0.5025999999999997
0.4952000000000003
0.503
0.4986000000000002
0.5079999999999998
0.4947999999999999
0.5094
0.4892
0.5132
0.49560000000000004
0.5064000000000002
0.5039999999999998
0.5037999999999999
0.5044
0.49599999999999994
0.5036
0.5015999999999996
0.502
0.49499999999999994
0.5018
0.49819999999999987
0.5038
0.5016
0.5044000000000001
0.4942000000000001
0.5097999999999999
0.4912000000000002
0.5048000000000001
0.5058
0.49180000000000024
0.5048
0.49799999999999967
0.5070000000000001
0.49579999999999996
0.5042000000000002
0.4956000000000003
0.5125999999999998
0.5004000000000001
0.49979999999999997
0.502
0.49539999999999973
0.5016000000000002
0.5002
0.5058
0.49580000000000013
0.5080000000000005
0.49280000000000007
0.5094000000000001
0.5012000000000001
0.49900000000000005
0.5034
0.5056
0.49280000000000007
0.5060000000000002
0.5004000000000002
0.4988000000000002
0.4951999999999997
0.5106000000000003
0.49340000000000017
0.5076
0.49920000000000025
0.502
0.5072000000000001
0.498
0.506
0.49639999999999995
0.5090000000000002
0.4984
0.5050000000000001
0.4871999999999999
0.5105999999999998
0.49919999999999987
0.5024000000000001
0.5008
0.5030000000000001
0.5050000000000001
0.4971999999999999
0.5071999999999999
0.4972000000000002
0.5084
0.49160000000000004
0.508
0.5008
0.5062000000000001
0.49400000000000005
0.5024
0.5071999999999999
0.4984000000000001
0.5048
0.499
0.5046
0.5014
0.502
0.49660000000000015
0.5022000000000001
0.49539999999999984
0.501
0.49560000000000004
0.5050000000000001
0.4974
0.5042
0.5019999999999998
0.503
0.5014000000000001
0.49439999999999995
0.514
0.49039999999999995
0.5112
0.4948
0.5021999999999999
0.4955999999999998
0.5032000000000002
0.49879999999999997
0.5052
0.49700000000000005
0.4993999999999999
0.4969999999999999
0.5024
0.49939999999999996
0.5058000000000001
0.5004
0.5049999999999999
0.5015999999999999
0.4972
0.49940000000000007
0.5067999999999997
0.4948
0.5064
0.499
0.5011999999999999
0.49839999999999984
0.504
0.4978
0.4982
0.5028000000000001
0.5012000000000001
0.49620000000000003
0.514
0.49
0.5176
0.49420000000000003
0.5082000000000001
0.49000000000000005
0.5105999999999997
0.4904000000000001
0.5112000000000001
0.4902000000000001
0.5154000000000001
0.48420000000000024
0.5153999999999997
0.4986000000000002
0.49860000000000015
0.5000000000000001
0.49939999999999984
0.4964
0.5065999999999999
0.4976000000000002
0.5002
0.5032000000000001
0.5068000000000001
0.49380000000000024
0.5084000000000001
0.49560000000000015
0.5123999999999999
0.4954
0.509
0.49280000000000007
0.5067999999999998
0.49479999999999996
0.5044000000000001
0.4933999999999999
0.5097999999999999
0.4937999999999999
0.5107999999999998
0.4957999999999999
0.5036
0.4940000000000001
0.5065999999999997
0.4952000000000002
0.5056
0.49560000000000004
0.5074000000000002
0.49780000000000013
0.508
0.49700000000000005
0.5036
0.5004000000000002
0.5024000000000001
0.5022
0.5002000000000002
0.5039999999999997
0.49460000000000015
0.5075999999999998
0.5
0.5029999999999998
0.5034000000000001
0.5022000000000001
0.4996
0.5105999999999999
0.48979999999999996
0.5146000000000001
0.49199999999999994
0.5002000000000001
0.5005999999999999
0.5016000000000002
0.5128000000000001
0.49740000000000006
0.5059999999999999
0.49040000000000006
0.5071999999999999
0.49900000000000005
0.5007999999999999
0.5006
0.5011999999999996
0.507
0.4946
0.508
0.49940000000000034
0.5051999999999999
0.49820000000000014
0.5065999999999998
0.5014
0.4968
0.5118
0.49199999999999994
0.5131999999999999
0.49739999999999995
0.5056000000000003
0.4974
0.5043999999999998
0.49760000000000004
0.49940000000000007
0.49740000000000023
0.5023999999999998
0.4997999999999999
0.5010000000000001
0.504
0.5048
0.5052
0.5039999999999999
0.5059999999999998
0.5030000000000001
0.5025999999999999
0.5020000000000003
0.5041999999999998
0.4996000000000001
0.5028000000000001
0.5051999999999999
0.4942000000000001
0.5086000000000002
0.49620000000000014
0.49939999999999996
0.5067999999999998
0.49639999999999995
0.5067999999999999
0.4946000000000003
0.5075999999999997
0.4958000000000002
0.5138000000000001
0.49940000000000007
0.5042000000000001
0.4996000000000001
0.5014
0.5024
0.49159999999999987
0.5054
0.49819999999999987
0.5048000000000001
0.5080000000000002
0.5005999999999999
0.4991999999999998
0.4974
0.49839999999999984
0.5044
0.4906000000000001
0.5146000000000002
0.4952
0.5096
0.49960000000000027
0.5034000000000002
0.49620000000000003
0.5027999999999997
0.5038000000000001
0.5006
0.5010000000000001
0.4974
0.5044000000000001
0.4959999999999999
0.4993999999999999
0.5039999999999998
0.5004000000000001
0.5000000000000003
0.5068
0.5033999999999997
0.4990000000000001
0.49640000000000023
0.5038000000000001
0.4987999999999999
0.5058
0.4936
0.5037999999999999
0.4975999999999997
0.5002
0.507
0.5020000000000001
0.49579999999999996
0.5039999999999999
0.49800000000000016
0.5004000000000003
0.4987999999999999
0.5044000000000001
0.49540000000000006
0.5034000000000001
0.5047999999999999
0.49620000000000025
0.5122000000000003
0.49620000000000003
0.5136000000000001
0.49139999999999995
0.5075999999999999
0.4966000000000001
0.5073999999999999
0.5018000000000001
0.5069999999999999
0.49500000000000016
0.5073999999999999
0.5022000000000003
0.5075999999999999
0.4946000000000001
0.514
0.49479999999999974
0.5088
0.49200000000000016
0.5154000000000002
0.48960000000000015
0.5142000000000001
0.4947999999999999
0.5060000000000001
0.49800000000000005
0.5065999999999999
0.5062
0.5001999999999999
0.5004000000000001
0.5086
0.4996
0.4974
0.5063999999999999
0.5058
0.4984000000000001
0.5084000000000002
0.5002000000000001
0.5062000000000001
0.4998
0.5039999999999999
0.5001999999999998
0.5030000000000004
0.5136000000000002
0.4945999999999999
0.49839999999999995
0.5011999999999999
0.5050000000000001
0.5007999999999998
0.4995999999999999
0.49839999999999984
0.5067999999999999
0.4976000000000002
0.5068000000000001
0.4981999999999999
0.5039999999999999
0.5004
0.5098000000000001
0.5016000000000002
0.4989999999999999
0.5015999999999999
0.4995999999999999
0.5062000000000001
0.49440000000000006
0.5061999999999999
0.4901999999999999
0.5106
0.49340000000000006
0.5072000000000001
0.49100000000000016
0.5105999999999999
0.4932
0.5037999999999999
0.49999999999999994
0.5058
0.49640000000000006
0.4990000000000001
0.5
0.4960000000000001
0.5044000000000003
0.49699999999999994
0.5127999999999998
0.4897999999999999
0.5127999999999999
0.49379999999999996
0.512
0.49440000000000006
0.5069999999999998
0.5016
0.4987999999999999
0.5005999999999999
0.49420000000000003
0.5082000000000002
0.4961999999999998
0.4994000000000003
0.5030000000000003
0.5005999999999999
0.5032000000000003
0.4986
0.5020000000000001
0.49560000000000015
0.5073999999999999
0.4909999999999998
0.5146000000000001
0.4937999999999998
0.5018000000000002
0.5033999999999996
0.499
0.5052000000000001
0.4964000000000002
0.5048
0.48999999999999994
0.5048
0.49679999999999985
0.5012
0.5018
0.504
0.5012000000000001
0.5059999999999999
0.4988000000000002
0.5147999999999999
0.49140000000000006
0.5134
0.49899999999999983
0.5018
0.5028
0.5057999999999998
0.5063999999999996
0.4918000000000001
0.5082000000000003
0.48860000000000015
0.5062
0.4996
0.5014000000000002
0.5017999999999998
0.5008
0.5044000000000001
0.4993999999999998
0.4990000000000002
0.504
0.49399999999999994
0.5139999999999999
0.49080000000000007
0.5032000000000003
0.5062000000000001
0.49039999999999995
0.5137999999999999
0.4915999999999998
0.5087999999999999
0.4988000000000001
0.5059999999999999
0.4993999999999999
0.5024000000000001
0.5005999999999997
0.4982
0.5038000000000001
0.5025999999999999
0.49740000000000023
0.4984
0.5010000000000001
0.4990000000000001
0.5054000000000002
0.4976
0.5030000000000002
0.5003999999999997
0.5081999999999998
0.5016000000000002
0.5020000000000001
0.5020000000000001
0.5083999999999999
0.4986000000000002
0.502
0.4995999999999999
0.5033999999999998
0.508
0.5004000000000002
0.4964000000000002
0.4982000000000001
0.5069999999999997
0.4974
0.5010000000000002
0.4988
0.5038
0.503
0.5002000000000002
0.5041999999999998
0.4962
0.5064000000000002
0.5
0.5044000000000001
0.5015999999999999
0.5079999999999999
0.4880000000000002
0.5163999999999999
0.49420000000000025
0.504
0.5018000000000002
0.5025999999999998
0.5052000000000003
0.4967999999999997
0.5059999999999998
0.4953999999999998
0.498
0.5066000000000002
0.4965999999999998
0.5093999999999999
0.4964
0.508
0.49660000000000015
0.5082
0.4867999999999999
0.5021999999999999
0.5060000000000001
0.4901999999999999
0.503
0.49639999999999995
0.5025999999999998
0.4987999999999998
0.49500000000000005
0.49599999999999994
0.5058000000000001
0.49520000000000003
0.5034000000000002
0.5084000000000001
0.49759999999999993
0.5070000000000001
0.4976000000000002
0.506
