0.19999999999999962
0.279
0.3772
0.36440000000000017
0.38099999999999995
0.36639999999999995
0.3818000000000001
0.3734000000000001
0.3766000000000001
0.3730000000000001
0.37839999999999996
0.38340000000000013
0.3828000000000001
0.38380000000000025
0.3856000000000002
0.36940000000000034
0.3886000000000003
0.3863999999999999
0.373
0.3823999999999997
0.3800000000000001
0.38420000000000004
0.3774000000000002
0.3694000000000001
0.3756000000000001
0.37780000000000036
0.35860000000000014
0.3721999999999999
0.38020000000000037
0.3711999999999999
0.36980000000000013
0.38280000000000003
0.3916000000000002
0.37780000000000025
0.38660000000000033
0.3860000000000002
0.3710000000000001
0.381
0.37140000000000006
0.3756000000000001
0.3829999999999999
0.3724000000000002
0.38820000000000016
0.3762
0.3824000000000002
0.36580000000000007
0.38440000000000013
0.3778000000000001
0.38140000000000013
0.38
0.37960000000000027
0.3737999999999998
0.3768000000000002
0.3704
0.3740000000000002
0.3904000000000001
0.3960000000000003
0.3836
0.3856000000000001
0.3812000000000001
0.38580000000000014
0.37200000000000005
0.3748
0.3918
0.3842000000000001
0.36500000000000005
0.3832000000000001
0.3790000000000001
0.3736
0.3761999999999998
0.38419999999999993
0.37860000000000016
0.3690000000000001
0.3754
0.38940000000000036
0.3810000000000002
0.3743999999999999
0.3800000000000001
0.3812000000000001
0.37819999999999987
0.37420000000000025
0.3888
0.3830000000000001
0.3692000000000001
0.37500000000000017
0.3794000000000001
0.3792000000000001
0.3791999999999999
0.3746000000000001
0.38160000000000005
0.3670000000000003
0.3814
0.3858000000000002
0.3806000000000001
0.38300000000000006
0.3790000000000001
0.3768000000000002
0.3772
0.3834000000000002
0.3742000000000001
0.3754000000000003
0.3770000000000002
0.3822000000000002
0.37200000000000016
0.37200000000000005
0.3772000000000002
0.38260000000000005
0.37120000000000014
0.3818
0.38100000000000017
0.3808
0.37080000000000024
0.37780000000000025
0.3754000000000001
0.376
0.3764000000000001
0.39019999999999994
0.3824000000000002
0.3844000000000001
0.3802000000000001
0.39160000000000017
0.3736
0.37840000000000024
0.3658000000000001
0.3803999999999999
0.37540000000000007
0.38280000000000014
0.3894000000000002
0.38580000000000003
0.3802000000000001
0.37180000000000013
0.37780000000000014
0.3820000000000001
0.3876
0.3746000000000001
0.37800000000000006
0.3788
0.3764000000000001
0.38220000000000015
0.3624000000000002
0.3696000000000002
0.3712000000000002
0.371
0.3870000000000002
0.38159999999999994
0.3843999999999999
0.37920000000000004
0.3864000000000003
0.38500000000000006
0.38060000000000016
0.3822000000000002
0.3692000000000001
0.3754000000000001
0.3812000000000001
0.37920000000000004
0.3800000000000002
0.37640000000000023
0.37439999999999996
0.36760000000000015
0.38380000000000003
0.3596000000000001
0.3866000000000001
0.3806000000000001
0.3688000000000002
0.3794000000000001
0.3858
0.37199999999999994
0.38020000000000026
0.3780000000000001
0.37260000000000004
0.3842000000000001
0.3780000000000001
0.38960000000000006
0.3784000000000001
0.3735999999999999
0.39060000000000017
0.37800000000000006
0.38360000000000005
0.3782000000000001
0.37220000000000025
0.3930000000000001
0.37359999999999993
0.39400000000000013
0.3714000000000002
0.382
0.36920000000000014
0.3738000000000001
0.3726000000000003
0.3840000000000001
0.3736
0.38
0.3864000000000003
0.38060000000000016
0.37420000000000003
0.3804000000000001
0.3730000000000003
0.38500000000000023
0.3898000000000002
0.3754000000000002
0.37080000000000013
0.3953999999999999
0.3860000000000002
0.37620000000000003
0.37680000000000013
0.38060000000000005
0.3848
0.36739999999999995
0.39039999999999997
0.37940000000000007
0.3754000000000003
0.3864000000000001
0.39080000000000026
0.37060000000000026
0.3880000000000002
0.3756000000000003
0.38560000000000016
0.37660000000000005
0.3868000000000002
0.38020000000000004
0.39220000000000005
0.37699999999999995
0.37740000000000007
0.3784000000000001
0.38460000000000005
0.38239999999999996
0.3746
0.37380000000000024
0.3768
0.3750000000000002
0.38299999999999995
0.38060000000000005
0.38660000000000005
0.3891999999999999
0.3704000000000001
0.3758000000000002
0.377
0.39100000000000007
0.3748000000000002
0.38020000000000004
0.3746000000000001
0.37380000000000024
0.37459999999999993
0.36340000000000006
0.3788000000000002
0.3752000000000001
0.37979999999999997
0.37760000000000027
0.37780000000000025
0.3818000000000001
0.37020000000000025
0.371
0.38179999999999986
0.37879999999999997
0.3754000000000002
0.3822000000000002
0.3812000000000002
0.3790000000000002
0.3724000000000002
0.37479999999999997
0.3786000000000002
0.38180000000000014
0.3794000000000001
0.38140000000000013
0.38000000000000006
0.37900000000000006
0.37500000000000017
0.3856
0.3734
0.38219999999999993
0.3722000000000002
0.38520000000000026
0.3844000000000002
0.3862
0.3886
0.38520000000000015
0.37840000000000024
0.3898000000000002
0.37720000000000015
0.3882000000000002
0.3796000000000001
0.3858
0.37120000000000014
0.3730000000000001
0.37900000000000006
0.39240000000000014
0.38060000000000005
0.38640000000000013
0.38720000000000004
0.38679999999999987
0.3844000000000002
0.3860000000000002
0.38420000000000004
0.3738000000000002
0.37800000000000006
0.37660000000000016
0.38100000000000017
0.37880000000000025
0.3828000000000003
0.3819999999999999
0.3698000000000002
0.3778000000000001
0.364
0.3764
0.37420000000000003
0.3766
0.3857999999999999
0.38080000000000014
0.3784000000000001
0.3912000000000002
0.3752000000000002
0.38100000000000006
0.3766000000000001
0.38
0.3788000000000003
0.36979999999999996
0.38100000000000017
0.37800000000000006
0.3954000000000001
0.37160000000000015
0.3714
0.38139999999999985
0.37280000000000013
0.3828000000000001
0.38000000000000006
0.3718000000000001
0.36700000000000005
0.38140000000000013
0.38279999999999986
0.40320000000000006
0.3783999999999999
0.3818000000000002
0.38220000000000015
0.37660000000000005
0.3744000000000002
0.37660000000000016
0.36540000000000006
0.375
0.37339999999999995
0.39360000000000006
0.37540000000000007
0.3792000000000001
0.37480000000000013
0.3737999999999999
0.39280000000000015
0.37860000000000027
0.3768
0.38160000000000005
0.3706000000000001
0.37720000000000004
0.3716000000000001
0.37819999999999987
0.3826000000000003
0.3724
0.374
0.37480000000000013
0.3743999999999999
0.3758000000000002
0.38300000000000034
0.38139999999999996
0.37480000000000024
0.3762000000000001
0.3726000000000001
0.3726000000000002
0.38140000000000035
0.3779999999999999
0.3788000000000002
0.38260000000000005
0.36820000000000014
0.3808000000000002
0.3834000000000002
0.38340000000000024
0.3820000000000001
0.3840000000000002
0.37740000000000007
0.37660000000000005
0.3768
0.3780000000000001
0.3828000000000001
0.37480000000000024
0.3800000000000002
0.3820000000000002
0.38480000000000003
0.3768000000000004
0.3880000000000001
0.37259999999999976
0.37280000000000013
0.37300000000000005
0.3810000000000003
0.3736000000000002
0.3731999999999999
0.3722000000000001
0.37940000000000007
0.37760000000000005
0.36640000000000006
0.3808000000000002
0.3828000000000003
0.38840000000000025
0.371
0.3746000000000001
0.38799999999999996
0.38800000000000007
0.3768000000000001
0.3791999999999999
0.3770000000000001
0.38380000000000036
0.3730000000000003
0.37420000000000014
0.39039999999999986
0.3796000000000001
0.3752000000000002
0.3867999999999999
0.3672000000000002
0.3788000000000001
0.3770000000000001
0.385
0.36920000000000014
0.37620000000000003
0.3740000000000001
0.38140000000000024
0.3696000000000003
0.3884000000000001
0.37500000000000006
0.3874000000000001
0.3780000000000003
0.37900000000000006
0.3666000000000001
0.37980000000000014
0.3818000000000002
0.38320000000000015
0.3772
0.37639999999999996
0.38600000000000007
0.38340000000000013
0.3682000000000001
0.36920000000000014
0.38540000000000013
0.3832000000000002
0.37500000000000017
0.37240000000000023
0.3738
0.36880000000000007
0.3862
0.38060000000000005
0.3892
0.37480000000000013
0.3882000000000001
0.37420000000000014
0.3800000000000001
0.3751999999999998
0.37700000000000017
0.3794000000000002
0.3696000000000002
0.3664000000000002
0.36960000000000015
0.3692000000000001
0.3668
0.3888000000000001
0.3812000000000001
0.39380000000000015
0.37800000000000006
0.37600000000000017
0.3912000000000002
0.38040000000000007
0.37640000000000007
0.3702
0.3858
0.3834
0.3762000000000002
0.37139999999999984
0.3792000000000002
0.36620000000000014
0.3726000000000001
0.3762
0.38720000000000004
0.3819999999999999
0.3788000000000001
0.39139999999999986
0.3848000000000001
0.3856000000000002
0.3848
0.3846
0.38720000000000016
0.3774
0.3747999999999999
0.38480000000000003
0.38360000000000005
0.37780000000000025
0.38220000000000004
0.3771999999999999
0.39400000000000013
0.37480000000000024
0.3747999999999999
0.37239999999999995
0.38
0.3888000000000001
0.3852
0.3794000000000001
0.38600000000000023
0.38339999999999996
0.3852
0.3803999999999999
0.36740000000000017
0.37700000000000017
0.37680000000000013
0.3765999999999999
0.3748
0.3898000000000001
0.3786
0.3774000000000002
0.37640000000000023
0.3776
0.37640000000000023
0.38620000000000027
0.36619999999999997
0.37160000000000004
0.3734000000000001
0.3874
0.3773999999999999
0.38520000000000026
0.3768000000000001
0.38120000000000004
0.37700000000000017
0.37339999999999995
0.3862000000000001
0.38460000000000016
0.3736000000000002
0.3802000000000001
0.3756000000000001
0.3684000000000001
0.38339999999999996
0.38460000000000016
0.3812
0.36840000000000017
0.3698000000000002
0.3730000000000001
0.3770000000000001
0.37980000000000014
0.38320000000000026
0.3832
0.3898000000000002
0.3812
0.3740000000000002
0.37359999999999993
0.37879999999999986
0.374
0.381
0.3828000000000003
0.3838
0.37579999999999997
0.3778000000000001
0.3922000000000002
0.36679999999999985
0.37920000000000015
0.37860000000000005
0.3886000000000002
0.3846000000000003
0.38900000000000007
0.3772
0.38760000000000017
0.36840000000000017
0.3764000000000001
0.3734000000000001
0.3857999999999999
0.37540000000000007
0.37420000000000014
0.3678
0.3832000000000001
0.3782000000000001
0.3784000000000001
0.37500000000000017
0.3812000000000002
0.37220000000000014
0.3604
0.38340000000000013
0.3744000000000001
0.38079999999999997
0.38739999999999997
0.38079999999999997
0.3788000000000001
0.37739999999999996
0.3899999999999999
0.3876
0.38340000000000013
0.36820000000000014
0.3764000000000001
0.3748
0.38340000000000013
0.3738000000000001
0.3856000000000002
0.3730000000000001
0.3854000000000001
0.3847999999999999
0.3858
0.3802000000000001
0.39460000000000006
0.39160000000000017
0.37880000000000025
0.3860000000000002
0.3818000000000003
0.3734000000000001
0.3854000000000002
0.3800000000000001
0.3824000000000002
0.38420000000000004
0.369
0.38800000000000007
0.3770000000000001
0.3846
0.37420000000000003
0.37460000000000027
0.38480000000000003
0.3863999999999999
0.38580000000000003
0.3776000000000001
0.38060000000000016
0.38540000000000035
0.3766000000000001
0.3790000000000002
0.37820000000000015
0.38239999999999996
0.38120000000000004
0.37220000000000014
0.38260000000000005
0.37599999999999995
0.3718000000000002
0.3812000000000001
0.38100000000000006
0.37879999999999997
0.37760000000000027
0.3756000000000001
0.3766000000000001
0.3820000000000001
0.3766000000000001
0.3790000000000001
0.38080000000000014
0.3755999999999999
0.36960000000000015
0.38159999999999994
0.37440000000000007
0.3818000000000001
0.38339999999999996
0.38080000000000014
0.37979999999999997
0.3776000000000001
0.3776000000000001
0.36719999999999997
0.3734000000000002
0.37580000000000013
0.3690000000000001
0.37920000000000004
0.3722000000000001
0.37720000000000004
0.3722
0.3784000000000002
0.3716000000000001
0.3864000000000001
0.3827999999999999
0.3854000000000002
0.37960000000000016
0.3790000000000002
0.36620000000000014
0.38360000000000016
0.3796
0.38640000000000024
0.38060000000000005
0.3708000000000002
0.3820000000000002
0.37560000000000016
0.3802
0.3710000000000002
0.38680000000000014
0.37980000000000014
0.38960000000000017
0.3908
0.3826000000000002
0.38100000000000006
0.3886000000000001
0.38420000000000004
0.38060000000000005
0.3780000000000001
0.3694000000000002
0.38460000000000005
0.37780000000000025
0.3788000000000001
0.38360000000000005
0.3834
0.3772
0.39020000000000016
0.3768000000000001
0.3791999999999999
0.36780000000000024
0.39100000000000007
0.38080000000000025
0.3760000000000001
0.3884000000000003
0.3877999999999999
0.3814000000000001
0.39520000000000016
0.3842000000000002
0.39600000000000024
0.37700000000000033
0.3788000000000001
0.38260000000000005
0.37959999999999994
0.37980000000000014
0.3830000000000002
0.368
0.38800000000000023
0.3804
0.3838
0.37800000000000006
0.375
0.3816000000000001
0.37780000000000014
0.37360000000000015
0.3788000000000001
0.37839999999999996
0.3850000000000001
0.37199999999999983
0.3736000000000002
0.37380000000000024
0.382
0.38920000000000016
0.3784000000000001
0.3748
0.3762
0.37459999999999993
0.3782000000000003
0.3880000000000001
0.3791999999999998
0.3762000000000002
0.3776000000000001
0.38060000000000005
0.38299999999999995
0.37600000000000017
0.3824000000000001
0.3748
0.38820000000000016
0.38360000000000016
0.3724000000000002
0.3770000000000001
0.37800000000000017
0.3869999999999999
0.37720000000000015
0.38440000000000035
0.3822000000000003
0.37060000000000004
0.3734000000000002
0.3766000000000003
0.3804000000000002
0.37840000000000024
0.387
0.38180000000000014
0.3779999999999999
0.38700000000000023
0.37940000000000007
0.38140000000000024
0.3768
0.36460000000000015
0.3728000000000001
0.37920000000000015
0.3798
0.37780000000000014
0.3857999999999999
0.37799999999999995
0.36980000000000013
0.3834
0.3782000000000002
0.3768000000000002
0.37240000000000006
0.38760000000000017
0.375
0.3788000000000002
0.3810000000000004
0.37060000000000004
0.37940000000000007
0.36800000000000005
0.3788
0.38299999999999995
0.3832000000000002
0.3789999999999999
0.37720000000000015
0.3854000000000001
0.3732000000000002
0.3741999999999999
0.3791999999999999
0.37060000000000004
0.38240000000000024
0.3774000000000002
0.38140000000000013
0.3716
0.3894
0.37600000000000017
0.3870000000000003
0.3764
0.37940000000000007
0.3786
0.3821999999999999
0.3718000000000002
0.37920000000000015
0.3734
0.39000000000000007
0.37940000000000024
0.3768000000000003
0.36260000000000014
0.3840000000000002
0.38580000000000025
0.37820000000000015
0.38219999999999993
0.38060000000000005
0.38380000000000003
0.3826
0.3818
0.3850000000000001
0.3884000000000002
0.37359999999999993
0.37079999999999996
0.38000000000000006
0.3800000000000002
0.38460000000000016
0.37040000000000006
0.38080000000000014
0.3880000000000001
0.37300000000000005
0.3882000000000004
0.3826000000000002
0.38880000000000015
0.3790000000000001
0.38219999999999993
0.3826
0.38440000000000013
0.3785999999999998
0.3906000000000001
0.37640000000000023
0.3778000000000001
0.3794000000000001
0.3699999999999999
0.37740000000000007
0.37200000000000005
0.3880000000000001
0.3734000000000001
0.38000000000000006
0.3914
0.36780000000000007
0.37440000000000007
0.37800000000000017
0.38460000000000005
0.3664
0.3696000000000001
0.38679999999999987
0.38079999999999997
0.3784000000000001
0.38520000000000004
0.3745999999999999
0.3830000000000001
0.3875999999999999
0.37620000000000003
0.389
0.3776000000000002
0.38060000000000005
0.38360000000000016
0.38140000000000013
0.36779999999999985
0.37580000000000013
0.36619999999999997
0.3837999999999998
0.37939999999999985
0.3728000000000001
0.38100000000000006
0.3767999999999999
0.38160000000000016
0.3784000000000001
0.37740000000000007
0.3862000000000001
0.377
0.3896
0.3784000000000001
0.3692000000000001
0.3730000000000001
0.37640000000000007
0.36720000000000014
0.37820000000000015
0.38900000000000007
0.37520000000000003
0.3770000000000001
0.3788000000000002
0.38500000000000023
0.3812000000000001
0.3820000000000001
0.3870000000000001
0.3782000000000001
0.3720000000000002
0.3800000000000002
0.3814000000000003
0.3884000000000001
0.3728000000000001
0.3802
0.37560000000000016
0.36659999999999987
0.38520000000000004
0.3806000000000001
0.37680000000000013
0.37280000000000013
0.37560000000000004
0.375
0.3722000000000001
0.37720000000000015
0.3812000000000002
0.3794000000000001
0.38720000000000004
0.38440000000000024
0.37140000000000023
0.3782000000000001
0.3712000000000002
0.3737999999999999
0.3696000000000002
0.3782000000000001
0.39039999999999997
0.3776
0.3756000000000001
0.38720000000000004
0.3874
0.3766000000000003
0.36820000000000014
0.3948
0.3718000000000001
0.37940000000000024
0.37339999999999995
0.3902000000000001
0.38240000000000024
0.3936
0.3718
0.37420000000000014
0.3736000000000004
0.37240000000000023
0.3816000000000001
0.37920000000000015
0.3906
0.37720000000000015
0.3856
0.3718
0.38620000000000004
0.3724000000000002
0.37620000000000026
0.37480000000000013
0.387
0.38360000000000016
0.3927999999999999
0.3862000000000001
0.38020000000000004
0.3788000000000001
0.38520000000000004
0.38920000000000016
0.38360000000000016
0.36840000000000017
0.37720000000000004
0.38020000000000015
0.3852000000000003
0.36940000000000006
0.3716000000000001
0.3824
0.37799999999999995
0.3778000000000001
0.38399999999999984
0.3788000000000001
0.3782000000000001
0.3770000000000002
0.38420000000000004
0.37480000000000013
0.39159999999999984
0.3746000000000001
0.38480000000000025
0.3906000000000001
0.3744000000000002
0.38820000000000016
0.3708000000000001
0.37620000000000003
0.37180000000000013
0.3718
0.38040000000000007
0.37800000000000006
0.3870000000000003
0.37320000000000014
0.3718000000000001
0.3856000000000001
0.3696000000000002
0.3854000000000001
0.3718
0.36920000000000014
0.381
0.3744000000000003
0.37920000000000015
0.38640000000000024
0.3720000000000002
0.37000000000000005
0.3778000000000001
0.377
0.3792000000000001
0.3765999999999999
0.3778000000000001
