0.19999999999999962
0.4150000000000001
0.5167999999999998
0.446
0.5071999999999999
0.4554000000000001
0.5046
0.47140000000000015
0.4832000000000003
0.47600000000000015
0.49140000000000017
0.4785999999999999
0.47740000000000005
0.4792000000000002
0.48180000000000006
0.4728000000000001
0.4856000000000001
0.4699999999999999
0.48119999999999996
0.4787999999999999
0.4746
0.47680000000000006
0.4812000000000001
0.468
0.48700000000000004
0.4835999999999999
0.4752000000000004
0.4751999999999999
0.4861999999999999
0.4765999999999998
0.4802000000000001
0.4760000000000001
0.48280000000000006
0.4786000000000004
0.4799999999999999
0.48479999999999995
0.46879999999999994
0.4860000000000001
0.46959999999999974
0.4854000000000001
0.4696
0.4858000000000001
0.47200000000000003
0.48320000000000024
0.4736000000000001
0.4801999999999999
0.4756
0.48260000000000003
0.4811999999999999
0.47659999999999997
0.48059999999999986
0.4810000000000001
0.47920000000000007
0.4709999999999999
0.4836
0.4809999999999999
0.47720000000000007
0.47960000000000025
0.47920000000000007
0.47759999999999997
0.47919999999999996
0.4759999999999999
0.4856
0.48460000000000003
0.4728000000000001
0.48040000000000016
0.4742
0.48179999999999984
0.4816000000000002
0.47179999999999994
0.48640000000000005
0.4697999999999999
0.4768000000000002
0.47960000000000014
0.4698000000000003
0.4896000000000001
0.4765999999999999
0.4842000000000001
0.4678000000000001
0.48739999999999994
0.4739999999999999
0.4891999999999998
0.4736000000000002
0.474
0.48639999999999994
0.47279999999999994
0.4848000000000001
0.4731999999999998
0.47340000000000015
0.48640000000000017
0.4782
0.48480000000000006
0.47159999999999996
0.4757999999999998
0.48120000000000007
0.4773999999999997
0.48040000000000016
0.47320000000000007
0.4887999999999998
0.4706000000000002
0.47579999999999983
0.4917999999999999
0.4664
0.48639999999999994
0.46939999999999976
0.4800000000000002
0.47800000000000004
0.47860000000000014
0.4738
0.4745999999999999
0.48999999999999994
0.46480000000000005
0.48120000000000007
0.4758
0.485
0.47619999999999996
0.4747999999999998
0.48120000000000007
0.4770000000000001
0.4775999999999999
0.48240000000000033
0.4735999999999999
0.491
0.48040000000000005
0.47900000000000026
0.4768
0.4814
0.4714000000000001
0.4798000000000002
0.473
0.49060000000000004
0.4711999999999999
0.47960000000000014
0.48879999999999996
0.47240000000000004
0.4848000000000002
0.4776000000000002
0.4827999999999999
0.4696
0.485
0.46880000000000005
0.47700000000000037
0.48240000000000016
0.48239999999999983
0.4706000000000002
0.48200000000000004
0.47960000000000014
0.4788000000000001
0.4820000000000004
0.47159999999999996
0.47720000000000007
0.4749999999999999
0.4812000000000002
0.4796
0.48119999999999996
0.4758000000000003
0.4788000000000004
0.47880000000000017
0.4794
0.47900000000000015
0.47460000000000013
0.47820000000000024
0.48139999999999994
0.47340000000000015
0.4844
0.4780000000000001
0.47419999999999995
0.48080000000000006
0.4734
0.4782
0.47420000000000007
0.4744000000000001
0.4870000000000001
0.4820000000000001
0.4758000000000002
0.47959999999999986
0.4766
0.47400000000000025
0.4838
0.4706000000000002
0.4859999999999997
0.4827999999999999
0.4777999999999999
0.4730000000000001
0.48279999999999973
0.4738
0.4816000000000002
0.47240000000000004
0.47980000000000017
0.48840000000000017
0.4725999999999999
0.48300000000000026
0.48039999999999994
0.4762000000000002
0.47959999999999964
0.47919999999999996
0.4690000000000002
0.49000000000000027
0.4708000000000001
0.48119999999999996
0.4750000000000001
0.4924
0.4757999999999999
0.4847999999999999
0.4789999999999999
0.4677999999999999
0.4802000000000001
0.47699999999999987
0.4816000000000001
0.4837999999999999
0.47660000000000013
0.4803999999999998
0.4734
0.4816
0.46780000000000027
0.4888000000000002
0.46960000000000024
0.47439999999999993
0.48279999999999995
0.4736000000000003
0.4770000000000001
0.4894
0.4672000000000004
0.48399999999999993
0.4714
0.49000000000000005
0.47840000000000005
0.4898000000000002
0.47200000000000003
0.4876
0.47260000000000013
0.47880000000000017
0.48300000000000004
0.48320000000000013
0.4708000000000001
0.4882
0.46940000000000004
0.4863999999999998
0.48020000000000024
0.4772000000000001
0.48280000000000006
0.4754
0.4779999999999998
0.4837999999999999
0.4856000000000001
0.47840000000000016
0.4772
0.48399999999999993
0.47760000000000014
0.4804
0.4764
0.4824
0.4780000000000001
0.48400000000000004
0.47840000000000005
0.48059999999999986
0.4693999999999998
0.4745999999999999
0.4770000000000003
0.47700000000000004
0.4818000000000001
0.4852
0.47580000000000033
0.4761999999999999
0.4826
0.47600000000000015
0.4762000000000002
0.47760000000000014
0.4838000000000002
0.47540000000000004
0.47420000000000007
0.4785999999999999
0.47679999999999956
0.477
0.4852000000000001
0.4763999999999999
0.48440000000000005
0.4739999999999999
0.48340000000000005
0.4825999999999999
0.4809999999999999
0.4806
0.478
0.47540000000000004
0.48820000000000013
0.4820000000000001
0.48579999999999984
0.4794
0.4744000000000001
0.48060000000000025
0.4706000000000002
0.48160000000000003
0.4649999999999999
0.48980000000000035
0.4672000000000001
0.47999999999999976
0.4730000000000003
0.4826
0.4812000000000002
0.49520000000000003
0.4702000000000001
0.4828000000000002
0.47820000000000024
0.4807999999999999
0.47859999999999997
0.4788000000000001
0.47759999999999986
0.48519999999999996
0.4741999999999998
0.4743999999999998
0.479
0.47879999999999995
0.47619999999999996
0.48340000000000016
0.47359999999999985
0.4848000000000001
0.47900000000000004
0.48100000000000004
0.4774000000000002
0.4775999999999999
0.49340000000000017
0.47379999999999983
0.4758
0.48979999999999996
0.47100000000000014
0.48539999999999983
0.48219999999999996
0.48460000000000003
0.4762000000000002
0.4836
0.47900000000000004
0.4894000000000003
0.47379999999999983
0.48500000000000015
0.4835999999999999
0.48320000000000013
0.47139999999999993
0.4736000000000002
0.48700000000000004
0.4826000000000002
0.4846000000000001
0.4782000000000001
0.4852
0.4724000000000001
0.48920000000000025
0.47680000000000006
0.4774000000000002
0.48120000000000007
0.4771999999999999
0.47540000000000004
0.48440000000000005
0.4772
0.4778
0.47540000000000016
0.4737999999999997
0.48200000000000015
0.4750000000000002
0.48599999999999993
0.4750000000000001
0.4886
0.47579999999999983
0.4943999999999999
0.4730000000000002
0.47700000000000004
0.47819999999999957
0.48260000000000003
0.48699999999999977
0.4874000000000001
0.4824000000000002
0.48040000000000027
0.4832000000000003
0.4702000000000002
0.48700000000000027
0.46840000000000004
0.47860000000000014
0.4806000000000001
0.48
0.47739999999999994
0.48640000000000017
0.47519999999999973
0.48120000000000007
0.4811999999999999
0.46520000000000017
0.48399999999999993
0.48020000000000024
0.4938
0.47000000000000014
0.47920000000000007
0.4752000000000001
0.47539999999999993
0.48860000000000037
0.4754000000000002
0.47979999999999995
0.47480000000000006
0.486
0.47999999999999987
0.4802
0.4723999999999998
0.48100000000000015
0.47519999999999973
0.48180000000000023
0.4873999999999999
0.47720000000000007
0.47619999999999996
0.48420000000000024
0.4730000000000003
0.4815999999999999
0.48300000000000004
0.4828000000000002
0.47440000000000004
0.48560000000000003
0.4782
0.4792000000000002
0.4766
0.47600000000000003
0.4728000000000001
0.4843999999999998
0.47180000000000005
0.48680000000000007
0.4778
0.48660000000000003
0.47420000000000007
0.48800000000000004
0.4810000000000001
0.4825999999999999
0.4818
0.47880000000000017
0.4878000000000002
0.47879999999999995
0.4750000000000003
0.49060000000000004
0.4756
0.4734000000000001
0.48540000000000005
0.4722
0.4796000000000001
0.47620000000000007
0.48200000000000004
0.4764000000000001
0.4762000000000001
0.4852
0.46740000000000026
0.4837999999999999
0.47620000000000007
0.4897999999999999
0.47700000000000004
0.48080000000000034
0.4738
0.48219999999999996
0.4794000000000001
0.48379999999999995
0.4808000000000003
0.47600000000000003
0.48139999999999994
0.4760000000000001
0.4786000000000001
0.46860000000000007
0.4822000000000001
0.47920000000000007
0.4747999999999999
0.47480000000000017
0.48640000000000017
0.474
0.48179999999999995
0.47600000000000015
0.4807999999999999
0.4764000000000002
0.48200000000000004
0.4778
0.4779999999999999
0.4812000000000001
0.4872000000000003
0.4676000000000001
0.49280000000000007
0.4750000000000001
0.47659999999999997
0.4783999999999999
0.47479999999999983
0.47960000000000025
0.4846000000000001
0.4759999999999999
0.47760000000000025
0.48179999999999995
0.4809999999999996
0.4896000000000001
0.47160000000000013
0.48260000000000003
0.47619999999999985
0.4792
0.478
0.47979999999999995
0.4770000000000001
0.4788
0.47820000000000007
0.4805999999999998
0.4734
0.4815999999999999
0.47760000000000014
0.484
0.4736000000000001
0.4894
0.4716000000000002
0.4754000000000003
0.47999999999999987
0.4815999999999998
0.4708000000000003
0.4832000000000001
0.48699999999999966
0.48100000000000015
0.4709999999999998
0.4852
0.4824000000000002
0.4750000000000001
0.4839999999999998
0.47820000000000007
0.4754
0.4744000000000002
0.48980000000000035
0.48340000000000016
0.46180000000000015
0.4740000000000002
0.48340000000000005
0.4823999999999999
0.4792000000000003
0.4780000000000001
0.48340000000000005
0.48280000000000006
0.4796000000000001
0.4824000000000002
0.48180000000000006
0.47340000000000015
0.4834000000000001
0.4752000000000002
0.4814
0.4732
0.4806
0.48879999999999996
0.4742
0.4845999999999998
0.4774000000000001
0.48340000000000005
0.47640000000000016
0.4806000000000001
0.4783999999999998
0.4874000000000002
0.46880000000000005
0.48560000000000003
0.46200000000000024
0.4884000000000001
0.46699999999999997
0.4888000000000001
0.4734000000000001
0.48359999999999986
0.4795999999999999
0.4799999999999999
0.47920000000000007
0.47919999999999996
0.47160000000000024
0.4895999999999999
0.46980000000000016
0.48920000000000013
0.47920000000000007
0.4822000000000002
0.4858
0.46480000000000027
0.4866000000000002
0.48739999999999994
0.4732000000000001
0.47819999999999996
0.47879999999999984
0.47259999999999996
0.48259999999999986
0.47699999999999987
0.4844000000000001
0.47700000000000004
0.4856
0.47379999999999994
0.48320000000000013
0.48280000000000034
0.47859999999999997
0.47540000000000027
0.4835999999999999
0.46980000000000016
0.4849999999999999
0.4842000000000001
0.47240000000000004
0.4922000000000002
0.47300000000000003
0.488
0.4775999999999999
0.4815999999999999
0.4773999999999999
0.47960000000000025
0.47539999999999993
0.47559999999999986
0.4796
0.48120000000000007
0.4768000000000002
0.4770000000000001
0.47919999999999985
0.4753999999999998
0.48519999999999996
0.475
0.47000000000000014
0.4789999999999999
0.47560000000000024
0.47440000000000027
0.4872000000000001
0.4732000000000001
0.4730000000000002
0.48440000000000005
0.48120000000000007
0.4709999999999999
0.48039999999999994
0.474
0.47860000000000036
0.47840000000000016
0.4794000000000001
0.4793999999999999
0.4793999999999999
0.47600000000000015
0.47699999999999976
0.4785999999999999
0.4794000000000001
0.47379999999999994
0.48040000000000005
0.4772
0.4726000000000001
0.48060000000000014
0.4815999999999999
0.47920000000000024
0.48860000000000015
0.47539999999999977
0.4879999999999999
0.4728
0.4846000000000001
0.4728000000000001
0.4737999999999999
0.4806
0.4823999999999999
0.4688000000000003
0.47219999999999984
0.47139999999999993
0.4792000000000002
0.48419999999999985
0.4822000000000001
0.4818000000000001
0.47659999999999997
0.4854000000000001
0.4806
0.48560000000000003
0.4705999999999996
0.48379999999999995
0.47999999999999987
0.4747999999999999
0.4764
0.4772
0.47860000000000014
0.48180000000000006
0.47039999999999993
0.49200000000000005
0.47379999999999994
0.4772
0.47859999999999986
0.4814
0.47479999999999994
0.4864
0.4623999999999999
0.4984
0.46240000000000003
0.49260000000000004
0.4736
0.48719999999999986
0.4756000000000001
0.48560000000000014
0.4714000000000001
0.4824000000000002
0.47819999999999996
0.4866000000000001
0.4754
0.48079999999999984
0.4756000000000001
0.48460000000000003
0.48000000000000026
0.48199999999999965
0.47380000000000033
0.4744000000000001
0.4882000000000002
0.47119999999999995
0.4982000000000002
0.47180000000000005
0.47420000000000007
0.47800000000000026
0.4822000000000002
0.46900000000000014
0.48700000000000027
0.47759999999999997
0.48599999999999993
0.47220000000000006
0.48040000000000005
0.47559999999999986
0.47679999999999984
0.4846000000000002
0.47700000000000004
0.475
0.4774000000000001
0.47879999999999995
0.4778
0.48739999999999994
0.47740000000000005
0.4822000000000002
0.47720000000000007
0.4858
0.4749999999999999
0.48560000000000014
0.4782
0.48339999999999994
0.47800000000000004
0.4720000000000001
0.48900000000000005
0.4804000000000002
0.4728
0.48480000000000023
0.4746000000000001
0.48419999999999996
0.47680000000000006
0.48200000000000004
0.4752000000000002
0.4734
0.48180000000000006
0.4762000000000001
0.4837999999999999
0.48320000000000013
0.4762000000000002
0.4778000000000002
0.47720000000000007
0.4848000000000001
0.47399999999999987
0.48339999999999983
0.4734000000000001
0.47779999999999995
0.4736000000000002
0.48120000000000007
0.4729999999999998
0.4863999999999999
0.46900000000000014
0.48339999999999983
0.47619999999999996
0.47780000000000006
0.47679999999999995
0.47360000000000013
0.4832000000000001
0.4815999999999998
0.48059999999999986
0.479
0.48539999999999983
0.4728
0.4869999999999999
0.46359999999999985
0.49099999999999994
0.47500000000000014
0.48180000000000023
0.47460000000000013
0.4784000000000001
0.48400000000000015
0.4736000000000001
0.47840000000000005
0.47799999999999976
0.4792000000000002
0.4834000000000001
0.4872000000000001
0.47940000000000005
0.4813999999999999
0.47659999999999997
0.48020000000000024
0.4831999999999999
0.4697999999999999
0.48119999999999985
0.4758000000000002
0.48260000000000014
0.4832
0.472
0.47900000000000015
0.47660000000000013
0.4765999999999998
0.474
0.4847999999999999
0.4740000000000002
0.4793999999999999
0.47919999999999996
0.47279999999999994
0.48680000000000007
0.48400000000000015
0.4738
0.46820000000000017
0.4810000000000001
0.4856
0.4833999999999999
0.48140000000000027
0.48339999999999994
0.47700000000000015
0.4808
0.47780000000000006
0.4786000000000001
0.48840000000000006
0.47979999999999984
0.4762000000000001
0.4835999999999999
0.4741999999999999
0.47700000000000004
0.4794000000000001
0.4812000000000002
0.46659999999999996
0.4833999999999999
0.4793999999999999
0.4783999999999999
0.4765999999999999
0.4782000000000001
0.4797999999999999
0.4852000000000002
0.48260000000000003
0.4842
0.47679999999999995
0.48440000000000016
0.47599999999999987
0.4795999999999999
0.4744000000000001
0.48280000000000006
0.48320000000000024
0.47979999999999995
0.48180000000000023
0.47780000000000006
0.4890000000000001
0.4710000000000001
0.4888
0.47319999999999995
0.48120000000000007
0.48739999999999983
0.47340000000000004
0.48240000000000033
0.47200000000000003
0.48800000000000027
0.46840000000000026
0.48400000000000015
0.47700000000000015
0.48559999999999987
0.4737999999999999
0.48140000000000005
0.4802000000000002
0.4777999999999999
0.4802
0.4824000000000001
0.4744000000000001
0.4828000000000002
0.47980000000000017
0.4824000000000002
0.48260000000000003
0.4784000000000001
0.47779999999999995
0.47620000000000007
0.4805999999999998
0.4773999999999999
0.4838000000000002
0.4788
0.47739999999999994
0.4838000000000003
0.47720000000000007
0.4836000000000001
0.4832000000000001
0.4774000000000001
0.4762000000000002
0.4832000000000001
0.4726000000000001
0.47500000000000014
0.4801999999999998
0.47320000000000007
0.4812000000000001
0.47660000000000013
0.4798000000000001
0.47040000000000004
0.48440000000000016
0.47100000000000003
0.49160000000000004
0.47059999999999996
0.4931999999999999
0.4645999999999998
0.4882000000000001
0.4860000000000001
0.4812000000000001
0.4758000000000002
0.48919999999999986
0.47639999999999977
0.47879999999999995
0.4910000000000001
0.4702000000000001
0.4868000000000001
0.47540000000000027
0.48040000000000005
0.47780000000000017
0.4760000000000001
0.4773999999999999
0.47400000000000003
0.48059999999999997
0.4829999999999998
0.4802000000000002
0.48100000000000015
0.4709999999999999
0.47940000000000005
0.4856000000000003
0.4796000000000003
0.47260000000000013
0.48100000000000004
0.48
0.48679999999999984
0.48419999999999985
0.4782000000000001
0.48559999999999987
0.47919999999999996
0.4844000000000001
0.46620000000000034
0.4794000000000002
0.4759999999999999
0.4823999999999999
0.48040000000000005
0.4842000000000001
0.4701999999999999
0.48220000000000013
0.47700000000000015
0.4812000000000001
0.4752
0.4821999999999999
0.4788000000000004
0.47540000000000004
0.4795999999999998
0.4779999999999999
0.4749999999999999
0.47899999999999987
0.4829999999999999
0.47860000000000014
0.4819999999999999
0.4831999999999998
0.4854
0.47059999999999996
0.49000000000000005
0.47039999999999993
0.47919999999999985
0.47940000000000005
0.48000000000000015
0.4733999999999999
0.4802
0.4816000000000001
0.47060000000000035
0.49139999999999995
0.47760000000000025
0.48120000000000007
0.4702
0.4866000000000001
0.46980000000000016
0.48859999999999987
0.4822000000000003
0.4832
0.47900000000000004
0.4788
0.4867999999999999
0.4698000000000001
0.4917999999999998
0.47260000000000013
0.47639999999999993
0.47940000000000005
0.48179999999999984
0.4780000000000005
0.4764
0.48020000000000024
0.4818000000000003
0.4844
0.47779999999999995
0.485
0.4744000000000001
0.46900000000000025
0.4848000000000002
0.4754
0.4838000000000001
0.4761999999999999
0.4768000000000002
0.47859999999999986
0.46879999999999994
0.48620000000000013
0.48020000000000024
0.4739999999999999
0.4804
0.48319999999999985
0.47080000000000005
0.47979999999999984
0.4842
0.47759999999999997
0.4809999999999998
0.4768000000000003
0.4779999999999999
0.46920000000000023
0.4926000000000002
