0.19999999999999962
0.6129799999999999
0.7529600000000002
0.6919200000000001
0.7141399999999999
0.7075600000000002
0.7143400000000001
0.7099599999999998
0.7145400000000001
0.7089599999999997
0.7129799999999995
0.71092
0.7106800000000004
0.7123599999999998
0.71104
0.7130999999999996
0.7136
0.7116999999999999
0.7098400000000001
0.71234
0.7076000000000002
0.7118800000000001
0.7099599999999997
0.7089999999999997
0.7128799999999997
0.7100999999999996
0.7101199999999999
0.7136399999999999
0.7108400000000001
0.71088
0.7091799999999996
0.7115599999999996
0.71072
0.7137399999999997
0.7123199999999998
0.7130399999999999
0.7078600000000002
0.7177799999999998
0.7089800000000003
0.7132399999999997
0.7105799999999999
0.7086199999999999
0.7109200000000001
0.7108199999999998
0.7105399999999997
0.7112600000000003
0.7081800000000001
0.7162399999999998
0.7082199999999998
0.7109799999999998
0.7133399999999996
0.7107400000000003
0.7097599999999994
0.7130799999999999
0.7118599999999999
0.7127999999999998
0.71428
0.7093199999999995
0.7118599999999999
0.7095799999999997
0.71014
0.7105400000000001
0.7079799999999997
0.7103200000000001
0.71312
0.7104399999999995
0.7108199999999998
0.7113000000000003
0.7111200000000001
0.7132
0.7115599999999997
0.7102399999999998
0.7105599999999996
0.7108999999999996
0.7093399999999999
0.7132600000000002
0.71256
0.71076
0.7135200000000002
0.71148
0.71296
0.7094199999999998
0.7124000000000003
0.7104999999999998
0.7124599999999998
0.7116999999999996
0.7131199999999999
0.7102
0.7130399999999999
0.7096599999999998
0.7124399999999999
0.70966
0.7086200000000001
0.7129800000000001
0.7107199999999999
0.71524
0.70786
0.7137800000000002
0.7112800000000001
0.71018
0.7100200000000004
0.7134999999999999
0.71218
0.71026
0.7137599999999996
0.70926
0.7109000000000003
0.70898
0.7122200000000002
0.7118599999999999
0.7107600000000002
0.7112000000000003
0.71144
0.7141000000000001
0.7112799999999997
0.7152
0.7096599999999998
0.7102799999999998
0.71206
0.7134599999999999
0.71008
0.7091000000000004
0.7112600000000003
0.7078000000000002
0.7136999999999999
0.7117999999999999
0.7142999999999999
0.7114599999999999
0.7104600000000001
0.7128800000000001
0.7119400000000004
0.7104399999999998
0.7114400000000001
0.7128199999999998
0.7122800000000001
0.71026
0.71396
0.70784
0.71458
0.7119
0.7114599999999999
0.7123599999999997
0.7131599999999999
0.7077199999999998
0.7142599999999998
0.7128799999999997
0.71114
0.7104999999999997
0.7098800000000003
0.7084199999999999
0.7091200000000002
0.7108999999999999
0.7116400000000003
0.7103399999999997
0.7142400000000002
0.71138
0.7124199999999997
0.7104
0.7086999999999999
0.70986
0.7085999999999997
0.7131799999999998
0.7105800000000001
0.7087400000000003
0.7100999999999996
0.71272
0.7121599999999998
0.7098599999999995
0.71458
0.7117399999999996
0.7097599999999997
0.7114199999999999
0.7105399999999998
0.7113600000000001
0.7105399999999997
0.71016
0.7113200000000001
0.7127800000000002
0.7145400000000001
0.7075399999999997
0.71156
0.7114399999999997
0.71014
0.7104199999999997
0.7130199999999999
0.7090200000000002
0.7141199999999996
0.71376
0.7111599999999999
0.7110999999999996
0.7153200000000003
0.7095200000000003
0.7137600000000001
0.70798
0.7117999999999998
0.7106199999999997
0.7135399999999994
0.71146
0.7110200000000002
0.7104600000000001
0.7126999999999998
0.7133999999999996
0.7126999999999997
0.7115999999999997
0.71102
0.7113600000000001
0.7121599999999998
0.7136599999999999
0.7110599999999997
0.7100200000000002
0.7172399999999997
0.71186
0.70864
0.7136199999999998
0.70892
0.7084800000000001
0.70992
0.7147599999999997
0.7112199999999999
0.7118400000000001
0.7076999999999996
0.7141599999999994
0.7091399999999995
0.7130000000000001
0.7110199999999998
0.7138000000000001
0.7103400000000003
0.71248
0.7133600000000001
0.7142799999999998
0.7084399999999998
0.7160199999999999
0.7116800000000003
0.7120799999999999
0.7119399999999998
0.7096399999999999
0.7130599999999997
0.7097799999999999
0.7129200000000001
0.7108399999999997
0.7102599999999998
0.7145200000000002
0.7132999999999998
0.7098200000000001
0.7116199999999996
0.7116399999999996
0.71018
0.7112399999999998
0.7116799999999999
0.7108799999999996
0.7103199999999997
0.71274
0.7086
0.7122599999999999
0.71034
0.7118799999999996
0.7128799999999998
0.7097
0.7125399999999997
0.7101600000000003
0.7127599999999997
0.7100799999999999
0.7108199999999997
0.7131800000000003
0.7122599999999997
0.7113999999999998
0.7087399999999997
0.7090399999999998
0.7096800000000001
0.7133399999999996
0.7102600000000001
0.7075199999999999
0.7158399999999997
0.7124999999999999
0.7103999999999996
0.7113599999999998
0.71072
0.7140799999999997
0.7120200000000001
0.7119399999999999
0.7123999999999998
0.7118599999999999
0.7092400000000003
0.7124599999999995
0.7092599999999998
0.71156
0.7117599999999996
0.7115799999999999
0.7112599999999998
0.7074000000000005
0.7111400000000002
0.7123400000000001
0.7099600000000001
0.714
0.71202
0.71248
0.7092599999999998
0.7137399999999997
0.7138399999999998
0.7087399999999999
0.7090199999999998
0.7141800000000003
0.7097600000000002
0.7115799999999995
0.7085400000000002
0.7125400000000001
0.7146999999999999
0.70636
0.71114
0.7107399999999998
0.7110200000000002
0.7112799999999999
0.7129199999999999
0.7123999999999997
0.7108999999999999
0.7098
0.7121799999999999
0.71376
0.7128999999999999
0.70764
0.7105599999999995
0.7093400000000004
0.7111200000000001
0.7094599999999999
0.71292
0.7121599999999999
0.7083999999999997
0.7098200000000001
0.7083199999999998
0.7094000000000001
0.70922
0.71276
0.7098199999999999
0.7133000000000002
0.7115600000000002
0.7094200000000002
0.7110000000000002
0.71266
0.71328
0.7086199999999997
0.7105399999999997
0.7105199999999999
0.7121599999999995
0.7111999999999997
0.7112800000000001
0.71002
0.7107799999999996
0.7117799999999999
0.7093599999999999
0.71262
0.7116400000000002
0.7079200000000001
0.71172
0.7130199999999999
0.7165400000000001
0.7102199999999997
0.7106000000000001
0.7141200000000001
0.70628
0.7122999999999996
0.7102200000000003
0.7108199999999998
0.71102
0.7146199999999999
0.7071799999999999
0.7157600000000001
0.70742
0.7144199999999999
0.7136799999999998
0.70976
0.7122999999999999
0.7093400000000001
0.7128199999999998
0.7131999999999998
0.7138599999999998
0.7156799999999999
0.7127200000000002
0.7088999999999998
0.7111599999999999
0.71272
0.7139799999999995
0.7070599999999999
0.7121599999999998
0.7107600000000001
0.7118200000000001
0.7090999999999997
0.7099199999999998
0.7151799999999997
0.70902
0.7103400000000001
0.7133200000000001
0.7136
0.7098400000000002
0.7114200000000003
0.71128
0.7114400000000001
0.7143199999999997
0.7082399999999996
0.7126399999999998
0.70918
0.70982
0.7126399999999997
0.7089
0.7148599999999996
0.7066600000000003
0.71172
0.71156
0.7091
0.7115999999999998
0.7105799999999999
0.7096599999999998
0.7111400000000002
0.7078
0.7123199999999997
0.7109399999999997
0.7109999999999996
0.7141399999999998
0.71018
0.7118200000000001
0.7092599999999998
0.7124000000000005
0.71238
0.7144799999999998
0.7095
0.7093999999999997
0.7113600000000001
0.7096000000000001
0.7110600000000001
0.7130600000000006
0.7100199999999998
0.7136599999999995
0.7128599999999998
0.70912
0.7116199999999998
0.7145999999999998
0.7102400000000002
0.7137000000000002
0.7110799999999999
0.7126600000000005
0.7107999999999999
0.71064
0.7097999999999999
0.7108799999999996
0.70922
0.7100400000000002
0.7147
0.71
0.7115200000000005
0.7099200000000002
0.71154
0.7102799999999998
0.7088400000000001
0.7104600000000001
0.7138599999999998
0.7118599999999999
0.7100799999999998
0.7111199999999996
0.7138199999999998
0.7109200000000004
0.7145799999999999
0.71064
0.7092399999999996
0.71378
0.7095599999999997
0.7111799999999999
0.7110599999999997
0.7066999999999999
0.7115600000000002
0.7120599999999999
0.7128799999999998
0.7124999999999999
0.71244
0.7134999999999999
0.7090399999999998
0.70882
0.7131799999999997
0.71284
0.7056599999999997
0.7111999999999996
0.7066599999999997
0.7132199999999997
0.7093799999999999
0.7121800000000001
0.71032
0.7104599999999999
0.7080399999999998
0.7112200000000002
0.71272
0.7105399999999998
0.7132000000000002
0.71646
0.7096400000000003
0.7112599999999999
0.7104799999999999
0.7122799999999995
0.7081799999999998
0.7162799999999997
0.7092199999999999
0.71372
0.71002
0.7117800000000001
0.71152
0.7102799999999999
0.7127799999999997
0.7129199999999994
0.7072200000000004
0.71568
0.7102400000000002
0.7108199999999999
0.7117000000000001
0.7092000000000003
0.71134
0.7086600000000002
0.7119600000000001
0.7120799999999997
0.7134199999999997
0.7081399999999997
0.7140999999999997
0.7112599999999999
0.7094199999999999
0.7128999999999998
0.7117999999999999
0.7116999999999999
0.7122400000000002
0.7125799999999998
0.7099600000000004
0.7089599999999998
0.7128399999999999
0.70888
0.7145600000000001
0.7107200000000001
0.7130799999999999
0.7094199999999996
0.71258
0.7099599999999999
0.7133599999999999
0.70772
0.7096399999999998
0.7099999999999997
0.7099999999999999
0.70806
0.7126400000000004
0.7106800000000001
0.7126799999999995
0.7099999999999997
0.71392
0.7078000000000002
0.7119599999999997
0.7076799999999999
0.7127199999999996
0.7095599999999999
0.7107999999999999
0.7105
0.71384
0.7100999999999996
0.7136
0.7089
0.7108199999999996
0.7157800000000001
0.71224
0.7095800000000003
0.7139199999999998
0.7109599999999999
0.7110999999999996
0.7108599999999999
0.7116800000000001
0.71186
0.7144199999999998
0.7095799999999997
0.7129599999999999
0.7135999999999999
0.7133599999999997
0.71186
0.70998
0.7146600000000002
0.7102599999999998
0.7104600000000001
0.71588
0.71038
0.7097199999999999
0.7084800000000001
0.7136799999999998
0.7065400000000001
0.7133200000000001
0.7083999999999999
0.71008
0.7130199999999997
0.7109200000000001
0.71544
0.7086
0.71346
0.7121800000000001
0.71148
0.7136399999999997
0.7106000000000001
0.71206
0.70958
0.7112599999999998
0.7129799999999998
0.7120599999999999
0.7107599999999998
0.7082999999999998
0.71186
0.7102199999999997
0.7129199999999999
0.7098799999999998
0.7137199999999999
0.71144
0.7098399999999998
0.7157199999999997
0.7067999999999998
0.7115399999999998
0.7104799999999999
0.7124400000000002
0.7104599999999998
0.7160799999999996
0.7134000000000001
0.7097599999999997
0.71226
0.7107600000000002
0.7101599999999997
0.7082399999999996
0.7112599999999998
0.7134599999999998
0.7103599999999998
0.7106799999999996
0.7150200000000001
0.7088200000000004
0.7116999999999999
0.7096800000000003
0.71232
0.7096200000000001
0.7114999999999999
0.7146199999999996
0.7081399999999998
0.7095999999999998
0.7139999999999996
0.7125599999999999
0.71012
0.7141999999999998
0.7107400000000003
0.7125
0.7124199999999997
0.7123599999999998
0.7131400000000001
0.7105600000000001
0.7132400000000003
0.70832
0.7164199999999997
0.7099200000000002
0.7102400000000002
0.7094999999999999
0.71254
0.7119800000000002
0.7120800000000002
0.7092399999999995
0.7151
0.7087399999999999
0.7115200000000002
0.7125199999999997
0.7107000000000001
0.7118199999999998
0.7125199999999997
0.7129799999999998
0.7105600000000001
0.71062
0.7119599999999997
0.7079999999999999
0.7145799999999997
0.70702
0.7135199999999996
0.7096399999999996
0.7120399999999999
0.7102599999999998
0.7098199999999999
0.7103600000000001
0.7139399999999998
0.7116599999999997
0.7136399999999997
0.7086199999999997
0.7127999999999998
0.7098199999999999
0.7095800000000003
0.7116999999999998
0.7109800000000002
0.7125599999999999
0.7090199999999998
0.7112999999999998
0.7104999999999998
0.7114599999999999
0.71088
0.7101799999999996
0.7121
0.7107999999999997
0.7095199999999998
0.7128800000000001
0.7137399999999999
0.71096
0.7099799999999997
0.7092999999999998
0.7132
0.7138199999999999
0.70706
0.7111400000000003
0.7087
0.7114199999999998
0.71032
0.71284
0.7098999999999998
0.7103599999999999
0.7134599999999999
0.7128800000000001
0.7083799999999998
0.7137399999999995
0.7124599999999995
0.7119799999999996
0.7103400000000001
0.7114199999999999
0.7097999999999997
0.7130599999999998
0.7128
0.7109799999999997
0.7120200000000003
0.7109199999999999
0.7109600000000001
0.7113799999999998
0.7095799999999999
0.71098
0.7114
0.7125599999999999
0.7091799999999998
0.7113400000000002
0.7156800000000003
0.7069799999999995
0.7117400000000003
0.7077400000000001
0.7131199999999995
0.7120199999999997
0.7098799999999998
0.7110200000000003
0.7069799999999999
0.7133200000000001
0.7120799999999998
0.7121599999999998
0.7130800000000002
0.7093799999999999
0.71528
0.7095000000000001
0.7104599999999996
0.7083200000000001
0.7106599999999998
0.71268
0.7118399999999996
0.71122
0.71324
0.7101799999999998
0.7119399999999999
0.7117600000000002
0.7133000000000002
0.7102200000000002
0.71616
0.7106000000000001
0.7091599999999998
0.7121200000000002
0.7107399999999997
0.7138199999999998
0.71128
0.7096000000000002
0.7128600000000003
0.7067200000000001
0.7124999999999999
0.7099799999999996
0.7071999999999998
0.7174799999999998
0.71084
0.7144799999999997
0.7114599999999999
0.7084800000000001
0.71514
0.7115999999999997
0.7116800000000001
0.7132999999999998
0.70596
0.7102799999999996
0.7130599999999998
0.7109799999999998
0.7136200000000001
0.7125799999999995
0.7086200000000001
0.7118799999999994
0.7097800000000001
0.7137399999999998
0.7121600000000002
0.7105999999999996
0.7092200000000001
0.7116199999999999
0.7110400000000002
0.7091599999999998
0.71136
0.7111000000000002
0.71404
0.7097600000000002
0.71366
0.7120399999999999
0.7106600000000001
0.7132599999999998
0.7134599999999999
0.7108200000000001
0.70876
0.70926
0.7120199999999999
0.7090199999999999
0.7115799999999999
0.71288
0.7113399999999998
0.7125400000000002
0.7127199999999999
0.7101200000000003
0.71272
0.7105599999999995
0.7119399999999998
0.7098999999999998
0.7127
0.7095199999999996
0.7130200000000002
0.7116199999999998
0.7089399999999999
0.71626
0.7135999999999997
0.7140399999999996
0.7113600000000002
0.7090400000000001
0.7134199999999999
0.7080000000000001
0.7135799999999997
0.71312
0.7120399999999997
0.7111799999999999
0.7093000000000003
0.7120199999999999
0.7136200000000001
0.7095599999999999
0.7154600000000001
0.7102200000000001
0.7094400000000004
0.7105600000000003
0.7085799999999994
0.7136999999999999
0.7104999999999998
0.7082400000000001
0.7109999999999999
0.7129799999999996
0.7118599999999999
0.71012
0.71124
0.7086399999999999
0.7122199999999999
0.7091200000000003
0.7133400000000001
0.7075200000000001
0.7152599999999997
0.7072599999999997
0.71102
0.7133199999999998
0.7087799999999999
0.7112199999999995
0.7124399999999999
0.7067599999999998
0.7106000000000003
0.70982
0.7130800000000005
0.7101999999999999
0.7110599999999999
0.7107200000000005
0.7113999999999998
0.7133200000000002
0.7114199999999999
0.7113800000000002
0.7106999999999999
0.7116999999999998
0.7102399999999998
0.7128599999999998
0.71248
0.7075599999999999
0.7123199999999997
0.7116999999999994
0.7120999999999998
0.7112599999999999
0.7121599999999998
0.7099999999999999
0.7167600000000002
0.7085400000000002
0.7128400000000003
0.7098399999999997
0.7078
0.7110199999999999
0.7117000000000003
0.7098200000000006
0.7110199999999999
0.7121999999999999
0.71004
0.7135399999999996
0.7086199999999997
0.7155399999999997
0.7080599999999996
0.7116799999999996
0.7107199999999998
0.7129399999999998
0.7127800000000001
0.7125
0.7127800000000001
0.7101
0.7117399999999998
0.7125199999999999
0.7119200000000001
0.7096200000000001
0.7103799999999997
0.7106600000000001
0.7145800000000002
0.7115799999999995
0.7121399999999997
0.7129000000000001
0.70776
0.7129199999999998
0.7117199999999998
0.7122599999999996
0.7101600000000005
0.7103600000000001
0.7111
0.71526
0.7134599999999997
0.7102999999999998
0.7106799999999995
0.7111799999999999
0.7102600000000001
0.70942
0.7123799999999997
0.7131600000000001
0.7097399999999999
0.7112599999999998
0.7116600000000001
0.7125600000000003
0.7095000000000001
0.71378
0.7111999999999999
0.71174
0.7132599999999997
0.7123600000000002
0.7096199999999997
0.7126399999999999
0.7122000000000002
0.7109599999999997
0.7099600000000001
0.7142199999999996
0.7099999999999999
0.7118999999999995
0.7111399999999998
0.7085799999999997
0.7109399999999999
0.7097799999999996
0.7155599999999996
0.7097999999999998
0.7131000000000001
0.7089799999999997
0.7137199999999999
0.7114799999999998
0.7144200000000002
0.7100399999999998
0.7105199999999999
0.70904
0.7121
0.7120199999999999
0.7108
0.7119599999999999
0.7113399999999995
0.709
0.71526
0.71236
0.71252
0.7117799999999996
0.7117600000000001
0.7152000000000003
0.7156399999999998
0.7089799999999998
0.7121199999999994
0.7119199999999998
0.7089599999999998
0.7088399999999999
0.7129600000000004
0.7100399999999999
0.7114600000000003
0.7120999999999996
0.7116399999999998
0.71234
0.7095
0.7081800000000001
0.7099599999999997
0.71522
0.7123800000000001
0.7132599999999999
