0.19999999999999962
0.2655799999999999
0.36717999999999995
0.4220000000000001
0.4563800000000003
0.4728199999999998
0.48036000000000006
0.48500000000000015
0.48597999999999997
0.48121999999999987
0.4820199999999999
0.4855800000000001
0.48444
0.48564000000000007
0.4876200000000002
0.48658000000000007
0.48985999999999996
0.4911800000000001
0.4895600000000001
0.48604000000000025
0.48820000000000036
0.4874600000000001
0.48666000000000026
0.4902
0.48845999999999995
0.48783999999999983
0.48664000000000024
0.4849
0.48510000000000014
0.48278
0.4856000000000001
0.48605999999999994
0.48448
0.4871999999999997
0.4823600000000001
0.48570000000000013
0.48508
0.48628
0.4891999999999998
0.48612
0.4877
0.4845800000000003
0.4834800000000001
0.48590000000000005
0.4865999999999998
0.48558000000000034
0.4876399999999999
0.4875800000000001
0.4888599999999999
0.48804000000000014
0.4861200000000002
0.4893400000000001
0.4840400000000001
0.48366000000000015
0.48616
0.4861000000000002
0.48528000000000016
0.4843800000000001
0.48391999999999996
0.4859399999999999
0.48986
0.48808
0.4876999999999998
0.49177999999999983
0.49184000000000005
0.49006
0.4899799999999999
0.48762000000000005
0.49012000000000006
0.4917999999999999
0.48749999999999993
0.4912
0.48904
0.4897000000000001
0.4909600000000002
0.49124
0.48760000000000014
0.4862200000000001
0.48963999999999985
0.4902800000000001
0.48797999999999986
0.48716000000000037
0.48462000000000005
0.48792000000000013
0.48646000000000034
0.48223999999999995
0.48449999999999993
0.48394000000000015
0.4857199999999999
0.48664
0.48772000000000004
0.4915799999999998
0.4894400000000003
0.4855200000000001
0.48564000000000007
0.49044000000000026
0.48826000000000014
0.4852000000000002
0.4871400000000001
0.4879
0.48772000000000015
0.48674
0.4892999999999999
0.4895000000000001
0.4877
0.48935999999999985
0.48950000000000016
0.4901200000000003
0.48734
0.49114
0.4876399999999998
0.48585999999999985
0.4836400000000001
0.49036000000000024
0.48806000000000016
0.4879800000000001
0.48941999999999986
0.48406000000000016
0.48574000000000017
0.48763999999999996
0.4867200000000001
0.4883400000000002
0.4856999999999999
0.4863600000000001
0.4840999999999999
0.48491999999999985
0.48527999999999966
0.4885800000000001
0.48665999999999976
0.48642
0.4874799999999999
0.4843800000000001
0.4846799999999999
0.48738
0.4857600000000001
0.48882000000000003
0.4885600000000001
0.4883800000000002
0.4860199999999999
0.4868599999999999
0.4889399999999998
0.4899
0.48814
0.4864599999999999
0.48702
0.48779999999999984
0.48274000000000017
0.4860599999999999
0.48819999999999986
0.49119999999999986
0.4886
0.48795999999999995
0.48435999999999985
0.48824
0.49021999999999993
0.4918400000000001
0.4885600000000001
0.4875199999999998
0.4861199999999999
0.48850000000000016
0.48727999999999966
0.48738
0.48515999999999976
0.48332000000000014
0.49224000000000023
0.48809999999999987
0.4865999999999998
0.49054000000000025
0.48982
0.48248
0.48594000000000004
0.48362
0.4839
0.48889999999999995
0.4918199999999999
0.4906399999999999
0.49052
0.48997999999999986
0.49032000000000003
0.48990000000000017
0.4868000000000003
0.48702000000000006
0.48756000000000016
0.4884400000000001
0.48584000000000005
0.4859399999999998
0.48668000000000006
0.48790000000000006
0.4869800000000003
0.48841999999999997
0.48761999999999994
0.49084000000000033
0.49123999999999995
0.49396000000000007
0.49312000000000017
0.49110000000000015
0.48473999999999995
0.48389999999999994
0.48564000000000007
0.4880400000000001
0.4881
0.48674000000000034
0.4902
0.49126
0.48884000000000005
0.48816000000000004
0.48626
0.4857399999999998
0.4867199999999999
0.48563999999999974
0.49017999999999995
0.4885799999999999
0.4890200000000002
0.48583999999999966
0.4841800000000003
0.4888000000000001
0.4884800000000001
0.48734000000000016
0.48866
0.4898399999999999
0.49012
0.4896600000000001
0.48829999999999985
0.4869399999999998
0.48839999999999995
0.48502000000000023
0.4827400000000002
0.48566
0.48598000000000013
0.4868599999999999
0.48924000000000023
0.49094
0.4956800000000001
0.49046000000000006
0.49068000000000006
0.4875999999999999
0.4883600000000003
0.4854
0.48372
0.48462000000000016
0.48804000000000003
0.48830000000000007
0.4846600000000002
0.48272
0.48576
0.48382000000000003
0.48698
0.4846800000000001
0.4832400000000001
0.49205999999999994
0.48729999999999996
0.48718000000000006
0.48790000000000006
0.48635999999999996
0.48789999999999983
0.48707999999999985
0.48634000000000016
0.48611999999999994
0.48532
0.4835399999999998
0.484
0.4874799999999999
0.4883800000000002
0.48881999999999975
0.48936000000000024
0.48960000000000015
0.49058000000000007
0.4908400000000001
0.4886999999999999
0.4897400000000001
0.48990000000000017
0.48804000000000003
0.48641999999999996
0.4869599999999999
0.48635999999999974
0.49179999999999985
0.4922199999999998
0.4907
0.48876000000000003
0.4872199999999999
0.48932
0.49189999999999984
0.48774000000000006
0.4839399999999998
0.48616000000000026
0.48526
0.48401999999999995
0.48419999999999996
0.48589999999999994
0.48743999999999965
0.48828000000000005
0.49067999999999967
0.49194000000000004
0.4896000000000001
0.48946
0.4873199999999999
0.48908000000000007
0.48697999999999986
0.48795999999999984
0.4883200000000001
0.4870199999999999
0.48957999999999985
0.4863199999999999
0.4843600000000001
0.4874800000000002
0.4891800000000001
0.48532
0.48547999999999986
0.4885599999999997
0.48534
0.4874000000000001
0.4848200000000001
0.4870199999999998
0.49084000000000033
0.4914000000000003
0.4868000000000001
0.48823999999999984
0.4876199999999999
0.48589999999999983
0.4886
0.48804000000000003
0.48833999999999994
0.4877
0.4867999999999999
0.48791999999999996
0.49018000000000017
0.4847799999999998
0.4880600000000001
0.4858600000000001
0.4869200000000001
0.48745999999999995
0.48562000000000005
0.48797999999999986
0.49266000000000004
0.4856800000000001
0.4858799999999999
0.48514
0.4863000000000001
0.49256000000000016
0.48978
0.49082000000000003
0.4844799999999999
0.4875800000000001
0.4880600000000001
0.48956000000000005
0.48944000000000004
0.48890000000000017
0.48986000000000035
0.4895199999999999
0.48743999999999993
0.4861800000000002
0.48587999999999987
0.49030000000000007
0.48833999999999994
0.4869400000000003
0.48932
0.4895600000000001
0.48812000000000005
0.48756000000000016
0.4869200000000003
0.48960000000000004
0.48884
0.48894
0.4886600000000001
0.4867600000000001
0.48699999999999993
0.4864199999999999
0.48548000000000013
0.4873800000000002
0.48722
0.48949999999999994
0.4856200000000001
0.4879399999999999
0.4890799999999998
0.49419999999999986
0.4949599999999998
0.49484
0.49166000000000004
0.48757999999999996
0.4890600000000001
0.49118
0.48786000000000007
0.48367999999999994
0.48591999999999985
0.4862199999999999
0.48888
0.48788000000000004
0.4901400000000001
0.4841
0.48878
0.48392000000000013
0.48565999999999965
0.48797999999999975
0.48983999999999994
0.4911
0.4878000000000002
0.4881999999999998
0.4886000000000001
0.48920000000000013
0.4907400000000003
0.49028000000000005
0.48688000000000015
0.48681999999999986
0.48716000000000015
0.4839999999999998
0.48572000000000004
0.4864400000000002
0.4868999999999998
0.49168
0.48657999999999996
0.4854800000000001
0.48208
0.48902
0.4890399999999999
0.4886400000000002
0.48924000000000006
0.48812
0.4860199999999999
0.48712000000000005
0.48675999999999986
0.48674000000000023
0.48789999999999983
0.48538000000000003
0.48568000000000006
0.4876199999999999
0.48818000000000006
0.4845999999999999
0.4928799999999998
0.4879399999999999
0.48872
0.48978
0.4917800000000001
0.4867200000000002
0.48577999999999993
0.49062000000000006
0.49017999999999995
0.48747999999999997
0.49024
0.49251999999999996
0.48864
0.4893000000000003
0.48652
0.48568000000000006
0.4865200000000003
0.49029999999999985
0.4867799999999999
0.49017999999999995
0.49083999999999994
0.48596000000000006
0.4857799999999998
0.48618
0.48576
0.4908800000000001
0.48772000000000004
0.4894799999999999
0.4911999999999999
0.4870000000000001
0.48876
0.48946000000000006
0.4894199999999999
0.48865999999999987
0.48880000000000023
0.48747999999999997
0.4820599999999999
0.48444
0.48636
0.48343999999999987
0.4840999999999999
0.48901999999999995
0.48924000000000006
0.4901400000000001
0.48764
0.48284
0.4816600000000001
0.48173999999999984
0.48181999999999997
0.4849399999999999
0.48478
0.4880200000000001
0.48710000000000003
0.4876399999999999
0.4903400000000001
0.48938000000000015
0.4866600000000001
0.48826
0.48624000000000017
0.48634000000000005
0.48594000000000004
0.48606
0.4845799999999999
0.4869599999999999
0.4869399999999999
0.48722
0.48590000000000017
0.4850000000000001
0.4916400000000001
0.49041999999999997
0.48696000000000006
0.4880799999999998
0.4883999999999999
0.4871599999999999
0.4857
0.48855999999999994
0.4858799999999999
0.4854
0.48716000000000004
0.4878399999999998
0.4847200000000002
0.48868
0.48574000000000006
0.4891400000000001
0.4850799999999999
0.4841599999999998
0.4900199999999999
0.48968000000000006
0.48690000000000005
0.4873800000000001
0.4872600000000001
0.4856399999999999
0.4857800000000001
0.4870599999999998
0.48496
0.4858199999999998
0.48762000000000005
0.48827999999999994
0.4869799999999999
0.48556
0.4859599999999999
0.48602000000000006
0.48616000000000026
0.48719999999999997
0.49085999999999985
0.48725999999999986
0.48247999999999974
0.48709999999999987
0.48720000000000013
0.48274
0.4875799999999999
0.4906999999999997
0.4905200000000001
0.48675999999999986
0.4868999999999999
0.49058
0.48756000000000005
0.49146000000000006
0.4872800000000001
0.4843200000000003
0.491
0.48988
0.4856799999999999
0.48428000000000027
0.4846599999999999
0.48839999999999995
0.48750000000000016
0.48948000000000014
0.4907199999999998
0.4894800000000003
0.4863000000000001
0.4825800000000003
0.4849000000000002
0.48885999999999996
0.48794000000000004
0.48822000000000026
0.4889600000000002
0.4924000000000004
0.4898999999999999
0.48861999999999994
0.4900399999999999
0.48489999999999994
0.4862
0.4878400000000001
0.4839799999999999
0.48890000000000017
0.48901999999999984
0.4873000000000002
0.4876400000000001
0.48812
0.48836000000000007
0.49257999999999996
0.48778000000000005
0.4907000000000002
0.48776000000000025
0.48748000000000014
0.4931400000000001
0.4930800000000003
0.4896399999999998
0.4889800000000001
0.48826
0.4872399999999999
0.48630000000000023
0.48572000000000004
0.48838000000000004
0.48917999999999995
0.4918600000000001
0.48902000000000007
0.48382
0.48462000000000005
0.4872199999999999
0.4900999999999998
0.48746000000000017
0.4850999999999999
0.48770000000000024
0.48878000000000005
0.48690000000000005
0.4867800000000001
0.4876
0.48957999999999985
0.4898000000000002
0.48629999999999995
0.48549999999999977
0.4837199999999999
0.48884000000000005
0.4883599999999998
0.48706000000000016
0.48444000000000004
0.48468000000000006
0.48628000000000005
0.4898199999999999
0.4886799999999999
0.4875199999999999
0.48541999999999996
0.48732000000000014
0.4860399999999999
0.4859599999999997
0.4872400000000001
0.48768000000000017
0.4831399999999999
0.4860800000000002
0.4855399999999998
0.4848200000000001
0.48526
0.48747999999999986
0.48779999999999984
0.48845999999999995
0.49113999999999985
0.48726000000000014
0.48869999999999997
0.48711999999999994
0.4886799999999999
0.4911599999999999
0.48786
0.4883600000000002
0.4867200000000001
0.4861199999999999
0.48688000000000003
0.4913800000000002
0.4881599999999998
0.4916800000000001
0.48923999999999984
0.48756000000000027
0.4884200000000001
0.48882000000000003
0.48840000000000006
0.48761999999999994
0.4918799999999999
0.4888799999999999
0.4866600000000001
0.48828000000000005
0.4891000000000001
0.48628
0.48570000000000024
0.4847999999999999
0.4899600000000002
0.4930000000000001
0.48936
0.4883000000000002
0.4849400000000001
0.4853400000000001
0.4906399999999998
0.4904999999999999
0.4904399999999999
0.49242
0.48843999999999993
0.48563999999999985
0.48673999999999995
0.48729999999999996
0.48715999999999987
0.4883999999999999
0.48725999999999986
0.48553999999999997
0.4873400000000001
0.4889999999999998
0.49112
0.49358000000000035
0.48882000000000014
0.4901400000000001
0.48740000000000017
0.49164
0.49172
0.4881599999999999
0.48913999999999996
0.491
0.48753999999999986
0.4883599999999999
0.48586000000000007
0.48798
0.4881999999999999
0.4876399999999999
0.4901399999999998
0.4875799999999998
0.48766000000000004
0.48802000000000006
0.48643999999999993
0.4872599999999998
0.4874599999999999
0.48802000000000034
0.4894
0.48711999999999994
0.4873800000000001
0.48854000000000014
0.4896800000000002
0.4880800000000003
0.4870800000000002
0.48615999999999976
0.4896199999999997
0.48862
0.48616
0.4869400000000001
0.49060000000000015
0.48985999999999996
0.4836200000000002
0.48499999999999993
0.4846200000000001
0.4862200000000002
0.48807999999999985
0.48432
0.4874399999999999
0.4943199999999999
0.48883999999999994
0.49101999999999996
0.4897599999999999
0.4885400000000002
0.4842000000000002
0.4873600000000001
0.4877799999999998
0.4897199999999999
0.49018
0.48564000000000024
0.4886800000000002
0.48671999999999976
0.48724000000000034
0.4878600000000002
0.4877800000000002
0.4882400000000001
0.48634
0.48655999999999994
0.4854200000000002
0.48917999999999995
0.48812
0.49054000000000003
0.48689999999999983
0.48488000000000014
0.48672
0.48976
0.48951999999999996
0.4865
0.48936
0.48961999999999994
0.49284000000000006
0.4898200000000002
0.4880799999999999
0.4880799999999999
0.4888799999999999
0.48603999999999997
0.4871399999999999
0.48897999999999975
0.4878600000000003
0.48712000000000005
0.48524000000000006
0.48520000000000024
0.4883000000000002
0.49416000000000027
0.4920400000000001
0.48719999999999997
0.48696
0.48533999999999994
0.48995999999999995
0.4872399999999999
0.49006
0.48906
0.4859600000000002
0.48524
0.48518
0.48455999999999994
0.49172
0.48788000000000004
0.4910200000000001
0.49037999999999987
0.49018
0.48495999999999995
0.4845600000000001
0.48817999999999984
0.49006000000000005
0.49166
0.49062
0.49200000000000005
0.48802
0.4866400000000001
0.49349999999999994
0.48739999999999983
0.48616000000000015
0.49045999999999984
0.48694000000000015
0.48634000000000027
0.4859199999999999
0.4889
0.48628000000000005
0.48707999999999985
0.4881
0.48762
0.49154
0.4905000000000004
0.48639999999999994
0.4879200000000003
0.4876
0.48797999999999997
0.49130000000000024
0.4875999999999998
0.4829199999999998
0.48434
0.48946000000000006
0.49172000000000005
0.48660000000000003
0.49041999999999986
0.48883999999999994
0.4876799999999998
0.48628000000000005
0.48766000000000015
0.48654000000000003
0.4862999999999999
0.4858599999999999
0.4888000000000001
0.49022000000000027
0.48524
0.4869000000000003
0.4897600000000001
0.48673999999999984
0.48926
0.48546
0.49124
0.4902000000000001
0.4876599999999999
0.48996
0.48938000000000004
0.49047999999999986
0.4869000000000001
0.48775999999999997
0.4859999999999998
0.49052000000000007
0.4896799999999997
0.4871799999999999
0.48916
0.48824000000000006
0.48901999999999995
0.48133999999999993
0.4855599999999998
0.4818400000000001
0.47947999999999985
0.48700000000000004
0.48506
0.4818000000000003
0.4852000000000002
0.48624
0.4864399999999998
0.48785999999999996
0.48891999999999997
0.48754000000000014
0.48802
0.4878599999999998
0.49018000000000006
0.48812000000000005
0.49196000000000006
0.4896999999999999
0.48950000000000005
0.48301999999999984
0.4838199999999999
0.4869200000000001
0.4904000000000001
0.4903600000000001
0.4873199999999997
0.48484000000000016
0.48834000000000005
0.4894400000000001
0.48651999999999995
0.48802000000000006
0.49138000000000015
0.48996
0.48760000000000003
0.4858400000000001
0.4874400000000001
0.4882199999999998
0.4873600000000001
0.4848399999999998
0.48859999999999987
0.4889400000000002
0.4883199999999997
0.4889800000000001
0.4882599999999999
0.48961999999999994
0.48896
0.4836999999999999
0.4863599999999999
0.4873599999999999
0.49114000000000024
0.4907
0.4866400000000002
0.48800000000000004
0.4878800000000001
0.4868399999999999
0.48922
0.4885999999999999
0.48941999999999963
0.4882399999999999
0.4907
0.4898
0.48506000000000005
0.4858199999999998
0.48536
0.4861600000000001
0.48806000000000005
0.48940000000000017
0.48419999999999985
0.48526
0.4882600000000002
0.49215999999999993
0.48930000000000007
0.49042000000000013
0.48484
0.488
0.4893600000000001
0.48833999999999966
0.48809999999999976
0.4859599999999999
0.49054000000000003
0.48443999999999987
0.48514
0.4820999999999999
0.49102
0.49286000000000024
0.4874
0.48739999999999994
0.48886000000000024
0.48962000000000006
0.4861400000000001
0.48596000000000006
0.48617999999999995
0.48410000000000003
0.48710000000000003
0.4870800000000003
0.4883799999999998
0.4942600000000001
0.49048000000000014
0.4924
0.49173999999999984
0.4890399999999999
0.4898800000000001
0.48450000000000026
0.4879999999999999
0.48994000000000004
0.48718000000000006
0.48720000000000013
0.4879400000000001
0.48773999999999984
0.4860799999999999
0.48625999999999997
0.48722
0.48828000000000016
0.4911800000000002
0.49168000000000006
0.48959999999999987
0.48931999999999976
0.49023999999999984
0.48804000000000003
0.4874000000000001
0.4882399999999999
0.48260000000000003
0.4828600000000003
0.4911400000000002
0.49410000000000037
0.4910199999999999
0.4880200000000001
0.4860599999999999
0.4842399999999998
0.49008000000000007
0.48902000000000023
0.49068000000000006
0.48642000000000024
0.48718000000000006
0.4898400000000001
0.48552
0.48668
0.48978
0.48898000000000025
0.48804000000000025
0.4885800000000001
0.4859399999999999
0.49198000000000014
0.48948
0.4855199999999998
0.4883799999999999
