0.19999999999999962
0.59984
0.7536400000000001
0.6968799999999997
0.7170799999999998
0.71
0.70854
0.7103999999999999
0.7132799999999997
0.7057800000000002
0.7119399999999998
0.7120999999999998
0.71088
0.7084800000000002
0.7089799999999997
0.7132199999999996
0.71166
0.7124799999999998
0.7111999999999999
0.7093599999999999
0.70648
0.7132199999999997
0.7077800000000002
0.7085400000000002
0.7088999999999999
0.71122
0.7081399999999998
0.7110599999999998
0.7090600000000004
0.7122199999999999
0.7102600000000001
0.7103399999999996
0.7074600000000002
0.7120600000000004
0.7064400000000003
0.7087999999999997
0.7102400000000002
0.7109600000000001
0.7117599999999998
0.7094400000000001
0.71368
0.7084399999999996
0.7105199999999998
0.7066599999999997
0.7102200000000001
0.7115199999999997
0.71368
0.71126
0.7109999999999999
0.7090399999999996
0.7114400000000001
0.7108199999999999
0.7069799999999996
0.71154
0.7068799999999997
0.7128799999999998
0.7100000000000002
0.7086000000000001
0.7106599999999998
0.7099799999999999
0.7079
0.7122200000000001
0.7092199999999997
0.7094799999999999
0.7069199999999998
0.70986
0.7101
0.7059800000000003
0.7122999999999999
0.7063199999999997
0.7106999999999997
0.70962
0.7115399999999998
0.7107999999999999
0.7107399999999998
0.7110799999999999
0.70806
0.7073999999999999
0.7115400000000003
0.71514
0.7072400000000001
0.7130399999999999
0.7047599999999998
0.7163399999999999
0.7090800000000002
0.7106999999999999
0.7075599999999999
0.7080599999999998
0.7100599999999999
0.71128
0.7095999999999997
0.7103999999999996
0.7093599999999997
0.7069199999999999
0.7099800000000002
0.71136
0.7077599999999997
0.71022
0.7062199999999998
0.7087
0.7082400000000001
0.7118999999999995
0.7112600000000002
0.7102799999999999
0.7116800000000001
0.7102599999999997
0.7079799999999997
0.7091200000000002
0.70974
0.7118999999999999
0.7121600000000001
0.7081600000000001
0.7104
0.7070799999999997
0.7110800000000002
0.7085399999999997
0.7118799999999998
0.7085599999999996
0.7081399999999999
0.7086199999999998
0.7128399999999998
0.7121200000000003
0.7079
0.7109000000000002
0.7136399999999997
0.7106799999999999
0.7130200000000001
0.7058199999999999
0.7128999999999999
0.71076
0.7102
0.7077999999999998
0.7081800000000001
0.7093200000000001
0.7119599999999999
0.7116800000000001
0.7119399999999999
0.7105399999999997
0.7087000000000003
0.7098399999999998
0.71028
0.7087199999999999
0.7136
0.7075799999999998
0.7114600000000003
0.7083200000000001
0.70916
0.7085999999999999
0.7100599999999999
0.7108599999999998
0.7126599999999997
0.7040799999999997
0.7135999999999999
0.70694
0.7117599999999998
0.71174
0.70916
0.7063399999999995
0.70872
0.7103999999999999
0.70804
0.71508
0.7100999999999997
0.7065
0.7101599999999998
0.7076399999999999
0.7105800000000003
0.7054399999999997
0.7078999999999998
0.7120800000000002
0.70902
0.7118799999999997
0.7109000000000002
0.7097399999999997
0.71048
0.7108399999999997
0.7109799999999997
0.7094399999999998
0.7088599999999998
0.7094600000000005
0.7102399999999999
0.7108399999999999
0.70828
0.7095200000000003
0.70916
0.70572
0.7106400000000002
0.7101999999999999
0.7098400000000001
0.7099000000000001
0.7120399999999999
0.7078199999999998
0.7083599999999997
0.7057399999999998
0.7120599999999999
0.7072199999999995
0.7083999999999999
0.71234
0.7098400000000001
0.7103399999999996
0.70482
0.7138199999999999
0.7076799999999995
0.7108800000000002
0.7103000000000002
0.70884
0.7089
0.7080999999999998
0.7122800000000001
0.70914
0.7119
0.7108200000000001
0.70816
0.7100000000000003
0.7072799999999998
0.7127999999999999
0.7084999999999999
0.7075399999999997
0.7083599999999997
0.71114
0.7060799999999999
0.7069600000000001
0.7117200000000001
0.7095400000000002
0.7063599999999998
0.71516
0.7084600000000002
0.7129400000000001
0.7104599999999999
0.7122200000000001
0.70974
0.7088
0.7086599999999998
0.7092799999999997
0.7098999999999998
0.7067800000000003
0.7110399999999999
0.709
0.7092199999999999
0.7134199999999997
0.70642
0.70798
0.71272
0.7057399999999998
0.7099599999999998
0.7078599999999998
0.7088399999999999
0.7099999999999999
0.70934
0.7091599999999998
0.7115399999999998
0.7063399999999999
0.71324
0.71102
0.7091399999999999
0.71238
0.71154
0.7097999999999994
0.7076600000000002
0.7095800000000003
0.7113799999999999
0.7118800000000002
0.7074599999999996
0.70898
0.7113799999999998
0.7064200000000003
0.7081999999999999
0.7121199999999998
0.70648
0.70918
0.7107800000000002
0.7107199999999999
0.7139599999999996
0.7083999999999999
0.71384
0.7068600000000003
0.70908
0.7107600000000001
0.7131400000000001
0.71104
0.7106200000000003
0.7119800000000002
0.7071999999999999
0.7090999999999998
0.7107999999999999
0.7104399999999998
0.7116999999999998
0.7086800000000001
0.7061999999999996
0.7114999999999998
0.7107000000000001
0.7077
0.7133200000000001
0.70656
0.7103999999999999
0.7062400000000004
0.71088
0.7107599999999996
0.7078800000000003
0.7074400000000002
0.7069999999999996
0.7118800000000002
0.7091799999999995
0.7089
0.7054800000000003
0.7128199999999997
0.7094599999999996
0.71276
0.7079000000000003
0.7075199999999998
0.70988
0.7082200000000001
0.7091399999999999
0.7121799999999999
0.70974
0.7101
0.7098199999999999
0.7093799999999999
0.7091399999999999
0.7098799999999997
0.71128
0.7078199999999998
0.7067199999999997
0.7112999999999997
0.70806
0.7122800000000001
0.7075999999999999
0.7101
0.7118399999999996
0.70994
0.7092999999999998
0.7072999999999999
0.7070799999999999
0.7092399999999999
0.7108800000000001
0.70836
0.7083400000000002
0.7099999999999997
0.7108800000000001
0.7088800000000002
0.7113999999999995
0.7107999999999999
0.7081999999999998
0.7120399999999998
0.7071799999999999
0.7092199999999999
0.7088599999999999
0.7071399999999995
0.71346
0.70806
0.7080999999999997
0.7109199999999999
0.7069200000000001
0.7128000000000001
0.7079199999999995
0.71264
0.7094199999999998
0.7093799999999999
0.7111199999999998
0.7126400000000003
0.7050199999999998
0.7101599999999998
0.7080599999999998
0.7122599999999997
0.7112599999999998
0.7073000000000004
0.7124599999999998
0.70868
0.7095800000000001
0.7095999999999999
0.7078199999999997
0.7113400000000003
0.7062599999999994
0.7104399999999997
0.7080399999999996
0.7083199999999995
0.7081799999999997
0.7095399999999998
0.7053399999999996
0.7098399999999998
0.70938
0.7130400000000001
0.7085000000000005
0.7098599999999999
0.70858
0.71116
0.7126799999999999
0.7086
0.7125400000000002
0.7110199999999999
0.7097800000000002
0.7093
0.7118799999999998
0.7090000000000001
0.70938
0.7107999999999999
0.71022
0.70628
0.7139399999999998
0.7086999999999999
0.71214
0.7092600000000001
0.70858
0.7102199999999997
0.7114200000000004
0.708
0.7109199999999999
0.7089400000000002
0.7112799999999996
0.7067600000000003
0.7130999999999997
0.70824
0.7086399999999997
0.7081799999999998
0.7094599999999993
0.71198
0.7121
0.7103200000000004
0.71236
0.7054999999999998
0.7114999999999998
0.7114199999999999
0.7099399999999997
0.71134
0.7090200000000002
0.7084999999999999
0.71002
0.7087799999999997
0.7088399999999999
0.7124999999999999
0.7087
0.7095000000000001
0.7082199999999998
0.7109999999999996
0.71234
0.7094400000000001
0.7062200000000002
0.7107999999999999
0.7100399999999999
0.7080799999999999
0.71096
0.7096799999999998
0.7130599999999998
0.70794
0.7105
0.71148
0.7078999999999998
0.7109399999999995
0.70612
0.7104599999999998
0.7094199999999999
0.7077199999999998
0.7089
0.70994
0.7085199999999997
0.7140399999999998
0.7108
0.7093799999999998
0.7070799999999999
0.7080199999999998
0.7082999999999999
0.7080799999999999
0.7070599999999999
0.7113400000000003
0.7095999999999999
0.7097200000000001
0.7065999999999997
0.7116399999999998
0.7080199999999999
0.7127799999999997
0.70726
0.7097599999999998
0.7078
0.71194
0.7096800000000001
0.7091799999999996
0.7098799999999997
0.7121599999999997
0.7087399999999999
0.7107199999999999
0.7075999999999998
0.7100199999999995
0.7077400000000003
0.7071199999999996
0.7123000000000004
0.7097800000000001
0.7096999999999999
0.7116399999999998
0.71148
0.7069200000000001
0.7116399999999997
0.71014
0.7105799999999997
0.70726
0.7103799999999998
0.7084399999999996
0.7106999999999998
0.7095
0.7087799999999999
0.7114199999999999
0.7098399999999995
0.7125399999999995
0.7080200000000002
0.7107799999999996
0.7096399999999999
0.7107199999999999
0.7070199999999999
0.7119999999999999
0.70982
0.7090200000000002
0.7083999999999999
0.7115600000000005
0.7087399999999998
0.71186
0.7058199999999998
0.7117400000000003
0.7087799999999999
0.7095600000000002
0.70896
0.70976
0.7086600000000003
0.7107799999999996
0.7096999999999999
0.7102199999999996
0.7089799999999995
0.7091600000000002
0.7106799999999996
0.7086600000000003
0.7091000000000001
0.7127000000000006
0.7081600000000001
0.7092400000000002
0.7090399999999997
0.70994
0.7127399999999998
0.7069999999999996
0.7094999999999998
0.7122599999999997
0.71018
0.7098399999999998
0.7118599999999998
0.7085799999999998
0.7099199999999998
0.7096600000000001
0.7089399999999999
0.7102199999999997
0.7081599999999998
0.71214
0.7117600000000001
0.7124200000000003
0.7099199999999997
0.7111400000000002
0.7091799999999998
0.70564
0.70922
0.7086599999999998
0.7085999999999997
0.7068799999999997
0.7085800000000002
0.7036599999999996
0.7136000000000001
0.7037200000000002
0.7113400000000002
0.70534
0.7142999999999998
0.7091799999999998
0.7104199999999997
0.7080599999999998
0.7095399999999998
0.7124000000000001
0.7118399999999998
0.7080000000000001
0.7118799999999998
0.7077200000000003
0.7135800000000004
0.7082200000000003
0.7090599999999996
0.7121799999999997
0.7098600000000002
0.7111200000000001
0.7086599999999997
0.7096199999999997
0.7082399999999999
0.71022
0.7109399999999997
0.7099999999999995
0.7105599999999999
0.7127999999999999
0.7105199999999999
0.7055399999999993
0.7121999999999998
0.7086399999999999
0.7087799999999997
0.7122799999999999
0.7050800000000003
0.7106600000000001
0.7096599999999996
0.7113599999999998
0.7097200000000001
0.7116999999999998
0.70718
0.7089
0.7078199999999998
0.7120200000000001
0.7091600000000002
0.7099399999999999
0.7105400000000001
0.7046199999999998
0.7083399999999997
0.7111200000000001
0.7107800000000001
0.7088800000000003
0.7108600000000002
0.70878
0.71124
0.70988
0.7121399999999999
0.7098200000000001
0.7092199999999999
0.7112999999999998
0.7118999999999996
0.70958
0.7106399999999996
0.7111999999999996
0.7079599999999998
0.71044
0.7118599999999999
0.7103999999999999
0.7099600000000001
0.7103400000000001
0.70982
0.7064200000000003
0.7105
0.7119199999999999
0.7095599999999996
0.7084199999999998
0.71044
0.7109199999999997
0.7121999999999998
0.7101
0.70756
0.7106599999999997
0.71004
0.7091600000000002
0.7114799999999997
0.7084199999999998
0.7133599999999999
0.7099599999999999
0.7110599999999995
0.7097199999999999
0.7101
0.7092000000000002
0.71138
0.7075399999999995
0.7113999999999997
0.7074599999999998
0.7115399999999998
0.7088399999999999
0.7117799999999999
0.7077999999999999
0.7106599999999998
0.7090200000000004
0.7113
0.7092399999999998
0.7094200000000002
0.7135399999999998
0.7107399999999996
0.7111000000000002
0.7072999999999999
0.7121999999999998
0.7100799999999998
0.7049599999999997
0.7129999999999995
0.7098599999999997
0.7081199999999999
0.7091199999999998
0.7119000000000003
0.7083400000000002
0.7110799999999997
0.7108600000000002
0.7082799999999998
0.7109000000000001
0.7121599999999999
0.7113
0.7147399999999997
0.7077999999999998
0.7110199999999997
0.7099200000000003
0.7094199999999998
0.7143999999999998
0.7076799999999998
0.7112799999999996
0.7113
0.7094600000000001
0.7118000000000003
0.7080799999999999
0.71064
0.7098200000000001
0.7123599999999999
0.7113800000000002
0.7060200000000001
0.71112
0.7071599999999999
0.7077799999999996
0.7123799999999997
0.7081400000000001
0.7106399999999998
0.7120599999999999
0.70808
0.70902
0.71406
0.7060199999999998
0.7108400000000004
0.70782
0.70854
0.70816
0.71222
0.7113
0.7074200000000004
0.7089
0.7090400000000001
0.7097999999999999
0.7092
0.7101599999999998
0.7094999999999999
0.7099199999999999
0.7100600000000001
0.7094799999999998
0.7057800000000001
0.7132999999999998
0.7086999999999999
0.7104199999999998
0.71198
0.7092600000000001
0.7108400000000001
0.7126199999999998
0.71242
0.7115000000000002
0.7098599999999999
0.7092599999999999
0.71136
0.70786
0.71042
0.7091200000000001
0.7088599999999999
0.7086000000000002
0.7106999999999999
0.70798
0.7114800000000002
0.7107399999999997
0.7119400000000005
0.7083199999999998
0.70976
0.7098399999999998
0.7086799999999998
0.71264
0.7104999999999997
0.7099799999999999
0.7094600000000003
0.7106399999999998
0.7119599999999998
0.71014
0.7105600000000001
0.7073799999999999
0.7051599999999995
0.7099799999999999
0.7097599999999998
0.7127799999999997
0.7082999999999998
0.70832
0.7111800000000001
0.7045799999999999
0.7107799999999999
0.70596
0.7112199999999999
0.7083199999999995
0.7120799999999997
0.71044
0.70982
0.7082599999999999
0.7083600000000001
0.7086799999999996
0.711
0.7103000000000002
0.7062199999999997
0.71268
0.7094399999999998
0.7128999999999999
0.7105800000000001
0.7081399999999999
0.7101000000000001
0.7122599999999996
0.7103599999999998
0.71346
0.7080799999999998
0.7106000000000001
0.7116199999999998
0.70782
0.7111599999999999
0.7055799999999999
0.7136799999999998
0.7088599999999998
0.7114600000000002
0.7096399999999999
0.70992
0.7122000000000002
0.7087799999999997
0.7121999999999994
0.7094199999999999
0.71098
0.7123799999999999
0.7084600000000001
0.7064799999999997
0.7084199999999999
0.71236
0.7075199999999998
0.7069599999999997
0.7098200000000001
0.7103599999999999
0.7076199999999999
0.7094200000000002
0.7069199999999997
0.7119599999999998
0.7071999999999999
0.70992
0.71044
0.7094000000000001
0.70902
0.7068799999999998
0.7145199999999997
0.70408
0.70896
0.7080199999999999
0.7112200000000002
0.70938
0.7092
0.7064599999999998
0.7091399999999998
0.7099799999999999
0.7108999999999999
0.7098799999999998
0.7090999999999998
0.7119000000000001
0.7058599999999999
0.7125199999999999
0.7090799999999996
0.7097200000000001
0.7105799999999999
0.7099000000000002
0.7105799999999999
0.70786
0.7125800000000001
0.7105799999999999
0.7127999999999999
0.70858
0.7091399999999999
0.71266
0.7100800000000003
0.7099599999999997
0.7112999999999999
0.7055399999999998
0.7109600000000001
0.71116
0.7095800000000001
0.7123400000000002
0.70622
0.7104800000000001
0.70946
0.7124600000000001
0.7090799999999997
0.7111799999999999
0.7069799999999998
0.7130200000000001
0.7073999999999999
0.7090199999999995
0.7095000000000001
0.70962
0.70694
0.708
0.7094399999999996
0.7089399999999999
0.7102600000000001
0.7096799999999996
0.7064799999999998
0.70986
0.7100799999999999
0.71098
0.7070799999999999
0.7107999999999999
0.7118999999999999
0.7108599999999996
0.7101599999999995
0.7087199999999999
0.7108200000000001
0.71062
0.7090800000000002
0.7071799999999999
0.7119999999999996
0.7084799999999997
0.71056
0.70852
0.7139999999999997
0.71028
0.7086199999999999
0.7079
0.7115999999999998
0.7094799999999998
0.70896
0.7089399999999998
0.7096799999999999
0.7060600000000001
0.7111400000000002
0.7096199999999997
0.7122800000000004
0.7122599999999997
0.7052399999999998
0.7103599999999995
0.70696
0.7110600000000002
0.7070199999999996
0.7157400000000003
0.7065400000000003
0.7121000000000002
0.7088599999999998
0.7126599999999997
0.7100399999999998
0.7091799999999998
0.7093400000000001
0.7074799999999999
0.7123399999999998
0.70978
0.7091200000000005
0.7116199999999996
0.7090599999999998
0.7118199999999998
0.7105599999999996
0.7092599999999998
0.7092399999999999
0.7122599999999997
0.70672
0.7125800000000001
0.70976
0.7094199999999996
0.7086199999999998
0.7099
0.7118999999999996
0.7100200000000001
0.7119199999999993
0.7093200000000001
0.7089399999999999
0.7098
0.7088599999999999
0.71224
0.7077000000000001
0.7120399999999997
0.7096599999999998
0.7112799999999999
0.7047799999999999
0.7118800000000002
0.7081199999999999
0.7116399999999995
0.7110799999999999
0.7068800000000001
0.7119200000000002
0.7097000000000002
0.71034
0.7111799999999999
0.7128799999999997
0.7118599999999999
0.7085599999999999
0.7124200000000002
0.7143999999999999
0.7067200000000003
0.7142600000000001
0.7115199999999998
0.7077000000000002
0.7112200000000002
0.7077800000000001
0.7097199999999998
0.7112799999999997
0.7094400000000002
0.7118400000000001
0.7083599999999995
0.70916
0.7097599999999998
0.7091
0.7091999999999998
0.70926
0.7117999999999999
0.70946
0.7065
0.7092400000000002
0.7085599999999995
0.7092799999999998
0.71242
0.7111599999999997
0.7093399999999995
0.7113999999999998
0.7103399999999997
0.7099999999999997
